date,stock_id,market_value
2005-01-03,4109,857762752.0
2005-01-04,4109,861661674.0
2005-01-05,4109,869459517.0
2005-01-06,4109,927943341.0
2005-01-07,4109,959134714.0
2005-01-10,4109,939640106.0
2005-01-11,4109,924044419.0
2005-01-12,4109,904549811.0
2005-01-13,4109,881156282.0
2005-01-14,4109,885055203.0
2005-01-17,4109,896751968.0
2005-01-18,4109,892853046.0
2005-01-19,4109,900650890.0
2005-01-20,4109,896751968.0
2005-01-21,4109,888954125.0
2005-01-24,4109,888954125.0
2005-01-25,4109,892853046.0
2005-01-26,4109,888954125.0
2005-01-27,4109,900650890.0
2005-01-28,4109,888954125.0
2005-02-01,4109,924044419.0
2005-02-02,4109,939640106.0
2005-02-03,4109,943539027.0
2005-02-14,4109,916246576.0
2005-02-15,4109,916246576.0
2005-02-16,4109,904549811.0
2005-02-17,4109,900650890.0
2005-02-18,4109,904549811.0
2005-02-21,4109,904549811.0
2005-02-22,4109,892853046.0
2005-02-23,4109,896751968.0
2005-02-24,4109,892853046.0
2005-02-25,4109,896751968.0
2005-03-01,4109,904549811.0
2005-03-02,4109,900650890.0
2005-03-03,4109,894802507.0
2005-03-04,4109,892853046.0
2005-03-07,4109,912347654.0
2005-03-08,4109,890903586.0
2005-03-09,4109,896751968.0
2005-03-10,4109,933791723.0
2005-03-11,4109,914297115.0
2005-03-14,4109,894802507.0
2005-03-15,4109,888954125.0
2005-03-16,4109,888954125.0
2005-03-17,4109,888954125.0
2005-03-18,4109,885055203.0
2005-03-21,4109,877257360.0
2005-03-22,4109,848015448.0
2005-03-23,4109,857762752.0
2005-03-24,4109,849964909.0
2005-03-25,4109,853863830.0
2005-03-28,4109,877257360.0
2005-03-29,4109,849964909.0
2005-03-30,4109,853863830.0
2005-03-31,4109,857762752.0
2005-04-01,4109,857762752.0
2005-04-04,4109,857762752.0
2005-04-07,4109,849964909.0
2005-04-08,4109,857762752.0
2005-04-12,4109,849964909.0
2005-04-13,4109,851914370.0
2005-04-14,4109,849964909.0
2005-04-18,4109,787582163.0
2005-04-19,4109,799278928.0
2005-04-20,4109,789531624.0
2005-04-21,4109,791481085.0
2005-04-22,4109,793430546.0
2005-04-25,4109,775885398.0
2005-04-26,4109,775885398.0
2005-04-27,4109,807076771.0
2005-04-28,4109,783683242.0
2005-04-29,4109,783683242.0
2005-05-03,4109,810975693.0
2005-05-04,4109,810975693.0
2005-05-05,4109,809026232.0
2005-05-06,4109,818773536.0
2005-05-09,4109,818773536.0
2005-05-10,4109,795380006.0
2005-05-11,4109,812925154.0
2005-05-12,4109,812925154.0
2005-05-13,4109,781733781.0
2005-05-16,4109,787582163.0
2005-05-17,4109,795380006.0
2005-05-18,4109,797329467.0
2005-05-19,4109,785632702.0
2005-05-20,4109,783683242.0
2005-05-23,4109,801228389.0
2005-05-24,4109,810975693.0
2005-05-25,4109,799278928.0
2005-05-26,4109,799278928.0
2005-05-27,4109,797329467.0
2005-05-30,4109,791481085.0
2005-05-31,4109,787582163.0
2005-06-01,4109,771986477.0
2005-06-02,4109,814874614.0
2005-06-03,4109,814874614.0
2005-06-06,4109,814874614.0
2005-06-07,4109,797864838.0
2005-06-08,4109,801756862.0
2005-06-09,4109,801756862.0
2005-06-10,4109,817324956.0
2005-06-13,4109,809540909.0
2005-06-14,4109,807594897.0
2005-06-15,4109,809540909.0
2005-06-16,4109,805648885.0
2005-06-17,4109,805648885.0
2005-06-20,4109,797864838.0
2005-06-21,4109,792026803.0
2005-06-22,4109,788134779.0
2005-06-23,4109,792026803.0
2005-06-24,4109,793972814.0
2005-06-27,4109,793972814.0
2005-06-28,4109,793972814.0
2005-06-30,4109,772566685.0
2005-07-01,4109,762836626.0
2005-07-04,4109,790080791.0
2005-07-05,4109,836785074.0
2005-07-06,4109,842623109.0
2005-07-07,4109,832893050.0
2005-07-08,4109,819270968.0
2005-07-12,4109,823162991.0
2005-07-13,4109,823162991.0
2005-07-14,4109,815378944.0
2005-07-15,4109,817324956.0
2005-07-19,4109,819270968.0
2005-07-20,4109,817324956.0
2005-07-21,4109,817324956.0
2005-07-22,4109,842623109.0
2005-07-25,4109,842623109.0
2005-07-26,4109,854299180.0
2005-07-27,4109,850407157.0
2005-07-28,4109,854299180.0
2005-07-29,4109,912679534.0
2005-08-01,4109,883489357.0
2005-08-02,4109,856245192.0
2005-08-03,4109,842623109.0
2005-08-04,4109,840677098.0
2005-08-08,4109,836785074.0
2005-08-10,4109,836785074.0
2005-08-11,4109,836785074.0
2005-08-12,4109,829001027.0
2005-08-15,4109,832893050.0
2005-08-16,4109,836785074.0
2005-08-17,4109,758944602.0
2005-08-18,4109,778404720.0
2005-08-19,4109,778404720.0
2005-08-22,4109,782296744.0
2005-08-23,4109,778404720.0
2005-08-24,4109,762836626.0
2005-08-25,4109,762836626.0
2005-08-26,4109,762836626.0
2005-08-29,4109,758944602.0
2005-08-30,4109,756998590.0
2005-08-31,4109,747268531.0
2005-09-02,4109,743376508.0
2005-09-05,4109,727808413.0
2005-09-06,4109,727808413.0
2005-09-07,4109,720024366.0
2005-09-08,4109,712240319.0
2005-09-09,4109,708348295.0
2005-09-12,4109,718078354.0
2005-09-13,4109,700564248.0
2005-09-14,4109,730241820.0
2005-09-15,4109,726116160.0
2005-09-16,4109,713739180.0
2005-09-19,4109,748807290.0
2005-09-20,4109,728178990.0
2005-09-21,4109,726116160.0
2005-09-22,4109,719927670.0
2005-09-23,4109,721990500.0
2005-09-26,4109,713739180.0
2005-09-27,4109,713739180.0
2005-09-28,4109,713739180.0
2005-09-29,4109,709613520.0
2005-09-30,4109,721990500.0
2005-10-03,4109,721990500.0
2005-10-04,4109,721990500.0
2005-10-05,4109,721990500.0
2005-10-06,4109,742618800.0
2005-10-07,4109,744681630.0
2005-10-11,4109,742618800.0
2005-10-12,4109,746744460.0
2005-10-13,4109,744681630.0
2005-10-14,4109,742618800.0
2005-10-17,4109,763247100.0
2005-10-18,4109,744681630.0
2005-10-19,4109,746744460.0
2005-10-20,4109,763247100.0
2005-10-21,4109,808629360.0
2005-10-24,4109,771498420.0
2005-10-25,4109,759121440.0
2005-10-26,4109,746744460.0
2005-10-27,4109,773561250.0
2005-10-28,4109,746744460.0
2005-10-31,4109,746744460.0
2005-11-01,4109,752932950.0
2005-11-02,4109,742618800.0
2005-11-03,4109,738493140.0
2005-11-04,4109,738493140.0
2005-11-07,4109,742618800.0
2005-11-08,4109,742618800.0
2005-11-09,4109,721990500.0
2005-11-10,4109,734367480.0
2005-11-11,4109,730241820.0
2005-11-14,4109,726116160.0
2005-11-15,4109,734367480.0
2005-11-16,4109,728178990.0
2005-11-17,4109,721990500.0
2005-11-18,4109,726116160.0
2005-11-21,4109,717864840.0
2005-11-22,4109,721990500.0
2005-11-23,4109,728178990.0
2005-11-24,4109,728178990.0
2005-11-25,4109,721990500.0
2005-11-28,4109,717864840.0
2005-11-29,4109,726116160.0
2005-11-30,4109,717864840.0
2005-12-01,4109,713739180.0
2005-12-02,4109,713739180.0
2005-12-05,4109,721990500.0
2005-12-06,4109,721990500.0
2005-12-07,4109,709613520.0
2005-12-08,4109,721990500.0
2005-12-09,4109,705487860.0
2005-12-12,4109,705487860.0
2005-12-13,4109,713739180.0
2005-12-14,4109,701362200.0
2005-12-15,4109,709613520.0
2005-12-16,4109,697236540.0
2005-12-19,4109,701362200.0
2005-12-20,4109,701362200.0
2005-12-21,4109,691048050.0
2005-12-22,4109,693110880.0
2005-12-23,4109,697236540.0
2005-12-26,4109,697236540.0
2005-12-27,4109,693110880.0
2005-12-28,4109,680733900.0
2005-12-29,4109,680733900.0
2005-12-30,4109,693110880.0
2006-01-02,4109,688985220.0
2006-01-03,4109,688985220.0
2006-01-04,4109,674545410.0
2006-01-05,4109,676608240.0
2006-01-06,4109,678671070.0
2006-01-09,4109,678671070.0
2006-01-10,4109,670419750.0
2006-01-11,4109,672482580.0
2006-01-12,4109,672482580.0
2006-01-13,4109,672482580.0
2006-01-16,4109,664231260.0
2006-01-17,4109,660105600.0
2006-01-18,4109,643602960.0
2006-01-19,4109,651854280.0
2006-01-20,4109,635351640.0
2006-01-23,4109,602346360.0
2006-01-24,4109,633288810.0
2006-01-25,4109,618849000.0
2006-02-03,4109,616786170.0
2006-02-06,4109,618849000.0
2006-02-07,4109,620911830.0
2006-02-08,4109,639477300.0
2006-02-10,4109,618849000.0
2006-02-13,4109,629163150.0
2006-02-14,4109,618849000.0
2006-02-15,4109,618849000.0
2006-02-16,4109,618849000.0
2006-02-17,4109,618849000.0
2006-02-20,4109,598220700.0
2006-02-21,4109,610597680.0
2006-02-22,4109,596157870.0
2006-02-23,4109,589969380.0
2006-02-24,4109,594095040.0
2006-02-27,4109,577592400.0
2006-03-01,4109,577592400.0
2006-03-02,4109,577592400.0
2006-03-03,4109,594095040.0
2006-03-06,4109,604409190.0
2006-03-07,4109,606472020.0
2006-03-08,4109,618849000.0
2006-03-09,4109,625037490.0
2006-03-10,4109,639477300.0
2006-03-13,4109,647728620.0
2006-03-14,4109,647728620.0
2006-03-15,4109,678671070.0
2006-03-16,4109,670419750.0
2006-03-17,4109,668356920.0
2006-03-20,4109,651854280.0
2006-03-21,4109,655979940.0
2006-03-22,4109,658042770.0
2006-03-23,4109,658042770.0
2006-03-24,4109,655979940.0
2006-03-27,4109,660105600.0
2006-03-28,4109,660105600.0
2006-03-29,4109,658042770.0
2006-03-30,4109,660105600.0
2006-03-31,4109,660105600.0
2006-04-03,4109,655979940.0
2006-04-04,4109,655979940.0
2006-04-06,4109,678671070.0
2006-04-07,4109,670419750.0
2006-04-10,4109,651854280.0
2006-04-11,4109,649791450.0
2006-04-12,4109,637414470.0
2006-04-13,4109,639477300.0
2006-04-14,4109,639477300.0
2006-04-17,4109,627100320.0
2006-04-18,4109,635351640.0
2006-04-19,4109,629163150.0
2006-04-20,4109,635351640.0
2006-04-21,4109,618849000.0
2006-04-24,4109,635351640.0
2006-04-25,4109,635351640.0
2006-04-26,4109,618849000.0
2006-04-27,4109,627100320.0
2006-04-28,4109,618849000.0
2006-05-02,4109,612660510.0
2006-05-03,4109,606472020.0
2006-05-04,4109,606472020.0
2006-05-05,4109,602346360.0
2006-05-08,4109,631225980.0
2006-05-09,4109,616786170.0
2006-05-10,4109,610597680.0
2006-05-11,4109,616786170.0
2006-05-12,4109,622974660.0
2006-05-15,4109,616786170.0
2006-05-16,4109,602346360.0
2006-05-17,4109,602346360.0
2006-05-18,4109,610597680.0
2006-05-19,4109,606472020.0
2006-05-22,4109,602346360.0
2006-05-23,4109,602346360.0
2006-05-24,4109,589969380.0
2006-05-25,4109,592032210.0
2006-05-26,4109,598220700.0
2006-05-29,4109,598220700.0
2006-05-30,4109,602346360.0
2006-06-01,4109,598220700.0
2006-06-02,4109,594095040.0
2006-06-05,4109,585843720.0
2006-06-06,4109,581718060.0
2006-06-07,4109,581718060.0
2006-06-08,4109,569341080.0
2006-06-09,4109,571403910.0
2006-06-12,4109,569341080.0
2006-06-13,4109,569341080.0
2006-06-14,4109,561089760.0
2006-06-15,4109,536335800.0
2006-06-16,4109,528427710.0
2006-06-19,4109,516552930.0
2006-06-20,4109,482907720.0
2006-06-21,4109,486865980.0
2006-06-22,4109,486865980.0
2006-06-23,4109,520511190.0
2006-06-26,4109,556135530.0
2006-06-27,4109,571968570.0
2006-06-28,4109,585822480.0
2006-06-29,4109,562072920.0
2006-06-30,4109,562072920.0
2006-07-03,4109,569989440.0
2006-07-04,4109,558114660.0
2006-07-05,4109,595718130.0
2006-07-06,4109,585822480.0
2006-07-07,4109,593739000.0
2006-07-10,4109,579885090.0
2006-07-11,4109,573947700.0
2006-07-12,4109,562072920.0
2006-07-13,4109,562072920.0
2006-07-14,4109,534365100.0
2006-07-17,4109,524469450.0
2006-07-18,4109,524469450.0
2006-07-19,4109,524469450.0
2006-07-20,4109,522490320.0
2006-07-21,4109,522490320.0
2006-07-24,4109,510615540.0
2006-07-25,4109,510615540.0
2006-07-26,4109,510615540.0
2006-07-27,4109,514573800.0
2006-07-28,4109,508636410.0
2006-07-31,4109,508636410.0
2006-08-01,4109,518532060.0
2006-08-02,4109,538323360.0
2006-08-03,4109,490824240.0
2006-08-04,4109,486865980.0
2006-08-07,4109,488845110.0
2006-08-08,4109,480928590.0
2006-08-09,4109,486865980.0
2006-08-10,4109,490824240.0
2006-08-11,4109,486865980.0
2006-08-14,4109,484886850.0
2006-08-15,4109,482907720.0
2006-08-16,4109,484886850.0
2006-08-17,4109,490824240.0
2006-08-18,4109,482907720.0
2006-08-21,4109,490824240.0
2006-08-22,4109,524469450.0
2006-08-23,4109,498740760.0
2006-08-24,4109,494782500.0
2006-08-25,4109,490824240.0
2006-08-28,4109,482907720.0
2006-08-29,4109,482907720.0
2006-08-30,4109,482907720.0
2006-08-31,4109,482907720.0
2006-09-01,4109,482907720.0
2006-09-04,4109,474991200.0
2006-09-05,4109,482907720.0
2006-09-06,4109,474991200.0
2006-09-07,4109,478949460.0
2006-09-08,4109,478949460.0
2006-09-11,4109,474991200.0
2006-09-12,4109,478949460.0
2006-09-13,4109,474991200.0
2006-09-14,4109,467074680.0
2006-09-15,4109,474991200.0
2006-09-18,4109,474991200.0
2006-09-19,4109,478949460.0
2006-09-20,4109,476970330.0
2006-09-21,4109,476970330.0
2006-09-22,4109,474991200.0
2006-09-25,4109,473012070.0
2006-09-26,4109,476970330.0
2006-09-27,4109,473012070.0
2006-09-28,4109,473012070.0
2006-09-29,4109,473012070.0
2006-10-02,4109,474991200.0
2006-10-03,4109,473012070.0
2006-10-04,4109,473012070.0
2006-10-05,4109,473012070.0
2006-10-11,4109,478949460.0
2006-10-12,4109,473012070.0
2006-10-13,4109,480928590.0
2006-10-16,4109,480928590.0
2006-10-17,4109,486865980.0
2006-10-18,4109,498740760.0
2006-10-19,4109,494782500.0
2006-10-20,4109,496761630.0
2006-10-23,4109,496761630.0
2006-10-24,4109,490824240.0
2006-10-25,4109,494782500.0
2006-10-26,4109,492803370.0
2006-10-27,4109,494782500.0
2006-10-30,4109,528427710.0
2006-10-31,4109,510615540.0
2006-11-01,4109,546239880.0
2006-11-02,4109,546239880.0
2006-11-03,4109,554156400.0
2006-11-06,4109,579885090.0
2006-11-07,4109,581864220.0
2006-11-08,4109,568010310.0
2006-11-09,4109,558114660.0
2006-11-10,4109,564052050.0
2006-11-13,4109,554156400.0
2006-11-14,4109,558114660.0
2006-11-15,4109,566031180.0
2006-11-16,4109,569989440.0
2006-11-17,4109,581864220.0
2006-11-20,4109,591759870.0
2006-11-22,4109,637279860.0
2006-11-23,4109,625405080.0
2006-11-24,4109,613530300.0
2006-11-27,4109,625405080.0
2006-11-28,4109,613530300.0
2006-11-29,4109,617488560.0
2006-11-30,4109,617488560.0
2006-12-01,4109,625405080.0
2006-12-04,4109,635300730.0
2006-12-05,4109,613530300.0
2006-12-06,4109,613530300.0
2006-12-07,4109,603634650.0
2006-12-08,4109,609572040.0
2006-12-11,4109,611551170.0
2006-12-12,4109,603634650.0
2006-12-13,4109,601655520.0
2006-12-14,4109,609572040.0
2006-12-15,4109,611551170.0
2006-12-18,4109,643217250.0
2006-12-19,4109,629363340.0
2006-12-20,4109,627384210.0
2006-12-21,4109,633321600.0
2006-12-22,4109,641238120.0
2006-12-25,4109,645196380.0
2006-12-26,4109,655092030.0
2006-12-27,4109,680820720.0
2006-12-28,4109,670925070.0
2006-12-29,4109,672904200.0
2007-01-02,4109,674883330.0
2007-01-03,4109,664987680.0
2007-01-04,4109,657071160.0
2007-01-05,4109,676862460.0
2007-01-08,4109,678841590.0
2007-01-09,4109,682799850.0
2007-01-10,4109,674883330.0
2007-01-11,4109,664987680.0
2007-01-12,4109,672904200.0
2007-01-15,4109,668945940.0
2007-01-16,4109,672904200.0
2007-01-17,4109,676862460.0
2007-01-18,4109,672904200.0
2007-01-19,4109,668945940.0
2007-01-22,4109,672904200.0
2007-01-23,4109,672904200.0
2007-01-24,4109,668945940.0
2007-01-25,4109,670925070.0
2007-01-26,4109,664987680.0
2007-01-29,4109,661029420.0
2007-01-30,4109,655092030.0
2007-01-31,4109,649154640.0
2007-02-01,4109,649154640.0
2007-02-02,4109,649154640.0
2007-02-05,4109,647175510.0
2007-02-06,4109,649154640.0
2007-02-07,4109,651133770.0
2007-02-08,4109,647175510.0
2007-02-09,4109,637279860.0
2007-02-12,4109,633321600.0
2007-02-13,4109,641238120.0
2007-02-14,4109,645196380.0
2007-02-26,4109,643217250.0
2007-02-27,4109,645196380.0
2007-03-01,4109,635300730.0
2007-03-02,4109,637279860.0
2007-03-05,4109,625405080.0
2007-03-06,4109,649154640.0
2007-03-07,4109,649154640.0
2007-03-08,4109,645196380.0
2007-03-09,4109,649154640.0
2007-03-12,4109,659050290.0
2007-03-13,4109,653112900.0
2007-03-14,4109,663008550.0
2007-03-15,4109,684778980.0
2007-03-16,4109,684778980.0
2007-03-19,4109,686758110.0
2007-03-20,4109,670925070.0
2007-03-21,4109,676862460.0
2007-03-22,4109,682799850.0
2007-03-23,4109,676862460.0
2007-03-26,4109,694674630.0
2007-03-27,4109,726340710.0
2007-03-28,4109,722382450.0
2007-03-29,4109,726340710.0
2007-03-30,4109,775818960.0
2007-04-02,4109,829255470.0
2007-04-03,4109,827276340.0
2007-04-04,4109,876754590.0
2007-04-09,4109,938107620.0
2007-04-10,4109,910399800.0
2007-04-11,4109,886650240.0
2007-04-12,4109,914358060.0
2007-04-13,4109,878733720.0
2007-04-16,4109,922274580.0
2007-04-17,4109,914358060.0
2007-04-18,4109,910399800.0
2007-04-19,4109,910399800.0
2007-04-20,4109,926232840.0
2007-04-23,4109,953940660.0
2007-04-24,4109,942065880.0
2007-04-25,4109,928211970.0
2007-04-26,4109,926232840.0
2007-04-27,4109,914358060.0
2007-04-30,4109,890608500.0
2007-05-02,4109,831234600.0
2007-05-03,4109,781756350.0
2007-05-04,4109,823318080.0
2007-05-07,4109,827276340.0
2007-05-08,4109,843109380.0
2007-05-09,4109,837171990.0
2007-05-10,4109,847067640.0
2007-05-11,4109,835192860.0
2007-05-14,4109,892587630.0
2007-05-15,4109,872796330.0
2007-05-16,4109,866858940.0
2007-05-17,4109,872796330.0
2007-05-18,4109,851025900.0
2007-05-21,4109,851025900.0
2007-05-22,4109,843109380.0
2007-05-23,4109,851025900.0
2007-05-24,4109,835192860.0
2007-05-25,4109,841130250.0
2007-05-28,4109,821338950.0
2007-05-29,4109,819359820.0
2007-05-30,4109,821338950.0
2007-05-31,4109,821338950.0
2007-06-01,4109,811443300.0
2007-06-04,4109,807485040.0
2007-06-05,4109,791652000.0
2007-06-06,4109,771860700.0
2007-06-07,4109,811443300.0
2007-06-08,4109,908976680.0
2007-06-11,4109,913146298.0
2007-06-12,4109,892298209.0
2007-06-13,4109,890213400.0
2007-06-14,4109,888128591.0
2007-06-15,4109,883958974.0
2007-06-20,4109,883958974.0
2007-06-21,4109,875619738.0
2007-06-22,4109,863110885.0
2007-06-25,4109,984029801.0
2007-06-26,4109,1029895597.0
2007-06-27,4109,1092439864.0
2007-06-28,4109,1167492984.0
2007-06-29,4109,1096609481.0
2007-07-02,4109,1073676584.0
2007-07-03,4109,1148729704.0
2007-07-04,4109,1227952442.0
2007-07-05,4109,1313429607.0
2007-07-06,4109,1405161199.0
2007-07-09,4109,1338447314.0
2007-07-10,4109,1300920754.0
2007-07-11,4109,1390567536.0
2007-07-12,4109,1486468746.0
2007-07-13,4109,1588624382.0
2007-07-16,4109,1478129510.0
2007-07-17,4109,1578200337.0
2007-07-18,4109,1544843395.0
2007-07-19,4109,1444772568.0
2007-07-20,4109,1371804256.0
2007-07-23,4109,1403076390.0
2007-07-24,4109,1459366160.0
2007-07-25,4109,1561521791.0
2007-07-26,4109,1669931929.0
2007-07-27,4109,1711628107.0
2007-07-30,4109,1609472471.0
2007-07-31,4109,1659507805.0
2007-08-01,4109,1546928204.0
2007-08-02,4109,1459366230.0
2007-08-03,4109,1528164924.0
2007-08-06,4109,1442687690.0
2007-08-07,4109,1463535848.0
2007-08-08,4109,1565691409.0
2007-08-09,4109,1663677502.0
2007-08-10,4109,1621981324.0
2007-08-13,4109,1526080115.0
2007-08-14,4109,1542758586.0
2007-08-15,4109,1480214319.0
2007-08-16,4109,1378058683.0
2007-08-17,4109,1282157474.0
2007-08-20,4109,1365549830.0
2007-08-21,4109,1275903047.0
2007-08-22,4109,1188341073.0
2007-08-23,4109,1240461296.0
2007-08-24,4109,1309259989.0
2007-08-27,4109,1346786549.0
2007-08-28,4109,1325938460.0
2007-08-29,4109,1292581518.0
2007-08-30,4109,1300920754.0
2007-08-31,4109,1330108078.0
2007-09-03,4109,1388482727.0
2007-09-04,4109,1396821963.0
2007-09-05,4109,1446857377.0
2007-09-06,4109,1398906772.0
2007-09-07,4109,1451026994.0
2007-09-10,4109,1373888999.0
2007-09-11,4109,1415585243.0
2007-09-12,4109,1386397919.0
2007-09-13,4109,1405161199.0
2007-09-14,4109,1411415625.0
2007-09-17,4109,1426009288.0
2007-09-19,4109,1375973874.0
2007-09-20,4109,1355125785.0
2007-09-21,4109,1338447314.0
2007-09-26,4109,1332192887.0
2007-09-27,4109,1334277696.0
2007-09-28,4109,1396821896.0
2007-10-01,4109,1384313110.0
2007-10-02,4109,1367634638.0
2007-10-03,4109,1350956167.0
2007-10-04,4109,1350956167.0
2007-10-05,4109,1332192823.0
2007-10-08,4109,1305090309.0
2007-10-09,4109,1354392976.0
2007-10-11,4109,1336916938.0
2007-10-12,4109,1280119813.0
2007-10-15,4109,1232060707.0
2007-10-16,4109,1188370611.0
2007-10-17,4109,1236429717.0
2007-10-18,4109,1201477640.0
2007-10-19,4109,1194924126.0
2007-10-22,4109,1162156554.0
2007-10-23,4109,1188370611.0
2007-10-24,4109,1214584669.0
2007-10-25,4109,1223322688.0
2007-10-26,4109,1242983231.0
2007-10-29,4109,1223322688.0
2007-10-30,4109,1192739621.0
2007-10-31,4109,1159972049.0
2007-11-01,4109,1138127001.0
2007-11-02,4109,1092252400.0
2007-11-05,4109,1118466458.0
2007-11-06,4109,1109728438.0
2007-11-07,4109,1094436905.0
2007-11-08,4109,1017979237.0
2007-11-09,4109,963366617.0
2007-11-12,4109,897831473.0
2007-11-13,4109,917492016.0
2007-11-14,4109,980842655.0
2007-11-15,4109,985211665.0
2007-11-16,4109,998318694.0
2007-11-19,4109,1048562304.0
2007-11-20,4109,1044193294.0
2007-11-21,4109,1004872208.0
2007-11-22,4109,961182112.0
2007-11-23,4109,961182112.0
2007-11-26,4109,958997607.0
2007-11-27,4109,917492016.0
2007-11-28,4109,908753997.0
2007-11-29,4109,921861026.0
2007-11-30,4109,930599045.0
2007-12-03,4109,952444093.0
2007-12-04,4109,958997607.0
2007-12-05,4109,950259588.0
2007-12-06,4109,950259588.0
2007-12-07,4109,969920131.0
2007-12-10,4109,945890578.0
2007-12-11,4109,939337064.0
2007-12-12,4109,939337064.0
2007-12-13,4109,900015978.0
2007-12-14,4109,878170930.0
2007-12-17,4109,838849843.0
2007-12-18,4109,812635786.0
2007-12-19,4109,834480834.0
2007-12-20,4109,788606233.0
2007-12-21,4109,777683709.0
2007-12-24,4109,812635786.0
2007-12-25,4109,799528757.0
2007-12-26,4109,795159747.0
2007-12-27,4109,812635786.0
2007-12-28,4109,830111824.0
2007-12-31,4109,841034348.0
2008-01-02,4109,856325882.0
2008-01-03,4109,819189300.0
2008-01-04,4109,823558310.0
2008-01-07,4109,810451281.0
2008-01-08,4109,810451281.0
2008-01-09,4109,812635786.0
2008-01-10,4109,821373805.0
2008-01-11,4109,819189300.0
2008-01-14,4109,821373805.0
2008-01-15,4109,838849843.0
2008-01-16,4109,817004795.0
2008-01-17,4109,817004795.0
2008-01-18,4109,832296329.0
2008-01-21,4109,819189300.0
2008-01-22,4109,762392175.0
2008-01-24,4109,681565498.0
2008-01-28,4109,681565498.0
2008-01-29,4109,683750002.0
2008-01-30,4109,690303517.0
2008-01-31,4109,677196488.0
2008-02-01,4109,699041536.0
2008-02-12,4109,683750002.0
2008-02-13,4109,705595050.0
2008-02-14,4109,753654156.0
2008-02-15,4109,742731632.0
2008-02-18,4109,792975242.0
2008-02-19,4109,847587862.0
2008-02-20,4109,841034348.0
2008-02-21,4109,847587862.0
2008-02-22,4109,906569492.0
2008-02-25,4109,969920131.0
2008-02-26,4109,974289141.0
2008-02-27,4109,1026717256.0
2008-02-29,4109,1096621410.0
2008-03-03,4109,1096621410.0
2008-03-04,4109,1118466458.0
2008-03-05,4109,1096621410.0
2008-03-06,4109,1044193294.0
2008-03-07,4109,1026717256.0
2008-03-10,4109,969920131.0
2008-03-11,4109,1007056713.0
2008-03-12,4109,998318694.0
2008-03-13,4109,969920131.0
2008-03-14,4109,967735626.0
2008-03-17,4109,948075083.0
2008-03-18,4109,952444093.0
2008-03-19,4109,952444093.0
2008-03-20,4109,926230035.0
2008-03-21,4109,943706074.0
2008-03-24,4109,969920131.0
2008-03-25,4109,993949684.0
2008-03-26,4109,985211665.0
2008-03-27,4109,983027160.0
2008-03-28,4109,969920131.0
2008-03-31,4109,963366617.0
2008-04-01,4109,954628598.0
2008-04-02,4109,956813102.0
2008-04-03,4109,963366617.0
2008-04-07,4109,1028901761.0
2008-04-08,4109,1013610227.0
2008-04-09,4109,1017979237.0
2008-04-10,4109,1081329876.0
2008-04-11,4109,1048562304.0
2008-04-14,4109,1052931314.0
2008-04-15,4109,1057300323.0
2008-04-16,4109,1070407352.0
2008-04-17,4109,1100990419.0
2008-04-18,4109,1166525563.0
2008-04-21,4109,1085698886.0
2008-04-22,4109,1079145371.0
2008-04-23,4109,1061669333.0
2008-04-24,4109,1079145371.0
2008-04-25,4109,1076960866.0
2008-04-28,4109,1026717256.0
2008-04-29,4109,1031086266.0
2008-04-30,4109,1017979237.0
2008-05-02,4109,1022348246.0
2008-05-05,4109,1017979237.0
2008-05-06,4109,1013610227.0
2008-05-07,4109,1022348246.0
2008-05-08,4109,1052931314.0
2008-05-09,4109,1026717256.0
2008-05-12,4109,1017979237.0
2008-05-13,4109,1033270770.0
2008-05-14,4109,1022348246.0
2008-05-15,4109,996134189.0
2008-05-16,4109,996134189.0
2008-05-19,4109,1022348246.0
2008-05-20,4109,1000503198.0
2008-05-21,4109,1000503198.0
2008-05-22,4109,1070407352.0
2008-05-23,4109,1070407352.0
2008-05-26,4109,1090067895.0
2008-05-27,4109,1052931314.0
2008-05-28,4109,1026717256.0
2008-05-29,4109,1004872208.0
2008-05-30,4109,1035455275.0
2008-06-02,4109,1017979237.0
2008-06-03,4109,1011425722.0
2008-06-04,4109,996134189.0
2008-06-05,4109,1007056713.0
2008-06-06,4109,1015794732.0
2008-06-09,4109,1000503198.0
2008-06-10,4109,996134189.0
2008-06-11,4109,939337064.0
2008-06-12,4109,873801920.0
2008-06-13,4109,851956872.0
2008-06-16,4109,865063901.0
2008-06-17,4109,873801920.0
2008-06-18,4109,893462463.0
2008-06-19,4109,858510386.0
2008-06-20,4109,830111824.0
2008-06-23,4109,812635786.0
2008-06-24,4109,808266776.0
2008-06-25,4109,814820290.0
2008-06-26,4109,814820290.0
2008-06-27,4109,758023166.0
2008-06-30,4109,709964060.0
2008-07-01,4109,681565498.0
2008-07-02,4109,683750002.0
2008-07-03,4109,729624603.0
2008-07-04,4109,725255594.0
2008-07-07,4109,733993613.0
2008-07-08,4109,707779555.0
2008-07-09,4109,712148565.0
2008-07-10,4109,705595050.0
2008-07-11,4109,720886584.0
2008-07-14,4109,723071089.0
2008-07-15,4109,692488022.0
2008-07-16,4109,664089459.0
2008-07-17,4109,685934507.0
2008-07-18,4109,664089459.0
2008-07-21,4109,685934507.0
2008-07-22,4109,699041536.0
2008-07-23,4109,736178118.0
2008-07-24,4109,733993613.0
2008-07-25,4109,729624603.0
2008-07-29,4109,681565498.0
2008-07-30,4109,701226041.0
2008-07-31,4109,703410546.0
2008-08-01,4109,685934507.0
2008-08-04,4109,681565498.0
2008-08-05,4109,681565498.0
2008-08-06,4109,690303517.0
2008-08-07,4109,685934507.0
2008-08-08,4109,705595050.0
2008-08-11,4109,712148565.0
2008-08-12,4109,703410546.0
2008-08-13,4109,690303517.0
2008-08-14,4109,723071089.0
2008-08-15,4109,709964060.0
2008-08-18,4109,699041536.0
2008-08-19,4109,694672526.0
2008-08-20,4109,699041536.0
2008-08-21,4109,699041536.0
2008-08-22,4109,699041536.0
2008-08-25,4109,699041536.0
2008-08-26,4109,699041536.0
2008-08-27,4109,699041536.0
2008-08-28,4109,699041536.0
2008-08-29,4109,699041536.0
2008-09-01,4109,685934507.0
2008-09-02,4109,683750002.0
2008-09-03,4109,677196488.0
2008-09-04,4109,581078277.0
2008-09-05,4109,550495210.0
2008-09-08,4109,587631791.0
2008-09-09,4109,563602238.0
2008-09-10,4109,563602238.0
2008-09-11,4109,554864219.0
2008-09-12,4109,563602238.0
2008-09-15,4109,557048724.0
2008-09-16,4109,546126200.0
2008-09-17,4109,541757190.0
2008-09-18,4109,539572686.0
2008-09-19,4109,559233229.0
2008-09-22,4109,565786743.0
2008-09-23,4109,576709267.0
2008-09-24,4109,587631791.0
2008-09-25,4109,594185306.0
2008-09-26,4109,607510787.0
2008-09-30,4109,582760347.0
2008-10-01,4109,594010547.0
2008-10-02,4109,607510787.0
2008-10-03,4109,596260587.0
2008-10-06,4109,585010387.0
2008-10-07,4109,585010387.0
2008-10-08,4109,573760187.0
2008-10-09,4109,567010067.0
2008-10-13,4109,582760347.0
2008-10-14,4109,598510627.0
2008-10-15,4109,594010547.0
2008-10-16,4109,573760187.0
2008-10-17,4109,585010387.0
2008-10-20,4109,571510147.0
2008-10-21,4109,571510147.0
2008-10-22,4109,585010400.0
2008-10-23,4109,573760187.0
2008-10-24,4109,555759868.0
2008-10-27,4109,589510467.0
2008-10-28,4109,571510147.0
2008-10-29,4109,562509988.0
2008-10-30,4109,600760667.0
2008-10-31,4109,585010387.0
2008-11-03,4109,598510627.0
2008-11-04,4109,603010707.0
2008-11-05,4109,612010866.0
2008-11-06,4109,596260587.0
2008-11-07,4109,605260760.0
2008-11-10,4109,600760667.0
2008-11-11,4109,580510307.0
2008-11-12,4109,578260267.0
2008-11-13,4109,576010227.0
2008-11-14,4109,578260267.0
2008-11-18,4109,582760347.0
2008-11-19,4109,573760187.0
2008-11-20,4109,558009908.0
2008-11-21,4109,558009908.0
2008-11-24,4109,551259788.0
2008-11-25,4109,558009920.0
2008-11-26,4109,567010067.0
2008-11-27,4109,571510147.0
2008-11-28,4109,569260107.0
2008-12-01,4109,571510147.0
2008-12-02,4109,567010067.0
2008-12-03,4109,562509988.0
2008-12-04,4109,562509988.0
2008-12-05,4109,562509988.0
2008-12-08,4109,560259948.0
2008-12-09,4109,553509828.0
2008-12-10,4109,562509988.0
2008-12-11,4109,558009908.0
2008-12-12,4109,549009748.0
2008-12-15,4109,553509828.0
2008-12-16,4109,558009908.0
2008-12-17,4109,560259948.0
2008-12-18,4109,560259948.0
2008-12-19,4109,558009908.0
2008-12-22,4109,558009908.0
2008-12-23,4109,558009908.0
2008-12-24,4109,553509828.0
2008-12-25,4109,553509828.0
2008-12-26,4109,553509828.0
2008-12-29,4109,544509668.0
2008-12-30,4109,546759708.0
2008-12-31,4109,567010067.0
2009-01-05,4109,569260120.0
2009-01-06,4109,562510000.0
2009-01-07,4109,562509988.0
2009-01-08,4109,558009908.0
2009-01-09,4109,558009908.0
2009-01-12,4109,553509828.0
2009-01-13,4109,553509828.0
2009-01-14,4109,558009908.0
2009-01-15,4109,553509828.0
2009-01-16,4109,560259948.0
2009-01-19,4109,555759868.0
2009-01-20,4109,555759868.0
2009-01-21,4109,558009908.0
2009-02-02,4109,562509988.0
2009-02-03,4109,558009908.0
2009-02-04,4109,562509988.0
2009-02-05,4109,562509988.0
2009-02-06,4109,562509988.0
2009-02-09,4109,567010067.0
2009-02-10,4109,567010067.0
2009-02-11,4109,576010227.0
2009-02-12,4109,573760187.0
2009-02-13,4109,567010080.0
2009-02-16,4109,567010067.0
2009-02-17,4109,563140860.0
2009-02-18,4109,567575027.0
2009-02-19,4109,572009207.0
2009-02-20,4109,567575040.0
2009-02-23,4109,567575040.0
2009-02-24,4109,567575027.0
2009-02-25,4109,565357937.0
2009-02-26,4109,560923757.0
2009-02-27,4109,558706667.0
2009-03-02,4109,563140847.0
2009-03-03,4109,558706667.0
2009-03-04,4109,558706667.0
2009-03-05,4109,554272500.0
2009-03-06,4109,591963017.0
2009-03-09,4109,631870636.0
2009-03-10,4109,656258625.0
2009-03-11,4109,623002276.0
2009-03-12,4109,642956086.0
2009-03-13,4109,634087726.0
2009-03-16,4109,642956086.0
2009-03-17,4109,640738996.0
2009-03-18,4109,634087726.0
2009-03-19,4109,638521906.0
2009-03-20,4109,625219366.0
2009-03-23,4109,665126985.0
2009-03-24,4109,660692805.0
2009-03-25,4109,645173175.0
2009-03-26,4109,665126985.0
2009-03-27,4109,711685874.0
2009-03-30,4109,760461853.0
2009-03-31,4109,756027673.0
2009-04-01,4109,807020742.0
2009-04-02,4109,862447991.0
2009-04-03,4109,913441059.0
2009-04-06,4109,873533440.0
2009-04-07,4109,926743599.0
2009-04-08,4109,991039208.0
2009-04-09,4109,1013210107.0
2009-04-10,4109,979953758.0
2009-04-13,4109,957782858.0
2009-04-14,4109,968868330.0
2009-04-15,4109,931177779.0
2009-04-16,4109,915658149.0
2009-04-17,4109,853579631.0
2009-04-20,4109,807020742.0
2009-04-21,4109,855796721.0
2009-04-22,4109,858013811.0
2009-04-23,4109,852451501.0
2009-04-24,4109,852451501.0
2009-04-27,4109,909574539.0
2009-04-28,4109,848057421.0
2009-04-29,4109,788737342.0
2009-04-30,4109,826087021.0
2009-05-04,4109,817298861.0
2009-05-05,4109,819495901.0
2009-05-06,4109,852451501.0
2009-05-07,4109,830481101.0
2009-05-08,4109,828284061.0
2009-05-11,4109,841466301.0
2009-05-12,4109,821692941.0
2009-05-13,4109,823889981.0
2009-05-14,4109,810707742.0
2009-05-15,4109,799722542.0
2009-05-18,4109,821692941.0
2009-05-19,4109,804116640.0
2009-05-20,4109,812904782.0
2009-05-21,4109,815101821.0
2009-05-22,4109,801919582.0
2009-05-25,4109,786540302.0
2009-05-26,4109,782146222.0
2009-05-27,4109,790934400.0
2009-06-01,4109,804116622.0
2009-06-02,4109,782146222.0
2009-06-03,4109,777752142.0
2009-06-04,4109,768963983.0
2009-06-05,4109,777752142.0
2009-06-08,4109,751387663.0
2009-06-09,4109,738205423.0
2009-06-10,4109,703052784.0
2009-06-11,4109,707446864.0
2009-06-15,4109,672294225.0
2009-06-16,4109,676688305.0
2009-06-17,4109,683279424.0
2009-06-18,4109,661309025.0
2009-06-19,4109,683279424.0
2009-06-22,4109,729417263.0
2009-06-23,4109,779949182.0
2009-06-24,4109,830481101.0
2009-06-25,4109,804116622.0
2009-06-26,4109,795328462.0
2009-06-29,4109,790934382.0
2009-06-30,4109,779949182.0
2009-07-01,4109,779949182.0
2009-07-02,4109,830481101.0
2009-07-03,4109,841466301.0
2009-07-06,4109,848057421.0
2009-07-07,4109,891998220.0
2009-07-08,4109,883210060.0
2009-07-09,4109,905180459.0
2009-07-10,4109,964500538.0
2009-07-13,4109,918362699.0
2009-07-14,4109,982076858.0
2009-07-15,4109,957909418.0
2009-07-16,4109,940333099.0
2009-07-17,4109,979879840.0
2009-07-20,4109,986470938.0
2009-07-21,4109,944727179.0
2009-07-22,4109,931544939.0
2009-07-23,4109,911771579.0
2009-07-24,4109,885407100.0
2009-07-27,4109,922756779.0
2009-07-28,4109,909574539.0
2009-07-29,4109,913968619.0
2009-07-30,4109,922756779.0
2009-07-31,4109,935939019.0
2009-08-03,4109,929347920.0
2009-08-04,4109,946924218.0
2009-08-05,4109,940333099.0
2009-08-06,4109,935939019.0
2009-08-10,4109,957909418.0
2009-08-11,4109,971091658.0
2009-08-12,4109,979879818.0
2009-08-13,4109,968894618.0
2009-08-14,4109,986470938.0
2009-08-17,4109,977682800.0
2009-08-18,4109,966697578.0
2009-08-19,4109,949121258.0
2009-08-20,4109,929347899.0
2009-08-21,4109,931544939.0
2009-08-24,4109,933741979.0
2009-08-25,4109,938136059.0
2009-08-26,4109,953515360.0
2009-08-27,4109,918362699.0
2009-08-28,4109,885407100.0
2009-08-31,4109,891998220.0
2009-09-01,4109,881013020.0
2009-09-02,4109,891998220.0
2009-09-03,4109,885407100.0
2009-09-04,4109,887604140.0
2009-09-07,4109,883210080.0
2009-09-08,4109,883210060.0
2009-09-09,4109,887604140.0
2009-09-10,4109,878815980.0
2009-09-11,4109,883210060.0
2009-09-14,4109,852451501.0
2009-09-15,4109,859042620.0
2009-09-16,4109,867830780.0
2009-09-17,4109,872224860.0
2009-09-18,4109,872224860.0
2009-09-21,4109,874421900.0
2009-09-22,4109,870027820.0
2009-09-23,4109,856845581.0
2009-09-24,4109,852451501.0
2009-09-25,4109,856845581.0
2009-09-28,4109,876618940.0
2009-09-29,4109,876618940.0
2009-09-30,4109,876618940.0
2009-10-01,4109,863436700.0
2009-10-02,4109,848057421.0
2009-10-05,4109,907377499.0
2009-10-06,4109,968103684.0
2009-10-07,4109,959139761.0
2009-10-08,4109,950175838.0
2009-10-09,4109,972585646.0
2009-10-12,4109,965862703.0
2009-10-13,4109,959139761.0
2009-10-14,4109,983790549.0
2009-10-15,4109,954657800.0
2009-10-16,4109,950175838.0
2009-10-19,4109,947934857.0
2009-10-20,4109,959139761.0
2009-10-21,4109,963621723.0
2009-10-22,4109,954657800.0
2009-10-23,4109,986031530.0
2009-10-26,4109,983790549.0
2009-10-27,4109,963621744.0
2009-10-28,4109,954657800.0
2009-10-29,4109,923284069.0
2009-10-30,4109,909838185.0
2009-11-02,4109,921043088.0
2009-11-03,4109,927766031.0
2009-11-04,4109,956898780.0
2009-11-05,4109,956898780.0
2009-11-06,4109,968103684.0
2009-11-09,4109,925525050.0
2009-11-10,4109,914320146.0
2009-11-11,4109,914320146.0
2009-11-12,4109,921043088.0
2009-11-13,4109,909838185.0
2009-11-16,4109,916561127.0
2009-11-17,4109,909838185.0
2009-11-18,4109,909838185.0
2009-11-19,4109,909838185.0
2009-11-20,4109,905356223.0
2009-11-23,4109,898633301.0
2009-11-24,4109,900874262.0
2009-11-25,4109,896392300.0
2009-11-26,4109,894151319.0
2009-11-27,4109,860536608.0
2009-11-30,4109,860536608.0
2009-12-01,4109,894151319.0
2009-12-02,4109,885187396.0
2009-12-03,4109,876223473.0
2009-12-04,4109,860536608.0
2009-12-07,4109,878464454.0
2009-12-08,4109,865018570.0
2009-12-09,4109,867259550.0
2009-12-10,4109,851572685.0
2009-12-11,4109,865018570.0
2009-12-14,4109,867259550.0
2009-12-15,4109,862777589.0
2009-12-16,4109,865018570.0
2009-12-17,4109,873982493.0
2009-12-18,4109,865018570.0
2009-12-21,4109,862777608.0
2009-12-22,4109,858295627.0
2009-12-23,4109,869500531.0
2009-12-24,4109,853813666.0
2009-12-25,4109,853813666.0
2009-12-28,4109,869500531.0
2009-12-29,4109,876223473.0
2009-12-30,4109,880705435.0
2009-12-31,4109,871741512.0
2021-01-04,4109,1233966590.0
2021-01-05,4109,1230519756.0
2021-01-06,4109,1230519756.0
2021-01-07,4109,1223626088.0
2021-01-08,4109,1223626088.0
2021-01-11,4109,1206391918.0
2021-01-12,4109,1192604581.0
2021-01-13,4109,1213285586.0
2021-01-14,4109,1196051415.0
2021-01-15,4109,1182264079.0
2021-01-18,4109,1189157747.0
2021-01-19,4109,1168476743.0
2021-01-20,4109,1476348905.0
2021-01-21,4109,1467455237.0
2021-01-22,4109,1467455237.0
2021-01-25,4109,1458561568.0
2021-01-26,4109,1476348905.0
2021-01-27,4109,1467455237.0
2021-01-28,4109,1458561568.0
2021-01-29,4109,1454114734.0
2021-02-01,4109,1449667900.0
2021-02-02,4109,1454114734.0
2021-02-03,4109,1445221066.0
2021-02-05,4109,1422986896.0
2021-02-17,4109,1449667900.0
2021-02-18,4109,1467455237.0
2021-02-19,4109,1458561568.0
2021-02-22,4109,1471902071.0
2021-02-23,4109,1463008402.0
2021-02-24,4109,1463008402.0
2021-02-25,4109,1458561568.0
2021-02-26,4109,1445221066.0
2021-03-02,4109,1436327398.0
2021-03-03,4109,1431880564.0
2021-03-04,4109,1418540062.0
2021-03-05,4109,1422986896.0
2021-03-08,4109,1405199560.0
2021-03-09,4109,1378518556.0
2021-03-10,4109,1334050215.0
2021-03-11,4109,1360731219.0
2021-03-12,4109,1374071721.0
2021-03-15,4109,1374071721.0
2021-03-16,4109,1378518556.0
2021-03-17,4109,1436327398.0
2021-03-18,4109,1507476743.0
2021-03-19,4109,1494136241.0
2021-03-22,4109,1471902071.0
2021-03-23,4109,1480795739.0
2021-03-24,4109,1471902071.0
2021-03-25,4109,1467455237.0
2021-03-26,4109,1467455237.0
2021-03-29,4109,1467455237.0
2021-03-30,4109,1463008402.0
2021-03-31,4109,1463008402.0
2021-04-01,4109,1449667900.0
2021-04-06,4109,1458561568.0
2021-04-07,4109,1458561568.0
2021-04-08,4109,1467455237.0
2021-04-09,4109,1489689407.0
2021-04-12,4109,1476348905.0
2021-04-13,4109,1485242573.0
2021-04-14,4109,1463008402.0
2021-04-15,4109,1480795739.0
2021-04-16,4109,1476348905.0
2021-04-19,4109,1471902071.0
2021-04-20,4109,1471902071.0
2021-04-21,4109,1471902071.0
2021-04-22,4109,1476348905.0
2021-04-23,4109,1476348905.0
2021-04-26,4109,1480795739.0
2021-04-28,4109,1503029909.0
2021-04-29,4109,1485242573.0
2021-05-03,4109,1476348905.0
2021-05-04,4109,1436327398.0
2021-05-05,4109,1431880564.0
2021-05-06,4109,1431880564.0
2021-05-07,4109,1436327398.0
2021-05-10,4109,1422986896.0
2021-05-11,4109,1427433730.0
2021-05-12,4109,1378518556.0
2021-05-13,4109,1400752726.0
2021-05-14,4109,1382965390.0
2021-05-17,4109,1298475543.0
2021-05-18,4109,1347390717.0
2021-05-19,4109,1307369211.0
2021-05-20,4109,1302922377.0
2021-05-21,4109,1320709713.0
2021-05-24,4109,1320709713.0
2021-05-25,4109,1311816045.0
2021-05-26,4109,1298475543.0
2021-05-27,4109,1320709713.0
2021-05-28,4109,1307369211.0
2021-05-31,4109,1289581875.0
2021-06-01,4109,1285135040.0
2021-06-02,4109,1280688206.0
2021-06-03,4109,1289581875.0
2021-06-04,4109,1280688206.0
2021-06-07,4109,1307369211.0
2021-06-08,4109,1302922377.0
2021-06-09,4109,1267347704.0
2021-06-10,4109,1267347704.0
2021-06-11,4109,1254007202.0
2021-06-15,4109,1254007202.0
2021-06-16,4109,1258454036.0
2021-06-17,4109,1258454036.0
2021-06-18,4109,1258454036.0
2021-06-21,4109,1258454036.0
2021-06-22,4109,1249560368.0
2021-06-23,4109,1249560368.0
2021-06-24,4109,1254007202.0
2021-06-25,4109,1240666700.0
2021-06-28,4109,1231773032.0
2021-06-29,4109,1240666700.0
2021-06-30,4109,1240666700.0
2021-07-01,4109,1245113534.0
2021-07-02,4109,1254007202.0
2021-07-05,4109,1245113534.0
2021-07-06,4109,1240666700.0
2021-07-07,4109,1236219866.0
2021-07-08,4109,1240666700.0
2021-07-09,4109,1236219866.0
2021-07-12,4109,1227326198.0
2021-07-13,4109,1227326198.0
2021-07-14,4109,1213985696.0
2021-07-15,4109,1205092028.0
2021-07-16,4109,1200645194.0
2021-07-19,4109,1218432530.0
2021-07-20,4109,1285135040.0
2021-07-21,4109,1245113534.0
2021-07-22,4109,1249560368.0
2021-07-23,4109,1245113534.0
2021-07-26,4109,1227326198.0
2021-07-27,4109,1222879364.0
2021-07-28,4109,1196198359.0
2021-07-29,4109,1205092028.0
2021-07-30,4109,1200645194.0
2021-08-02,4109,1196198359.0
2021-08-03,4109,1196198359.0
2021-08-04,4109,1187304691.0
2021-08-05,4109,1187304691.0
2021-08-06,4109,1196198359.0
2021-08-09,4109,1200645194.0
2021-08-10,4109,1191751525.0
2021-08-11,4109,1178411023.0
2021-08-12,4109,1182857857.0
2021-08-13,4109,1187304691.0
2021-08-16,4109,1187304691.0
2021-08-17,4109,1169517355.0
2021-08-18,4109,1182857857.0
2021-08-19,4109,1187304691.0
2021-08-20,4109,1165070521.0
2021-08-23,4109,1147283185.0
2021-08-24,4109,1147283185.0
2021-08-25,4109,1151730019.0
2021-08-26,4109,1191751525.0
2021-08-27,4109,1169517355.0
2021-08-30,4109,1187304691.0
2021-08-31,4109,1187304691.0
2021-09-01,4109,1191751525.0
2021-09-02,4109,1178411023.0
2021-09-03,4109,1178411023.0
2021-09-06,4109,1156176853.0
2021-09-07,4109,1160623687.0
2021-09-08,4109,1151730019.0
2021-09-09,4109,1151730019.0
2021-09-10,4109,1160623687.0
2021-09-13,4109,1169517355.0
2021-09-14,4109,1169517355.0
2021-09-15,4109,1160623687.0
2021-09-16,4109,1169517355.0
2021-09-17,4109,1173964189.0
2021-09-22,4109,1169517355.0
2021-09-24,4109,1169517355.0
2021-09-27,4109,1160623687.0
2021-09-28,4109,1156176853.0
2021-09-29,4109,1142836351.0
2021-09-30,4109,1151730019.0
2021-10-01,4109,1147283185.0
2021-10-04,4109,1129495849.0
2021-10-05,4109,1138389517.0
2021-10-06,4109,1138389517.0
2021-10-07,4109,1147283185.0
2021-10-08,4109,1133942683.0
2021-10-12,4109,1133942683.0
2021-10-13,4109,1129495849.0
2021-10-14,4109,1129495849.0
2021-10-15,4109,1129495849.0
2021-10-18,4109,1129495849.0
2021-10-19,4109,1129495849.0
2021-10-20,4109,1125049015.0
2021-10-21,4109,1125049015.0
2021-10-22,4109,1129495849.0
2021-10-25,4109,1129495849.0
2021-10-26,4109,1147283185.0
2021-10-27,4109,1165070521.0
2021-10-28,4109,1160623687.0
2021-10-29,4109,1187304691.0
2021-11-01,4109,1240666700.0
2021-11-02,4109,1209538862.0
2021-11-03,4109,1209538862.0
2021-11-04,4109,1205092028.0
2021-11-05,4109,1213985696.0
2021-11-08,4109,1205092028.0
2021-11-09,4109,1222879364.0
2021-11-10,4109,1222879364.0
2021-11-11,4109,1205092028.0
2021-11-12,4109,1205092028.0
2021-11-15,4109,1213985696.0
2021-11-16,4109,1218432530.0
2021-11-17,4109,1240666700.0
2021-11-18,4109,1249560368.0
2021-11-19,4109,1227326198.0
2021-11-22,4109,1231773032.0
2021-11-23,4109,1227326198.0
2021-11-24,4109,1222879364.0
2021-11-25,4109,1236219866.0
2021-11-26,4109,1231773032.0
2021-11-29,4109,1213985696.0
2021-11-30,4109,1213985696.0
2021-12-01,4109,1213985696.0
2021-12-02,4109,1209538862.0
2021-12-03,4109,1209538862.0
2021-12-06,4109,1200645194.0
2021-12-07,4109,1196198359.0
2021-12-08,4109,1196198359.0
2021-12-09,4109,1200645194.0
2021-12-10,4109,1227326198.0
2021-12-13,4109,1213985696.0
2021-12-14,4109,1191751525.0
2021-12-15,4109,1191751525.0
2021-12-16,4109,1196198359.0
2021-12-17,4109,1209538862.0
2021-12-20,4109,1200645194.0
2021-12-21,4109,1196198359.0
2021-12-22,4109,1196198359.0
2021-12-23,4109,1196198359.0
2021-12-24,4109,1191751525.0
2021-12-27,4109,1191751525.0
2021-12-28,4109,1187304691.0
2021-12-29,4109,1182857857.0
2021-12-30,4109,1191751525.0
2022-01-03,4109,1196198359.0
2022-01-04,4109,1196198359.0
2022-01-05,4109,1187304691.0
2022-01-06,4109,1182857857.0
2022-01-07,4109,1191751525.0
2022-01-10,4109,1196198359.0
2022-01-11,4109,1196198359.0
2022-01-12,4109,1173964189.0
2022-01-13,4109,1169517355.0
2022-01-14,4109,1178411023.0
2022-01-17,4109,1169517355.0
2022-01-18,4109,1160623687.0
2022-01-19,4109,1151730019.0
2022-01-20,4109,1151730019.0
2022-01-21,4109,1156176853.0
2022-01-24,4109,1156176853.0
2022-01-25,4109,1138389517.0
2022-01-26,4109,1129495849.0
2022-02-07,4109,1138389517.0
2022-02-08,4109,1147283185.0
2022-02-09,4109,1120602181.0
2022-02-10,4109,1102814844.0
2022-02-11,4109,1111708513.0
2022-02-14,4109,1120602181.0
2022-02-15,4109,1133942683.0
2022-02-16,4109,1169517355.0
2022-02-17,4109,1165070521.0
2022-02-18,4109,1156176853.0
2022-02-21,4109,1191751525.0
2022-02-22,4109,1182857857.0
2022-02-23,4109,1187304691.0
2022-02-24,4109,1169517355.0
2022-02-25,4109,1142836351.0
2022-03-01,4109,1151730019.0
2022-03-02,4109,1138389517.0
2022-03-03,4109,1156176853.0
2022-03-04,4109,1156176853.0
2022-03-07,4109,1147283185.0
2022-03-08,4109,1120602181.0
2022-03-09,4109,1133942683.0
2022-03-10,4109,1156176853.0
2022-03-11,4109,1151730019.0
2022-03-14,4109,1173964189.0
2022-03-15,4109,1289581875.0
2022-03-16,4109,1245113534.0
2022-03-17,4109,1276241372.0
2022-03-18,4109,1271794538.0
2022-03-21,4109,1231773032.0
2022-03-22,4109,1245113534.0
2022-03-23,4109,1240666700.0
2022-03-24,4109,1200645194.0
2022-03-25,4109,1187304691.0
2022-03-28,4109,1205092028.0
2022-03-29,4109,1200645194.0
2022-03-30,4109,1200645194.0
2022-03-31,4109,1196198359.0
2022-04-01,4109,1200645194.0
2022-04-06,4109,1271794538.0
2022-04-07,4109,1240666700.0
2022-04-08,4109,1302922377.0
2022-04-11,4109,1311816045.0
2022-04-12,4109,1285135040.0
2022-04-13,4109,1280688206.0
2022-04-14,4109,1294028709.0
2022-04-15,4109,1329603381.0
2022-04-18,4109,1334050215.0
2022-04-19,4109,1325156547.0
2022-04-20,4109,1285135040.0
2022-04-21,4109,1289581875.0
2022-04-22,4109,1294028709.0
2022-04-25,4109,1334050215.0
2022-04-26,4109,1307369211.0
2022-04-27,4109,1316262879.0
2022-04-28,4109,1342943883.0
2022-04-29,4109,1329603381.0
2022-05-03,4109,1316262879.0
2022-05-04,4109,1307369211.0
2022-05-05,4109,1289581875.0
2022-05-06,4109,1280688206.0
2022-05-09,4109,1267347704.0
2022-05-10,4109,1280688206.0
2022-05-11,4109,1280688206.0
2022-05-12,4109,1298475543.0
2022-05-13,4109,1294028709.0
2022-05-16,4109,1271794538.0
2022-05-17,4109,1254007202.0
2022-05-18,4109,1258454036.0
2022-05-19,4109,1245113534.0
2022-05-20,4109,1245113534.0
2022-05-23,4109,1245113534.0
2022-05-24,4109,1227326198.0
2022-05-25,4109,1227326198.0
2022-05-26,4109,1222879364.0
2022-05-27,4109,1236219866.0
2022-05-30,4109,1249560368.0
2022-05-31,4109,1245113534.0
2022-06-01,4109,1254007202.0
2022-06-02,4109,1249560368.0
2022-06-06,4109,1240666700.0
2022-06-07,4109,1240666700.0
2022-06-08,4109,1227326198.0
2022-06-09,4109,1231773032.0
2022-06-10,4109,1236219866.0
2022-06-13,4109,1245113534.0
2022-06-14,4109,1249560368.0
2022-06-15,4109,1249560368.0
2022-06-16,4109,1249560368.0
2022-06-17,4109,1245113534.0
2022-06-20,4109,1267347704.0
2022-06-21,4109,1285135040.0
2022-06-22,4109,1267347704.0
2022-06-23,4109,1267347704.0
2022-06-24,4109,1289581875.0
2022-06-27,4109,1285135040.0
2022-06-28,4109,1271794538.0
2022-06-29,4109,1285135040.0
2022-07-01,4109,1258454036.0
2022-07-04,4109,1258454036.0
2022-07-05,4109,1267347704.0
2022-07-06,4109,1271794538.0
2022-07-07,4109,1285135040.0
2022-07-08,4109,1276241372.0
2022-07-11,4109,1276241372.0
2022-07-12,4109,1267347704.0
2022-07-13,4109,1262900870.0
2022-07-14,4109,1262900870.0
2022-07-15,4109,1249560368.0
2022-07-18,4109,1258454036.0
2022-07-19,4109,1258454036.0
2022-07-20,4109,1254007202.0
2022-07-21,4109,1262900870.0
2022-07-22,4109,1262900870.0
2022-07-25,4109,1276241372.0
2022-07-26,4109,1267347704.0
2022-07-27,4109,1276241372.0
2022-07-28,4109,1271794538.0
2022-07-29,4109,1267347704.0
2022-08-01,4109,1271794538.0
2022-08-02,4109,1267347704.0
2022-08-03,4109,1258454036.0
2022-08-04,4109,1258454036.0
2022-08-05,4109,1254007202.0
2022-08-08,4109,1249560368.0
2022-08-09,4109,1280688206.0
2022-08-10,4109,1320709713.0
2022-08-11,4109,1320709713.0
2022-08-12,4109,1307369211.0
2022-08-15,4109,1307369211.0
2022-08-16,4109,1307369211.0
2022-08-17,4109,1302922377.0
2022-08-18,4109,1307369211.0
2022-08-19,4109,1329603381.0
2022-08-22,4109,1347390717.0
2022-08-23,4109,1334050215.0
2022-08-24,4109,1360731219.0
2022-08-25,4109,1360731219.0
2022-08-26,4109,1360731219.0
2022-08-29,4109,1342943883.0
2022-08-30,4109,1342943883.0
2022-08-31,4109,1365178053.0
2022-09-01,4109,1334050215.0
2022-09-02,4109,1334050215.0
2022-09-05,4109,1334050215.0
2022-09-06,4109,1316262879.0
2022-09-07,4109,1311816045.0
2022-09-08,4109,1325156547.0
2022-09-12,4109,1347390717.0
2022-09-13,4109,1347390717.0
2022-09-14,4109,1347390717.0
2022-09-15,4109,1374071721.0
2022-09-16,4109,1382965390.0
2022-09-19,4109,1369624887.0
2022-09-20,4109,1360731219.0
2022-09-21,4109,1365178053.0
2022-09-22,4109,1365178053.0
2022-09-23,4109,1369624887.0
2022-09-26,4109,1360731219.0
2022-09-27,4109,1351837551.0
2022-09-28,4109,1334050215.0
2022-09-29,4109,1351837551.0
2022-09-30,4109,1342943883.0
2022-10-03,4109,1334050215.0
2022-10-04,4109,1338497049.0
2022-10-05,4109,1347390717.0
2022-10-06,4109,1342943883.0
2022-10-07,4109,1342943883.0
2022-10-11,4109,1320709713.0
2022-10-12,4109,1325156547.0
2022-10-13,4109,1294028709.0
2022-10-14,4109,1276241372.0
2022-10-17,4109,1280688206.0
2022-10-18,4109,1285135040.0
2022-10-19,4109,1276241372.0
2022-10-20,4109,1271794538.0
2022-10-21,4109,1280688206.0
2022-10-24,4109,1276241372.0
2022-10-25,4109,1267347704.0
2022-10-26,4109,1236219866.0
2022-10-27,4109,1254007202.0
2022-10-31,4109,1258454036.0
2022-11-01,4109,1258454036.0
2022-11-02,4109,1276241372.0
2022-11-03,4109,1267347704.0
2022-11-04,4109,1267347704.0
2022-11-07,4109,1280688206.0
2022-11-08,4109,1262900870.0
2022-11-09,4109,1271794538.0
2022-11-10,4109,1271794538.0
2022-11-11,4109,1271794538.0
2022-11-14,4109,1271794538.0
2022-11-15,4109,1262900870.0
2022-11-16,4109,1262900870.0
2022-11-17,4109,1285135040.0
2022-11-21,4109,1298475543.0
2022-11-22,4109,1294028709.0
2022-11-23,4109,1294028709.0
2022-11-24,4109,1294028709.0
2022-11-25,4109,1302922377.0
2022-11-28,4109,1280688206.0
2022-11-29,4109,1280688206.0
2022-11-30,4109,1280688206.0
2022-12-01,4109,1285135040.0
2022-12-02,4109,1276241372.0
2022-12-05,4109,1262900870.0
2022-12-06,4109,1267347704.0
2022-12-07,4109,1267347704.0
2022-12-08,4109,1262900870.0
2022-12-09,4109,1271794538.0
2022-12-12,4109,1289581875.0
2022-12-13,4109,1307369211.0
2022-12-14,4109,1298475543.0
2022-12-15,4109,1316262879.0
2022-12-16,4109,1316262879.0
2022-12-19,4109,1342943883.0
2022-12-20,4109,1311816045.0
2022-12-21,4109,1320709713.0
2022-12-22,4109,1329603381.0
2022-12-23,4109,1307369211.0
2022-12-26,4109,1329603381.0
2022-12-27,4109,1320709713.0
2022-12-28,4109,1320709713.0
2022-12-29,4109,1325156547.0
2022-12-30,4109,1307369211.0
2023-01-03,4109,1302922377.0
2023-01-04,4109,1298475543.0
2023-01-05,4109,1302922377.0
2023-01-06,4109,1294028709.0
2023-01-09,4109,1298475543.0
2023-01-10,4109,1289581875.0
2023-01-11,4109,1271794538.0
2023-01-12,4109,1271794538.0
2023-01-13,4109,1267347704.0
2023-01-16,4109,1276241372.0
2023-01-17,4109,1276241372.0
2023-01-30,4109,1276241372.0
2023-01-31,4109,1276241372.0
2023-02-01,4109,1276241372.0
2023-02-02,4109,1280688206.0
2023-02-03,4109,1271794538.0
2023-02-06,4109,1302922377.0
2023-02-07,4109,1289581875.0
2023-02-08,4109,1294028709.0
2023-02-10,4109,1298475543.0
2023-02-13,4109,1280688206.0
2023-02-14,4109,1276241372.0
2023-02-15,4109,1280688206.0
2023-02-16,4109,1276241372.0
2023-02-17,4109,1285135040.0
2023-02-20,4109,1307369211.0
2023-02-21,4109,1307369211.0
2023-02-22,4109,1289581875.0
2023-02-23,4109,1311816045.0
2023-02-24,4109,1320709713.0
2023-03-01,4109,1329603381.0
2023-03-02,4109,1325156547.0
2023-03-03,4109,1311816045.0
2023-03-06,4109,1302922377.0
2023-03-07,4109,1320709713.0
2023-03-08,4109,1311816045.0
2023-03-09,4109,1320709713.0
2023-03-10,4109,1316262879.0
2023-03-13,4109,1307369211.0
2023-03-14,4109,1311816045.0
2023-03-15,4109,1302922377.0
2023-03-16,4109,1302922377.0
2023-03-17,4109,1302922377.0
2023-03-20,4109,1316262879.0
2023-03-21,4109,1325156547.0
2023-03-22,4109,1311816045.0
2023-03-23,4109,1302922377.0
2023-03-24,4109,1307369211.0
2023-03-27,4109,1316262879.0
2023-03-28,4109,1311816045.0
2023-03-29,4109,1302922377.0
2023-03-30,4109,1302922377.0
2023-03-31,4109,1307369211.0
2023-04-06,4109,1311816045.0
2023-04-07,4109,1307369211.0
2023-04-10,4109,1311816045.0
2023-04-11,4109,1325156547.0
2023-04-12,4109,1334050215.0
2023-04-13,4109,1338497049.0
2023-04-14,4109,1342943883.0
2023-04-17,4109,1342943883.0
2023-04-18,4109,1405199560.0
2023-04-19,4109,1409646394.0
2023-04-20,4109,1396305892.0
2023-04-21,4109,1369624887.0
2023-04-24,4109,1418540062.0
2023-04-25,4109,1503029909.0
2023-04-26,4109,1480795739.0
2023-04-27,4109,1431880564.0
2023-04-28,4109,1422986896.0
2023-05-02,4109,1431880564.0
2023-05-03,4109,1391859058.0
2023-05-05,4109,1405199560.0
2023-05-08,4109,1396305892.0
2023-05-09,4109,1378518556.0
2023-05-10,4109,1365178053.0
2023-05-11,4109,1418540062.0
2023-05-12,4109,1391859058.0
2023-05-15,4109,1342943883.0
2023-05-16,4109,1356284385.0
2023-05-17,4109,1369624887.0
2023-05-18,4109,1351837551.0
2023-05-19,4109,1347390717.0
2023-05-22,4109,1347390717.0
2023-05-23,4109,1342943883.0
2023-05-24,4109,1316262879.0
2023-05-25,4109,1325156547.0
2023-05-26,4109,1320709713.0
2023-05-29,4109,1325156547.0
2023-05-30,4109,1316262879.0
2023-05-31,4109,1320709713.0
2023-06-01,4109,1334050215.0
2023-06-02,4109,1334050215.0
2023-06-05,4109,1360731219.0
2023-06-06,4109,1347390717.0
2023-06-07,4109,1360731219.0
2023-06-08,4109,1338497049.0
2023-06-09,4109,1356284385.0
2023-06-12,4109,1374071721.0
2023-06-13,4109,1351837551.0
2023-06-14,4109,1356284385.0
2023-06-15,4109,1347390717.0
2023-06-16,4109,1342943883.0
2023-06-19,4109,1307369211.0
2023-06-20,4109,1280688206.0
2023-06-21,4109,1280688206.0
2023-06-26,4109,1285135040.0
2023-06-27,4109,1276241372.0
2023-06-28,4109,1271794538.0
2023-06-29,4109,1267347704.0
2023-06-30,4109,1254007202.0
2023-07-03,4109,1276241372.0
2023-07-04,4109,1289581875.0
2023-07-05,4109,1294028709.0
2023-07-06,4109,1271794538.0
2023-07-07,4109,1271794538.0
2023-07-10,4109,1271794538.0
2023-07-11,4109,1271794538.0
2023-07-12,4109,1271794538.0
2023-07-13,4109,1271794538.0
2023-07-14,4109,1271794538.0
2023-07-17,4109,1267347704.0
2023-07-18,4109,1258454036.0
2023-07-19,4109,1254007202.0
2023-07-20,4109,1258454036.0
2023-07-21,4109,1294028709.0
2023-07-24,4109,1262900870.0
2023-07-25,4109,1254007202.0
2023-07-26,4109,1258454036.0
2023-07-27,4109,1262900870.0
2023-07-28,4109,1249560368.0
2023-07-31,4109,1249560368.0
2023-08-01,4109,1249560368.0
2023-08-02,4109,1240666700.0
2023-08-04,4109,1245113534.0
2023-08-07,4109,1245113534.0
2023-08-08,4109,1236219866.0
2023-08-09,4109,1236219866.0
2023-08-10,4109,1222879364.0
2023-08-11,4109,1222879364.0
2023-08-14,4109,1218432530.0
2023-08-15,4109,1213985696.0
2023-08-16,4109,1205092028.0
2023-08-17,4109,1205092028.0
2023-08-18,4109,1200645194.0
2023-08-21,4109,1200645194.0
2023-08-22,4109,1178411023.0
2023-08-23,4109,1209538862.0
2023-08-24,4109,1209538862.0
2023-08-25,4109,1222879364.0
2023-08-28,4109,1227326198.0
2023-08-29,4109,1240666700.0
2023-08-30,4109,1218432530.0
2023-08-31,4109,1205092028.0
2023-09-01,4109,1209538862.0
2023-09-04,4109,1191751525.0
2023-09-05,4109,1209538862.0
2023-09-06,4109,1209538862.0
2023-09-07,4109,1240666700.0
2023-09-08,4109,1213985696.0
2023-09-11,4109,1196198359.0
2023-09-12,4109,1196198359.0
2023-09-13,4109,1196198359.0
2023-09-14,4109,1191751525.0
2023-09-15,4109,1182857857.0
2023-09-18,4109,1178411023.0
2023-09-19,4109,1173964189.0
2023-09-20,4109,1178411023.0
2023-09-21,4109,1169517355.0
2023-09-22,4109,1165070521.0
2023-09-25,4109,1169517355.0
2023-09-26,4109,1160623687.0
2023-09-27,4109,1160623687.0
2023-09-28,4109,1165070521.0
2023-10-02,4109,1173964189.0
2023-10-03,4109,1182857857.0
2023-10-04,4109,1187304691.0
2023-10-05,4109,1187304691.0
2023-10-06,4109,1173964189.0
2023-10-11,4109,1169517355.0
2023-10-12,4109,1169517355.0
2023-10-13,4109,1165070521.0
2023-10-16,4109,1182857857.0
2023-10-17,4109,1169517355.0
2023-10-18,4109,1165070521.0
2023-10-19,4109,1160623687.0
2023-10-20,4109,1165070521.0
2023-10-23,4109,1160623687.0
2023-10-24,4109,1222879364.0
2023-10-25,4109,1222879364.0
2023-10-26,4109,1222879364.0
2023-10-27,4109,1236219866.0
2023-10-30,4109,1200645194.0
2023-10-31,4109,1182857857.0
2023-11-01,4109,1178411023.0
2023-11-02,4109,1205092028.0
2023-11-03,4109,1209538862.0
2023-11-06,4109,1178411023.0
2023-11-07,4109,1205092028.0
2023-11-08,4109,1209538862.0
2023-11-09,4109,1191751525.0
2023-11-10,4109,1227326198.0
2023-11-13,4109,1222879364.0
2023-11-14,4109,1222879364.0
2023-11-15,4109,1209538862.0
2023-11-16,4109,1205092028.0
2023-11-17,4109,1209538862.0
2023-11-20,4109,1209538862.0
2023-11-21,4109,1209538862.0
2023-11-22,4109,1209538862.0
2023-11-23,4109,1209538862.0
2023-11-24,4109,1209538862.0
2023-11-27,4109,1205092028.0
2023-11-28,4109,1196198359.0
2023-11-29,4109,1209538862.0
2023-11-30,4109,1329603381.0
2023-12-01,4109,1378518556.0
2023-12-04,4109,1391859058.0
2023-12-05,4109,1329603381.0
2023-12-06,4109,1307369211.0
2023-12-07,4109,1369624887.0
2023-12-08,4109,1369624887.0
2023-12-11,4109,1391859058.0
2023-12-12,4109,1382965390.0
2023-12-13,4109,1378518556.0
2023-12-14,4109,1427433730.0
2023-12-15,4109,1485242573.0
2023-12-18,4109,1529710913.0
2023-12-19,4109,1525264079.0
2023-12-20,4109,1538604581.0
2023-12-21,4109,1543051415.0
2023-12-22,4109,1520817245.0
2023-12-25,4109,1525264079.0
2023-12-26,4109,1534157747.0
2023-12-27,4109,1534157747.0
2023-12-28,4109,1529710913.0
2023-12-29,4109,1529710913.0
2024-01-02,4109,1543051415.0
2024-01-03,4109,1525264079.0
2024-01-04,4109,1516370411.0
2024-01-05,4109,1556391918.0
2024-01-08,4109,1538604581.0
2024-01-09,4109,1516370411.0
2024-01-10,4109,1543051415.0
2024-01-11,4109,1476348905.0
2024-01-12,4109,1476348905.0
2024-01-15,4109,1494136241.0
2024-01-16,4109,1551945083.0
2024-01-17,4109,1551945083.0
2024-01-18,4109,1631988096.0
2024-01-19,4109,1792074122.0
2024-01-22,4109,1921032310.0
2024-01-23,4109,1867670301.0
2024-01-24,4109,1818755126.0
2024-01-25,4109,1760946284.0
2024-01-26,4109,1747605782.0
2024-01-29,4109,1796520956.0
2024-01-30,4109,1823201961.0
2024-01-31,4109,1796520956.0
2024-02-01,4109,1760946284.0
2024-02-02,4109,1774286786.0
2024-02-05,4109,1787627288.0
2024-02-15,4109,1894351305.0
2024-02-16,4109,1845436131.0
2024-02-19,4109,1832095629.0
2024-02-20,4109,1778733620.0
2024-02-21,4109,1823201961.0
2024-02-22,4109,1827648795.0
2024-02-23,4109,1903244973.0
2024-02-26,4109,1912138642.0
2024-02-27,4109,1889904471.0
2024-02-29,4109,1903244973.0
2024-03-01,4109,1978841152.0
2024-03-04,4109,2174501850.0
2024-03-05,4109,2130033510.0
2024-03-06,4109,2245651195.0
2024-03-07,4109,2187842353.0
2024-03-08,4109,2045543663.0
2024-03-11,4109,2067777833.0
2024-03-12,4109,2054437331.0
2024-03-13,4109,2107799340.0
2024-03-14,4109,2138927178.0
2024-03-15,4109,2125586676.0
2024-03-18,4109,2192289187.0
2024-03-19,4109,2299013204.0
2024-03-20,4109,2290119536.0
2024-03-21,4109,2488164361.0
2024-03-22,4109,2616522047.0
2024-03-25,4109,2611585212.0
2024-03-26,4109,2646143051.0
2024-03-27,4109,2596774710.0
2024-03-28,4109,2586901042.0
2024-03-29,4109,2483227527.0
2024-04-01,4109,2641206217.0
2024-04-02,4109,2660953553.0
2024-04-03,4109,2665890387.0
2024-04-08,4109,2626395715.0
2024-04-09,4109,2586901042.0
2024-04-10,4109,2581964208.0
2024-04-11,4109,2651079885.0
2024-04-12,4109,2581964208.0
2024-04-15,4109,2384490846.0
2024-04-16,4109,2364743510.0
2024-04-17,4109,2448669689.0
2024-04-18,4109,2409175016.0
2024-04-19,4109,2384490846.0
2024-04-22,4109,2384490846.0
2024-04-23,4109,2458543357.0
2024-04-24,4109,2483227527.0
2024-04-25,4109,2483227527.0
2024-04-26,4109,2448669689.0
2024-04-29,4109,2483227527.0
2024-04-30,4109,2502974863.0
2024-05-02,4109,2522722200.0
2024-05-03,4109,2498038029.0
2024-05-06,4109,2448669689.0
2024-05-07,4109,2428922353.0
2024-05-08,4109,2196891152.0
2024-05-09,4109,2122838642.0
2024-05-10,4109,2132712310.0
2024-05-13,4109,2063596633.0
2024-05-14,4109,2073470301.0
2024-05-15,4109,1999417790.0
2024-05-16,4109,2004354624.0
2024-05-17,4109,1989544122.0
2024-05-20,4109,1994480956.0
2024-05-21,4109,2004354624.0
2024-05-22,4109,2014228292.0
2024-05-23,4109,1999417790.0
2024-05-24,4109,2004354624.0
2024-05-27,4109,2048786131.0
2024-05-28,4109,2029038795.0
2024-05-29,4109,2043849297.0
2024-05-30,4109,1999417790.0
2024-05-31,4109,2009291458.0
2024-06-03,4109,2038912463.0
2024-06-04,4109,2014228292.0
2024-06-05,4109,1959923118.0
2024-06-06,4109,1964859952.0
2024-06-07,4109,1984607288.0
2024-06-11,4109,1994480956.0
2024-06-12,4109,2137649144.0
2024-06-13,4109,2142585978.0
2024-06-14,4109,2112964973.0
2024-06-17,4109,2147522812.0
2024-06-18,4109,2132712310.0
2024-06-19,4109,2098154471.0
2024-06-20,4109,2122838642.0
2024-06-21,4109,2137649144.0
2024-06-24,4109,2112964973.0
2024-06-25,4109,2122838642.0
2024-06-26,4109,2335122506.0
2024-06-27,4109,2463480191.0
2024-06-28,4109,2517785366.0
2024-07-01,4109,2581964208.0
2024-07-02,4109,2660953553.0
2024-07-03,4109,2922605758.0
2024-07-04,4109,2883111085.0
2024-07-05,4109,3011468771.0
2024-07-08,4109,2991721434.0
2024-07-09,4109,2843616413.0
2024-07-10,4109,2957163596.0
2024-07-11,4109,3248436805.0
2024-07-12,4109,3253373639.0
2024-07-15,4109,3559457350.0
2024-07-16,4109,3554520516.0
2024-07-17,4109,3658194031.0
2024-07-18,4109,3658194031.0
2024-07-19,4109,3440973333.0
2024-07-22,4109,3436036499.0
2024-07-23,4109,3322489316.0
2024-07-26,4109,3139826456.0
2024-07-29,4109,2888047919.0
2024-07-30,4109,2971974098.0
2024-07-31,4109,2937416260.0
2024-08-01,4109,3095394949.0
2024-08-02,4109,3026279273.0
2024-08-05,4109,2730069230.0
2024-08-06,4109,2769563902.0
2024-08-07,4109,2947289928.0
2024-08-08,4109,3036152941.0
2024-08-09,4109,2981847766.0
2024-08-12,4109,2833742745.0
2024-08-13,4109,2922605758.0
2024-08-14,4109,2952226762.0
2024-08-15,4109,3026279273.0
2024-08-16,4109,3026279273.0
2024-08-19,4109,2996658268.0
2024-08-20,4109,3154636958.0
2024-08-21,4109,3189194796.0
2024-08-22,4109,3129952788.0
2024-08-23,4109,3154636958.0
2024-08-26,4109,2991721434.0
2024-08-27,4109,3001595102.0
2024-08-28,4109,3105268617.0
2024-08-29,4109,3021342439.0
2024-08-30,4109,3016405605.0
2024-09-02,4109,3026279273.0
2024-09-03,4109,2976910932.0
2024-09-04,4109,2888047919.0
2024-09-05,4109,2809058574.0
2024-09-06,4109,2863363749.0
2024-09-09,4109,2853490081.0
2024-09-10,4109,2764627068.0
2024-09-11,4109,2764627068.0
2024-09-12,4109,2769563902.0
2024-09-13,4109,2784374404.0
2024-09-16,4109,2779437570.0
2024-09-18,4109,2833742745.0
2024-09-19,4109,2848553247.0
2024-09-20,4109,2823869077.0
2024-09-23,4109,2794248072.0
2024-09-24,4109,2759690234.0
2024-09-25,4109,2774500736.0
2024-09-26,4109,2764627068.0
2024-09-27,4109,2804121740.0
2024-09-30,4109,2769563902.0
2024-10-01,4109,2789311238.0
2024-10-04,4109,2685637723.0
2024-10-07,4109,2680700889.0
2024-10-08,4109,2641206217.0
2024-10-09,4109,2601711544.0
2024-10-11,4109,2586901042.0
2024-10-14,4109,2562216872.0
2024-10-15,4109,2562216872.0
2024-10-16,4109,2572090540.0
2024-10-17,4109,2572090540.0
2024-10-18,4109,2537532702.0
2024-10-21,4109,2636269383.0
2024-10-22,4109,2611585212.0
2024-10-23,4109,2710321893.0
2024-10-24,4109,2794248072.0
2024-10-25,4109,2744879732.0
2024-10-28,4109,2651079885.0
2024-10-29,4109,2596774710.0
2024-10-30,4109,2537532702.0
2024-11-01,4109,2537532702.0
2024-11-04,4109,2527659034.0
2024-11-05,4109,2537532702.0
2024-11-06,4109,2512848531.0
2024-11-07,4109,2581964208.0
2024-11-08,4109,2488164361.0
2024-11-11,4109,2557280038.0
2024-11-12,4109,2606648378.0
2024-11-13,4109,2537532702.0
2024-11-14,4109,2478290693.0
2024-11-15,4109,2463480191.0
2024-11-18,4109,2369680344.0
2024-11-19,4109,2404238182.0
2024-11-20,4109,2409175016.0
2024-11-21,4109,2419048685.0
2024-11-22,4109,2409175016.0
2024-11-25,4109,2458543357.0
2024-11-26,4109,2428922353.0
2024-11-27,4109,2384490846.0
2024-11-28,4109,2349933008.0
2024-11-29,4109,2369680344.0
2024-12-02,4109,2384490846.0
2024-12-03,4109,2414111850.0
2024-12-04,4109,2399301348.0
2024-12-05,4109,2384490846.0
2024-12-06,4109,2443732855.0
2024-12-09,4109,2399301348.0
2024-12-10,4109,2344996174.0
2024-12-11,4109,2236385825.0
2024-12-12,4109,2241322659.0
2024-12-13,4109,2196891152.0
2024-12-16,4109,2137649144.0
2024-12-17,4109,2162333314.0
2024-12-18,4109,2157396480.0
2024-12-19,4109,2157396480.0
2024-12-20,4109,2152459646.0
2024-12-23,4109,2152459646.0
2024-12-24,4109,2162333314.0
2024-12-25,4109,2157396480.0
2024-12-26,4109,2177143816.0
2024-12-27,4109,2206764820.0
2024-12-30,4109,2172206982.0
2024-12-31,4109,2201827986.0
