1536,2049,2059,6176,2603,2606,2610,1590,2615,2103,2105,2618,2106,1605,2633,1101,1102,6239,3682,3706,6269,3711,6285,5264,2201,2204,3231,2723,1704,1707,9904,2227,1717,9910,2231,1722,1723,9914,9917,1216,9921,1227,1229,9933,9941,9945,5871,2801,5880,2809,2812,2301,1789,2303,2308,8454,2823,2313,1802,6409,2317,6415,8464,2834,2324,1301,1303,2327,2330,2845,2337,1314,1319,2344,2345,4904,2347,1326,2352,2353,2354,2867,2356,2357,6452,2360,6456,2880,2881,2882,2371,2883,2884,2885,2886,2376,2377,4938,2887,2379,2888,2890,2382,2383,2891,2385,2892,3406,4943,2395,4958,2912,2915,2408,2409,6505,2412,3443,1909,1402,2439,2441,2448,2449,5522,2451,2454,3481,1434,2474,2492,3008,2498,1476,1477,2002,3026,3034,2015,1504,3044,3045,6116,2027,2542
137.5,259.5,392.0,69.1,12.75,33.65,9.31,301.5,16.8,31.9,48.3,14.8,30.5,19.9,26.2,40.1,39.0,86.1,7.03,28.55,90.1,73.4,73.4,52.7,21.15,25.55,19.8,233.0,51.9,207.5,32.1,244.0,26.9,197.0,233.5,44.85,145.5,142.0,88.8,77.6,132.5,52.3,34.95,49.9,103.5,35.3,105.5,18.45,18.2,31.0,10.65,37.85,31.2,15.6,120.0,184.0,29.7,23.9,16.25,555.0,76.2,570.0,240.0,11.0,18.95,113.5,84.7,480.0,261.5,10.75,27.5,13.7,42.6,14.4,97.3,74.1,39.15,122.0,20.05,24.6,73.9,16.0,26.7,254.5,398.0,149.0,132.0,18.15,50.4,51.6,37.0,11.0,22.3,15.45,27.0,50.0,87.9,65.5,14.6,139.0,11.65,11.25,53.1,81.1,21.85,63.6,20.6,310.0,237.0,216.0,70.0,360.0,57.5,60.0,12.95,139.0,110.0,294.5,22.05,37.2,150.0,50.3,33.7,20.8,31.5,71.0,243.5,10.55,35.65,351.5,224.0,3900.0,40.3,392.5,155.5,25.1,142.5,150.0,59.2,21.6,89.1,109.0,7.62,51.1,48.25
138.5,261.0,392.5,69.2,12.65,33.65,9.32,301.0,16.8,31.9,48.3,14.8,30.5,19.85,26.2,40.15,39.0,86.1,7.03,28.5,90.2,73.3,73.8,52.7,21.15,25.5,19.85,233.0,51.9,207.0,32.25,244.0,26.9,195.0,233.5,44.9,145.5,142.0,88.8,77.7,131.0,52.3,35.0,49.95,103.5,35.3,105.0,18.35,18.25,31.0,10.65,37.85,31.3,15.55,120.0,184.0,29.7,23.85,16.25,555.0,76.3,570.0,239.5,11.0,18.95,113.5,84.5,483.0,261.0,10.75,27.55,13.65,42.6,14.4,97.4,74.2,39.15,122.0,20.05,24.55,73.9,15.95,27.05,254.0,402.5,150.0,132.5,18.15,50.4,51.6,37.15,10.95,22.3,15.45,27.0,50.1,87.5,65.3,14.55,138.5,11.7,11.25,53.2,81.0,21.85,63.7,20.6,309.0,240.5,216.0,70.3,359.5,57.6,60.2,12.95,138.5,110.0,294.0,22.0,37.2,149.5,50.3,33.6,20.8,31.5,71.0,244.0,10.6,35.55,352.0,223.5,3910.0,40.4,392.5,156.0,25.1,143.0,149.5,59.2,21.65,89.1,109.5,7.62,51.1,48.35
138.5,261.0,391.0,69.0,12.65,33.65,9.32,301.5,16.8,31.9,48.4,14.8,30.5,19.85,26.25,40.3,38.95,86.2,7.03,28.45,90.3,73.4,73.9,53.3,21.15,25.5,19.85,233.0,51.9,207.0,32.3,244.0,26.95,196.0,235.5,44.9,145.5,142.0,88.8,77.9,131.0,52.3,35.0,49.95,103.5,35.35,105.0,18.4,18.25,31.0,10.65,37.85,31.3,15.6,120.0,184.0,29.65,23.9,16.25,555.0,76.2,570.0,239.0,11.0,19.0,113.5,84.5,483.0,261.0,10.75,27.65,13.65,42.6,14.4,97.7,74.2,39.15,122.0,20.05,24.55,73.8,16.0,27.0,254.0,406.0,151.0,132.0,18.15,50.4,51.5,37.3,11.0,22.25,15.45,27.0,50.1,87.5,65.4,14.55,139.0,11.75,11.3,53.1,81.4,21.85,63.7,20.55,310.0,240.0,216.0,70.3,359.5,57.6,60.0,12.95,138.0,110.0,293.5,22.0,37.3,149.5,50.3,33.75,20.8,31.5,71.0,244.5,10.6,35.6,353.0,224.5,3940.0,40.2,392.5,156.5,25.1,143.0,149.5,59.2,21.6,89.0,109.5,7.56,50.8,48.35
139.0,261.0,392.0,68.8,12.65,33.75,9.32,303.0,16.8,31.9,48.45,14.8,30.6,19.85,26.2,40.45,39.1,86.3,7.03,28.4,90.2,73.4,74.0,53.2,21.15,25.5,19.85,233.0,51.9,207.5,32.35,244.0,26.95,196.0,235.5,44.95,145.5,142.0,88.8,78.0,131.0,52.3,35.0,49.95,103.5,35.3,105.0,18.45,18.25,31.2,10.65,37.85,31.3,15.55,120.0,184.0,29.6,23.9,16.25,555.0,76.2,569.0,238.5,11.0,19.0,113.5,84.5,481.5,261.5,10.75,27.65,13.7,42.7,14.45,97.0,74.2,39.15,122.5,20.1,24.55,73.7,15.95,26.85,254.0,412.0,151.5,132.5,18.2,50.4,51.6,37.3,11.0,22.3,15.45,27.0,50.0,87.4,65.4,14.6,139.0,11.75,11.3,53.1,81.4,21.85,63.7,20.65,310.0,239.0,216.0,70.1,359.5,57.5,59.6,12.95,138.0,110.0,290.0,22.05,37.3,146.5,50.3,33.8,20.8,31.5,71.0,245.0,10.55,35.55,353.0,224.0,3940.0,40.2,392.5,156.5,25.15,142.5,150.0,59.2,21.6,88.8,109.5,7.58,51.2,48.35
138.0,260.5,393.0,68.8,12.65,33.7,9.32,303.5,16.8,31.9,48.45,14.8,30.6,19.9,26.25,40.6,39.25,86.2,7.03,28.45,89.9,73.3,74.1,53.2,21.15,25.5,19.85,234.0,51.9,207.5,32.35,244.0,26.95,196.5,234.0,45.05,145.5,142.0,88.8,78.0,131.0,52.3,35.05,49.95,103.5,35.3,105.0,18.45,18.25,31.2,10.65,37.85,31.55,15.55,119.5,184.0,29.6,23.9,16.25,555.0,76.1,569.0,238.5,10.95,19.0,114.0,84.5,482.0,261.0,10.75,27.6,13.65,42.75,14.4,96.3,74.2,39.15,123.0,20.1,24.6,73.6,15.95,26.85,254.0,414.0,151.5,132.0,18.2,50.5,51.6,37.4,11.0,22.25,15.45,27.0,49.8,87.4,65.3,14.6,139.0,11.8,11.3,53.2,81.2,21.85,63.9,20.6,309.5,236.5,216.0,70.1,359.5,57.5,59.6,12.9,138.0,110.0,290.0,22.0,37.25,146.5,50.3,33.85,20.8,31.5,71.0,245.0,10.6,35.55,353.0,223.5,3925.0,40.3,393.0,156.0,25.1,142.5,149.5,59.2,21.6,89.1,109.5,7.6,50.8,48.35
139.0,260.0,393.0,69.0,12.6,33.75,9.32,302.0,16.8,31.9,48.45,14.8,30.6,19.8,26.25,40.55,39.1,86.1,7.03,28.5,89.8,73.4,74.3,53.2,21.1,25.5,19.85,234.0,51.9,208.0,32.3,244.0,26.95,196.0,234.0,45.1,145.5,142.0,88.8,78.0,131.0,52.3,35.05,49.95,103.5,35.3,105.0,18.4,18.2,31.2,10.65,37.85,31.5,15.55,119.5,184.0,29.65,23.85,16.25,555.0,76.1,569.0,238.5,10.95,18.95,113.5,84.5,481.0,260.5,10.75,27.65,13.65,42.8,14.5,96.7,74.2,39.15,123.0,20.1,24.5,73.7,15.95,26.8,253.0,411.0,151.0,131.5,18.2,50.5,51.7,37.4,10.95,22.3,15.45,27.0,49.75,87.2,64.9,14.55,139.5,11.8,11.3,53.1,81.2,21.8,63.8,20.6,309.0,237.5,216.0,70.1,359.5,57.5,59.8,12.95,138.0,110.0,289.0,22.0,37.3,147.5,50.3,33.8,20.8,31.5,71.0,244.0,10.55,35.6,351.5,223.0,3910.0,40.3,393.0,155.5,25.15,142.0,149.5,59.2,21.65,89.5,110.0,7.6,50.6,48.4
139.0,259.5,394.0,69.0,12.6,33.75,9.32,301.0,16.8,31.8,48.4,14.8,30.55,19.85,26.25,40.65,39.2,86.1,7.03,28.45,89.7,73.3,74.2,53.2,21.05,25.55,19.85,234.0,51.9,208.0,32.3,244.0,26.95,196.0,234.0,45.1,145.5,142.0,88.8,78.2,131.0,52.3,35.0,49.7,103.5,35.25,105.0,18.4,18.2,31.05,10.65,37.85,31.45,15.55,119.0,184.0,29.65,23.8,16.25,555.0,76.1,569.0,238.5,10.95,19.0,113.5,84.5,478.5,260.5,10.75,27.65,13.65,42.8,14.45,96.7,74.2,39.15,123.0,20.05,24.5,73.6,15.9,27.0,253.0,410.0,151.5,128.5,18.2,50.5,51.7,37.25,10.95,22.3,15.45,27.0,49.7,87.1,65.0,14.6,139.5,11.8,11.25,53.0,81.1,21.85,63.8,20.65,308.0,237.5,216.0,70.0,359.0,57.5,59.7,12.95,138.0,110.0,289.5,22.1,37.25,147.0,50.3,33.75,20.7,31.5,71.0,243.5,10.6,35.55,351.5,222.0,3930.0,40.25,393.5,155.5,25.1,141.5,149.0,59.3,21.65,89.4,110.0,7.58,50.2,48.4
138.5,259.0,394.0,68.8,12.65,33.75,9.32,302.0,16.8,31.85,48.4,14.8,30.6,19.85,26.25,40.7,39.2,86.0,7.03,28.4,89.7,73.3,74.1,53.0,21.05,25.55,19.85,234.0,51.9,207.5,32.3,244.0,26.95,194.0,234.0,45.1,145.5,142.0,88.8,78.1,131.0,52.3,35.05,49.7,103.5,35.25,105.0,18.4,18.25,31.1,10.6,37.8,31.45,15.55,119.0,184.0,29.6,23.8,16.25,555.0,76.0,569.0,238.5,10.95,18.95,113.5,84.6,479.5,260.5,10.75,27.5,13.65,42.85,14.45,96.0,74.2,39.15,123.0,20.05,24.4,73.6,15.9,27.0,253.0,408.5,152.0,129.5,18.2,50.5,51.6,37.2,11.0,22.3,15.45,27.0,49.6,87.0,65.0,14.55,139.5,11.75,11.25,53.0,81.2,21.85,63.8,20.65,308.0,237.0,216.0,70.0,358.0,57.5,59.6,12.9,138.0,110.0,288.0,22.1,37.25,145.5,50.3,33.7,20.65,31.4,71.0,243.5,10.6,35.6,351.5,222.5,3920.0,40.3,392.5,155.5,25.15,141.5,148.0,59.3,21.65,89.5,110.0,7.58,50.3,48.4
138.5,259.5,394.0,68.5,12.65,33.7,9.31,302.5,16.8,31.85,48.4,14.8,30.6,19.8,26.2,40.5,39.15,85.9,7.02,28.35,88.9,72.7,74.0,53.1,21.05,25.55,19.85,234.0,51.9,207.5,32.25,244.0,26.95,193.5,234.0,45.1,145.5,142.0,89.0,77.9,131.0,52.3,35.05,49.7,103.5,35.25,105.0,18.4,18.2,31.1,10.65,37.85,31.45,15.55,119.0,184.0,29.6,23.7,16.25,555.0,75.8,569.0,238.5,11.0,19.0,113.5,84.5,478.0,260.0,10.7,27.55,13.6,42.8,14.45,95.5,74.2,39.15,123.0,20.0,24.4,73.5,15.9,27.2,253.0,408.0,151.5,128.0,18.15,50.6,51.7,37.25,10.95,22.3,15.45,27.0,49.5,86.6,64.9,14.6,138.5,11.75,11.3,52.9,81.0,21.85,63.9,20.6,307.0,237.0,216.0,69.7,358.0,57.5,59.3,12.9,138.0,110.0,287.5,22.1,37.3,144.0,50.3,33.7,20.7,31.35,71.0,243.5,10.55,35.6,351.0,222.5,3915.0,40.15,393.0,155.0,25.1,141.0,148.5,59.3,21.6,89.3,110.0,7.58,50.3,48.35
138.5,258.5,394.0,68.5,12.65,33.75,9.31,302.5,16.8,31.8,48.4,14.75,30.6,19.8,26.2,40.5,39.2,85.8,7.02,28.4,88.6,72.8,73.5,52.9,21.0,25.55,19.85,234.0,51.9,207.5,32.15,244.0,26.95,193.5,233.5,45.05,145.5,142.0,89.0,77.8,131.0,52.2,35.05,49.7,103.5,35.2,105.0,18.4,18.2,31.1,10.65,37.8,31.45,15.55,119.0,184.0,29.7,23.7,16.25,555.0,75.7,569.0,238.5,11.0,19.0,113.5,84.5,475.0,260.0,10.7,27.6,13.65,42.85,14.45,94.6,74.2,39.15,122.5,20.0,24.2,73.4,15.9,27.05,253.0,409.5,151.0,127.0,18.15,50.6,51.6,37.15,10.95,22.3,15.45,27.0,49.35,86.2,65.0,14.6,138.0,11.75,11.25,52.9,80.7,21.85,63.9,20.6,307.0,235.5,216.0,70.0,357.5,57.5,59.2,12.9,138.0,110.0,289.5,22.05,36.9,143.5,50.3,33.65,20.7,31.35,71.0,243.5,10.5,35.55,350.0,220.0,3915.0,40.1,393.0,155.0,25.1,141.0,148.5,59.3,21.65,89.0,110.0,7.58,50.5,48.3
138.5,258.5,394.0,68.4,12.6,33.65,9.31,302.0,16.8,31.8,48.4,14.8,30.6,19.8,26.25,40.5,39.2,85.2,7.01,28.4,88.3,72.9,73.7,52.9,21.0,25.55,19.85,234.0,51.9,207.0,32.15,244.0,26.9,193.5,233.5,45.05,145.5,142.0,89.0,77.7,131.0,52.2,35.0,49.7,103.5,35.2,104.5,18.4,18.2,31.1,10.65,37.8,31.45,15.55,119.0,184.0,29.7,23.65,16.25,545.0,75.8,569.0,237.0,10.95,19.0,113.5,84.5,473.5,259.5,10.7,27.55,13.65,42.75,14.4,95.0,74.2,39.15,123.0,20.0,24.35,72.6,15.9,27.0,253.0,409.0,151.0,126.5,18.15,50.6,51.6,37.2,10.95,22.25,15.45,27.0,49.25,85.9,64.9,14.6,138.0,11.7,11.25,52.9,80.8,21.85,63.9,20.65,303.0,231.0,216.0,70.1,357.0,57.4,59.5,12.95,137.5,110.0,288.0,22.05,36.75,143.5,50.3,33.6,20.7,31.35,71.0,243.5,10.5,35.55,349.0,220.0,3900.0,40.0,392.5,154.5,25.1,141.0,148.5,59.3,21.65,89.0,109.5,7.56,50.4,48.35
138.0,258.0,394.0,68.3,12.6,33.65,9.31,301.5,16.8,31.8,48.4,14.75,30.6,19.75,26.25,40.5,39.15,85.2,7.01,28.4,87.6,72.9,73.9,52.7,21.0,25.6,19.8,233.5,51.9,206.0,32.15,244.0,26.9,194.0,233.5,45.05,145.5,142.0,89.0,77.8,131.0,52.2,35.0,49.7,103.5,35.2,104.5,18.4,18.2,31.15,10.65,37.7,31.45,15.55,118.5,184.0,29.7,23.6,16.25,545.0,75.7,569.0,237.0,10.95,18.9,113.5,84.6,475.0,260.0,10.7,27.4,13.65,42.75,14.45,94.8,74.2,39.15,122.5,20.0,24.3,72.6,15.9,26.95,253.5,408.0,150.5,128.0,18.15,50.6,51.7,37.2,10.95,22.25,15.45,27.0,49.25,86.5,64.8,14.55,138.5,11.75,11.25,52.9,80.7,21.8,63.8,20.6,304.5,232.0,216.0,70.0,357.0,57.4,59.3,12.95,137.0,110.0,289.0,21.9,36.9,143.5,50.2,33.55,20.7,31.35,71.0,243.0,10.55,35.55,349.0,220.0,3900.0,40.0,393.5,154.5,25.05,141.0,148.0,59.3,21.6,88.8,109.5,7.55,50.1,48.3
137.5,257.5,394.0,68.3,12.6,33.6,9.33,300.5,16.8,31.8,48.4,14.8,30.6,19.75,26.25,40.55,39.1,85.1,7.01,28.4,87.9,72.9,73.9,52.6,21.0,25.6,19.8,233.5,51.9,206.0,32.1,244.0,26.9,194.0,232.0,45.05,145.5,142.0,89.1,77.7,131.0,52.2,35.05,49.7,103.5,35.2,104.5,18.4,18.2,31.15,10.65,37.7,31.4,15.55,118.5,184.0,29.7,23.6,16.25,545.0,75.6,569.0,237.0,10.95,18.95,113.5,84.6,474.5,259.5,10.7,27.3,13.65,42.75,14.4,94.2,74.2,39.1,122.5,20.0,24.3,72.8,15.9,26.9,253.5,409.0,150.5,127.0,18.2,50.5,51.7,37.25,10.95,22.3,15.45,26.95,49.25,86.6,64.8,14.6,139.0,11.75,11.25,52.9,80.5,21.85,63.8,20.6,305.0,233.5,216.0,70.0,357.0,57.3,59.3,12.9,137.5,110.0,290.0,21.95,36.9,144.5,50.2,33.4,20.7,31.35,71.0,243.5,10.55,35.5,349.0,220.5,3900.0,40.0,392.5,154.5,25.05,141.0,148.0,59.3,21.6,88.5,110.0,7.53,49.85,48.3
138.0,258.5,394.0,68.4,12.6,33.65,9.32,300.0,16.8,31.8,48.4,14.75,30.6,19.75,26.25,40.5,39.1,85.1,7.01,28.45,88.0,72.9,74.0,53.0,21.0,25.6,19.85,233.5,51.9,206.0,32.1,244.0,26.9,195.0,231.5,45.05,145.5,142.0,89.1,77.7,131.0,52.1,35.05,49.85,103.5,35.25,104.5,18.4,18.2,31.1,10.7,37.7,31.4,15.55,118.5,184.0,29.7,23.65,16.25,545.0,75.7,569.0,237.0,10.95,18.9,113.0,84.6,477.0,260.0,10.7,27.5,13.65,42.75,14.45,93.7,74.2,39.1,122.5,20.0,24.3,73.1,15.95,26.9,253.5,409.0,150.5,126.5,18.15,50.5,51.7,37.3,11.0,22.3,15.45,26.95,49.25,86.4,64.9,14.6,139.0,11.75,11.25,52.9,80.6,21.85,63.8,20.6,306.0,233.0,216.0,70.0,357.0,57.3,59.4,12.95,137.5,110.0,290.0,21.9,36.9,143.5,50.2,33.4,20.7,31.35,71.0,243.5,10.5,35.5,350.0,221.5,3910.0,40.05,393.5,154.5,25.05,141.0,148.0,59.3,21.6,88.5,110.0,7.54,49.9,48.3
137.5,258.0,394.0,68.3,12.6,33.65,9.32,300.0,16.8,31.8,48.35,14.75,30.6,19.75,26.25,40.5,39.1,85.2,7.01,28.45,88.1,73.0,74.0,53.0,21.0,25.55,19.85,233.5,51.9,206.0,32.1,244.0,26.9,195.0,231.5,45.05,145.5,142.0,89.1,77.7,131.0,52.1,35.0,49.85,103.5,35.25,105.0,18.4,18.2,31.15,10.65,37.7,31.4,15.5,118.5,184.0,29.65,23.7,16.2,545.0,75.7,568.0,237.0,11.0,18.9,113.0,84.6,477.5,260.5,10.75,27.45,13.65,42.75,14.45,94.2,74.2,39.1,122.5,20.0,24.35,73.1,15.95,26.95,253.0,409.5,151.5,127.0,18.15,50.6,51.7,37.3,10.95,22.25,15.45,27.0,49.3,86.5,64.8,14.55,139.0,11.75,11.25,52.9,80.6,21.9,63.8,20.6,305.5,233.5,216.0,70.0,356.5,57.4,59.5,12.9,137.5,110.0,290.5,21.95,36.85,144.5,50.2,33.45,20.7,31.35,70.9,243.5,10.55,35.5,350.5,222.0,3915.0,40.1,393.5,154.5,25.05,142.0,148.5,59.3,21.6,88.5,110.0,7.54,50.0,48.3
137.0,259.0,394.0,68.4,12.6,33.7,9.31,301.0,16.8,31.8,48.35,14.8,30.6,19.8,26.25,40.55,39.15,85.2,7.03,28.45,88.2,73.0,74.2,53.0,21.0,25.55,19.85,233.5,51.9,206.0,32.1,244.0,26.9,195.0,231.5,45.1,145.5,142.0,89.1,77.8,131.0,52.1,35.0,49.7,103.5,35.2,105.0,18.4,18.2,31.15,10.65,37.7,31.4,15.55,118.5,184.0,29.7,23.75,16.2,545.0,75.9,568.0,237.0,11.0,18.95,113.0,84.6,479.0,260.0,10.75,27.3,13.65,42.75,14.45,94.0,74.2,39.1,122.0,20.0,24.4,73.2,15.95,26.9,253.0,409.0,152.0,127.5,18.15,50.5,51.8,37.25,10.95,22.25,15.45,27.0,49.3,86.6,64.7,14.6,139.0,11.75,11.25,52.8,80.3,21.9,63.8,20.6,307.0,234.0,216.0,70.0,356.5,57.4,59.5,12.9,137.5,110.0,291.0,21.95,36.85,144.0,50.2,33.5,20.7,31.35,70.9,243.5,10.5,35.45,350.0,222.5,3915.0,40.2,391.0,154.0,25.05,142.0,148.5,59.3,21.6,88.5,110.0,7.55,50.0,48.25
137.5,259.0,393.0,68.5,12.6,33.7,9.31,301.0,16.8,31.8,48.35,14.75,30.6,19.8,26.2,40.55,39.15,85.1,7.01,28.5,88.3,73.0,74.3,53.0,21.0,25.55,19.85,233.5,51.9,206.0,32.1,244.0,26.9,195.0,231.5,45.05,145.5,142.0,89.1,77.7,131.0,52.1,35.0,49.75,103.5,35.25,105.0,18.4,18.25,31.15,10.65,37.7,31.3,15.55,119.0,184.0,29.7,23.75,16.2,545.0,76.0,568.0,237.0,11.0,18.9,113.0,84.6,479.0,260.0,10.75,27.4,13.65,42.75,14.4,93.9,74.2,39.1,122.0,20.0,24.4,73.2,15.95,26.95,253.5,410.0,152.0,125.5,18.2,50.6,51.7,37.2,10.95,22.3,15.45,27.0,49.3,86.3,64.8,14.6,139.0,11.75,11.25,52.9,79.9,21.85,63.7,20.6,306.5,234.5,215.0,70.0,356.5,57.4,59.5,12.9,137.5,109.5,291.5,21.95,36.85,144.5,50.2,33.5,20.7,31.35,70.9,243.5,10.5,35.45,350.0,222.0,3915.0,40.1,392.0,154.0,24.9,142.0,148.5,59.4,21.55,88.5,110.0,7.55,49.9,48.25
138.0,259.0,393.0,68.5,12.6,33.7,9.31,301.5,16.8,31.85,48.35,14.8,30.6,19.75,26.25,40.5,39.1,85.3,7.01,28.5,88.1,73.0,74.7,53.0,21.0,25.55,19.85,233.5,51.9,206.0,32.15,244.0,26.9,195.0,231.5,45.05,145.5,142.0,89.1,77.5,131.0,52.1,35.0,49.75,103.5,35.2,104.5,18.4,18.2,31.2,10.65,37.7,31.3,15.55,119.0,184.0,29.7,23.75,16.2,545.0,75.9,568.0,238.0,10.95,18.95,113.0,84.6,479.0,260.0,10.75,27.4,13.65,42.75,14.4,94.1,74.1,39.05,122.0,20.0,24.4,73.2,15.95,26.95,253.0,410.0,151.5,126.0,18.2,50.6,51.7,37.2,10.95,22.25,15.45,27.0,49.3,86.3,64.7,14.55,138.5,11.8,11.25,52.8,79.8,21.9,63.9,20.6,306.0,234.5,215.0,69.9,356.5,57.4,59.5,12.9,137.5,109.5,291.0,21.9,36.75,144.5,50.2,33.45,20.7,31.35,70.9,243.5,10.55,35.5,349.0,222.5,3910.0,39.95,392.0,154.5,24.9,142.0,148.5,59.4,21.6,88.5,110.0,7.55,49.65,48.25
138.0,259.0,393.0,68.5,12.6,33.7,9.31,301.5,16.8,31.9,48.3,14.8,30.6,19.8,26.2,40.45,38.95,85.3,7.01,28.5,87.9,73.0,74.4,53.0,21.0,25.55,19.85,233.5,51.9,206.0,32.15,244.0,26.9,195.0,232.0,45.1,145.5,142.0,89.1,77.3,131.0,52.1,35.0,49.75,103.5,35.2,105.0,18.4,18.2,31.1,10.7,37.7,31.3,15.55,118.5,184.0,29.7,23.75,16.2,545.0,75.9,568.0,238.0,10.95,18.95,113.0,84.6,478.0,260.0,10.7,27.4,13.65,42.8,14.45,93.9,74.1,38.9,122.0,20.05,24.4,73.1,15.95,27.0,253.0,409.0,151.5,126.0,18.2,50.6,51.8,37.2,10.95,22.3,15.45,27.0,49.25,86.3,64.6,14.55,139.0,11.75,11.25,52.9,79.9,21.9,63.9,20.6,305.5,234.0,215.0,69.8,356.0,57.3,59.4,12.95,137.5,109.5,291.0,21.9,36.65,144.5,50.2,33.45,20.7,31.35,70.9,243.5,10.55,35.5,348.5,222.0,3905.0,39.9,392.5,154.5,24.95,142.0,148.5,59.4,21.65,88.5,110.0,7.56,49.7,48.25
138.0,258.0,393.0,68.5,12.6,33.7,9.3,301.5,16.8,31.9,48.3,14.8,30.6,19.75,26.25,40.25,38.9,85.2,7.01,28.45,87.8,73.0,74.3,53.0,21.0,25.55,19.85,233.5,51.9,206.0,32.15,244.0,26.9,195.0,232.0,45.1,145.5,142.0,89.1,77.4,131.0,52.1,35.0,49.8,103.5,35.2,105.0,18.4,18.2,31.2,10.65,37.7,31.3,15.5,118.5,184.0,29.7,23.7,16.2,545.0,75.9,568.0,238.5,10.95,18.95,113.0,84.5,476.0,260.0,10.7,27.4,13.65,42.8,14.45,93.9,74.0,38.85,122.0,20.05,24.45,73.1,15.95,27.15,253.0,408.0,151.5,124.0,18.15,50.5,51.7,37.15,10.95,22.3,15.45,27.0,49.2,86.3,64.6,14.6,139.5,11.8,11.25,52.9,80.0,21.85,63.7,20.6,305.0,233.0,215.0,69.7,355.5,57.3,59.5,12.9,137.5,109.5,289.0,21.8,36.55,144.5,50.2,33.45,20.7,31.35,71.0,243.0,10.55,35.5,348.5,221.0,3905.0,39.9,392.0,154.5,24.9,141.0,147.5,59.4,21.65,88.5,110.0,7.55,49.75,48.25
138.0,257.5,393.0,68.5,12.6,33.7,9.3,301.0,16.8,31.8,48.3,14.8,30.6,19.75,26.25,40.05,38.85,85.2,7.01,28.45,87.5,73.0,74.4,53.0,21.0,25.55,19.85,233.5,51.9,206.0,32.15,244.0,26.9,195.0,231.5,45.1,145.5,142.0,89.1,77.4,131.0,52.2,34.95,49.7,103.5,35.25,104.5,18.4,18.2,31.2,10.7,37.7,31.25,15.55,118.5,184.0,29.75,23.6,16.15,545.0,75.9,568.0,238.0,10.95,18.9,113.5,84.6,474.0,260.0,10.7,27.4,13.65,42.75,14.45,93.3,74.1,38.9,122.0,20.0,24.35,73.1,15.9,27.05,253.0,410.0,152.0,124.0,18.2,50.6,51.8,37.05,10.95,22.3,15.45,27.0,49.2,86.3,64.5,14.55,139.0,11.8,11.25,52.9,80.0,21.8,63.7,20.6,302.0,231.0,215.5,69.7,355.5,57.3,59.5,12.95,137.5,109.5,288.0,21.75,36.65,143.0,50.2,33.4,20.7,31.35,71.0,243.5,10.5,35.55,348.0,220.0,3900.0,39.9,392.0,154.5,24.9,140.5,147.0,59.4,21.7,88.5,110.0,7.55,49.7,48.25
138.5,257.0,393.0,68.3,12.6,33.7,9.3,301.5,16.8,31.8,48.3,14.75,30.6,19.75,26.25,40.05,38.8,85.2,7.01,28.45,87.2,73.1,74.3,52.9,21.0,25.55,19.85,233.5,51.9,206.0,32.15,244.0,26.9,195.0,230.5,45.1,145.5,142.0,89.1,77.4,131.0,52.2,34.95,49.6,103.5,35.2,104.5,18.4,18.2,31.25,10.65,37.7,31.25,15.5,118.5,184.0,29.7,23.55,16.15,545.0,75.8,568.0,238.0,11.0,18.95,113.0,84.5,474.5,260.0,10.75,27.35,13.6,42.75,14.45,92.8,74.1,38.85,122.0,20.0,24.35,73.0,15.95,27.05,253.5,407.0,152.0,123.5,18.15,50.6,51.8,37.1,10.95,22.3,15.45,27.0,49.15,86.2,64.5,14.6,139.0,11.75,11.2,52.9,79.9,21.8,63.7,20.6,301.0,229.0,216.0,69.6,355.0,57.3,59.5,12.9,137.5,109.5,287.0,21.7,36.65,143.0,50.2,33.4,20.7,31.35,71.0,243.0,10.5,35.5,348.5,220.5,3900.0,39.85,392.0,154.5,24.95,141.0,147.0,59.4,21.75,88.5,110.0,7.54,49.7,48.15
138.5,257.0,393.0,68.2,12.6,33.7,9.3,301.0,16.8,31.7,48.25,14.75,30.6,19.7,26.3,39.95,38.8,85.2,7.01,28.45,87.3,73.1,74.3,52.7,21.0,25.55,19.8,233.5,51.9,206.0,32.15,244.0,26.9,195.0,230.5,45.1,145.5,142.0,89.0,77.3,131.0,52.2,34.95,49.6,103.5,35.25,105.0,18.4,18.2,31.25,10.65,37.7,31.3,15.5,119.0,184.0,29.75,23.5,16.15,545.0,75.9,568.0,238.0,10.95,18.9,113.0,84.6,475.0,259.5,10.75,27.35,13.65,42.75,14.4,93.1,74.1,38.85,122.5,20.0,24.35,73.0,15.95,27.05,253.0,409.5,152.0,123.5,18.15,50.6,51.7,37.1,10.95,22.25,15.45,27.0,48.85,86.1,64.4,14.6,139.0,11.8,11.2,52.9,79.5,21.8,63.8,20.6,300.0,230.0,216.0,69.6,355.0,57.3,59.4,12.95,137.5,109.5,286.5,21.7,36.65,142.0,50.2,33.4,20.7,31.3,70.9,243.0,10.5,35.5,348.0,220.0,3895.0,39.85,392.0,155.0,24.95,141.0,147.0,59.4,21.75,88.4,110.0,7.54,50.1,48.15
138.5,257.5,393.0,68.1,12.65,33.7,9.3,299.5,16.8,31.65,48.25,14.75,30.6,19.7,26.35,40.05,38.9,85.2,7.01,28.45,87.3,73.0,74.2,52.7,21.0,25.55,19.85,233.5,51.9,206.0,32.15,244.0,26.9,195.0,230.5,45.05,145.5,142.0,89.0,77.4,132.5,52.2,35.0,49.6,103.5,35.2,105.0,18.4,18.2,31.25,10.65,37.65,31.25,15.5,119.0,184.0,29.75,23.5,16.15,545.0,75.8,568.0,238.0,10.95,18.9,113.0,84.6,475.5,259.5,10.75,27.35,13.65,42.7,14.45,93.7,74.1,38.85,122.0,20.0,24.35,73.0,15.95,27.15,253.0,409.0,151.5,123.5,18.15,50.6,51.7,37.1,10.95,22.3,15.45,27.0,48.95,85.8,64.5,14.55,139.0,11.75,11.2,52.9,79.1,21.75,63.8,20.55,300.5,230.5,217.0,69.6,355.0,57.2,59.5,12.95,137.5,109.5,287.0,21.75,36.65,142.5,50.2,33.35,20.7,31.3,71.0,243.0,10.5,35.5,347.0,221.0,3905.0,39.85,392.0,155.0,24.95,141.5,147.5,59.4,21.75,88.5,110.0,7.55,50.3,48.1
138.0,258.0,393.0,68.2,12.6,33.7,9.3,299.0,16.8,31.65,48.25,14.75,30.6,19.7,26.4,40.05,38.9,85.2,7.01,28.45,87.4,73.0,74.3,53.0,21.0,25.55,19.8,233.0,51.9,206.0,32.15,244.0,26.9,195.0,230.5,45.05,145.5,142.0,89.0,77.3,132.5,52.2,35.0,49.6,103.5,35.15,105.0,18.4,18.2,31.2,10.65,37.65,31.25,15.5,119.0,184.0,29.7,23.55,16.15,545.0,75.8,568.0,238.0,11.0,18.9,113.5,84.5,476.5,260.0,10.7,27.3,13.65,42.75,14.45,93.9,74.0,38.85,122.0,20.0,24.35,73.0,15.95,27.15,253.0,409.0,152.0,124.0,18.15,50.5,51.7,37.1,10.95,22.3,15.45,27.0,49.0,85.9,64.4,14.55,139.0,11.75,11.2,52.9,79.2,21.85,63.6,20.55,301.5,229.0,218.0,69.6,355.0,57.2,59.5,12.9,137.5,109.5,288.0,21.8,36.45,141.0,50.2,33.3,20.7,31.3,71.0,243.0,10.5,35.5,348.0,221.5,3900.0,39.85,392.0,155.0,24.9,142.0,147.0,59.5,21.75,88.4,110.0,7.55,50.0,48.1
138.5,257.5,393.0,68.2,12.6,33.7,9.31,299.5,16.8,31.7,48.3,14.8,30.6,19.75,26.4,40.1,38.85,85.2,7.0,28.45,87.5,73.1,74.5,53.0,21.0,25.55,19.85,232.0,51.9,206.0,32.15,244.0,26.9,195.0,230.5,45.05,145.5,142.0,89.0,77.4,132.5,52.2,34.9,49.6,103.5,35.2,105.0,18.4,18.2,31.2,10.65,37.65,31.25,15.5,118.5,184.0,29.75,23.55,16.15,545.0,75.8,568.0,238.0,11.0,18.9,113.0,84.5,475.0,259.0,10.7,27.3,13.65,42.75,14.45,93.5,74.1,38.8,122.0,20.0,24.35,73.0,15.95,27.3,253.0,409.0,152.0,123.5,18.15,50.6,51.7,37.15,10.95,22.3,15.45,27.0,48.9,86.1,64.6,14.55,139.0,11.75,11.2,52.9,79.5,21.85,63.6,20.6,302.5,227.0,219.5,69.6,355.0,57.3,59.5,12.9,137.5,109.5,287.0,21.8,36.4,140.5,50.2,33.35,20.7,31.3,71.0,242.5,10.5,35.6,347.5,221.0,3900.0,39.8,391.0,155.0,24.95,141.5,147.0,59.4,21.75,88.4,110.0,7.54,50.0,48.0
139.0,257.0,393.0,68.0,12.6,33.7,9.31,299.5,16.8,31.7,48.3,14.8,30.55,19.7,26.4,40.1,38.85,85.1,7.0,28.45,87.4,73.2,74.4,53.0,20.95,25.55,19.85,232.0,51.9,206.0,32.1,244.0,26.9,195.0,230.5,45.05,145.5,142.0,89.0,77.3,132.5,52.2,34.9,49.6,103.5,35.2,104.5,18.4,18.2,31.2,10.65,37.65,31.25,15.5,119.0,184.0,29.75,23.6,16.15,545.0,75.9,568.0,238.0,10.95,18.9,113.0,84.5,473.5,259.5,10.7,27.35,13.65,42.75,14.4,93.1,74.0,38.85,122.0,19.95,24.35,73.0,15.9,27.3,253.0,409.0,152.0,124.0,18.15,50.6,51.7,37.2,10.95,22.25,15.45,27.05,48.95,86.0,64.6,14.55,138.5,11.75,11.2,52.9,79.5,21.85,63.6,20.6,300.5,227.0,219.0,69.5,355.0,57.3,59.5,12.9,137.5,109.5,285.5,21.75,36.45,140.5,50.2,33.4,20.7,31.3,70.9,242.5,10.5,35.55,347.0,220.0,3900.0,39.9,391.0,155.0,25.0,141.0,147.5,59.4,21.7,88.3,110.0,7.53,50.0,48.0
139.5,257.5,393.0,68.1,12.6,33.7,9.31,299.0,16.8,31.7,48.3,14.75,30.55,19.7,26.4,40.0,38.9,85.1,7.0,28.45,87.5,73.1,74.4,53.0,20.95,25.5,19.8,232.0,51.9,206.0,32.1,244.0,26.9,195.0,230.5,45.0,145.5,142.0,89.0,77.4,132.5,52.2,34.95,49.6,103.5,35.15,104.5,18.4,18.2,31.2,10.65,37.7,31.25,15.55,119.5,184.0,29.75,23.65,16.15,545.0,75.9,568.0,238.0,11.0,18.9,113.5,84.5,475.0,259.5,10.7,27.35,13.6,42.75,14.45,93.3,74.0,38.85,122.0,20.0,24.35,73.2,15.9,27.25,253.0,408.5,152.0,124.0,18.15,50.6,51.7,37.15,10.95,22.25,15.45,27.05,48.95,86.1,64.6,14.6,138.5,11.75,11.2,52.9,79.3,21.85,63.6,20.6,300.5,228.5,219.5,69.5,355.0,57.3,59.4,12.95,137.5,109.5,285.5,21.75,36.5,140.5,50.2,33.4,20.7,31.3,70.9,242.5,10.5,35.6,347.0,221.0,3895.0,39.9,390.0,155.0,24.95,141.0,147.5,59.4,21.7,88.3,110.0,7.53,50.1,48.0
139.5,258.0,393.0,68.0,12.6,33.65,9.31,299.0,16.8,31.7,48.3,14.75,30.55,19.75,26.4,40.0,38.9,85.2,7.0,28.45,87.4,73.3,74.4,52.7,20.95,25.5,19.85,231.0,51.9,205.5,32.1,244.0,26.9,195.0,230.5,45.0,145.5,142.0,89.0,77.4,132.5,52.1,34.95,49.55,103.5,35.15,105.0,18.4,18.2,31.2,10.65,37.7,31.25,15.55,119.5,184.0,29.75,23.6,16.15,545.0,75.8,568.0,238.0,10.95,18.95,113.0,84.4,474.0,259.0,10.7,27.4,13.6,42.75,14.4,93.0,74.0,38.8,122.0,20.0,24.3,73.2,15.95,27.3,253.0,408.5,152.0,124.0,18.2,50.6,51.7,37.1,10.95,22.25,15.45,27.05,48.9,86.0,64.6,14.55,139.0,11.75,11.2,52.9,79.5,21.8,63.6,20.6,300.5,227.5,219.5,69.5,355.0,57.3,59.5,12.9,138.0,109.5,285.0,21.75,36.55,141.0,50.2,33.4,20.7,31.3,70.9,242.0,10.5,35.55,347.5,221.0,3895.0,39.9,389.0,155.0,25.0,141.0,147.0,59.5,21.7,88.1,110.0,7.51,50.0,47.95
139.5,257.5,393.0,68.1,12.6,33.7,9.31,299.5,16.8,31.7,48.3,14.75,30.55,19.75,26.4,40.0,38.85,85.1,7.0,28.45,87.3,73.2,74.4,53.0,20.95,25.5,19.8,231.0,51.9,205.5,32.1,244.0,26.9,195.0,230.5,45.0,145.5,142.0,89.0,77.4,132.5,52.1,34.95,49.55,103.5,35.1,105.0,18.4,18.2,31.2,10.65,37.7,31.25,15.55,119.5,184.0,29.75,23.65,16.15,545.0,75.8,568.0,238.0,11.0,18.9,113.0,84.5,473.5,259.0,10.7,27.4,13.6,42.75,14.4,93.1,74.0,38.8,122.0,20.0,24.35,73.0,15.95,27.2,253.0,409.0,152.0,124.0,18.2,50.6,51.7,37.1,10.95,22.25,15.45,27.05,48.95,85.9,64.6,14.55,139.0,11.8,11.2,52.9,79.7,21.85,63.6,20.6,299.5,226.0,219.0,69.4,355.0,57.3,59.5,12.95,138.0,109.5,283.0,21.7,36.65,138.0,50.2,33.4,20.7,31.3,70.9,241.5,10.5,35.55,347.0,220.5,3895.0,39.95,389.0,155.0,25.0,141.0,147.5,59.5,21.7,88.1,110.0,7.52,50.1,47.9
139.5,257.0,393.0,68.1,12.6,33.7,9.3,299.5,16.8,31.7,48.3,14.75,30.55,19.75,26.4,40.0,38.9,84.8,6.99,28.45,86.9,73.2,74.4,52.7,20.95,25.5,19.85,231.0,51.9,206.0,32.1,244.0,26.9,195.0,230.5,44.95,145.5,142.0,89.0,77.4,132.5,52.1,34.95,49.55,103.5,35.05,105.5,18.4,18.2,31.2,10.65,37.7,31.25,15.55,119.5,184.0,29.75,23.55,16.1,545.0,75.8,568.0,237.5,10.95,18.95,113.0,84.4,472.5,258.5,10.7,27.35,13.6,42.75,14.4,93.0,74.0,38.8,122.0,20.0,24.3,73.0,15.9,27.15,253.0,411.0,151.5,122.5,18.15,50.5,51.7,37.0,10.95,22.25,15.45,27.05,48.8,85.5,64.3,14.55,139.0,11.75,11.25,52.9,79.4,21.85,63.6,20.6,297.0,224.5,219.0,69.4,355.0,57.3,59.5,12.9,138.0,109.5,283.0,21.6,36.75,138.0,50.2,33.35,20.7,31.3,70.9,240.5,10.45,35.6,347.0,220.0,3895.0,39.85,388.5,155.0,25.0,141.0,147.0,59.4,21.7,88.0,110.0,7.52,49.95,47.85
139.0,256.5,393.0,67.9,12.6,33.7,9.31,300.0,16.75,31.7,48.25,14.75,30.5,19.75,26.4,40.0,38.85,84.1,6.99,28.45,86.4,73.3,74.4,52.7,20.95,25.5,19.85,229.0,51.9,206.0,32.1,244.0,26.9,195.0,230.5,45.0,145.0,142.0,89.1,77.4,132.5,52.1,34.95,49.55,103.5,35.05,105.0,18.4,18.2,31.2,10.65,37.7,31.25,15.55,119.5,184.0,29.75,23.55,16.1,545.0,75.7,568.0,237.5,11.0,18.85,113.0,84.5,473.5,258.5,10.7,27.3,13.55,42.75,14.4,93.4,74.1,38.75,122.0,20.0,24.3,73.0,15.95,27.15,253.0,411.5,151.5,122.5,18.15,50.5,51.7,36.85,10.95,22.25,15.45,27.05,48.8,85.5,64.3,14.55,139.0,11.8,11.2,53.0,79.3,21.85,63.5,20.6,298.5,224.5,218.0,69.4,355.0,57.2,59.4,12.9,138.0,109.5,281.5,21.5,36.75,136.5,50.2,33.3,20.7,31.3,70.9,240.0,10.45,35.6,346.5,220.5,3895.0,39.9,389.0,155.0,25.0,141.5,147.0,59.4,21.7,87.7,109.5,7.52,49.9,47.8
139.0,256.0,393.0,67.9,12.6,33.7,9.31,300.0,16.75,31.7,48.25,14.7,30.5,19.75,26.4,40.0,38.85,84.1,6.99,28.45,86.5,73.3,74.4,52.8,20.95,25.45,19.85,229.0,51.9,206.0,32.1,244.0,26.9,195.0,230.5,45.0,145.0,142.0,89.1,77.5,132.5,52.1,34.9,49.6,103.0,35.0,105.0,18.4,18.2,31.2,10.65,37.7,31.25,15.55,119.5,184.0,29.75,23.55,16.1,545.0,75.7,568.0,237.5,10.95,18.85,113.0,84.4,474.0,258.5,10.7,27.3,13.55,42.75,14.35,93.3,74.0,38.8,122.0,20.0,24.35,73.0,15.95,27.1,253.0,411.0,152.0,122.5,18.2,50.6,51.7,36.8,10.95,22.25,15.45,27.0,48.8,85.3,64.3,14.55,139.0,11.75,11.25,52.9,79.4,21.9,63.5,20.6,298.0,224.5,218.0,69.4,355.0,57.2,59.4,12.9,138.0,109.5,283.0,21.55,36.9,136.0,50.2,33.25,20.7,31.35,70.9,240.5,10.45,35.6,345.0,221.0,3895.0,39.9,390.0,155.0,25.0,141.0,147.0,59.4,21.75,87.6,110.0,7.53,49.95,47.75
139.0,255.5,393.0,67.9,12.6,33.65,9.28,302.0,16.75,31.7,48.15,14.7,30.5,19.75,26.4,39.95,38.9,84.3,6.98,28.45,86.4,73.2,74.5,52.9,21.0,25.45,19.8,230.0,51.9,206.0,32.05,243.0,26.9,195.0,230.5,45.0,145.0,142.0,89.1,77.5,132.5,52.1,34.9,49.6,103.0,35.05,104.5,18.4,18.2,31.2,10.65,37.65,31.25,15.55,119.5,184.0,29.75,23.55,16.1,545.0,75.7,568.0,237.5,10.95,18.9,113.0,84.4,473.0,259.0,10.7,27.25,13.6,42.75,14.35,93.3,74.0,38.75,122.5,20.0,24.3,72.9,15.95,27.1,253.0,411.0,152.0,122.5,18.15,50.6,51.7,36.85,10.95,22.25,15.45,27.05,48.85,85.7,64.3,14.55,139.0,11.75,11.2,52.9,79.4,21.9,63.5,20.6,296.0,224.0,218.0,69.4,355.5,57.2,59.4,12.9,138.0,109.5,282.0,21.65,36.65,136.5,50.2,33.25,20.7,31.35,70.9,241.0,10.45,35.6,344.0,221.0,3900.0,39.9,390.0,155.0,25.0,141.5,147.5,59.4,21.7,87.5,110.0,7.52,49.95,47.8
139.0,255.0,393.0,67.8,12.6,33.7,9.28,301.5,16.75,31.7,48.1,14.7,30.5,19.8,26.35,39.9,39.0,84.3,6.98,28.45,86.4,73.3,74.8,52.9,21.0,25.45,19.85,230.0,51.9,206.0,32.05,243.0,26.8,195.0,230.0,45.0,145.0,142.0,89.1,77.5,132.5,52.1,34.9,49.5,103.0,35.0,104.5,18.4,18.2,31.15,10.65,37.65,31.2,15.5,119.5,184.0,29.75,23.55,16.15,545.0,75.7,568.0,237.5,10.95,18.9,113.5,84.4,474.5,259.0,10.7,27.1,13.55,42.75,14.35,93.1,74.0,38.7,122.5,20.0,24.3,73.2,15.95,27.1,253.0,411.0,152.0,122.0,18.2,50.5,51.6,36.85,10.95,22.25,15.45,27.05,48.85,85.6,64.2,14.55,139.5,11.8,11.2,52.9,79.3,21.9,63.4,20.6,295.0,225.0,218.0,69.3,355.5,57.2,59.3,12.9,138.5,110.0,280.5,21.6,36.6,136.5,50.2,33.25,20.7,31.3,70.9,241.0,10.45,35.6,343.5,221.0,3915.0,39.9,389.5,155.0,25.0,141.5,147.0,59.4,21.7,87.6,110.0,7.52,50.0,47.8
139.0,256.0,393.0,67.8,12.6,33.7,9.28,301.5,16.75,31.7,48.05,14.75,30.5,19.75,26.4,39.95,39.0,84.5,6.98,28.45,86.5,73.3,75.0,52.8,20.95,25.45,19.8,230.0,51.9,206.0,32.05,243.0,26.8,195.0,230.0,45.0,145.5,142.0,89.1,77.5,132.5,52.1,34.8,49.5,103.0,35.05,105.0,18.4,18.2,31.15,10.65,37.65,31.25,15.5,119.5,184.0,29.75,23.5,16.1,545.0,75.7,568.0,237.5,10.95,18.9,113.0,84.5,478.5,259.5,10.75,27.15,13.6,42.8,14.4,93.4,74.1,38.7,122.0,20.0,24.35,73.2,15.95,27.15,253.0,411.5,152.0,122.0,18.2,50.6,51.7,36.9,11.0,22.25,15.45,27.05,48.9,85.8,64.3,14.6,139.5,11.8,11.25,52.9,79.4,21.85,63.4,20.6,297.0,225.0,218.0,69.4,357.0,57.2,59.3,12.85,138.5,109.5,282.0,21.6,36.6,137.0,50.2,33.3,20.7,31.3,70.9,241.0,10.5,35.6,344.5,223.0,3900.0,39.95,389.5,155.5,25.0,142.5,147.0,59.4,21.75,87.6,110.0,7.52,50.1,47.8
139.5,256.5,393.0,68.0,12.6,33.7,9.28,302.0,16.75,31.7,48.05,14.75,30.5,19.75,26.4,39.95,39.0,84.5,6.99,28.45,86.6,73.3,74.9,52.8,20.95,25.45,19.8,230.0,51.9,206.0,32.05,243.0,26.8,195.0,230.5,45.0,145.5,142.0,89.1,77.5,132.5,52.1,34.8,49.5,103.0,35.0,105.0,18.4,18.2,31.15,10.65,37.7,31.25,15.45,119.0,184.0,29.7,23.6,16.1,545.0,75.7,568.0,237.5,10.95,18.9,113.0,84.3,479.0,259.0,10.7,27.2,13.6,42.8,14.35,93.2,74.0,38.65,122.0,20.0,24.35,73.0,15.95,27.15,253.0,410.5,152.0,123.0,18.2,50.6,51.7,37.0,10.9,22.25,15.45,27.05,48.9,85.8,64.1,14.6,139.5,11.8,11.2,52.9,79.2,21.9,63.3,20.6,298.5,226.0,218.0,69.6,356.0,57.2,59.4,12.85,138.5,109.5,282.0,21.55,36.6,137.0,50.2,33.4,20.7,31.3,70.9,241.0,10.45,35.6,344.5,224.0,3900.0,39.95,390.0,155.0,25.0,142.5,147.0,59.4,21.7,87.8,110.0,7.52,50.1,47.75
139.0,257.0,393.0,68.0,12.55,33.7,9.28,302.5,16.75,31.7,48.05,14.75,30.5,19.8,26.35,39.95,39.0,84.5,6.99,28.4,86.5,73.3,74.8,52.9,21.0,25.45,19.85,230.0,51.9,206.0,32.05,243.0,26.8,195.0,231.0,45.0,145.5,142.0,89.1,77.5,132.5,52.1,34.8,49.45,103.0,35.0,105.0,18.45,18.2,31.15,10.65,37.7,31.2,15.45,119.5,184.0,29.75,23.6,16.1,545.0,75.7,568.0,237.5,10.95,18.9,113.0,84.4,479.0,259.0,10.7,27.2,13.6,42.75,14.4,93.3,74.0,38.7,122.0,20.0,24.35,73.0,15.95,27.15,253.0,411.0,152.0,123.5,18.15,50.6,51.7,37.0,10.9,22.2,15.45,27.1,48.95,85.8,64.2,14.6,139.0,11.8,11.25,52.8,79.3,21.85,63.4,20.6,298.0,227.0,218.5,69.5,355.5,57.2,59.3,12.9,138.0,109.5,282.5,21.55,36.6,136.5,50.2,33.35,20.7,31.35,70.9,241.0,10.5,35.55,345.0,224.0,3905.0,40.0,390.0,155.5,24.95,142.5,147.5,59.4,21.7,87.8,109.5,7.53,50.0,47.75
139.5,256.5,393.0,68.0,12.55,33.65,9.28,303.0,16.75,31.7,48.1,14.7,30.5,19.8,26.4,39.85,38.95,84.5,6.99,28.4,86.6,73.2,74.9,52.7,21.0,25.45,19.75,230.0,51.9,206.0,32.05,243.0,26.8,194.5,230.0,45.0,145.5,142.5,89.1,77.5,132.5,52.1,34.8,49.7,103.0,34.95,104.5,18.4,18.2,31.15,10.65,37.65,31.2,15.55,119.0,184.0,29.75,23.55,16.15,545.0,75.7,569.0,237.5,10.9,18.9,113.0,84.4,479.5,258.5,10.7,27.3,13.55,42.75,14.4,93.3,74.0,38.6,122.0,20.0,24.35,73.0,15.95,27.1,253.0,412.0,152.0,123.5,18.15,50.5,51.7,36.95,10.9,22.25,15.45,27.05,49.0,85.8,64.2,14.6,139.0,11.75,11.2,52.8,79.2,21.9,63.4,20.6,297.0,227.0,218.5,69.4,355.5,57.2,59.3,12.85,138.0,109.5,283.0,21.6,36.65,136.5,50.2,33.3,20.7,31.35,70.9,241.5,10.45,35.6,344.0,224.0,3920.0,40.0,390.0,156.0,25.0,142.5,147.5,59.4,21.75,87.8,109.5,7.53,50.0,47.7
139.0,256.5,392.0,68.0,12.6,33.65,9.28,304.5,16.75,31.7,48.1,14.75,30.5,19.8,26.4,39.85,38.95,84.4,6.99,28.4,86.3,73.2,74.9,52.7,21.0,25.45,19.75,230.0,51.9,206.0,32.05,243.0,26.8,194.5,230.5,45.0,145.5,142.5,89.1,77.5,132.5,52.1,34.8,49.45,103.0,34.95,105.0,18.45,18.2,31.15,10.65,37.65,31.2,15.55,119.5,184.0,29.75,23.6,16.1,545.0,75.7,569.0,237.5,10.9,18.9,113.0,84.4,483.0,258.5,10.7,27.25,13.6,42.75,14.4,93.3,74.1,38.6,122.0,20.0,24.35,73.0,15.95,27.1,253.0,412.0,151.5,123.0,18.2,50.6,51.7,36.95,10.9,22.25,15.45,27.05,49.0,85.7,64.0,14.6,139.5,11.8,11.2,52.8,79.2,21.9,63.4,20.6,299.0,227.0,218.5,69.5,355.5,57.2,59.4,12.85,138.5,109.5,284.0,21.5,36.65,136.0,50.2,33.3,20.7,31.35,70.9,241.0,10.5,35.55,344.5,226.0,3920.0,39.95,390.0,156.0,25.0,143.5,147.0,59.4,21.75,87.9,109.5,7.53,50.1,47.8
139.0,257.5,392.0,68.0,12.6,33.65,9.28,304.5,16.75,31.7,48.05,14.7,30.5,19.8,26.4,39.85,38.95,84.4,6.99,28.4,85.3,73.2,75.0,52.7,21.0,25.45,19.75,230.0,51.9,206.5,32.05,243.0,26.8,194.5,230.5,45.0,145.5,142.5,89.1,77.6,132.5,52.1,34.8,49.65,103.0,34.95,105.0,18.4,18.2,31.15,10.65,37.65,31.2,15.5,119.5,184.0,29.75,23.65,16.1,545.0,75.7,569.0,237.5,10.95,18.9,113.0,84.5,483.0,259.0,10.7,27.3,13.6,42.75,14.4,93.2,74.0,38.55,122.0,20.0,24.35,73.1,15.95,27.15,253.0,411.5,152.0,123.0,18.2,50.6,51.7,36.95,10.95,22.25,15.45,27.05,49.0,85.8,64.0,14.55,139.5,11.8,11.2,52.9,79.3,21.9,63.4,20.6,300.0,225.5,218.5,69.5,355.5,57.2,59.3,12.85,138.5,109.5,284.5,21.4,36.55,135.5,50.2,33.3,20.7,31.35,70.9,241.0,10.5,35.55,344.5,226.0,3935.0,40.0,390.0,156.5,25.0,143.5,147.5,59.4,21.75,88.0,110.0,7.52,49.85,47.8
139.0,257.5,392.0,68.0,12.6,33.65,9.29,304.0,16.75,31.7,48.05,14.7,30.5,19.8,26.35,39.9,39.0,84.4,6.99,28.45,85.1,73.3,74.8,52.6,21.0,25.5,19.75,230.0,51.9,206.5,32.05,243.0,26.8,194.5,230.5,45.0,145.5,143.0,89.1,77.6,132.5,52.1,34.8,49.4,103.0,34.95,105.0,18.4,18.2,31.15,10.65,37.65,31.2,15.55,119.5,184.0,29.75,23.6,16.1,545.0,75.6,569.0,237.5,10.9,18.9,113.0,84.4,485.0,259.0,10.7,27.3,13.6,42.75,14.4,93.3,74.1,38.5,122.0,20.0,24.35,73.1,15.9,27.15,253.5,412.5,152.0,123.0,18.15,50.5,51.7,37.0,10.95,22.25,15.45,27.1,49.0,85.8,63.9,14.55,139.5,11.75,11.2,52.9,79.3,21.9,63.4,20.6,301.0,225.5,218.0,69.4,355.0,57.2,59.3,12.85,138.5,109.5,285.0,21.45,36.55,135.5,50.2,33.4,20.7,31.35,70.9,241.0,10.45,35.55,344.0,226.0,3935.0,40.0,390.5,157.0,25.0,144.0,148.0,59.4,21.75,88.0,109.5,7.53,50.0,47.75
139.5,257.5,392.0,67.9,12.6,33.65,9.28,304.5,16.75,31.7,48.05,14.7,30.55,19.75,26.4,39.9,39.0,84.5,6.99,28.45,84.8,73.2,74.8,52.9,21.0,25.45,19.75,230.0,52.0,206.5,32.05,243.0,26.8,194.5,230.5,45.0,145.5,143.0,89.1,77.6,132.5,52.1,34.85,49.7,103.0,34.9,105.5,18.45,18.25,31.15,10.65,37.7,31.2,15.5,119.0,184.0,29.75,23.55,16.1,545.0,75.7,569.0,237.5,10.9,18.9,113.0,84.5,482.5,259.0,10.7,27.3,13.6,42.75,14.4,93.5,74.2,38.55,122.0,20.0,24.4,73.0,15.95,27.05,253.5,413.0,152.5,122.5,18.15,50.5,51.8,37.0,10.95,22.25,15.45,27.1,48.95,85.9,63.9,14.5,139.5,11.75,11.2,52.9,79.3,21.85,63.4,20.6,300.5,225.0,218.0,69.4,355.0,57.1,59.4,12.9,138.5,109.5,283.5,21.5,36.4,135.5,50.2,33.35,20.7,31.35,70.9,241.0,10.45,35.6,343.0,225.0,3925.0,40.05,390.5,157.0,25.0,143.0,148.0,59.3,21.75,88.0,109.5,7.53,50.1,47.8
139.0,257.5,392.0,67.9,12.6,33.65,9.28,304.5,16.75,31.8,48.05,14.7,30.55,19.8,26.4,39.9,38.9,84.5,6.99,28.45,84.7,73.0,74.7,53.0,21.0,25.5,19.75,230.0,52.0,207.0,32.1,243.0,26.85,194.0,230.5,44.95,145.5,143.0,89.1,77.6,132.5,52.1,34.85,49.7,103.0,34.9,105.5,18.45,18.2,31.15,10.65,37.7,31.25,15.45,119.5,184.0,29.75,23.55,16.15,545.0,75.6,569.0,238.0,10.9,18.9,113.0,84.5,485.0,259.5,10.7,27.3,13.6,42.75,14.4,93.2,74.2,38.55,122.0,20.05,24.35,73.0,15.95,27.1,253.0,413.0,152.0,122.0,18.2,50.6,51.8,36.95,10.95,22.25,15.45,27.1,48.95,85.8,63.9,14.5,139.5,11.8,11.2,52.9,79.4,21.9,63.4,20.6,300.0,225.0,218.0,69.3,355.0,57.2,59.4,12.85,138.5,109.5,283.0,21.45,36.25,135.5,50.1,33.35,20.65,31.35,70.9,241.0,10.45,35.6,340.0,226.5,3920.0,40.0,390.5,157.5,25.0,143.5,147.5,59.3,21.75,88.0,109.5,7.53,50.1,47.8
139.5,258.5,392.0,68.0,12.6,33.65,9.28,304.5,16.75,31.8,48.1,14.75,30.55,19.8,26.4,39.95,38.9,84.5,6.99,28.45,84.0,73.0,74.8,53.0,21.0,25.5,19.75,229.5,51.9,207.0,32.1,243.0,26.85,193.5,232.0,44.95,145.5,143.0,89.1,77.7,132.5,52.1,34.8,49.7,103.0,34.95,105.0,18.45,18.2,31.15,10.65,37.65,31.25,15.45,119.5,184.0,29.75,23.55,16.15,545.0,75.7,569.0,238.0,10.95,18.9,113.0,84.3,486.0,259.0,10.7,27.3,13.6,42.75,14.35,93.2,74.2,38.55,122.0,20.05,24.35,73.0,15.95,27.1,253.0,413.0,152.0,123.5,18.2,50.6,51.8,37.0,10.95,22.25,15.45,27.1,49.0,86.1,64.1,14.5,139.5,11.8,11.2,52.8,79.4,21.9,63.4,20.55,303.0,227.0,218.0,69.2,355.5,57.1,59.5,12.85,138.5,109.5,284.0,21.45,36.35,136.5,50.1,33.3,20.65,31.35,70.9,241.0,10.5,35.55,341.0,229.0,3925.0,40.0,390.0,157.5,25.0,144.5,147.5,59.3,21.8,88.0,109.5,7.53,50.2,47.8
139.5,258.0,392.0,68.0,12.6,33.65,9.29,304.0,16.75,31.8,48.1,14.75,30.55,19.8,26.4,39.95,38.95,84.5,6.99,28.45,83.2,73.0,74.8,53.0,21.0,25.45,19.75,229.5,51.9,207.0,32.1,243.0,26.85,193.5,232.0,45.0,145.5,142.5,89.1,77.7,132.5,52.1,34.7,49.7,103.0,34.9,105.0,18.45,18.2,31.2,10.65,37.65,31.25,15.5,119.5,184.0,29.75,23.55,16.15,545.0,75.6,569.0,238.0,10.95,18.9,113.0,84.4,488.0,259.0,10.7,27.3,13.6,42.75,14.4,93.2,74.2,38.85,122.0,20.0,24.4,73.0,15.95,27.1,253.0,413.5,152.5,124.0,18.15,50.6,51.8,37.0,10.95,22.2,15.45,27.1,49.0,86.1,64.0,14.5,139.5,11.75,11.2,52.8,79.3,21.9,63.4,20.6,302.5,228.0,218.0,69.1,355.5,57.0,59.5,12.85,139.0,110.0,284.5,21.45,36.4,136.0,50.1,33.4,20.65,31.35,70.9,241.0,10.5,35.55,342.5,229.0,3930.0,40.05,390.0,157.0,25.0,144.5,148.0,59.3,21.8,87.9,109.5,7.53,50.2,47.8
139.5,258.0,393.0,68.0,12.6,33.65,9.29,306.0,16.75,31.8,48.1,14.7,30.55,19.8,26.4,39.95,38.95,84.6,6.99,28.45,83.2,73.0,74.8,53.0,21.0,25.45,19.7,229.5,51.9,207.0,32.1,243.0,26.85,194.0,232.0,45.0,145.5,142.5,89.1,77.7,132.5,52.1,34.7,49.6,103.0,34.95,105.0,18.4,18.2,31.25,10.65,37.65,31.3,15.5,119.5,184.0,29.75,23.6,16.15,545.0,75.7,569.0,238.0,10.95,18.9,113.5,84.4,486.0,259.0,10.7,27.4,13.6,42.75,14.4,93.1,74.1,38.85,122.0,20.05,24.4,73.0,15.95,27.1,252.5,412.0,152.5,123.0,18.15,50.6,51.8,37.0,10.95,22.25,15.45,27.1,48.95,86.0,63.6,14.5,140.0,11.75,11.2,52.8,79.6,21.9,63.4,20.6,303.0,228.0,218.0,68.3,355.0,57.0,59.6,12.85,139.0,109.5,284.5,21.45,36.4,136.5,50.1,33.35,20.65,31.35,70.9,241.0,10.45,35.55,342.0,228.0,3940.0,40.1,390.0,157.0,25.0,144.0,148.0,59.3,21.8,87.9,109.5,7.53,50.2,47.8
139.5,258.5,393.0,68.0,12.6,33.7,9.29,310.0,16.75,31.8,48.1,14.7,30.55,19.8,26.4,39.95,38.95,84.6,6.99,28.45,83.6,73.0,74.7,53.0,21.0,25.45,19.7,229.5,51.9,207.0,32.1,243.0,26.85,194.0,231.5,45.0,145.5,142.5,89.1,77.7,132.5,52.1,34.7,49.6,103.0,34.95,105.5,18.5,18.2,31.25,10.65,37.65,31.4,15.5,119.5,184.0,29.75,23.55,16.15,545.0,75.7,569.0,238.0,10.9,18.9,113.0,84.4,486.0,259.5,10.7,27.4,13.6,42.75,14.4,93.2,74.1,38.8,122.0,20.05,24.4,73.0,15.95,27.15,252.5,414.0,152.5,123.5,18.15,50.6,51.8,37.0,10.95,22.25,15.45,27.1,49.0,85.8,63.6,14.55,140.0,11.8,11.2,52.8,79.1,21.9,63.4,20.6,302.5,228.0,218.0,68.5,354.5,56.9,59.5,12.85,138.5,110.0,284.5,21.45,36.4,137.0,50.1,33.35,20.65,31.35,70.9,241.0,10.5,35.55,340.5,227.5,3940.0,40.1,390.0,156.5,24.9,144.0,147.5,59.3,21.8,87.9,109.5,7.53,50.3,47.85
139.5,258.5,392.0,68.0,12.55,33.7,9.3,307.5,16.75,31.8,48.1,14.7,30.55,19.8,26.4,39.95,39.0,84.6,6.99,28.45,83.9,73.0,74.7,52.9,21.0,25.5,19.75,230.0,51.9,207.0,32.1,243.0,26.85,194.0,231.5,45.0,145.5,142.0,89.1,77.7,132.5,52.1,34.75,49.65,103.5,34.9,105.5,18.4,18.2,31.35,10.65,37.7,31.45,15.5,119.5,184.0,29.75,23.55,16.2,545.0,75.7,569.0,238.0,10.9,18.85,113.0,84.4,484.0,259.5,10.7,27.4,13.6,42.75,14.4,93.1,74.2,38.8,122.0,20.05,24.4,73.1,15.95,27.1,252.0,414.5,152.5,124.0,18.15,50.5,51.8,37.0,10.95,22.25,15.45,27.1,49.05,85.8,63.7,14.5,140.0,11.75,11.25,52.8,78.9,21.9,63.4,20.6,301.5,227.5,218.0,68.7,354.5,56.9,59.5,12.9,139.0,109.5,284.0,21.4,36.4,137.0,50.1,33.3,20.65,31.35,70.9,241.5,10.5,35.55,341.0,228.0,3935.0,40.1,390.0,156.5,24.95,144.0,147.5,59.4,21.8,87.8,109.5,7.53,50.6,47.85
139.5,259.0,392.0,68.0,12.55,33.7,9.3,309.5,16.75,31.8,48.1,14.75,30.55,19.8,26.4,39.95,38.9,84.6,7.0,28.45,84.0,73.0,74.7,52.9,21.0,25.45,19.75,230.0,51.9,207.5,32.1,243.0,26.85,194.0,231.5,45.0,145.5,142.0,89.1,77.7,132.5,52.1,34.75,49.65,103.5,34.9,105.5,18.45,18.2,31.35,10.65,37.7,31.4,15.55,119.5,184.0,29.75,23.6,16.2,545.0,75.7,569.0,238.0,10.9,18.9,113.0,84.4,484.0,259.5,10.7,27.4,13.6,42.75,14.4,93.1,74.2,38.8,122.0,20.05,24.4,73.1,15.95,27.1,252.0,414.5,152.5,123.5,18.2,50.6,51.8,37.0,10.9,22.25,15.45,27.05,49.0,85.9,63.7,14.55,140.0,11.8,11.2,52.8,78.9,21.9,63.4,20.6,303.5,227.5,218.0,68.8,354.5,57.1,59.5,12.85,139.0,109.5,284.5,21.4,36.4,137.5,50.1,33.35,20.65,31.3,70.9,241.0,10.45,35.6,341.5,227.0,3935.0,40.1,390.0,156.5,24.95,143.5,148.0,59.4,21.8,87.8,109.5,7.53,50.5,47.85
139.5,259.5,391.0,68.2,12.55,33.7,9.3,310.5,16.75,31.8,48.1,14.75,30.55,19.8,26.4,39.95,38.9,84.5,7.0,28.5,84.1,73.0,74.8,52.9,21.0,25.45,19.75,230.0,51.9,207.5,32.1,243.0,26.85,194.0,231.5,45.0,145.5,142.0,89.1,77.7,132.5,52.1,34.75,49.45,103.5,34.9,105.5,18.45,18.2,31.35,10.65,37.7,31.4,15.5,119.5,184.0,29.75,23.6,16.2,545.0,75.7,569.0,237.5,10.95,18.85,113.5,84.4,484.0,259.0,10.7,27.4,13.6,42.75,14.4,93.2,74.1,38.75,122.0,20.05,24.35,73.1,15.9,27.1,252.0,414.0,152.0,122.5,18.2,50.6,51.8,37.0,10.9,22.2,15.45,27.05,49.0,86.0,63.8,14.55,140.0,11.75,11.25,52.8,79.0,21.9,63.4,20.6,303.0,227.5,217.5,68.8,354.5,57.1,59.5,12.85,139.0,109.5,283.5,21.4,36.4,137.5,50.1,33.3,20.65,31.3,70.9,241.0,10.5,35.6,341.0,227.5,3935.0,40.05,389.0,156.5,24.95,143.5,147.5,59.4,21.75,88.0,109.5,7.53,50.6,47.9
139.5,259.5,391.0,68.1,12.55,33.7,9.3,310.0,16.75,31.8,48.1,14.75,30.55,19.8,26.4,39.95,38.9,84.6,7.0,28.5,84.5,73.0,74.7,52.8,21.0,25.45,19.75,230.0,51.9,207.5,32.1,243.0,26.85,194.0,231.5,44.95,145.5,142.0,89.1,77.7,132.5,52.1,34.75,49.5,103.5,34.9,105.5,18.4,18.2,31.35,10.65,37.7,31.4,15.55,119.5,184.0,29.8,23.6,16.2,545.0,75.8,569.0,238.0,10.95,18.85,113.0,84.5,484.0,259.5,10.7,27.4,13.65,42.75,14.4,92.0,74.1,38.6,122.0,20.05,24.4,73.1,15.9,27.1,252.0,414.0,152.0,122.0,18.2,50.5,51.7,37.0,10.9,22.25,15.45,27.05,49.0,85.9,63.8,14.55,140.0,11.75,11.2,52.8,79.1,21.9,63.4,20.6,302.0,227.5,218.0,68.7,355.0,57.0,59.5,12.85,139.0,109.5,282.0,21.35,36.35,137.0,50.1,33.3,20.65,31.3,70.9,241.5,10.5,35.55,341.5,227.0,3935.0,40.05,388.0,156.5,24.95,144.0,148.0,59.4,21.75,87.9,109.5,7.53,50.6,47.85
139.5,259.5,391.0,68.1,12.6,33.7,9.3,309.5,16.75,31.8,48.1,14.75,30.6,19.75,26.4,39.95,38.95,84.5,6.99,28.5,84.7,73.0,74.8,52.7,21.0,25.45,19.75,230.0,51.9,207.5,32.1,243.0,26.85,194.0,231.5,44.95,145.5,142.0,89.1,77.8,132.0,52.1,34.75,49.4,103.5,34.9,105.0,18.45,18.2,31.35,10.65,37.7,31.4,15.5,120.0,184.0,29.75,23.6,16.2,546.0,75.7,569.0,238.0,10.9,18.85,113.5,84.5,484.5,259.5,10.75,27.4,13.65,42.8,14.35,92.1,74.1,38.6,122.0,20.05,24.4,73.0,15.95,27.15,252.0,412.5,152.0,123.0,18.2,50.5,51.8,37.0,10.95,22.25,15.5,27.1,48.9,85.9,63.8,14.55,140.0,11.75,11.2,52.8,79.0,21.9,63.4,20.6,301.0,227.5,218.0,68.5,355.0,57.0,59.5,12.85,139.0,109.5,283.0,21.4,36.35,136.5,50.1,33.35,20.65,31.3,70.9,241.5,10.5,35.55,341.0,227.5,3930.0,40.05,387.0,156.5,25.0,143.5,148.0,59.4,21.75,87.9,109.5,7.53,50.7,47.85
139.5,259.5,391.0,68.1,12.6,33.65,9.3,309.0,16.75,31.8,48.05,14.75,30.6,19.8,26.4,39.95,38.95,84.5,6.99,28.5,84.4,73.0,74.6,52.7,21.0,25.45,19.75,230.0,51.9,207.5,32.1,243.0,26.85,194.0,231.5,44.95,145.5,142.0,89.1,77.7,132.0,52.1,34.75,49.55,103.5,34.9,105.5,18.45,18.2,31.35,10.65,37.65,31.35,15.55,119.5,184.0,29.8,23.6,16.2,546.0,75.7,569.0,238.0,10.9,18.9,113.5,84.4,485.0,259.5,10.7,27.35,13.6,42.75,14.4,91.6,74.2,38.7,122.0,20.05,24.4,73.0,15.95,27.1,252.0,412.5,152.0,123.0,18.2,50.6,51.7,37.05,10.9,22.25,15.45,27.05,48.95,86.0,63.8,14.55,140.0,11.75,11.25,52.8,78.8,21.9,63.4,20.55,303.5,227.5,218.0,68.6,354.5,57.0,59.4,12.85,139.0,109.5,283.0,21.45,36.4,136.5,50.1,33.35,20.7,31.3,70.9,242.0,10.45,35.6,341.0,226.5,3930.0,39.95,387.0,156.5,25.0,143.5,147.5,59.4,21.8,87.9,110.0,7.54,50.6,47.85
139.0,259.5,391.0,68.2,12.6,33.65,9.3,309.0,16.75,31.8,48.05,14.75,30.6,19.8,26.35,39.95,38.95,84.5,6.99,28.5,84.1,73.0,74.7,52.6,21.0,25.45,19.8,230.0,51.9,207.5,32.15,243.0,26.8,194.0,231.5,44.95,145.5,142.0,89.1,77.7,132.0,52.0,34.75,49.55,103.5,34.9,105.0,18.45,18.2,31.35,10.6,37.65,31.35,15.55,119.5,184.0,29.8,23.6,16.2,546.0,75.7,569.0,238.0,10.9,18.85,113.0,84.4,484.5,259.5,10.7,27.45,13.65,42.8,14.4,90.9,74.1,38.6,122.0,20.05,24.4,72.9,15.95,27.15,252.0,412.5,151.5,123.0,18.25,50.6,51.6,37.05,10.9,22.25,15.45,27.05,48.95,86.1,63.8,14.55,140.0,11.75,11.2,52.8,78.8,21.9,63.4,20.6,302.0,227.0,218.0,68.6,354.5,57.1,59.5,12.85,139.0,109.5,283.0,21.5,36.35,136.5,50.1,33.35,20.7,31.3,70.9,242.0,10.45,35.55,341.5,226.5,3930.0,39.95,387.0,156.5,25.0,143.5,148.0,59.4,21.8,87.8,110.0,7.53,50.6,47.9
140.0,259.0,391.0,67.9,12.65,33.65,9.3,309.0,16.75,31.8,48.1,14.7,30.6,19.8,26.4,39.95,38.95,84.5,6.99,28.5,83.7,72.9,74.7,52.7,20.95,25.5,19.8,230.0,51.9,207.5,32.15,243.0,26.8,194.0,231.5,44.95,145.5,142.0,89.1,77.7,132.0,52.1,34.75,49.4,103.5,34.95,105.5,18.45,18.2,31.35,10.65,37.65,31.35,15.55,120.0,184.0,29.8,23.65,16.2,546.0,75.8,569.0,238.0,10.9,18.85,113.0,84.4,484.0,259.5,10.7,27.45,13.6,42.8,14.4,91.3,74.1,38.55,122.0,20.05,24.4,72.8,15.9,27.15,252.0,412.0,151.5,123.0,18.25,50.6,51.7,37.05,10.9,22.25,15.45,27.05,48.95,86.1,63.8,14.55,140.0,11.8,11.25,52.8,78.8,21.9,63.5,20.6,301.5,226.5,218.0,68.5,355.0,57.1,59.5,12.85,139.0,110.0,283.5,21.5,36.4,136.5,50.1,33.35,20.7,31.3,70.9,241.5,10.45,35.55,339.0,226.5,3925.0,39.95,387.5,156.5,25.0,143.0,148.0,59.4,21.8,87.8,109.5,7.54,50.6,47.9
139.5,258.0,391.0,68.0,12.65,33.65,9.29,308.0,16.75,31.8,48.1,14.75,30.6,19.8,26.4,39.95,38.9,84.5,6.99,28.5,83.8,73.0,74.7,52.8,21.0,25.45,19.8,230.0,51.9,207.5,32.15,243.0,26.8,194.0,231.5,44.95,145.5,142.5,89.1,77.8,132.0,52.1,34.75,49.4,103.5,34.95,105.5,18.4,18.25,31.35,10.65,37.65,31.35,15.55,120.0,184.0,29.8,23.65,16.2,546.0,75.8,569.0,238.0,10.95,18.85,113.5,84.4,482.5,259.0,10.7,27.4,13.6,42.8,14.35,91.3,74.1,38.55,122.0,20.0,24.4,72.8,15.9,27.15,252.0,412.0,152.0,123.0,18.25,50.5,51.7,37.0,10.9,22.25,15.45,27.05,48.9,86.1,63.5,14.5,140.0,11.8,11.2,52.8,78.8,21.9,63.4,20.6,302.0,226.0,218.0,68.4,354.5,57.1,59.5,12.85,139.0,109.5,282.5,21.5,36.4,136.5,50.1,33.3,20.7,31.3,70.9,242.0,10.45,35.55,338.0,225.5,3920.0,39.95,387.0,156.5,25.0,143.0,148.5,59.4,21.8,87.7,110.0,7.54,50.6,47.9
139.5,257.5,391.0,68.0,12.65,33.65,9.3,307.0,16.75,31.8,48.05,14.75,30.6,19.75,26.4,39.95,38.9,84.5,6.99,28.45,84.1,73.0,74.7,52.6,21.0,25.45,19.75,230.0,51.9,207.5,32.15,243.0,26.8,194.0,231.5,44.95,145.5,142.5,89.1,77.7,132.0,52.1,34.8,49.4,103.5,34.9,105.0,18.45,18.2,31.35,10.6,37.65,31.35,15.55,120.0,184.0,29.8,23.65,16.2,546.0,75.7,569.0,238.0,10.95,18.85,113.0,84.4,481.5,259.0,10.7,27.4,13.6,42.8,14.4,91.0,74.1,38.55,122.0,20.0,24.35,72.7,15.9,27.15,252.0,412.0,152.0,122.5,18.25,50.6,51.7,37.0,10.9,22.25,15.45,27.0,48.85,86.0,63.2,14.5,140.5,11.8,11.2,52.7,78.7,21.9,63.4,20.6,301.5,226.0,218.0,68.1,354.5,57.1,59.5,12.85,139.0,110.0,281.0,21.45,36.35,136.5,50.1,33.25,20.7,31.3,70.9,241.5,10.5,35.55,338.0,225.0,3920.0,39.95,387.0,156.5,25.0,142.5,148.5,59.4,21.8,87.4,109.5,7.54,50.8,47.9
139.5,257.5,391.0,67.8,12.65,33.65,9.29,307.5,16.75,31.75,48.05,14.75,30.6,19.8,26.4,39.95,38.9,84.5,6.99,28.45,84.2,73.0,74.6,52.7,21.0,25.45,19.75,230.0,51.9,207.5,32.15,243.0,26.8,194.0,231.5,44.95,145.5,142.0,89.1,77.8,132.0,52.1,34.8,49.55,103.5,34.9,105.5,18.45,18.2,31.3,10.65,37.6,31.35,15.55,120.0,184.0,29.8,23.65,16.2,546.0,75.7,569.0,238.0,10.9,18.85,113.5,84.4,482.5,259.5,10.7,27.35,13.65,42.8,14.4,91.2,74.2,38.6,122.0,20.0,24.35,72.8,15.95,27.15,252.0,412.0,152.0,123.0,18.25,50.6,51.7,37.0,10.95,22.25,15.45,27.05,48.8,86.1,63.6,14.55,140.5,11.8,11.25,52.7,78.7,21.9,63.4,20.6,301.5,226.5,218.0,68.4,354.0,57.1,59.5,12.85,139.0,109.5,281.5,21.45,36.25,137.0,50.1,33.25,20.7,31.3,70.9,241.5,10.45,35.6,336.0,226.0,3920.0,39.95,387.0,156.5,25.0,143.0,148.0,59.4,21.8,87.3,109.5,7.54,50.8,47.9
139.5,257.5,391.0,67.9,12.65,33.65,9.29,308.0,16.75,31.8,48.1,14.75,30.6,19.75,26.4,39.95,38.85,84.6,7.0,28.45,84.3,73.0,74.5,52.7,21.0,25.45,19.75,230.0,52.0,207.5,32.15,243.0,26.8,194.0,231.5,44.95,145.5,142.5,89.1,77.8,132.0,52.1,34.8,49.7,103.5,34.9,105.0,18.45,18.2,31.35,10.65,37.65,31.3,15.5,120.0,184.0,29.8,23.65,16.2,546.0,75.7,569.0,238.0,10.95,18.9,113.5,84.3,482.0,259.0,10.7,27.45,13.65,42.8,14.4,91.3,74.2,38.6,121.5,20.0,24.35,72.8,15.95,27.15,252.0,412.0,152.0,123.0,18.25,50.6,51.7,37.0,10.95,22.2,15.45,27.05,48.85,86.0,63.5,14.55,140.5,11.8,11.2,52.7,78.9,21.9,63.5,20.6,302.0,227.0,218.5,68.6,354.0,57.1,59.5,12.85,139.0,110.0,282.0,21.45,36.2,137.0,50.1,33.3,20.7,31.3,70.9,241.5,10.5,35.55,335.0,225.5,3920.0,39.95,387.0,156.5,25.0,143.0,148.5,59.4,21.8,87.0,110.0,7.53,50.9,47.9
139.5,258.0,391.0,67.9,12.6,33.65,9.29,308.5,16.75,31.8,48.1,14.75,30.6,19.8,26.35,39.95,38.9,84.6,6.99,28.45,84.4,73.0,74.3,52.7,21.0,25.45,19.75,230.0,52.0,207.5,32.15,243.0,26.8,194.0,231.5,44.95,145.5,142.5,89.1,77.8,132.0,52.1,34.8,49.55,103.5,34.95,105.5,18.45,18.2,31.35,10.6,37.65,31.3,15.5,120.0,184.0,29.8,23.6,16.2,546.0,75.7,569.0,238.0,10.9,18.85,113.0,84.5,481.5,259.0,10.7,27.45,13.6,42.8,14.4,91.5,74.2,38.55,121.5,20.0,24.35,72.9,15.9,27.15,252.0,413.0,152.5,123.0,18.2,50.6,51.7,37.0,10.9,22.25,15.45,27.0,48.9,86.1,63.6,14.55,140.5,11.75,11.2,52.8,78.9,21.9,63.4,20.6,301.5,228.0,218.5,68.5,354.0,57.1,59.5,12.9,139.0,109.5,281.5,21.5,35.95,137.0,50.1,33.35,20.7,31.3,70.9,241.5,10.45,35.55,335.0,225.5,3920.0,39.95,387.0,156.5,25.0,143.0,148.5,59.4,21.8,86.9,109.0,7.52,51.0,47.95
139.0,258.5,391.0,67.9,12.65,33.65,9.29,309.0,16.75,31.8,48.05,14.75,30.6,19.8,26.35,39.95,38.9,84.6,6.99,28.45,84.2,73.0,74.4,52.7,21.0,25.45,19.75,230.0,51.9,207.5,32.15,243.0,26.8,194.5,231.5,44.95,145.5,142.5,89.1,77.8,132.0,52.1,34.75,49.55,103.5,34.9,105.5,18.4,18.2,31.35,10.6,37.6,31.3,15.55,120.0,184.0,29.8,23.6,16.2,546.0,75.7,569.0,238.0,10.9,18.85,113.0,84.5,480.5,259.5,10.7,27.4,13.65,42.8,14.4,91.6,74.2,38.6,121.5,20.0,24.3,72.8,15.9,27.15,252.0,413.0,154.0,123.0,18.25,50.6,51.7,37.05,10.9,22.25,15.45,27.05,48.9,86.2,63.6,14.55,140.5,11.8,11.2,52.7,78.7,21.9,63.4,20.6,301.0,226.0,218.5,68.6,354.5,57.1,59.5,12.9,139.0,109.5,281.0,21.5,36.0,137.0,50.2,33.35,20.7,31.3,70.9,242.0,10.5,35.55,335.0,224.0,3920.0,39.95,387.0,156.5,25.0,142.0,148.0,59.4,21.8,87.0,109.5,7.52,51.2,47.95
139.5,258.5,391.0,67.9,12.65,33.65,9.29,308.5,16.75,31.8,48.05,14.75,30.6,19.8,26.4,39.95,38.9,84.6,6.99,28.45,84.9,72.9,74.2,52.8,21.0,25.45,19.75,230.0,51.9,209.0,32.15,243.0,26.8,194.5,231.5,44.9,145.0,142.5,89.1,77.8,132.0,52.1,34.75,49.55,103.5,34.9,105.5,18.4,18.2,31.35,10.6,37.55,31.3,15.55,119.5,184.0,29.75,23.6,16.2,546.0,75.6,569.0,238.0,10.9,18.85,113.0,84.5,481.0,259.0,10.7,27.4,13.65,42.8,14.4,91.7,74.2,38.6,121.5,20.0,24.3,72.9,15.9,27.15,252.0,413.0,153.5,123.5,18.25,50.6,51.7,36.95,10.95,22.25,15.45,27.05,48.9,86.2,63.7,14.5,140.5,11.8,11.25,52.7,78.8,21.9,63.4,20.6,301.5,226.5,218.5,68.6,354.0,57.0,59.6,12.9,139.0,110.0,282.0,21.45,36.0,137.5,50.1,33.3,20.7,31.35,70.9,241.5,10.5,35.55,335.5,224.5,3920.0,39.95,387.5,156.5,25.0,142.5,148.5,59.4,21.8,87.0,109.5,7.52,51.7,48.0
139.5,258.5,391.0,67.9,12.65,33.65,9.3,308.0,16.75,31.8,48.1,14.8,30.6,19.8,26.4,39.95,38.95,84.6,6.99,28.45,84.5,73.0,74.1,52.8,21.0,25.5,19.75,230.0,51.9,209.0,32.2,243.0,26.8,194.5,231.5,44.9,145.0,142.5,89.1,77.7,132.0,52.1,34.75,49.65,103.5,34.9,105.5,18.4,18.2,31.35,10.6,37.6,31.3,15.55,120.0,184.0,29.8,23.65,16.2,546.0,75.7,569.0,237.5,10.9,18.85,113.5,84.5,479.0,259.5,10.7,27.4,13.65,42.8,14.4,91.6,74.2,38.6,121.5,20.0,24.3,72.9,15.95,27.15,252.0,413.0,153.5,123.0,18.25,50.5,51.7,36.95,10.95,22.25,15.45,27.05,48.9,86.2,63.7,14.55,140.5,11.75,11.2,52.8,78.6,21.9,63.4,20.6,300.5,226.0,218.5,68.6,355.0,57.0,59.5,12.9,139.0,109.5,281.5,21.5,36.05,137.5,50.1,33.3,20.7,31.3,70.9,241.5,10.45,35.6,335.5,224.0,3920.0,39.95,388.0,156.5,25.0,142.5,148.5,59.4,21.75,87.2,109.5,7.51,51.5,48.0
139.0,258.5,391.0,67.9,12.6,33.65,9.29,307.0,16.75,31.8,48.05,14.8,30.6,19.8,26.4,39.95,38.95,84.6,6.99,28.45,84.4,73.0,74.3,52.9,21.0,25.5,19.75,230.0,51.9,209.0,32.15,243.0,26.85,194.5,231.5,44.9,145.0,142.5,89.1,77.7,132.0,52.1,34.75,49.7,103.5,34.9,105.0,18.4,18.2,31.35,10.6,37.6,31.3,15.55,120.0,184.0,29.8,23.65,16.2,546.0,75.7,569.0,237.5,10.95,18.85,113.0,84.3,481.5,259.5,10.75,27.4,13.6,42.8,14.4,91.5,74.2,38.6,121.5,20.0,24.3,72.9,15.9,27.1,252.0,413.0,153.5,123.0,18.25,50.5,51.7,36.9,10.95,22.25,15.45,27.0,48.8,86.2,63.8,14.5,140.5,11.8,11.25,52.7,78.6,21.9,63.5,20.6,300.0,226.0,218.5,68.3,354.0,57.0,59.5,12.85,139.0,110.0,281.0,21.45,36.1,136.5,50.1,33.3,20.7,31.3,70.9,242.0,10.45,35.6,336.5,224.0,3920.0,39.95,388.0,156.5,25.0,142.5,148.5,59.4,21.8,87.2,109.5,7.53,51.4,48.0
139.0,258.5,391.0,67.9,12.65,33.65,9.3,308.5,16.75,31.8,48.05,14.8,30.6,19.8,26.35,39.9,38.95,84.6,6.99,28.45,84.3,73.0,74.3,52.9,21.0,25.5,19.75,229.0,51.9,208.5,32.15,243.0,26.85,194.5,231.0,44.9,145.0,142.5,89.1,77.6,132.0,52.1,34.7,49.7,103.5,34.9,105.5,18.4,18.2,31.35,10.6,37.55,31.3,15.55,120.0,184.0,29.8,23.65,16.2,546.0,75.6,569.0,237.5,10.9,18.85,113.0,84.5,480.5,259.5,10.7,27.4,13.65,42.8,14.4,91.4,74.2,38.6,122.0,20.0,24.3,72.9,15.9,27.1,252.5,412.5,153.0,123.0,18.25,50.6,51.7,37.0,10.95,22.2,15.45,27.0,48.8,86.3,63.7,14.5,140.0,11.8,11.2,52.7,78.6,21.9,63.4,20.6,300.0,226.0,219.0,68.4,354.0,57.1,59.5,12.85,139.0,109.5,282.0,21.45,36.05,136.5,50.1,33.3,20.7,31.3,70.9,241.5,10.45,35.6,336.0,224.5,3920.0,40.0,388.0,156.0,25.0,142.5,148.0,59.4,21.8,87.2,109.5,7.53,51.3,48.0
139.0,258.5,391.0,68.0,12.65,33.65,9.3,308.5,16.75,31.8,48.05,14.8,30.6,19.8,26.35,39.85,38.95,84.6,6.98,28.45,84.4,73.0,74.4,52.9,21.0,25.5,19.7,229.0,51.9,208.5,32.15,243.0,26.85,194.5,231.5,44.9,145.0,142.5,89.1,77.7,132.0,52.1,34.75,49.65,103.5,34.9,105.5,18.4,18.25,31.35,10.65,37.55,31.3,15.55,119.5,185.0,29.8,23.65,16.15,546.0,75.7,569.0,237.5,10.9,18.85,112.5,84.5,481.0,259.0,10.7,27.45,13.6,42.8,14.4,91.5,74.2,38.6,121.5,20.0,24.3,72.9,15.9,27.1,252.5,412.5,153.5,123.5,18.25,50.5,51.7,37.0,10.95,22.25,15.45,27.0,48.8,86.3,63.7,14.55,140.5,11.8,11.25,52.8,78.6,21.9,63.4,20.6,300.0,226.0,218.0,68.5,355.0,57.0,59.5,12.9,139.0,110.0,282.5,21.45,36.1,137.0,50.1,33.25,20.7,31.3,70.9,242.0,10.45,35.6,335.0,224.5,3925.0,40.0,388.0,156.0,25.0,142.5,148.0,59.4,21.8,87.2,109.5,7.52,51.6,47.95
139.0,258.5,391.0,68.0,12.6,33.65,9.31,309.0,16.75,31.8,48.0,14.8,30.6,19.8,26.4,39.85,38.9,84.6,6.99,28.45,84.4,73.0,74.3,53.0,21.0,25.5,19.75,229.0,51.9,208.5,32.15,243.0,26.85,194.5,231.0,44.9,145.0,142.5,89.1,77.7,132.0,52.1,34.75,49.65,103.5,34.9,105.5,18.4,18.2,31.35,10.65,37.55,31.3,15.55,120.0,184.5,29.8,23.65,16.15,546.0,75.5,569.0,237.5,10.95,18.85,113.0,84.4,478.5,259.5,10.7,27.45,13.6,42.8,14.4,91.5,74.2,38.6,122.0,20.0,24.3,72.8,15.95,27.05,252.0,415.0,153.0,123.5,18.25,50.6,51.7,36.9,10.9,22.25,15.45,27.05,48.75,86.2,63.7,14.5,140.5,11.8,11.25,52.8,78.5,21.85,63.4,20.6,300.5,225.5,218.5,68.5,354.5,57.0,59.6,12.9,139.0,110.0,282.0,21.35,36.1,137.0,50.1,33.25,20.7,31.3,70.9,241.5,10.45,35.6,335.0,223.0,3925.0,39.95,387.5,156.0,25.0,142.5,148.0,59.4,21.8,87.2,109.5,7.52,51.4,48.0
139.0,258.0,391.0,67.8,12.6,33.6,9.31,308.5,16.75,31.8,47.95,14.8,30.6,19.8,26.4,39.85,38.95,84.6,6.99,28.45,84.0,72.8,74.4,52.9,21.0,25.45,19.75,228.5,51.9,208.0,32.15,243.0,26.85,194.5,231.0,44.9,145.0,142.5,89.1,77.7,132.0,52.1,34.75,49.6,103.5,34.9,105.0,18.4,18.2,31.3,10.65,37.55,31.3,15.55,120.0,184.5,29.8,23.65,16.15,546.0,75.4,569.0,237.5,10.9,18.85,112.5,84.4,477.0,259.0,10.75,27.4,13.65,42.8,14.45,91.5,74.2,38.6,122.0,20.0,24.3,72.7,15.95,27.0,252.0,416.5,153.0,123.0,18.25,50.6,51.7,36.85,10.95,22.25,15.45,27.05,48.65,85.8,63.7,14.55,141.0,11.8,11.25,52.7,78.4,21.85,63.4,20.6,299.0,223.0,218.5,68.5,354.5,57.0,59.5,12.85,139.0,110.0,281.0,21.3,36.05,136.0,50.1,33.25,20.7,31.3,70.9,241.0,10.45,35.55,330.0,222.0,3925.0,39.85,388.0,156.0,24.95,142.0,148.5,59.4,21.8,87.2,109.5,7.52,51.5,48.0
139.0,258.0,391.0,67.7,12.6,33.65,9.31,308.5,16.75,31.8,48.0,14.75,30.6,19.8,26.35,39.85,38.95,84.6,6.98,28.45,84.0,72.7,74.2,52.8,21.0,25.45,19.7,228.0,51.9,208.0,32.15,243.0,26.85,194.5,231.0,44.9,145.0,142.5,89.0,77.6,132.0,52.1,34.75,49.5,103.5,34.9,105.0,18.4,18.2,31.3,10.65,37.55,31.35,15.55,119.5,184.5,29.8,23.65,16.15,546.0,75.4,569.0,237.5,10.95,18.85,112.5,84.4,477.5,259.0,10.75,27.45,13.65,42.8,14.45,91.5,74.2,38.6,122.0,20.05,24.3,72.7,15.95,27.05,252.0,416.0,153.0,122.5,18.2,50.5,51.7,36.8,10.9,22.25,15.45,27.0,48.55,85.6,63.7,14.5,140.5,11.75,11.25,52.7,78.1,21.9,63.4,20.6,298.5,223.0,218.5,68.2,355.0,57.1,59.4,12.85,139.0,110.0,281.0,21.3,35.95,136.0,50.1,33.25,20.7,31.3,70.9,241.5,10.5,35.5,329.5,222.5,3920.0,39.8,388.0,156.0,25.0,141.5,148.5,59.4,21.8,87.0,109.0,7.52,51.4,48.0
138.5,257.5,391.0,67.7,12.6,33.6,9.31,307.5,16.75,31.8,47.95,14.75,30.6,19.8,26.4,39.8,38.9,84.6,6.99,28.5,83.9,72.6,74.3,52.8,21.0,25.45,19.75,226.5,51.9,208.0,32.15,243.0,26.85,194.5,231.0,44.9,145.0,142.5,89.0,77.7,132.0,52.1,34.7,49.65,103.5,34.9,105.0,18.4,18.15,31.3,10.65,37.55,31.35,15.5,119.5,184.5,29.75,23.6,16.15,546.0,75.4,569.0,237.5,10.9,18.85,112.5,84.3,477.5,259.0,10.7,27.4,13.6,42.75,14.4,91.4,74.2,38.6,121.5,20.05,24.3,72.8,15.95,27.0,252.0,413.0,153.0,122.5,18.2,50.6,51.7,36.75,10.9,22.25,15.45,27.05,48.6,85.5,63.7,14.55,141.0,11.75,11.2,52.7,78.3,21.9,63.4,20.6,299.5,224.0,218.5,68.3,354.5,57.1,59.4,12.85,139.0,110.0,281.5,21.3,35.9,136.0,50.1,33.25,20.7,31.3,70.9,241.5,10.45,35.5,330.0,222.0,3920.0,39.75,388.0,155.5,25.0,141.5,148.5,59.4,21.8,87.2,109.0,7.53,51.3,48.0
138.5,257.5,391.0,67.6,12.6,33.6,9.31,307.0,16.75,31.8,47.95,14.75,30.6,19.8,26.35,39.75,38.9,84.6,6.99,28.5,83.9,72.7,74.2,52.8,21.0,25.45,19.75,226.5,51.9,208.0,32.1,243.0,26.85,194.5,230.5,44.85,145.0,142.5,89.0,77.7,132.0,52.1,34.7,49.4,103.5,34.9,105.0,18.4,18.15,31.2,10.65,37.55,31.35,15.55,119.5,184.5,29.75,23.55,16.15,546.0,75.3,569.0,237.5,10.9,18.85,113.0,84.3,476.5,259.0,10.75,27.4,13.6,42.75,14.45,91.5,74.3,38.6,122.0,20.0,24.3,72.6,15.9,27.0,252.0,413.0,153.0,122.5,18.25,50.6,51.7,36.75,10.95,22.25,15.45,27.0,48.55,85.5,63.6,14.5,141.0,11.75,11.2,52.7,78.4,21.9,63.3,20.6,298.5,223.5,218.5,68.2,354.5,57.1,59.4,12.85,138.5,110.0,281.0,21.3,35.9,136.5,50.1,33.25,20.7,31.3,70.9,241.0,10.45,35.5,324.5,222.5,3920.0,39.7,388.0,155.5,25.0,141.5,148.5,59.4,21.8,87.1,109.5,7.53,51.2,47.95
139.0,257.0,391.0,67.6,12.55,33.65,9.31,306.5,16.75,31.8,47.95,14.8,30.6,19.75,26.35,39.75,38.9,84.7,6.98,28.4,83.9,72.7,73.9,52.7,21.0,25.45,19.75,226.5,51.9,208.0,32.1,243.0,26.85,194.5,230.5,44.85,145.0,142.5,89.0,77.7,132.0,52.1,34.7,49.6,103.5,34.85,105.5,18.45,18.15,31.2,10.6,37.55,31.35,15.55,119.0,184.5,29.8,23.55,16.1,541.0,75.3,569.0,237.5,10.95,18.9,113.0,84.3,477.0,258.5,10.7,27.45,13.6,42.75,14.4,91.6,74.2,38.55,122.0,20.0,24.3,72.7,15.9,27.0,252.0,413.0,153.0,122.5,18.2,50.6,51.7,36.8,10.9,22.25,15.45,27.0,48.6,85.5,63.6,14.5,141.0,11.8,11.2,52.6,78.4,21.9,63.3,20.6,298.5,224.5,218.5,67.8,354.5,56.9,59.3,12.85,139.0,110.0,280.5,21.3,35.75,136.0,50.1,33.15,20.7,31.3,70.9,240.5,10.45,35.5,325.0,222.0,3915.0,39.75,388.0,155.5,25.0,142.0,147.5,59.4,21.75,87.0,109.5,7.52,51.1,48.0
138.5,257.0,391.0,67.7,12.55,33.65,9.31,306.5,16.75,31.8,47.85,14.8,30.6,19.75,26.4,39.75,38.9,84.6,6.98,28.4,83.9,72.6,74.3,52.6,21.0,25.45,19.75,228.0,51.9,207.5,32.1,243.0,26.85,194.5,230.0,44.85,145.0,142.5,89.0,77.7,132.0,52.1,34.7,49.45,103.5,34.85,105.0,18.4,18.2,31.2,10.6,37.55,31.35,15.5,119.5,184.5,29.75,23.55,16.1,541.0,75.4,569.0,238.0,10.9,18.85,113.0,84.3,478.0,258.5,10.7,27.45,13.6,42.8,14.45,91.9,74.3,38.6,122.0,20.0,24.35,72.7,15.95,27.05,252.0,413.5,153.5,122.5,18.25,50.5,51.7,36.85,10.9,22.25,15.45,27.05,48.6,85.6,63.6,14.55,141.0,11.75,11.2,52.6,78.5,21.9,63.3,20.6,299.0,224.5,218.5,67.7,354.0,57.0,59.3,12.85,139.0,110.0,281.0,21.3,35.7,136.0,50.1,33.2,20.7,31.3,70.9,241.0,10.5,35.55,327.0,222.5,3915.0,39.6,388.0,155.5,25.0,141.5,147.5,59.4,21.75,87.0,109.5,7.51,51.2,48.0
138.5,257.0,391.0,67.8,12.55,33.65,9.31,307.5,16.75,31.85,47.95,14.8,30.6,19.75,26.4,39.75,38.85,84.6,6.98,28.4,83.8,72.7,74.3,52.6,21.0,25.45,19.75,228.0,51.9,208.0,32.1,243.0,26.85,194.5,230.0,44.85,145.0,142.5,89.0,77.7,132.0,52.0,34.75,49.7,103.5,34.85,105.5,18.45,18.2,31.25,10.65,37.55,31.35,15.5,119.5,184.5,29.75,23.55,16.1,544.0,75.4,569.0,238.0,10.9,18.85,113.0,84.3,479.0,259.0,10.7,27.55,13.65,42.75,14.4,92.1,74.3,38.55,121.5,20.0,24.35,72.8,15.9,27.05,252.0,413.5,153.0,123.5,18.2,50.6,51.7,36.9,10.9,22.25,15.45,27.05,48.65,85.7,63.6,14.55,141.0,11.75,11.25,52.6,78.5,21.9,63.2,20.6,299.0,225.0,219.0,67.9,354.0,57.0,59.3,12.85,139.0,110.0,282.5,21.3,35.75,136.0,50.1,33.2,20.7,31.3,70.9,240.5,10.45,35.5,326.0,223.5,3920.0,39.6,387.0,155.5,25.0,142.0,148.0,59.4,21.75,87.0,109.5,7.51,51.6,47.95
138.5,257.5,391.0,67.8,12.55,33.65,9.31,308.0,16.75,31.85,47.85,14.8,30.6,19.8,26.35,39.8,38.9,84.6,6.97,28.4,84.0,72.7,74.2,52.7,21.0,25.45,19.75,228.0,51.9,208.0,32.1,243.0,26.85,195.0,230.0,44.85,145.0,142.5,89.0,77.7,132.0,51.7,34.75,49.7,103.5,34.85,105.0,18.4,18.2,31.25,10.6,37.55,31.35,15.5,119.5,184.5,29.75,23.5,16.1,544.0,75.4,569.0,238.0,10.9,18.9,113.0,84.3,478.5,259.0,10.7,27.5,13.6,42.75,14.45,92.0,74.2,38.55,122.0,20.0,24.35,72.8,15.95,27.05,252.0,414.0,153.0,123.0,18.25,50.6,51.7,36.85,10.95,22.25,15.45,27.05,48.6,85.7,63.5,14.55,141.0,11.8,11.25,52.6,78.6,21.9,63.1,20.6,299.5,225.0,219.0,67.9,354.0,57.0,59.4,12.85,138.5,109.5,282.5,21.3,35.85,136.0,50.1,33.25,20.7,31.3,70.9,240.5,10.45,35.55,325.0,223.0,3920.0,39.65,387.0,155.5,25.0,142.0,148.0,59.4,21.7,87.0,109.0,7.51,51.7,48.0
138.5,257.5,391.0,67.7,12.6,33.65,9.31,308.5,16.75,31.85,47.85,14.8,30.6,19.8,26.35,39.9,38.9,84.6,6.96,28.4,84.1,72.7,74.3,52.7,21.0,25.45,19.75,228.0,51.9,207.5,32.1,243.0,26.85,195.0,230.0,44.85,145.0,142.5,89.0,77.6,132.0,51.7,34.7,49.45,103.5,34.85,105.0,18.45,18.2,31.25,10.65,37.55,31.3,15.5,119.5,184.0,29.75,23.5,16.1,544.0,75.4,569.0,238.0,10.9,18.85,113.0,84.3,478.5,259.0,10.7,27.45,13.6,42.75,14.45,91.6,74.2,38.6,122.0,20.0,24.3,72.8,15.95,27.0,252.0,415.0,153.0,123.0,18.25,50.6,51.7,36.85,10.9,22.25,15.45,27.05,48.6,85.7,63.5,14.55,141.0,11.8,11.25,52.6,78.5,21.95,63.1,20.6,299.5,225.5,219.0,67.7,354.0,57.0,59.3,12.9,138.5,110.0,282.0,21.3,35.85,136.0,50.1,33.2,20.7,31.3,70.9,240.5,10.45,35.55,327.5,223.0,3920.0,39.6,388.5,155.5,25.0,141.5,148.0,59.4,21.7,86.9,109.0,7.51,51.4,48.0
138.5,257.5,392.0,67.7,12.55,33.65,9.31,309.0,16.75,31.85,47.85,14.8,30.6,19.8,26.35,39.9,38.9,84.6,6.98,28.45,84.3,72.7,74.3,52.6,21.0,25.45,19.7,228.0,51.9,207.5,32.1,243.0,26.85,195.0,230.0,44.85,145.0,142.5,89.0,77.7,132.0,51.7,34.7,49.7,103.5,34.85,105.5,18.4,18.2,31.25,10.65,37.55,31.3,15.5,119.0,184.0,29.75,23.55,16.1,544.0,75.3,569.0,238.0,10.9,18.85,112.5,84.3,478.5,258.5,10.7,27.45,13.6,42.75,14.45,91.5,74.2,38.6,121.5,20.0,24.35,72.8,15.9,27.0,252.0,415.0,153.0,123.0,18.25,50.6,51.7,36.85,10.9,22.25,15.45,27.05,48.6,85.7,63.6,14.55,141.5,11.8,11.25,52.7,78.5,21.95,63.1,20.6,301.5,225.5,218.5,67.8,353.5,57.0,59.4,12.85,138.5,110.0,282.5,21.35,35.7,136.5,50.1,33.2,20.7,31.3,70.9,241.0,10.45,35.5,325.5,223.0,3920.0,39.7,388.5,156.0,25.0,141.5,148.5,59.4,21.7,87.0,109.0,7.52,51.4,48.05
138.5,257.5,392.0,67.5,12.55,33.65,9.31,309.0,16.75,31.85,47.85,14.8,30.6,19.8,26.4,39.85,38.9,84.6,6.98,28.45,84.0,72.8,74.3,52.7,21.0,25.45,19.7,228.0,51.9,207.5,32.1,243.0,26.85,195.0,230.0,44.85,145.0,142.5,89.0,77.7,132.0,51.7,34.7,49.75,103.5,34.85,105.0,18.4,18.15,31.2,10.65,37.5,31.3,15.5,119.5,184.0,29.75,23.55,16.1,540.0,75.4,569.0,238.0,10.9,18.9,113.0,84.3,479.0,258.5,10.7,27.45,13.6,42.75,14.45,91.5,74.2,38.6,122.0,20.0,24.35,72.8,15.95,27.0,252.0,415.0,153.0,122.5,18.25,50.6,51.7,36.85,10.95,22.25,15.45,27.05,48.7,85.6,63.6,14.6,141.5,11.8,11.25,52.6,78.6,21.95,63.1,20.6,301.5,225.5,218.5,68.0,352.5,56.9,59.4,12.85,138.0,110.0,282.0,21.3,35.6,136.5,50.0,33.25,20.7,31.3,70.9,241.0,10.5,35.5,326.0,222.5,3915.0,39.7,388.5,156.0,24.95,142.0,148.0,59.4,21.75,86.9,109.0,7.51,51.3,48.05
138.0,257.5,392.0,67.6,12.55,33.65,9.3,309.0,16.75,31.85,47.9,14.8,30.6,19.85,26.4,39.9,38.9,84.7,6.97,28.45,84.0,72.8,74.4,52.7,21.0,25.45,19.75,228.0,51.9,207.5,32.1,243.0,26.9,195.0,230.0,44.8,145.0,142.5,89.0,77.7,132.0,51.7,34.7,49.7,103.5,34.85,105.0,18.4,18.15,31.2,10.65,37.35,31.3,15.5,119.0,184.0,29.75,23.55,16.1,540.0,75.4,569.0,238.0,10.95,18.9,113.0,84.3,477.5,259.0,10.7,27.5,13.6,42.75,14.45,91.5,74.2,38.6,121.5,20.0,24.35,72.8,15.95,27.0,252.0,415.0,153.5,122.5,18.25,50.6,51.7,36.85,10.95,22.25,15.45,27.05,48.65,85.6,63.6,14.6,141.5,11.8,11.2,52.6,78.6,21.95,63.1,20.6,301.0,225.0,218.0,68.2,352.5,57.0,59.4,12.85,138.5,110.0,282.0,21.3,35.65,136.5,50.0,33.3,20.7,31.3,70.9,241.0,10.5,35.45,325.5,222.5,3915.0,39.75,388.0,157.0,25.0,141.5,148.0,59.4,21.7,86.8,109.5,7.51,51.5,48.05
138.0,257.5,392.0,67.5,12.6,33.65,9.31,309.5,16.75,31.8,47.9,14.8,30.6,19.8,26.4,39.9,38.9,84.6,6.97,28.45,83.9,72.8,74.3,52.7,21.0,25.45,19.75,228.0,51.9,207.5,32.1,243.0,26.9,195.0,230.0,44.8,145.0,142.5,89.0,77.7,132.0,51.6,34.7,49.7,103.5,34.85,105.5,18.4,18.15,31.25,10.65,37.4,31.3,15.5,119.5,184.0,29.7,23.55,16.1,540.0,75.4,569.0,238.0,10.9,18.85,113.0,84.2,476.0,258.5,10.7,27.55,13.6,42.75,14.45,91.4,74.2,38.65,121.5,19.95,24.35,72.8,15.9,27.0,252.0,415.0,153.0,122.5,18.25,50.6,51.7,36.85,10.9,22.25,15.45,27.05,48.65,85.6,63.5,14.6,141.0,11.75,11.2,52.6,78.3,22.0,63.1,20.6,300.5,225.0,218.5,68.0,352.5,57.0,59.4,12.85,138.5,109.5,282.0,21.3,35.7,136.5,50.0,33.3,20.65,31.3,70.9,241.0,10.45,35.45,325.5,221.5,3915.0,39.7,388.0,157.0,25.0,141.5,148.5,59.4,21.7,86.6,109.5,7.51,51.5,48.15
139.0,257.5,392.0,67.5,12.55,33.65,9.31,309.0,16.75,31.8,47.9,14.8,30.6,19.8,26.4,39.9,38.9,84.6,6.97,28.45,84.0,72.8,74.2,52.7,21.0,25.45,19.7,227.0,51.9,207.5,32.1,243.0,26.9,195.0,229.0,44.8,145.0,142.5,89.0,77.7,132.0,51.7,34.7,49.7,103.5,34.9,105.5,18.4,18.2,31.25,10.65,37.4,31.3,15.5,119.0,183.5,29.7,23.55,16.1,540.0,75.3,569.0,238.0,10.95,18.9,113.0,84.2,475.5,259.0,10.7,27.6,13.6,42.75,14.45,91.6,74.2,38.65,121.5,19.95,24.35,72.8,15.95,26.95,252.0,414.5,153.0,122.5,18.2,50.6,51.7,36.85,10.95,22.25,15.45,27.05,48.65,85.6,63.6,14.55,141.0,11.8,11.25,52.6,78.2,22.0,63.1,20.55,300.0,225.5,218.5,68.0,353.0,57.0,59.4,12.85,138.5,110.0,282.0,21.35,35.65,136.0,50.0,33.3,20.65,31.3,70.9,241.0,10.5,35.45,321.5,222.0,3920.0,39.75,388.0,157.0,25.0,141.0,148.0,59.4,21.7,86.5,109.5,7.51,51.5,48.15
139.0,258.0,392.0,67.5,12.6,33.6,9.3,309.0,16.75,31.8,47.85,14.75,30.6,19.8,26.4,39.9,38.95,84.7,6.97,28.45,84.1,72.8,74.4,52.6,21.0,25.45,19.75,227.0,51.9,208.0,32.1,243.0,26.85,195.0,229.5,44.8,145.0,142.5,89.0,77.7,132.0,51.7,34.75,49.6,103.5,34.9,105.5,18.4,18.15,31.25,10.65,37.4,31.35,15.55,119.5,183.5,29.7,23.6,16.1,540.0,75.3,569.0,238.0,10.95,18.85,113.5,84.3,478.0,259.0,10.75,27.55,13.6,42.75,14.45,91.7,74.3,38.7,122.0,20.0,24.35,72.8,15.9,26.95,252.0,414.0,153.0,122.5,18.25,50.5,51.7,36.85,10.9,22.25,15.45,27.0,48.65,85.6,63.6,14.55,141.5,11.8,11.25,52.6,78.4,22.0,63.1,20.6,300.5,225.5,218.5,68.0,352.5,57.0,59.4,12.85,138.5,109.5,281.5,21.35,35.7,136.5,50.0,33.3,20.65,31.3,70.9,241.0,10.5,35.45,324.0,223.0,3925.0,39.7,388.0,157.0,25.0,141.5,148.0,59.4,21.7,86.6,109.5,7.52,51.5,48.2
139.0,259.0,392.0,67.5,12.6,33.65,9.31,309.0,16.75,31.8,47.85,14.75,30.6,19.8,26.4,39.9,38.95,84.6,6.97,28.45,84.2,72.9,74.4,52.5,21.0,25.45,19.75,227.5,51.9,208.0,32.1,243.0,26.85,195.0,229.5,44.8,145.0,142.5,89.0,77.6,132.0,51.7,34.75,49.6,103.5,34.85,105.5,18.4,18.2,31.25,10.65,37.4,31.3,15.5,119.5,183.5,29.7,23.55,16.1,540.0,75.4,569.0,238.0,10.9,18.85,113.5,84.2,478.5,259.0,10.7,27.55,13.6,42.75,14.45,91.7,74.2,38.75,122.5,19.95,24.35,72.8,15.9,26.95,252.0,414.0,153.5,123.0,18.25,50.6,51.7,36.85,10.95,22.25,15.45,27.05,48.7,85.7,63.6,14.55,141.5,11.8,11.25,52.5,78.4,22.05,63.1,20.6,301.0,226.5,218.5,68.0,352.5,57.0,59.4,12.9,138.5,109.5,281.0,21.35,35.7,136.5,50.0,33.35,20.65,31.3,70.9,241.0,10.45,35.5,324.0,222.5,3930.0,39.7,388.0,157.0,25.0,141.5,148.0,59.4,21.7,86.6,109.0,7.52,51.5,48.15
139.0,259.0,390.0,67.6,12.55,33.65,9.31,309.0,16.75,31.85,47.85,14.75,30.6,19.75,26.4,39.9,38.95,84.6,6.97,28.45,84.2,72.9,74.4,52.6,21.0,25.5,19.75,227.5,51.9,208.0,32.1,243.0,26.85,194.5,229.5,44.8,145.0,142.5,89.0,77.6,132.0,51.7,34.75,49.6,103.5,34.85,105.5,18.4,18.2,31.3,10.65,37.35,31.25,15.55,119.5,183.5,29.7,23.55,16.1,540.0,75.3,569.0,238.0,10.95,18.9,113.0,84.3,478.0,259.5,10.7,27.55,13.6,42.75,14.45,91.9,74.2,38.7,122.5,19.95,24.35,72.8,15.9,26.95,252.0,414.5,153.5,123.0,18.2,50.5,51.7,36.9,10.95,22.25,15.45,27.0,48.7,85.8,63.6,14.55,141.0,11.8,11.2,52.5,78.6,22.05,63.1,20.6,300.0,225.5,218.5,68.0,352.5,57.0,59.4,12.85,138.5,110.0,279.0,21.4,35.75,137.0,50.0,33.3,20.65,31.35,70.9,241.0,10.5,35.45,324.5,223.0,3930.0,39.7,388.5,157.0,25.0,142.0,148.5,59.4,21.7,86.7,109.0,7.52,51.8,48.2
139.0,258.5,390.0,67.6,12.55,33.65,9.31,312.0,16.8,31.85,47.8,14.8,30.6,19.75,26.4,39.9,38.95,84.6,6.96,28.45,84.3,72.9,74.5,52.4,21.0,25.5,19.75,227.5,51.9,208.0,32.05,243.0,26.85,194.0,230.0,44.8,145.0,142.5,89.0,77.7,132.0,51.7,34.75,49.7,103.5,34.85,105.5,18.4,18.2,31.25,10.65,37.35,31.25,15.5,119.5,183.5,29.7,23.55,16.1,540.0,75.5,569.0,238.0,10.9,18.85,113.5,84.3,478.5,259.5,10.7,27.6,13.6,42.75,14.45,91.7,74.2,38.65,122.0,19.95,24.35,72.9,15.9,26.95,251.5,414.5,153.5,123.0,18.2,50.5,51.8,36.95,10.9,22.25,15.45,27.05,48.65,86.2,63.6,14.6,141.0,11.8,11.2,52.6,78.6,22.0,63.1,20.6,300.5,226.0,218.5,68.0,352.0,57.0,59.4,12.85,138.5,109.5,280.5,21.35,35.7,136.5,50.0,33.3,20.65,31.3,70.9,241.0,10.45,35.45,325.0,223.0,3925.0,39.75,388.5,157.0,25.0,142.0,148.0,59.4,21.75,86.9,109.5,7.51,51.7,48.2
139.0,259.0,390.0,67.6,12.6,33.65,9.31,314.0,16.8,31.9,47.8,14.8,30.6,19.8,26.4,39.9,38.95,84.6,6.96,28.45,84.2,72.9,74.5,52.5,21.0,25.5,19.75,228.0,51.9,207.5,32.05,243.0,26.85,194.0,229.5,44.75,145.0,142.5,89.0,77.7,132.0,51.7,34.75,49.65,103.5,34.85,105.5,18.4,18.2,31.25,10.65,37.3,31.25,15.55,119.5,183.5,29.7,23.55,16.1,540.0,75.5,569.0,238.0,10.95,18.85,113.5,84.2,477.0,259.5,10.7,27.65,13.55,42.75,14.45,91.9,74.2,38.7,122.5,19.95,24.3,72.9,15.9,26.95,251.5,415.0,153.5,123.5,18.2,50.5,51.8,36.9,10.95,22.2,15.45,27.0,48.7,86.1,63.5,14.6,141.0,11.8,11.2,52.6,78.8,22.0,63.1,20.6,300.5,225.5,218.5,68.0,352.0,56.9,59.4,12.9,138.0,110.0,278.5,21.35,35.75,136.5,50.0,33.35,20.65,31.3,70.9,241.0,10.5,35.5,326.0,222.5,3925.0,39.75,387.5,157.0,25.0,142.0,148.0,59.4,21.75,86.8,109.0,7.52,51.6,48.15
139.5,258.5,390.0,67.6,12.6,33.65,9.31,313.0,16.8,31.9,47.85,14.8,30.6,19.8,26.4,39.85,38.9,84.6,6.97,28.45,84.4,73.0,74.4,52.4,21.0,25.5,19.7,229.0,51.9,207.5,32.05,243.0,26.85,195.0,229.5,44.8,145.0,142.5,89.0,77.7,132.0,51.7,34.7,49.65,103.5,34.85,106.0,18.4,18.2,31.25,10.65,37.3,31.25,15.5,119.5,183.5,29.7,23.5,16.1,540.0,75.6,569.0,238.0,10.9,18.9,113.5,84.3,477.0,259.5,10.7,27.65,13.6,42.75,14.45,91.9,74.2,38.7,122.0,19.95,24.3,72.8,15.9,26.95,251.5,415.5,153.5,123.0,18.25,50.5,51.8,36.9,10.9,22.25,15.45,27.05,48.7,86.2,63.5,14.6,141.5,11.8,11.2,52.6,78.8,22.05,63.1,20.6,300.5,225.0,218.5,67.9,349.0,57.0,59.5,12.85,138.5,109.5,278.0,21.35,35.75,136.5,50.0,33.35,20.65,31.3,70.9,240.5,10.45,35.5,328.0,222.5,3925.0,39.75,387.5,157.0,25.0,141.5,148.0,59.3,21.75,86.8,109.0,7.51,51.4,48.2
139.5,259.0,390.0,67.6,12.6,33.65,9.31,313.0,16.8,31.9,47.85,14.8,30.6,19.8,26.4,39.9,38.9,84.6,6.97,28.45,84.3,73.0,74.4,52.5,21.0,25.45,19.75,229.0,51.9,207.5,32.05,243.0,26.85,195.0,229.5,44.8,145.0,142.0,89.0,77.7,132.0,51.7,34.7,49.6,103.5,34.85,105.5,18.4,18.2,31.25,10.65,37.3,31.25,15.55,119.5,183.5,29.7,23.5,16.1,540.0,75.5,569.0,238.0,10.9,18.85,113.5,84.3,476.0,259.5,10.7,27.65,13.6,42.75,14.45,91.9,74.2,38.7,122.0,19.95,24.3,72.8,15.9,26.95,251.5,414.5,153.5,123.5,18.2,50.5,51.8,36.9,10.9,22.25,15.45,27.0,48.7,86.2,63.5,14.6,140.5,11.8,11.2,52.5,78.5,22.05,63.1,20.65,300.0,225.0,218.5,67.7,348.5,56.9,59.5,12.85,138.5,109.5,277.5,21.35,35.75,136.5,50.0,33.35,20.65,31.3,70.9,240.5,10.5,35.5,329.0,222.0,3930.0,39.75,387.5,157.5,25.0,141.5,148.0,59.3,21.75,86.8,109.5,7.51,51.5,48.2
139.5,259.0,390.0,67.6,12.6,33.65,9.32,314.5,16.8,31.9,47.8,14.75,30.65,19.8,26.4,39.9,38.9,84.6,6.98,28.45,84.3,73.0,74.4,52.7,21.0,25.5,19.7,229.0,51.9,207.5,32.05,243.0,26.85,195.0,229.5,44.8,145.0,142.0,89.0,77.7,132.0,51.7,34.75,49.65,103.5,34.85,105.5,18.4,18.2,31.25,10.65,37.3,31.25,15.5,119.5,183.5,29.7,23.5,16.1,540.0,75.6,569.0,238.0,10.9,18.85,113.5,84.2,477.5,259.0,10.7,27.65,13.6,42.75,14.45,91.8,74.2,38.7,122.0,19.95,24.3,72.7,15.9,26.95,251.5,415.0,153.5,123.5,18.2,50.5,51.8,36.9,10.95,22.25,15.45,27.0,48.7,86.2,63.6,14.55,140.0,11.8,11.2,52.5,78.5,22.05,63.1,20.6,300.0,225.0,218.5,67.7,348.5,56.9,59.5,12.85,138.5,110.0,277.5,21.35,35.8,136.5,50.0,33.35,20.65,31.3,70.9,241.0,10.45,35.5,329.0,222.5,3935.0,39.75,388.0,157.0,25.0,141.0,148.5,59.3,21.75,86.8,109.0,7.51,51.3,48.2
139.0,258.5,392.0,67.6,12.55,33.65,9.32,314.0,16.75,31.85,47.85,14.8,30.65,19.8,26.4,39.9,38.95,84.6,6.98,28.45,84.3,72.9,74.4,52.7,21.0,25.5,19.75,229.0,51.9,207.5,32.05,243.0,26.8,195.0,229.5,44.8,145.0,142.5,89.0,77.7,132.0,51.7,34.75,49.6,103.5,34.85,105.5,18.45,18.2,31.25,10.65,37.3,31.25,15.5,119.5,183.5,29.7,23.5,16.1,540.0,75.6,569.0,238.0,10.9,18.85,113.5,84.3,477.0,259.0,10.7,27.65,13.6,42.75,14.45,91.7,74.2,38.65,122.0,19.95,24.3,72.8,15.9,26.95,252.0,415.0,153.0,123.0,18.2,50.5,51.8,36.9,10.9,22.25,15.45,27.05,48.75,86.2,63.6,14.6,140.0,11.8,11.2,52.5,78.6,22.05,63.2,20.65,300.0,225.0,218.5,67.9,349.0,56.9,59.5,12.85,138.5,110.0,278.0,21.3,35.75,136.5,50.0,33.35,20.65,31.3,70.9,241.0,10.5,35.5,329.0,222.5,3930.0,39.8,388.0,157.0,25.0,141.0,148.0,59.3,21.7,87.0,109.0,7.52,51.1,48.2
139.0,259.0,391.0,67.7,12.6,33.6,9.32,314.0,16.75,31.85,47.8,14.8,30.65,19.8,26.4,39.95,38.95,84.6,6.98,28.45,84.0,72.7,74.4,52.7,21.0,25.45,19.75,229.0,51.9,207.5,32.05,243.0,26.8,195.0,229.5,44.8,145.0,142.0,89.0,77.7,132.0,51.8,34.75,49.6,103.5,34.85,105.5,18.45,18.2,31.25,10.65,37.3,31.25,15.5,119.5,183.5,29.7,23.5,16.1,540.0,75.6,569.0,238.0,10.9,18.85,113.5,84.3,478.0,259.5,10.7,27.6,13.6,42.75,14.45,91.7,74.2,38.65,122.5,19.95,24.3,72.8,15.9,26.9,251.5,415.0,153.0,123.0,18.2,50.4,51.8,36.9,10.95,22.25,15.45,27.05,48.7,86.2,63.6,14.6,140.0,11.8,11.2,52.5,78.7,22.0,63.1,20.65,300.0,225.0,218.5,68.1,349.0,56.9,59.5,12.9,138.5,110.0,276.0,21.3,35.7,136.5,50.0,33.3,20.65,31.3,70.8,240.5,10.45,35.55,328.5,222.0,3930.0,39.8,388.0,157.0,25.0,141.5,148.0,59.4,21.75,86.8,109.0,7.52,51.2,48.25
139.0,259.0,391.0,67.6,12.6,33.6,9.31,316.0,16.75,31.9,47.75,14.8,30.65,19.8,26.4,39.95,38.95,84.6,6.98,28.45,84.0,72.7,74.4,52.7,21.0,25.45,19.75,230.5,51.9,207.5,32.05,243.0,26.8,195.0,229.0,44.8,145.0,142.0,89.0,77.7,132.0,51.8,34.75,49.6,103.5,34.85,105.5,18.45,18.2,31.25,10.65,37.35,31.25,15.55,119.5,183.5,29.7,23.5,16.1,540.0,75.6,569.0,238.0,10.95,18.9,113.5,84.3,478.5,259.5,10.7,27.6,13.55,42.75,14.45,91.8,74.2,38.65,122.5,19.95,24.35,72.8,15.9,27.0,251.5,416.0,153.0,123.0,18.2,50.6,51.8,36.9,10.9,22.25,15.45,27.05,48.75,86.2,63.6,14.6,139.5,11.8,11.2,52.4,78.7,22.05,63.0,20.65,300.0,226.0,218.5,68.1,349.5,57.0,59.5,12.9,138.5,109.5,276.0,21.3,35.75,136.5,50.0,33.3,20.65,31.3,70.8,241.0,10.45,35.45,329.5,223.0,3930.0,39.85,388.0,157.0,25.05,142.0,148.0,59.4,21.75,87.0,109.0,7.51,51.0,48.25
139.0,259.5,391.0,67.6,12.6,33.65,9.31,316.0,16.75,31.9,47.75,14.8,30.65,19.8,26.4,39.95,38.95,84.5,6.98,28.4,84.0,72.7,74.4,52.7,21.0,25.45,19.7,230.5,51.9,207.5,32.05,243.0,26.8,195.0,229.0,44.8,145.0,141.5,89.0,77.8,132.0,51.8,34.75,49.7,103.5,34.8,106.0,18.4,18.2,31.25,10.65,37.35,31.25,15.5,120.0,183.5,29.7,23.55,16.1,540.0,75.6,569.0,238.5,10.95,18.9,113.5,84.3,480.5,259.5,10.7,27.6,13.6,42.75,14.45,91.8,74.2,38.65,122.0,19.95,24.35,72.8,15.9,26.95,251.5,416.0,153.0,123.5,18.25,50.6,51.8,36.9,10.95,22.25,15.45,27.0,48.75,86.4,63.6,14.55,140.0,11.8,11.2,52.4,78.6,22.05,63.2,20.6,300.0,226.0,218.5,68.3,349.0,56.9,59.5,12.85,138.0,109.5,277.0,21.3,35.75,137.0,50.0,33.3,20.65,31.3,70.8,241.0,10.45,35.45,330.0,224.5,3930.0,39.85,388.0,157.0,25.05,142.0,148.5,59.4,21.75,86.9,109.5,7.52,51.1,48.25
139.0,261.0,391.0,67.7,12.55,33.65,9.31,317.0,16.75,31.9,47.8,14.8,30.65,19.8,26.35,39.95,38.95,84.5,6.98,28.4,84.2,72.7,74.4,52.8,21.0,25.45,19.7,230.5,51.9,207.5,32.05,243.0,26.8,195.0,229.0,44.8,145.0,141.5,89.0,77.7,132.0,51.8,34.75,49.7,103.0,34.9,106.0,18.4,18.2,31.25,10.65,37.4,31.25,15.5,120.0,183.5,29.7,23.5,16.1,540.0,75.7,569.0,238.5,10.9,18.9,113.0,84.3,480.5,259.0,10.7,27.65,13.6,42.75,14.45,91.8,74.2,38.65,122.5,19.95,24.3,72.8,15.9,27.05,251.5,417.0,153.0,123.5,18.25,50.4,51.8,36.9,10.95,22.25,15.45,27.05,48.75,86.3,63.5,14.6,140.0,11.8,11.2,52.4,78.6,22.05,63.1,20.6,301.0,226.5,218.5,68.3,348.5,56.9,59.5,12.9,138.5,110.0,277.5,21.3,35.75,137.0,50.0,33.3,20.65,31.3,70.8,240.5,10.45,35.55,331.5,224.5,3935.0,39.9,388.0,157.0,25.05,142.0,148.5,59.4,21.75,86.8,109.0,7.52,51.2,48.25
139.0,262.5,391.0,67.7,12.55,33.65,9.31,317.0,16.75,31.85,47.75,14.8,30.65,19.8,26.4,39.95,38.95,84.5,6.98,28.45,84.2,72.7,74.4,52.8,21.0,25.45,19.75,230.5,52.0,207.5,32.05,243.0,26.8,195.0,229.0,44.8,145.0,142.0,89.0,77.8,132.0,51.8,34.75,49.65,103.0,34.85,106.0,18.4,18.2,31.25,10.65,37.45,31.25,15.5,120.0,183.5,29.7,23.5,16.1,540.0,75.7,569.0,238.5,10.9,18.85,113.0,84.2,480.0,259.5,10.7,27.7,13.6,42.75,14.45,92.1,74.2,38.7,122.5,20.0,24.3,72.8,15.9,27.05,251.5,416.5,153.0,123.5,18.2,50.5,51.8,36.9,10.9,22.25,15.45,27.05,48.75,86.3,63.6,14.55,139.5,11.8,11.2,52.3,78.6,22.05,63.1,20.6,301.5,226.5,218.5,68.4,349.0,56.9,59.6,12.85,138.5,110.0,278.0,21.3,35.75,136.5,50.0,33.3,20.65,31.35,70.8,241.0,10.5,35.55,331.0,224.0,3935.0,39.9,387.5,157.0,25.05,142.0,148.5,59.4,21.75,87.0,109.5,7.52,51.3,48.2
139.0,262.5,391.0,67.7,12.55,33.65,9.31,317.0,16.75,31.9,47.75,14.75,30.6,19.85,26.4,39.95,38.95,84.5,6.98,28.45,84.1,72.7,74.5,52.8,21.0,25.45,19.75,230.0,52.0,207.5,32.05,243.0,26.8,195.0,229.0,44.8,145.0,142.0,89.0,77.8,132.0,51.8,34.8,49.65,103.0,34.85,105.5,18.4,18.2,31.25,10.65,37.45,31.25,15.5,120.5,183.5,29.7,23.5,16.1,540.0,75.6,569.0,238.5,10.9,18.85,113.0,84.3,480.0,259.5,10.7,27.7,13.6,42.75,14.45,92.0,74.2,38.65,122.0,20.0,24.3,72.8,15.9,27.05,251.5,415.0,153.0,123.5,18.2,50.5,51.8,36.9,10.95,22.2,15.45,27.05,48.75,86.2,63.6,14.6,140.0,11.8,11.2,52.4,78.5,22.05,63.0,20.65,302.5,226.5,218.0,68.3,349.0,56.9,59.6,12.9,138.5,110.0,279.0,21.3,35.75,137.0,50.1,33.3,20.65,31.35,70.8,241.0,10.45,35.5,331.0,224.0,3935.0,39.9,387.5,157.0,25.05,141.5,148.0,59.4,21.75,87.0,109.5,7.53,51.5,48.2
139.0,262.5,391.0,67.6,12.55,33.65,9.31,319.0,16.75,31.9,47.7,14.75,30.6,19.85,26.4,39.95,38.95,84.5,6.98,28.45,84.1,72.7,74.4,52.8,21.0,25.45,19.75,228.5,52.0,207.5,32.05,243.0,26.8,195.0,229.0,44.8,145.0,142.0,89.0,77.8,132.0,51.8,34.8,49.65,103.0,34.85,105.5,18.4,18.2,31.25,10.7,37.45,31.25,15.5,120.5,183.5,29.7,23.5,16.1,540.0,75.7,569.0,238.5,10.9,18.9,113.5,84.1,479.0,259.5,10.7,27.7,13.6,42.75,14.45,92.0,74.2,38.65,122.5,20.0,24.3,72.8,15.9,27.1,251.5,415.0,153.0,124.5,18.2,50.5,51.8,36.85,10.9,22.25,15.45,27.05,48.75,86.2,63.6,14.6,140.0,11.75,11.25,52.4,78.5,22.05,63.2,20.6,302.0,226.5,218.5,68.3,349.0,56.9,59.6,12.85,138.5,109.5,278.0,21.35,35.75,136.5,50.0,33.3,20.65,31.3,70.8,241.0,10.5,35.55,331.5,223.5,3935.0,39.85,387.5,157.0,25.05,141.5,148.0,59.4,21.75,87.0,109.0,7.52,51.4,48.15
139.0,264.0,391.0,67.6,12.6,33.65,9.31,318.0,16.75,31.9,47.7,14.8,30.65,19.8,26.4,39.95,38.95,84.5,6.98,28.45,84.5,72.6,74.4,52.5,21.0,25.45,19.75,230.0,52.0,207.5,32.05,243.0,26.8,195.0,229.0,44.8,145.0,141.5,89.0,77.8,132.0,51.8,34.8,49.6,103.0,34.85,105.5,18.4,18.2,31.25,10.65,37.5,31.25,15.5,120.5,183.5,29.7,23.45,16.1,540.0,75.6,569.0,238.5,10.95,18.85,113.5,84.1,478.5,259.0,10.7,27.8,13.55,42.75,14.4,92.0,74.2,38.7,122.0,20.0,24.3,72.8,15.95,27.15,251.5,415.0,153.0,124.5,18.2,50.5,51.8,36.85,10.95,22.25,15.45,27.05,48.75,86.3,63.6,14.6,139.5,11.75,11.2,52.4,78.4,22.05,63.1,20.65,302.0,226.5,218.5,68.3,349.0,56.9,59.6,12.9,138.5,109.5,278.0,21.35,35.75,137.0,50.0,33.3,20.65,31.3,70.8,241.0,10.5,35.5,331.5,223.5,3935.0,39.85,387.5,157.0,25.05,141.5,148.5,59.4,21.75,87.1,109.5,7.52,51.3,48.2
139.5,263.0,391.0,67.6,12.55,33.65,9.31,318.0,16.75,31.9,47.75,14.8,30.6,19.8,26.4,39.95,38.95,84.5,6.99,28.45,84.6,72.7,74.4,52.7,21.0,25.45,19.75,230.0,52.0,207.5,32.05,243.0,26.8,195.0,229.0,44.8,145.0,141.5,89.0,77.8,132.0,51.8,34.75,49.7,103.0,34.85,106.0,18.4,18.2,31.2,10.65,37.5,31.25,15.55,120.5,183.5,29.7,23.45,16.1,540.0,75.6,569.0,238.5,10.9,18.85,113.5,84.2,478.5,259.5,10.7,27.75,13.6,42.75,14.45,92.0,74.2,38.7,122.5,20.05,24.35,72.8,15.95,27.15,251.5,416.5,153.0,124.5,18.2,50.3,51.8,36.85,10.95,22.25,15.5,27.0,48.75,86.4,63.6,14.6,140.0,11.8,11.2,52.4,78.4,22.0,63.0,20.65,301.5,226.5,219.0,68.3,349.0,56.9,59.5,12.9,138.5,109.5,277.5,21.4,35.75,137.0,50.0,33.3,20.65,31.3,70.8,240.5,10.5,35.55,332.5,223.5,3930.0,39.85,388.0,157.0,25.05,141.5,148.0,59.4,21.75,87.1,109.5,7.52,51.3,48.2
139.0,262.5,391.0,67.7,12.6,33.65,9.31,318.0,16.75,31.9,47.75,14.8,30.6,19.8,26.4,39.95,38.95,84.5,6.99,28.45,84.5,72.7,74.5,52.7,21.0,25.45,19.75,230.0,52.0,207.5,32.05,243.0,26.75,195.0,229.0,44.8,145.0,142.0,89.0,77.8,132.0,51.8,34.8,49.7,103.0,34.85,106.0,18.4,18.2,31.2,10.65,37.5,31.25,15.55,120.5,183.5,29.75,23.5,16.1,540.0,75.6,569.0,238.5,10.9,18.9,113.0,84.2,480.5,259.0,10.7,27.7,13.6,42.75,14.45,92.0,74.2,38.7,122.0,20.05,24.35,72.8,15.95,27.2,251.5,416.0,153.0,124.5,18.2,50.4,51.8,36.85,10.9,22.2,15.5,27.05,48.8,86.4,63.6,14.55,140.0,11.8,11.2,52.4,78.7,22.0,63.1,20.6,301.5,226.5,219.0,68.4,349.0,57.0,59.5,12.85,138.0,110.0,278.0,21.4,35.75,137.0,50.0,33.3,20.65,31.3,70.8,241.0,10.45,35.5,333.0,224.5,3930.0,39.8,388.0,157.5,25.05,142.0,148.0,59.4,21.75,87.2,109.5,7.52,51.4,48.2
139.0,263.5,391.0,67.7,12.6,33.65,9.3,318.5,16.75,31.9,47.75,14.75,30.6,19.85,26.4,39.95,38.95,84.5,6.99,28.45,84.6,72.6,74.4,52.8,21.0,25.45,19.75,230.0,52.0,207.5,32.05,243.0,26.75,195.0,228.5,44.8,145.0,142.0,89.0,77.7,132.0,51.7,34.8,49.75,103.0,34.9,105.5,18.45,18.2,31.25,10.65,37.5,31.25,15.5,120.5,183.5,29.75,23.45,16.1,540.0,75.6,569.0,238.5,10.9,18.9,113.5,84.1,480.5,259.0,10.7,27.7,13.6,42.75,14.45,92.0,74.2,38.6,122.0,20.05,24.35,72.8,15.95,27.15,251.5,416.0,153.0,124.5,18.2,50.4,51.8,36.85,10.95,22.25,15.55,27.0,48.8,86.5,63.6,14.55,140.0,11.75,11.2,52.4,78.5,22.05,63.0,20.6,301.5,226.5,219.0,68.4,349.5,57.0,59.6,12.9,138.5,109.5,278.5,21.4,35.75,137.0,50.0,33.3,20.65,31.3,70.8,240.5,10.45,35.5,333.5,224.5,3930.0,39.8,388.0,157.5,25.05,142.0,148.5,59.4,21.75,87.3,109.5,7.52,51.5,48.2
139.5,263.0,391.0,67.7,12.55,33.65,9.3,318.0,16.75,31.95,47.75,14.75,30.6,19.8,26.4,39.95,38.95,84.5,6.99,28.45,84.5,72.7,74.5,52.8,21.0,25.45,19.75,230.0,51.9,207.5,32.05,243.0,26.75,195.5,228.5,44.8,145.0,142.0,89.0,77.9,132.0,51.7,34.8,49.8,103.0,34.9,106.0,18.4,18.2,31.25,10.65,37.5,31.25,15.55,121.0,183.5,29.75,23.55,16.1,540.0,75.6,569.0,238.5,10.9,18.9,113.5,84.3,482.0,259.0,10.7,27.75,13.6,42.75,14.45,92.1,74.2,38.6,122.5,20.05,24.4,72.9,15.95,27.1,251.5,415.5,153.5,124.0,18.25,50.4,51.8,36.9,10.95,22.25,15.5,27.05,48.8,86.6,63.7,14.6,140.5,11.8,11.2,52.5,78.5,22.05,63.0,20.6,302.0,226.5,219.0,68.4,350.0,56.9,59.6,12.85,138.5,109.5,279.0,21.35,35.8,137.0,50.0,33.4,20.65,31.3,70.8,241.0,10.5,35.5,333.0,225.5,3930.0,39.9,387.5,157.5,25.05,142.0,148.0,59.4,21.75,87.3,109.5,7.52,51.7,48.2
139.0,263.5,391.0,67.8,12.55,33.65,9.29,317.5,16.75,31.95,47.75,14.8,30.6,19.85,26.4,39.95,38.95,84.5,6.99,28.5,84.3,72.6,74.4,52.8,21.0,25.45,19.75,230.0,51.9,207.5,32.05,243.0,26.75,195.5,228.0,44.8,145.0,142.0,89.1,77.9,132.0,51.7,34.8,49.65,103.0,34.9,106.0,18.4,18.2,31.25,10.65,37.5,31.25,15.55,121.0,183.5,29.75,23.55,16.1,540.0,75.7,569.0,238.5,10.95,18.85,113.5,84.3,481.0,259.5,10.7,27.75,13.6,42.75,14.5,91.9,74.3,38.65,122.5,20.05,24.35,72.8,15.95,27.1,251.5,415.5,153.5,124.0,18.25,50.4,51.8,36.9,10.95,22.3,15.55,27.1,48.85,86.6,63.9,14.6,140.5,11.8,11.2,52.5,78.8,22.05,63.0,20.6,302.5,227.0,219.0,68.4,349.0,57.0,59.6,12.9,138.5,110.0,280.0,21.35,35.8,137.0,50.0,33.4,20.65,31.3,70.9,240.5,10.5,35.5,333.0,224.5,3935.0,39.8,387.5,157.0,25.05,142.5,148.5,59.3,21.75,87.4,109.5,7.53,51.7,48.2
139.0,264.0,391.0,67.7,12.6,33.6,9.29,318.0,16.75,31.95,47.75,14.8,30.65,19.85,26.4,39.95,38.95,84.5,6.99,28.5,84.4,72.7,74.4,52.5,21.0,25.45,19.75,230.0,51.9,207.5,32.05,243.0,26.75,195.5,228.5,44.8,145.0,141.5,89.1,77.9,132.0,51.8,34.75,49.7,103.0,34.9,106.5,18.4,18.2,31.25,10.7,37.5,31.25,15.55,121.0,184.0,29.75,23.55,16.1,540.0,75.7,569.0,238.5,10.9,18.85,113.5,84.2,481.0,260.0,10.7,27.75,13.65,42.75,14.5,91.8,74.3,38.65,122.5,20.05,24.35,72.8,15.95,27.1,252.0,415.5,153.5,124.0,18.25,50.5,51.8,36.9,10.95,22.3,15.55,27.1,48.85,86.9,63.9,14.6,140.5,11.8,11.2,52.5,78.6,22.05,63.0,20.6,303.5,227.5,219.0,68.4,349.0,57.0,59.6,12.9,138.5,109.5,281.0,21.4,35.8,137.5,50.0,33.5,20.65,31.3,70.9,240.5,10.5,35.5,332.5,224.5,3935.0,39.9,387.5,157.0,25.05,142.0,148.5,59.3,21.75,87.5,109.0,7.53,51.7,48.2
138.5,264.0,391.0,67.7,12.6,33.65,9.29,319.5,16.75,31.95,47.75,14.8,30.65,19.85,26.4,39.95,38.95,84.5,6.99,28.5,84.3,72.7,74.5,52.8,21.0,25.45,19.75,230.0,51.9,207.5,32.05,243.0,26.75,195.5,229.0,44.95,145.0,142.0,89.1,78.0,132.0,51.8,34.8,49.85,103.0,34.9,106.5,18.4,18.2,31.25,10.7,37.5,31.25,15.55,121.0,183.5,29.75,23.55,16.1,540.0,75.7,569.0,238.5,10.9,18.85,113.5,84.3,481.0,260.0,10.7,27.75,13.65,42.8,14.5,92.0,74.3,38.6,122.0,20.05,24.35,72.7,15.95,27.15,252.0,415.5,154.5,124.0,18.25,50.4,51.8,36.85,10.95,22.25,15.55,27.05,49.0,86.8,63.9,14.6,140.5,11.8,11.2,52.5,78.7,22.0,63.0,20.6,304.5,229.0,219.0,68.5,349.0,57.0,59.6,12.85,138.5,109.5,280.0,21.35,35.75,137.5,50.0,33.5,20.7,31.3,70.9,241.0,10.5,35.5,331.5,224.5,3935.0,39.9,387.5,157.0,25.0,142.0,148.5,59.3,21.8,87.5,109.5,7.52,51.7,48.2
139.0,264.5,391.0,67.8,12.6,33.65,9.29,320.0,16.75,31.95,47.75,14.75,30.65,19.8,26.4,39.95,38.95,84.5,6.99,28.5,84.3,72.7,74.5,52.9,21.0,25.45,19.7,230.0,51.9,207.5,32.05,243.0,26.75,195.5,229.0,44.85,145.0,142.0,89.1,77.9,132.0,51.8,34.8,49.7,103.0,34.9,106.5,18.45,18.2,31.25,10.7,37.5,31.2,15.55,121.0,183.5,29.75,23.6,16.1,540.0,75.6,569.0,238.5,10.9,18.85,113.5,84.3,481.0,260.0,10.7,27.75,13.65,42.8,14.5,92.0,74.3,38.7,122.0,20.05,24.35,72.7,15.95,27.1,251.5,415.5,154.5,124.5,18.25,50.4,51.8,36.85,10.95,22.3,15.55,27.1,49.0,86.9,63.9,14.6,140.0,11.8,11.2,52.5,78.7,22.0,62.9,20.65,303.5,228.5,219.0,68.5,349.0,57.0,59.6,12.9,138.5,110.0,280.0,21.4,35.7,137.5,50.1,33.45,20.7,31.3,70.9,241.0,10.5,35.5,332.0,224.0,3930.0,39.9,387.0,157.0,25.05,142.5,148.5,59.3,21.8,87.4,109.5,7.52,51.7,48.2
139.0,266.0,391.0,67.8,12.6,33.65,9.31,318.5,16.75,31.95,47.75,14.75,30.65,19.85,26.35,39.95,38.95,84.3,6.99,28.5,84.3,72.7,74.5,52.5,21.0,25.45,19.7,230.0,51.9,207.5,32.05,243.0,26.75,196.0,229.0,44.85,145.0,142.0,89.1,78.0,132.0,51.9,34.75,49.7,103.0,34.95,106.5,18.45,18.2,31.25,10.7,37.5,31.2,15.55,121.0,183.5,29.75,23.55,16.1,540.0,75.6,569.0,238.5,10.9,18.9,113.5,84.2,481.0,259.5,10.7,27.75,13.65,42.8,14.55,91.8,74.2,38.7,122.5,20.05,24.35,72.8,15.95,27.1,251.5,415.5,154.0,124.0,18.25,50.4,51.8,36.9,10.95,22.3,15.55,27.1,49.0,86.9,63.9,14.6,140.0,11.75,11.2,52.6,78.7,22.05,62.9,20.6,303.0,229.5,219.0,68.4,349.5,57.0,59.6,12.85,138.5,110.0,279.5,21.4,35.7,137.5,50.1,33.45,20.7,31.35,70.9,241.0,10.45,35.55,332.5,224.0,3935.0,39.9,386.5,157.5,25.05,142.0,149.0,59.3,21.8,87.4,109.5,7.52,51.5,48.2
138.5,265.0,391.0,67.8,12.65,33.65,9.3,320.0,16.75,31.95,47.8,14.8,30.6,19.85,26.4,39.95,38.95,84.4,6.99,28.5,84.1,72.7,74.6,52.9,21.0,25.45,19.7,230.0,51.9,207.5,32.05,243.0,26.75,196.0,230.0,44.85,145.0,142.0,89.1,78.0,132.0,51.9,34.8,49.75,103.0,34.95,106.5,18.45,18.25,31.3,10.7,37.5,31.2,15.55,121.0,183.5,29.75,23.55,16.1,540.0,75.7,569.0,238.5,10.95,18.9,113.5,84.2,480.0,259.0,10.7,27.75,13.6,42.8,14.55,91.7,74.3,38.65,122.0,20.05,24.4,72.8,15.95,27.05,251.5,415.5,154.0,124.0,18.25,50.4,51.8,36.9,10.9,22.3,15.55,27.05,49.0,86.8,63.9,14.6,140.5,11.75,11.2,52.6,78.5,22.05,62.9,20.6,303.0,229.0,219.0,68.4,349.5,56.9,59.6,12.9,138.5,110.0,279.5,21.4,35.6,137.5,50.1,33.4,20.65,31.35,70.9,241.0,10.45,35.5,332.5,223.5,3935.0,39.9,386.5,157.5,25.05,142.0,149.0,59.3,21.8,87.4,109.0,7.52,51.6,48.2
139.0,265.0,391.0,67.8,12.65,33.65,9.3,320.5,16.75,31.95,47.75,14.8,30.6,19.85,26.4,39.95,39.2,84.3,6.99,28.5,84.1,72.6,74.8,52.9,21.0,25.45,19.75,230.0,51.9,207.5,32.1,243.0,26.75,196.0,230.0,44.85,145.0,142.0,89.1,78.0,132.0,51.9,34.8,49.85,103.0,34.95,106.5,18.45,18.25,31.3,10.7,37.5,31.2,15.55,121.0,183.5,29.75,23.5,16.1,540.0,75.7,569.0,238.5,10.95,18.9,113.0,84.3,479.0,259.5,10.75,27.75,13.6,42.8,14.55,91.4,74.3,38.6,122.5,20.05,24.4,72.7,15.95,27.05,251.5,415.5,154.5,123.5,18.25,50.4,51.8,36.9,10.9,22.3,15.55,27.05,48.95,86.8,63.8,14.55,140.0,11.8,11.2,52.6,78.4,22.05,62.9,20.65,303.0,228.0,219.0,68.3,349.0,56.9,59.7,12.85,138.5,109.5,279.0,21.45,35.65,137.0,50.1,33.4,20.65,31.35,70.8,241.5,10.45,35.55,332.0,223.5,3930.0,39.9,386.5,157.5,25.05,141.5,148.5,59.3,21.8,87.4,109.0,7.52,51.6,48.2
139.0,264.5,391.0,67.8,12.6,33.65,9.3,319.5,16.75,31.95,47.8,14.8,30.6,19.85,26.4,39.95,39.2,84.3,6.99,28.45,84.0,72.6,74.7,52.9,21.0,25.45,19.75,230.0,51.9,207.5,32.1,243.0,26.75,196.0,230.0,44.9,145.0,142.0,89.1,78.0,132.0,51.8,34.75,49.9,103.0,34.9,106.5,18.45,18.25,31.3,10.65,37.5,31.2,15.5,121.0,183.5,29.75,23.5,16.1,540.0,75.6,569.0,238.5,10.95,18.85,113.5,84.2,478.5,259.5,10.7,27.7,13.65,42.8,14.55,91.4,74.4,38.65,122.0,20.05,24.4,72.7,15.95,27.05,251.5,415.5,154.0,123.5,18.25,50.4,51.8,36.9,10.95,22.3,15.55,27.05,48.85,86.7,63.7,14.6,140.5,11.75,11.2,52.6,78.3,22.05,62.9,20.6,302.5,227.5,219.0,68.4,349.0,56.9,59.7,12.85,138.0,109.5,279.0,21.45,35.55,137.0,50.1,33.4,20.65,31.35,70.8,241.5,10.45,35.55,332.5,222.5,3935.0,39.9,385.5,157.5,25.05,141.5,149.0,59.3,21.8,87.4,109.0,7.52,51.6,48.2
138.5,264.0,391.0,67.8,12.6,33.65,9.3,321.5,16.75,31.9,47.75,14.8,30.6,19.8,26.4,39.95,39.2,84.3,6.99,28.45,83.9,72.7,74.7,52.8,21.0,25.45,19.75,230.0,51.9,207.5,32.1,243.0,26.75,196.0,230.0,44.9,145.0,142.0,89.1,77.9,132.0,51.8,34.8,49.75,103.0,34.9,106.0,18.45,18.2,31.3,10.65,37.5,31.2,15.55,121.0,183.5,29.75,23.5,16.1,540.0,75.7,569.0,238.5,10.95,18.9,113.5,84.3,478.0,259.5,10.75,27.7,13.6,42.8,14.55,90.7,74.3,38.65,122.0,20.05,24.4,72.7,15.9,27.05,251.5,415.5,154.0,123.5,18.3,50.3,51.9,36.9,10.95,22.3,15.55,27.1,48.85,86.8,63.7,14.6,140.5,11.75,11.2,52.6,78.1,22.05,62.9,20.6,303.0,228.0,219.0,68.4,349.0,56.9,59.7,12.9,138.5,110.0,279.0,21.45,35.25,136.5,50.1,33.4,20.65,31.35,70.8,241.5,10.45,35.5,332.0,223.0,3930.0,39.85,385.5,157.0,25.05,141.0,148.5,59.3,21.8,87.5,109.0,7.52,51.5,48.2
139.0,265.0,390.0,67.7,12.6,33.65,9.31,324.0,16.75,31.9,47.75,14.8,30.6,19.8,26.4,39.95,39.2,84.3,6.99,28.45,84.0,72.6,74.7,52.9,21.0,25.45,19.75,229.5,51.9,207.5,32.1,243.0,26.75,196.0,230.0,44.85,145.0,142.0,89.1,77.9,132.0,51.8,34.8,49.75,103.0,34.9,106.5,18.45,18.2,31.3,10.65,37.5,31.2,15.55,121.0,183.5,29.75,23.55,16.1,540.0,75.7,569.0,238.5,10.95,18.9,113.5,84.2,479.5,259.0,10.75,27.7,13.65,42.8,14.55,90.9,74.3,38.65,122.0,20.05,24.4,72.8,15.9,27.05,251.5,416.5,154.0,124.0,18.25,50.4,51.9,36.9,10.95,22.3,15.5,27.05,48.9,86.7,63.8,14.6,140.5,11.8,11.2,52.6,78.4,22.05,62.8,20.6,303.0,228.0,219.0,68.4,349.0,56.9,59.6,12.85,138.5,110.0,279.0,21.45,35.4,136.5,50.1,33.4,20.65,31.35,70.8,241.5,10.45,35.5,332.5,222.5,3930.0,39.85,386.0,157.0,25.05,141.0,148.5,59.3,21.8,87.5,109.5,7.51,51.6,48.2
139.0,265.0,390.0,67.8,12.6,33.65,9.3,322.0,16.75,31.9,47.75,14.75,30.6,19.8,26.4,39.95,39.15,84.2,6.99,28.5,83.8,72.7,74.6,52.9,21.0,25.45,19.7,229.0,51.9,207.5,32.1,243.0,26.75,196.0,230.0,44.85,145.5,142.0,89.0,78.0,132.0,51.8,34.8,49.75,103.0,34.9,106.0,18.45,18.2,31.25,10.7,37.5,31.15,15.55,121.0,183.5,29.8,23.45,16.1,540.0,75.7,569.0,238.5,10.95,18.9,113.0,84.2,478.5,259.5,10.7,27.7,13.65,42.8,14.55,90.5,74.4,38.6,122.0,20.05,24.4,72.7,15.9,27.05,251.5,419.0,154.0,123.5,18.25,50.5,51.9,36.85,10.9,22.3,15.55,27.1,48.85,86.7,63.8,14.6,140.5,11.75,11.2,52.6,78.1,22.05,62.9,20.6,303.0,227.5,219.0,68.4,349.0,56.9,59.7,12.9,138.5,110.0,279.0,21.45,35.35,136.5,50.1,33.45,20.65,31.35,70.8,241.5,10.5,35.5,332.5,223.0,3930.0,39.85,386.0,157.0,25.05,141.0,149.0,59.3,21.8,87.5,109.5,7.52,51.6,48.15
139.0,266.0,390.0,67.8,12.55,33.6,9.3,321.5,16.75,31.9,47.75,14.75,30.6,19.85,26.4,39.95,39.15,84.2,6.99,28.45,83.2,72.7,74.6,52.9,21.0,25.45,19.7,229.0,51.9,207.5,32.15,243.0,26.75,196.0,229.0,44.85,145.5,142.0,89.0,78.0,132.0,51.8,34.75,49.7,103.0,34.9,106.5,18.45,18.2,31.2,10.65,37.5,31.15,15.5,121.0,183.0,29.75,23.45,16.1,540.0,75.7,569.0,239.0,10.95,18.85,113.5,84.3,478.0,259.0,10.75,27.7,13.6,42.8,14.55,90.5,74.4,38.6,122.0,20.05,24.4,72.7,15.9,27.05,251.5,417.5,154.0,124.0,18.3,50.5,51.9,36.9,10.9,22.3,15.5,27.1,48.85,86.7,63.7,14.6,141.0,11.8,11.2,52.6,78.0,22.0,62.8,20.6,303.5,227.5,218.5,68.3,349.0,56.9,59.7,12.85,138.5,109.5,279.5,21.45,35.3,136.5,50.1,33.4,20.65,31.35,70.8,241.5,10.5,35.5,333.0,222.5,3930.0,39.8,386.0,157.0,25.05,141.0,148.5,59.3,21.75,87.3,109.5,7.52,51.5,48.15
139.0,265.0,390.0,67.7,12.55,33.65,9.3,320.5,16.75,31.9,47.75,14.8,30.6,19.85,26.4,40.0,39.15,84.3,6.99,28.45,83.4,72.7,74.5,52.9,21.0,25.45,19.75,229.0,51.8,208.0,32.15,243.0,26.75,196.0,229.0,44.85,145.0,142.0,89.0,78.0,131.5,51.8,34.8,49.7,103.0,34.85,106.5,18.45,18.2,31.3,10.65,37.5,31.15,15.55,121.0,183.0,29.8,23.45,16.1,540.0,75.6,569.0,239.0,10.95,18.9,113.0,84.3,478.0,259.0,10.7,27.8,13.65,42.8,14.55,90.2,74.4,38.65,122.0,20.05,24.4,72.7,15.95,27.05,251.5,417.0,154.0,124.0,18.3,50.5,51.9,36.9,10.95,22.3,15.55,27.1,48.85,86.7,63.7,14.6,141.0,11.8,11.2,52.6,78.1,22.0,62.8,20.6,304.0,227.0,219.0,68.3,349.0,56.9,59.6,12.85,139.0,110.0,279.0,21.4,35.4,136.5,50.1,33.4,20.65,31.35,70.8,241.5,10.45,35.5,332.0,222.5,3930.0,39.8,386.0,157.5,25.05,141.5,149.0,59.3,21.8,87.3,109.5,7.52,51.6,48.2
138.5,264.0,390.0,67.7,12.55,33.65,9.3,320.0,16.75,31.9,47.75,14.8,30.6,19.85,26.4,40.0,39.2,84.2,6.99,28.45,83.4,72.6,74.5,52.9,21.0,25.45,19.75,229.0,51.9,208.5,32.15,243.0,26.75,196.0,229.0,44.85,145.0,142.0,89.1,77.9,131.5,51.8,34.8,49.8,103.0,34.85,106.5,18.45,18.2,31.3,10.65,37.5,31.15,15.55,121.0,183.0,29.8,23.5,16.05,540.0,75.6,569.0,239.0,10.9,18.9,113.5,84.2,478.0,259.5,10.7,27.9,13.6,42.8,14.5,90.4,74.4,38.6,122.5,20.05,24.45,72.8,15.95,27.05,251.5,417.5,154.0,124.5,18.25,50.4,51.9,36.9,10.9,22.3,15.55,27.05,48.9,86.7,63.8,14.6,141.0,11.8,11.25,52.6,78.1,22.05,62.8,20.65,304.5,227.5,219.5,68.3,349.5,56.9,59.7,12.9,139.0,109.5,279.0,21.45,35.5,136.5,50.1,33.4,20.65,31.35,70.8,241.5,10.5,35.5,332.5,222.0,3925.0,39.8,386.0,157.5,25.05,141.5,148.5,59.3,21.8,87.3,109.5,7.51,51.6,48.15
139.0,263.0,390.0,67.6,12.55,33.65,9.3,321.0,16.75,31.9,47.75,14.8,30.6,19.85,26.4,40.0,39.25,84.3,7.0,28.45,83.6,72.7,74.5,52.9,21.0,25.45,19.75,228.5,51.9,208.5,32.15,243.0,26.75,196.5,229.0,44.85,145.0,142.0,89.1,78.0,131.5,51.8,34.8,49.8,103.0,34.85,106.5,18.45,18.2,31.3,10.65,37.5,31.15,15.5,121.0,183.0,29.8,23.45,16.1,540.0,75.6,569.0,239.0,10.9,18.9,113.0,84.3,477.5,259.0,10.75,27.85,13.6,42.8,14.55,90.5,74.4,38.6,122.0,20.05,24.45,72.8,15.9,27.05,251.5,418.0,154.0,124.5,18.3,50.5,51.9,36.9,10.9,22.3,15.5,27.05,48.9,86.7,63.8,14.6,141.0,11.75,11.2,52.5,78.0,22.05,62.8,20.6,304.0,227.5,219.5,68.3,349.5,56.9,59.7,12.85,139.0,109.5,279.5,21.45,35.5,136.5,50.1,33.45,20.65,31.35,70.8,241.5,10.45,35.5,332.0,221.5,3920.0,39.85,385.5,157.0,25.05,141.0,149.0,59.3,21.8,87.4,109.5,7.51,51.8,48.2
139.0,263.5,390.0,67.6,12.55,33.65,9.3,321.0,16.75,31.9,47.75,14.8,30.6,19.85,26.45,40.0,39.25,84.3,7.0,28.45,83.5,72.7,74.6,52.9,21.0,25.45,19.75,228.5,51.9,208.5,32.15,243.0,26.75,196.5,229.0,44.85,145.0,142.0,89.1,78.0,131.5,51.9,34.8,49.9,103.0,34.85,106.5,18.5,18.2,31.25,10.7,37.5,31.15,15.5,120.5,183.0,29.85,23.45,16.05,540.0,75.6,569.0,239.0,10.95,18.9,113.0,84.3,478.5,259.5,10.75,27.85,13.6,42.8,14.5,90.5,74.4,38.65,122.5,20.05,24.45,72.8,15.95,27.2,251.5,418.0,153.5,125.0,18.25,50.4,51.9,36.9,10.95,22.3,15.5,27.1,48.9,86.7,63.8,14.6,140.5,11.8,11.2,52.6,78.2,22.05,62.9,20.6,303.0,227.0,219.5,68.3,349.0,56.9,59.7,12.9,139.0,110.0,280.5,21.45,35.5,136.0,50.1,33.45,20.65,31.35,70.9,241.0,10.5,35.55,331.5,222.0,3910.0,39.8,385.5,157.5,25.05,140.5,149.0,59.2,21.75,87.3,109.5,7.52,51.7,48.2
139.0,263.5,390.0,67.6,12.55,33.65,9.3,321.5,16.75,31.9,47.75,14.8,30.6,19.8,26.45,40.0,39.25,84.3,7.0,28.45,83.7,72.7,74.5,52.9,21.0,25.45,19.75,228.5,51.9,208.5,32.15,243.0,26.75,196.5,229.0,44.85,145.0,142.0,89.1,77.9,131.5,51.9,34.8,49.75,103.0,34.85,106.5,18.45,18.2,31.25,10.7,37.5,31.15,15.55,120.5,183.0,29.9,23.45,16.1,540.0,75.7,569.0,239.0,10.95,18.9,113.5,84.3,479.5,259.0,10.7,27.85,13.65,42.8,14.5,90.6,74.4,38.6,122.0,20.05,24.4,72.7,15.95,27.15,252.0,419.0,154.0,125.5,18.3,50.4,52.0,36.9,10.9,22.3,15.5,27.1,48.9,86.7,63.8,14.6,140.5,11.8,11.2,52.6,78.3,22.0,62.9,20.6,303.0,227.0,219.5,68.3,349.5,57.0,59.6,12.85,139.0,110.0,280.5,21.45,35.5,136.5,50.1,33.45,20.65,31.35,70.9,241.5,10.45,35.55,331.5,223.0,3910.0,39.8,386.5,157.5,25.1,141.0,148.5,59.2,21.8,87.3,109.0,7.51,51.7,48.2
139.0,264.0,390.0,67.6,12.55,33.65,9.3,322.0,16.75,31.9,47.75,14.8,30.6,19.85,26.45,40.0,39.3,84.3,7.0,28.45,84.0,72.7,74.5,52.9,21.0,25.45,19.75,228.5,51.9,208.5,32.15,243.0,26.75,196.5,229.0,44.8,145.0,142.0,89.1,77.9,131.5,51.9,34.8,49.85,103.0,34.85,106.5,18.45,18.25,31.3,10.7,37.5,31.15,15.5,121.0,183.0,29.85,23.5,16.1,540.0,75.6,569.0,239.0,10.9,18.9,113.5,84.2,479.0,259.0,10.75,27.75,13.65,42.8,14.5,90.6,74.4,38.6,122.5,20.0,24.45,72.8,15.95,27.15,252.0,419.0,154.0,125.5,18.25,50.4,52.0,36.9,10.95,22.3,15.5,27.05,48.9,86.8,63.8,14.6,140.5,11.8,11.25,52.6,78.3,22.0,62.9,20.65,303.5,227.0,219.5,68.4,349.5,57.0,59.7,12.85,139.0,109.5,282.0,21.45,35.5,136.5,50.1,33.45,20.65,31.35,70.9,241.0,10.5,35.5,331.0,223.0,3910.0,39.8,386.5,157.5,25.05,141.0,149.0,59.3,21.8,87.5,109.5,7.52,51.6,48.2
139.0,264.5,390.0,67.6,12.55,33.65,9.3,323.0,16.75,31.9,47.8,14.75,30.6,19.85,26.5,40.0,39.3,84.3,7.0,28.45,83.9,72.7,74.5,52.9,21.0,25.5,19.75,228.5,51.9,208.5,32.2,243.0,26.75,196.5,229.0,44.8,145.0,142.0,89.1,78.0,131.5,51.9,34.8,49.75,103.0,34.9,106.5,18.45,18.25,31.2,10.65,37.5,31.15,15.5,121.0,183.0,29.85,23.45,16.1,540.0,75.7,569.0,239.0,10.95,18.9,113.5,84.3,479.0,259.0,10.7,27.75,13.6,42.8,14.5,90.2,74.4,38.6,122.5,20.05,24.45,72.8,15.95,27.15,252.0,419.0,154.0,125.5,18.3,50.4,52.0,36.9,10.95,22.25,15.5,27.05,48.9,86.7,63.8,14.55,141.0,11.8,11.25,52.6,78.1,22.05,62.9,20.65,303.5,227.5,220.0,68.3,349.5,57.0,59.7,12.85,139.0,110.0,282.0,21.4,35.5,136.5,50.1,33.4,20.7,31.35,70.8,241.5,10.45,35.55,331.5,222.5,3905.0,39.75,386.5,157.5,25.1,141.0,148.5,59.2,21.8,87.2,109.5,7.52,51.7,48.2
139.0,264.5,390.0,67.7,12.55,33.65,9.3,322.5,16.75,31.9,47.75,14.75,30.6,19.85,26.5,40.0,39.25,84.4,6.99,28.45,84.0,72.6,74.6,52.9,21.0,25.5,19.75,229.0,51.9,208.5,32.15,243.0,26.75,196.5,229.0,44.8,145.0,142.0,89.1,78.0,131.5,51.8,34.8,49.9,103.0,34.85,106.5,18.45,18.25,31.2,10.7,37.5,31.15,15.5,120.5,183.0,29.85,23.5,16.1,540.0,75.7,569.0,239.0,10.9,18.85,113.5,84.3,480.0,259.5,10.7,27.75,13.6,42.8,14.5,90.6,74.4,38.6,122.5,20.05,24.5,72.8,15.9,27.25,251.5,419.5,154.0,126.0,18.25,50.4,51.9,36.9,10.9,22.25,15.5,27.1,48.9,86.7,63.8,14.6,140.5,11.8,11.25,52.6,78.1,22.05,62.9,20.6,304.5,228.0,220.0,68.4,350.0,57.0,59.7,12.9,139.0,109.5,283.0,21.45,35.6,136.5,50.1,33.4,20.7,31.35,70.8,241.5,10.45,35.6,331.5,222.5,3905.0,39.75,387.0,157.5,25.1,141.0,149.0,59.3,21.8,87.2,109.5,7.52,51.9,48.2
139.0,264.5,390.0,67.6,12.55,33.65,9.3,322.5,16.75,31.9,47.75,14.8,30.6,19.85,26.5,40.0,39.25,84.3,6.99,28.45,83.8,72.7,74.7,52.9,21.0,25.5,19.75,229.0,51.9,208.0,32.15,243.0,26.75,196.5,229.0,44.8,145.0,142.0,89.1,78.0,131.5,51.8,34.8,49.85,103.0,34.85,106.5,18.45,18.25,31.25,10.7,37.5,31.15,15.5,121.0,183.0,29.85,23.45,16.1,540.0,75.7,569.0,239.0,10.95,18.85,113.0,84.3,479.5,259.0,10.75,27.75,13.65,42.8,14.55,90.2,74.4,38.65,122.0,20.05,24.5,72.8,15.9,27.2,251.5,419.5,154.0,126.0,18.25,50.4,51.9,36.9,10.95,22.3,15.5,27.05,48.9,86.8,64.0,14.6,140.5,11.8,11.2,52.6,78.1,22.05,62.9,20.6,304.5,228.0,220.0,68.4,349.5,56.9,59.8,12.9,139.0,110.0,283.0,21.45,35.6,136.5,50.1,33.4,20.7,31.35,70.8,241.5,10.45,35.55,331.0,222.5,3910.0,39.75,387.0,157.5,25.1,141.0,148.5,59.2,21.8,87.2,109.5,7.51,51.8,48.2
138.5,265.0,390.0,67.6,12.6,33.65,9.3,323.0,16.75,31.9,47.75,14.8,30.6,19.8,26.5,40.0,39.3,84.3,6.99,28.45,83.7,72.7,74.7,52.9,21.0,25.45,19.7,229.5,51.9,208.0,32.15,243.0,26.75,196.5,229.0,44.8,145.0,142.0,89.1,78.0,131.5,51.8,34.8,49.8,103.0,34.85,106.5,18.45,18.25,31.25,10.65,37.5,31.1,15.55,121.0,183.0,29.85,23.5,16.1,540.0,75.7,569.0,239.0,10.95,18.85,113.5,84.4,479.5,259.0,10.75,27.75,13.6,42.8,14.55,89.8,74.4,38.6,122.5,20.05,24.45,72.8,15.9,27.25,252.0,419.5,154.0,126.5,18.25,50.5,51.9,36.9,10.95,22.3,15.5,27.05,48.9,86.8,64.0,14.6,140.0,11.8,11.2,52.5,78.2,22.05,62.8,20.6,304.5,228.0,220.0,68.3,349.0,56.9,59.7,12.85,139.0,110.0,282.5,21.45,35.5,136.5,50.1,33.4,20.7,31.35,70.8,241.5,10.45,35.6,330.5,222.5,3905.0,39.75,387.0,157.5,25.1,140.5,148.5,59.2,21.8,87.2,109.0,7.51,51.8,48.2
138.5,264.0,390.5,67.7,12.55,33.65,9.31,322.5,16.75,31.9,47.75,14.8,30.6,19.85,26.5,39.95,39.25,84.4,6.98,28.4,84.0,72.6,74.7,52.7,21.0,25.45,19.75,229.0,51.9,208.0,32.15,243.0,26.75,196.5,229.0,44.8,145.0,142.0,89.1,78.0,131.5,51.8,34.8,49.85,103.0,34.85,106.5,18.45,18.2,31.25,10.7,37.5,31.1,15.5,121.0,183.0,29.8,23.5,16.1,540.0,75.6,569.0,239.0,10.9,18.9,113.5,84.3,479.0,259.0,10.7,27.75,13.6,42.8,14.5,89.6,74.4,38.6,122.0,20.05,24.45,72.8,15.9,27.3,252.0,419.5,154.5,127.0,18.25,50.5,51.9,36.85,10.9,22.3,15.5,27.05,48.85,86.8,64.0,14.55,140.5,11.8,11.2,52.6,78.5,22.05,62.8,20.6,304.0,228.0,220.0,68.4,349.0,56.9,59.7,12.85,138.5,110.0,282.5,21.4,35.5,136.5,50.1,33.45,20.65,31.35,70.9,241.5,10.45,35.55,330.5,222.5,3905.0,39.8,387.0,157.5,25.1,141.0,149.0,59.2,21.8,87.3,109.5,7.52,51.7,48.2
139.5,264.0,390.5,67.6,12.55,33.65,9.31,322.0,16.75,31.9,47.75,14.8,30.6,19.85,26.5,40.0,39.3,84.4,6.96,28.45,83.9,72.6,74.5,52.7,21.0,25.5,19.75,229.0,51.9,208.0,32.2,243.0,26.75,196.5,229.0,44.8,145.0,142.0,89.1,78.0,131.5,51.8,34.75,49.8,103.0,34.85,106.0,18.5,18.2,31.25,10.65,37.5,31.1,15.55,121.0,183.0,29.8,23.5,16.1,540.0,75.7,569.0,239.0,10.95,18.85,113.0,84.3,478.5,259.5,10.75,27.75,13.65,42.8,14.5,89.6,74.5,38.6,122.5,20.05,24.45,72.8,15.9,27.25,251.5,419.0,154.5,126.5,18.3,50.5,51.9,36.85,10.95,22.25,15.5,27.1,48.8,86.8,64.1,14.6,140.0,11.8,11.2,52.6,78.5,22.05,62.8,20.6,304.0,228.0,220.0,68.4,349.0,56.9,59.7,12.9,138.5,109.5,282.0,21.45,35.4,136.5,50.1,33.45,20.65,31.35,71.0,241.5,10.45,35.55,330.0,222.0,3915.0,39.8,387.0,157.5,25.1,140.5,148.5,59.2,21.8,87.2,109.5,7.52,51.6,48.2
139.5,263.0,390.5,67.6,12.55,33.6,9.3,321.0,16.75,31.9,47.75,14.75,30.65,19.8,26.5,40.0,39.3,84.4,6.97,28.4,83.8,72.7,74.6,52.8,21.0,25.5,19.75,229.0,51.9,208.0,32.15,243.0,26.75,196.5,229.0,44.8,145.0,142.0,89.1,78.0,131.5,51.8,34.75,49.85,103.0,34.85,106.5,18.45,18.25,31.2,10.65,37.5,31.1,15.5,121.0,183.0,29.8,23.5,16.1,540.0,75.7,568.0,239.0,10.9,18.9,113.0,84.3,477.0,259.0,10.7,27.75,13.65,42.8,14.5,89.8,74.5,38.7,122.5,20.05,24.45,72.7,15.9,27.2,251.5,418.0,154.0,126.0,18.25,50.5,51.9,36.9,10.95,22.3,15.5,27.05,48.8,86.8,64.0,14.6,140.0,11.75,11.2,52.5,78.3,22.1,62.8,20.65,303.5,227.5,220.0,68.3,349.0,56.9,59.6,12.9,139.0,110.0,281.0,21.45,35.4,136.5,50.1,33.4,20.7,31.35,71.0,241.5,10.45,35.55,329.5,221.0,3905.0,39.8,387.0,157.0,25.1,140.0,148.5,59.2,21.8,87.1,109.5,7.52,51.8,48.2
139.0,263.5,390.5,67.6,12.55,33.6,9.3,320.5,16.75,31.9,47.8,14.8,30.65,19.8,26.5,40.0,39.3,84.4,6.97,28.4,83.8,72.7,74.7,52.8,21.0,25.5,19.75,229.0,51.9,208.0,32.15,242.0,26.75,196.5,229.0,44.85,145.0,142.0,89.0,78.0,131.5,51.8,34.75,49.75,103.0,34.85,106.5,18.45,18.25,31.25,10.65,37.5,31.1,15.55,121.0,183.0,29.8,23.5,16.1,540.0,75.7,568.0,239.0,10.9,18.9,113.0,84.3,476.5,259.5,10.7,27.7,13.65,42.8,14.5,89.8,74.5,38.65,122.5,20.05,24.4,72.7,15.9,27.2,251.5,418.0,154.0,126.0,18.3,50.5,51.9,36.9,10.95,22.3,15.5,27.1,48.8,86.9,64.0,14.6,139.5,11.75,11.2,52.5,78.4,22.1,62.8,20.65,302.5,227.5,220.0,68.3,349.0,56.9,59.6,12.85,139.0,109.5,280.5,21.45,35.35,136.5,50.1,33.4,20.65,31.35,71.0,241.0,10.5,35.6,329.5,221.0,3905.0,39.8,387.0,157.5,25.1,140.0,149.0,59.2,21.8,87.1,109.5,7.52,51.8,48.2
139.5,263.0,390.5,67.5,12.6,33.65,9.3,319.0,16.75,31.9,47.75,14.8,30.65,19.8,26.45,40.0,39.3,84.3,6.99,28.4,83.7,72.7,74.5,52.8,20.95,25.5,19.75,229.0,51.8,208.0,32.15,242.0,26.75,196.5,229.0,44.8,145.0,142.0,89.0,77.9,131.5,51.8,34.75,49.75,103.0,34.85,106.5,18.45,18.2,31.25,10.65,37.5,31.1,15.55,121.0,183.0,29.8,23.5,16.1,540.0,75.7,568.0,239.0,10.95,18.9,113.0,84.2,477.5,259.0,10.75,27.65,13.6,42.8,14.5,89.2,74.5,38.7,122.5,20.05,24.4,72.7,15.9,27.1,251.5,418.0,154.0,126.0,18.25,50.5,51.9,36.85,10.9,22.3,15.5,27.1,48.8,86.8,64.0,14.55,140.0,11.8,11.2,52.5,78.2,22.1,62.8,20.6,303.0,227.5,220.0,68.3,349.0,56.9,59.6,12.9,139.0,109.5,280.5,21.45,35.35,136.0,50.1,33.4,20.65,31.35,71.0,241.5,10.55,35.55,329.5,221.5,3905.0,39.8,387.0,157.5,25.1,140.0,148.5,59.2,21.8,87.1,109.5,7.52,51.7,48.2
139.0,263.0,390.5,67.6,12.55,33.65,9.3,319.0,16.75,31.9,47.75,14.75,30.65,19.85,26.5,40.0,39.3,84.3,6.99,28.4,83.7,72.7,74.5,52.8,21.0,25.5,19.75,229.0,51.8,208.0,32.15,242.0,26.75,196.5,229.0,44.8,145.0,142.0,89.0,78.0,131.5,51.8,34.75,49.85,103.0,34.85,106.0,18.45,18.25,31.25,10.65,37.5,31.1,15.5,121.0,183.0,29.8,23.5,16.1,540.0,75.7,565.0,239.0,10.9,18.9,113.0,84.3,476.5,259.0,10.7,27.7,13.6,42.8,14.45,89.1,74.3,38.7,122.5,20.05,24.4,72.7,15.9,27.0,251.5,418.0,154.0,126.0,18.25,50.5,52.0,36.85,10.95,22.25,15.5,27.1,48.8,86.9,64.0,14.55,140.0,11.8,11.2,52.5,78.1,22.1,62.8,20.65,303.5,227.0,219.5,68.2,349.0,56.9,59.7,12.95,139.0,110.0,281.0,21.45,35.45,136.0,50.1,33.4,20.65,31.4,71.0,241.5,10.5,35.6,330.5,220.0,3910.0,39.85,387.5,157.5,25.1,140.0,149.0,59.2,21.8,87.1,109.5,7.52,51.7,48.2
139.0,263.0,390.5,67.5,12.55,33.65,9.29,318.0,16.75,31.9,47.75,14.75,30.65,19.8,26.45,40.0,39.35,84.3,6.99,28.4,83.9,72.6,74.6,52.8,21.0,25.45,19.75,229.0,51.8,208.0,32.15,242.0,26.75,196.5,229.0,44.8,145.0,142.0,89.0,77.9,131.5,51.9,34.8,49.7,103.0,34.85,106.5,18.45,18.25,31.3,10.65,37.5,31.1,15.5,121.0,183.0,29.8,23.45,16.1,538.0,75.7,565.0,239.0,10.95,18.9,113.0,84.3,475.5,259.0,10.7,27.7,13.6,42.8,14.5,89.0,74.3,38.7,122.5,20.05,24.4,72.7,15.9,27.0,251.5,418.0,154.0,126.0,18.25,50.5,52.0,36.85,10.95,22.3,15.5,27.1,48.8,86.9,64.0,14.6,139.5,11.8,11.2,52.4,78.3,22.1,62.8,20.6,303.0,227.0,220.0,68.2,349.5,56.9,59.7,12.95,139.0,109.5,282.0,21.45,35.45,136.5,50.1,33.4,20.7,31.4,71.0,241.5,10.5,35.55,331.5,220.5,3910.0,39.85,388.0,157.5,25.1,139.5,149.0,59.2,21.8,86.9,109.5,7.52,51.8,48.2
139.0,263.0,390.5,67.6,12.55,33.65,9.29,317.0,16.75,31.9,47.75,14.75,30.65,19.8,26.5,40.0,39.3,84.3,6.98,28.4,83.9,72.7,74.5,52.8,21.0,25.45,19.75,229.0,51.8,208.0,32.15,242.0,26.75,196.5,229.0,44.8,145.0,142.0,89.0,77.9,132.0,51.9,34.8,49.7,103.0,34.85,106.5,18.45,18.25,31.3,10.65,37.5,31.1,15.5,121.0,183.0,29.85,23.45,16.1,538.0,75.7,565.0,239.0,10.95,18.85,113.0,84.2,477.0,259.5,10.7,27.65,13.55,42.8,14.5,89.0,74.3,38.7,122.5,20.05,24.45,72.7,15.9,27.0,251.5,417.5,154.0,126.5,18.25,50.4,52.0,36.85,10.9,22.3,15.5,27.05,48.8,87.0,64.0,14.6,139.5,11.8,11.2,52.4,78.4,22.05,62.8,20.6,302.5,226.5,219.5,68.1,349.5,56.9,59.7,12.9,139.0,110.0,281.5,21.45,35.45,136.5,50.2,33.4,20.7,31.4,71.0,241.5,10.5,35.6,331.5,221.0,3915.0,39.8,388.0,157.5,25.1,139.5,148.5,59.2,21.8,87.0,109.5,7.51,51.8,48.2
139.5,262.5,390.5,67.6,12.55,33.65,9.29,317.5,16.75,31.9,47.75,14.75,30.65,19.75,26.45,40.0,39.25,84.3,6.98,28.45,84.0,72.7,74.5,52.8,21.0,25.5,19.7,229.0,51.8,208.0,32.15,242.0,26.75,196.5,229.0,44.85,145.0,142.0,89.0,77.9,132.0,51.9,34.8,49.7,103.0,34.85,106.0,18.5,18.2,31.3,10.65,37.5,31.1,15.5,121.0,183.0,29.8,23.45,16.1,538.0,75.7,565.0,239.0,10.95,18.85,113.5,84.3,477.0,259.5,10.7,27.65,13.6,42.8,14.5,89.3,74.3,38.7,122.5,20.05,24.4,72.7,15.9,26.95,251.5,417.5,154.0,126.0,18.25,50.4,52.1,36.85,10.95,22.25,15.5,27.1,48.8,86.8,64.0,14.55,139.5,11.8,11.2,52.4,78.4,22.1,62.8,20.6,302.5,226.5,220.0,68.1,349.0,56.9,59.7,12.9,139.0,109.5,281.5,21.45,35.5,136.0,50.2,33.4,20.7,31.4,71.0,241.0,10.5,35.55,331.5,220.5,3905.0,39.8,387.5,157.5,25.1,139.5,149.0,59.2,21.8,86.9,109.5,7.51,51.7,48.15
139.0,262.5,390.5,67.6,12.55,33.65,9.29,318.0,16.75,31.9,47.75,14.75,30.65,19.75,26.5,40.05,39.3,84.3,6.98,28.45,84.0,72.6,74.5,52.8,21.0,25.5,19.7,229.0,51.8,208.0,32.15,242.0,26.75,196.5,229.0,44.8,145.0,142.0,89.0,77.9,132.0,51.9,34.8,49.9,103.0,34.8,106.0,18.45,18.2,31.3,10.65,37.5,31.05,15.5,121.0,183.5,29.8,23.45,16.1,538.0,75.6,565.0,239.0,10.95,18.85,113.0,84.3,476.5,259.5,10.75,27.65,13.6,42.75,14.5,89.2,74.3,38.7,122.5,20.05,24.4,72.7,15.9,26.95,251.5,417.5,154.0,126.0,18.25,50.5,52.1,36.85,10.9,22.3,15.5,27.1,48.75,86.9,64.0,14.6,140.0,11.8,11.2,52.4,78.4,22.1,62.8,20.65,302.5,226.5,219.5,68.2,349.0,57.0,59.7,12.9,139.0,109.5,281.0,21.4,35.55,136.5,50.2,33.35,20.65,31.4,71.0,241.0,10.5,35.6,331.5,221.0,3915.0,39.8,387.5,157.0,25.1,139.5,149.0,59.2,21.8,86.9,109.0,7.51,51.7,48.2
139.5,263.0,390.5,67.5,12.55,33.65,9.29,318.5,16.7,31.85,47.75,14.8,30.65,19.8,26.5,40.05,39.3,84.3,6.97,28.4,84.1,72.7,74.5,52.5,21.0,25.5,19.7,229.0,51.8,208.0,32.2,242.0,26.75,196.0,229.0,44.85,145.0,141.5,89.0,77.9,132.0,51.9,34.8,49.7,103.0,34.8,106.0,18.45,18.25,31.3,10.65,37.5,31.05,15.5,121.0,183.5,29.8,23.45,16.1,538.0,75.6,565.0,239.0,10.9,18.85,113.0,84.2,476.5,259.5,10.75,27.6,13.6,42.75,14.45,89.2,74.3,38.7,122.5,20.0,24.45,72.7,15.9,27.0,251.5,419.0,154.0,126.0,18.25,50.4,52.1,36.85,10.95,22.3,15.5,27.1,48.75,86.9,64.0,14.6,140.5,11.8,11.25,52.4,78.4,22.1,62.8,20.6,302.5,226.5,219.5,68.1,349.0,57.0,59.7,12.9,139.0,110.0,280.5,21.4,35.55,136.0,50.2,33.35,20.6,31.4,71.0,241.0,10.5,35.55,331.0,221.0,3910.0,39.75,387.5,157.0,25.05,139.5,148.5,59.2,21.8,86.8,109.5,7.51,51.8,48.15
139.0,263.0,390.5,67.5,12.55,33.65,9.29,318.5,16.7,31.85,47.75,14.75,30.6,19.8,26.5,40.05,39.3,84.3,6.97,28.4,84.1,72.7,74.6,52.8,21.0,25.45,19.7,229.0,51.8,208.0,32.15,242.0,26.75,196.0,229.0,44.8,145.0,142.0,89.0,77.8,132.0,51.9,34.8,49.9,103.0,34.8,106.5,18.45,18.25,31.3,10.65,37.5,31.0,15.55,121.0,183.5,29.8,23.5,16.1,538.0,75.7,565.0,239.0,10.95,18.85,113.5,84.3,475.5,259.0,10.7,27.6,13.55,42.75,14.5,89.1,74.3,38.65,122.5,20.0,24.35,72.8,15.9,26.95,252.0,419.0,154.0,126.0,18.3,50.4,52.0,36.85,10.95,22.25,15.5,27.1,48.75,86.8,64.0,14.6,140.5,11.8,11.25,52.5,78.5,22.1,62.8,20.65,302.0,226.0,219.5,68.2,349.0,56.9,59.7,12.9,139.0,110.0,280.5,21.4,35.65,136.5,50.2,33.4,20.65,31.4,70.9,241.5,10.5,35.55,331.5,220.5,3905.0,39.75,388.0,157.5,25.1,139.5,148.5,59.2,21.8,86.8,109.5,7.51,51.8,48.2
139.0,262.0,390.5,67.5,12.55,33.65,9.29,317.0,16.7,31.9,47.75,14.8,30.65,19.75,26.45,40.05,39.35,84.2,6.96,28.35,84.1,72.7,74.5,52.8,21.0,25.5,19.75,229.0,51.8,208.0,32.1,242.0,26.75,195.5,229.0,44.85,145.0,142.0,89.0,77.9,132.0,51.9,34.8,49.85,103.0,34.8,106.0,18.45,18.25,31.3,10.65,37.5,31.0,15.5,121.0,183.5,29.8,23.5,16.1,538.0,75.7,565.0,239.0,10.95,18.9,113.5,84.3,473.5,259.0,10.75,27.6,13.55,42.75,14.5,88.7,74.3,38.65,122.5,20.0,24.35,72.7,15.9,26.95,252.0,419.5,153.5,125.5,18.25,50.4,52.1,36.85,10.95,22.3,15.5,27.05,48.7,86.8,64.0,14.6,140.0,11.8,11.25,52.4,78.4,22.05,62.8,20.6,301.5,226.5,219.5,68.1,349.5,56.9,59.7,12.9,139.0,109.5,280.5,21.4,35.7,136.0,50.2,33.35,20.65,31.4,70.9,241.5,10.5,35.55,331.0,219.5,3910.0,39.7,387.5,157.5,25.1,139.0,148.5,59.2,21.8,86.8,109.5,7.51,51.7,48.2
139.0,262.0,390.5,67.6,12.55,33.65,9.29,316.5,16.7,31.9,47.75,14.75,30.6,19.75,26.45,40.0,39.3,84.3,6.96,28.35,84.0,72.6,74.5,52.9,21.0,25.45,19.75,229.0,51.8,208.0,32.1,242.0,26.75,195.5,229.0,44.8,145.0,142.0,89.0,77.8,132.0,51.9,34.8,49.85,103.0,34.8,106.0,18.45,18.2,31.25,10.65,37.5,30.95,15.55,121.0,183.5,29.8,23.5,16.1,538.0,75.6,565.0,239.0,10.9,18.85,113.5,84.2,474.5,259.5,10.75,27.6,13.6,42.75,14.5,88.9,74.4,38.65,122.0,20.0,24.35,72.7,15.9,26.95,251.5,419.5,153.5,126.0,18.25,50.4,52.1,36.85,10.95,22.25,15.5,27.05,48.7,86.8,64.0,14.6,141.0,11.8,11.25,52.5,78.5,22.1,62.9,20.6,302.0,226.0,219.0,68.1,349.5,56.9,59.6,12.9,139.0,109.5,280.0,21.4,35.7,136.0,50.2,33.4,20.65,31.4,70.9,241.5,10.5,35.55,331.0,220.0,3910.0,39.75,388.0,157.0,25.1,139.0,149.0,59.2,21.8,86.9,109.5,7.5,51.8,48.2
139.0,262.0,390.5,67.6,12.55,33.65,9.29,314.5,16.7,31.9,47.75,14.75,30.6,19.8,26.45,40.05,39.3,84.3,6.96,28.35,84.0,72.7,74.5,52.9,21.0,25.45,19.75,229.0,51.8,208.0,32.1,242.0,26.75,195.5,228.5,44.85,145.0,142.0,89.0,77.9,132.0,51.9,34.8,49.7,103.0,34.8,106.5,18.45,18.2,31.25,10.65,37.5,30.95,15.5,121.0,183.5,29.8,23.5,16.1,538.0,75.7,565.0,239.0,10.9,18.85,113.0,84.3,475.0,259.0,10.75,27.6,13.55,42.8,14.5,88.9,74.3,38.6,122.5,20.0,24.35,72.8,15.9,26.95,251.5,419.5,153.5,125.5,18.25,50.4,52.1,36.8,10.95,22.3,15.5,27.1,48.7,86.7,64.0,14.6,141.0,11.8,11.25,52.5,78.4,22.05,62.8,20.6,301.5,225.5,219.0,68.0,349.0,56.9,59.7,12.9,139.0,109.5,279.5,21.35,35.7,136.0,50.2,33.35,20.65,31.35,70.9,241.0,10.5,35.6,330.5,220.0,3910.0,39.75,388.0,157.5,25.1,139.0,149.0,59.2,21.8,86.8,109.5,7.51,51.8,48.2
139.0,261.5,390.5,67.6,12.55,33.65,9.29,312.5,16.7,31.9,47.75,14.8,30.6,19.75,26.45,40.05,39.35,84.3,6.95,28.35,84.0,72.7,74.5,52.6,21.0,25.45,19.7,229.0,51.8,208.0,32.1,242.0,26.8,195.0,228.5,44.8,145.0,142.0,89.0,77.8,132.0,51.9,34.8,49.8,103.0,34.8,106.0,18.45,18.2,31.25,10.65,37.5,30.95,15.5,121.0,183.5,29.8,23.5,16.1,538.0,75.6,565.0,239.0,10.9,18.85,113.5,84.2,475.5,258.5,10.75,27.6,13.55,42.8,14.5,88.9,74.3,38.65,122.5,20.0,24.4,72.7,15.9,26.95,251.5,419.0,153.5,125.5,18.25,50.5,52.1,36.85,10.95,22.3,15.5,27.1,48.7,86.8,64.0,14.6,141.0,11.8,11.2,52.5,78.5,22.1,62.8,20.6,302.0,225.5,219.0,67.9,349.0,56.9,59.7,12.9,139.0,109.5,280.0,21.35,35.7,136.0,50.2,33.35,20.65,31.35,70.9,241.5,10.5,35.55,330.5,220.5,3905.0,39.75,388.0,157.5,25.1,139.0,148.5,59.2,21.8,86.8,109.5,7.51,51.8,48.15
139.0,261.0,390.5,67.5,12.55,33.65,9.29,314.5,16.7,31.9,47.75,14.75,30.6,19.75,26.4,40.05,39.35,84.3,6.95,28.35,83.9,72.7,74.5,52.9,21.0,25.45,19.75,229.0,51.8,208.0,32.1,242.0,26.8,195.5,228.5,44.8,145.0,142.0,89.0,77.8,132.0,51.9,34.8,49.65,103.0,34.8,106.0,18.4,18.2,31.25,10.65,37.45,30.95,15.5,121.0,183.5,29.8,23.5,16.1,538.0,75.6,565.0,239.0,10.95,18.85,113.5,84.3,474.5,259.0,10.7,27.6,13.55,42.8,14.5,88.5,74.3,38.65,122.5,20.0,24.4,72.7,15.9,27.0,251.5,419.0,153.0,125.5,18.25,50.4,52.2,36.85,10.95,22.25,15.5,27.1,48.7,86.8,64.0,14.55,141.0,11.8,11.2,52.5,78.3,22.1,62.9,20.6,301.5,225.5,218.5,67.9,349.0,57.0,59.7,12.9,139.0,110.0,280.0,21.35,35.6,136.0,50.2,33.3,20.65,31.35,70.9,241.5,10.5,35.55,330.5,220.0,3900.0,39.75,387.5,157.0,25.1,139.0,148.5,59.2,21.8,86.7,109.0,7.51,51.8,48.2
138.5,260.5,390.5,67.4,12.55,33.6,9.29,313.5,16.75,31.9,47.75,14.75,30.6,19.7,26.4,40.05,39.4,84.3,6.97,28.4,84.0,72.7,74.5,52.7,21.0,25.45,19.75,229.0,51.8,208.5,32.1,242.0,26.8,195.5,228.0,44.85,145.0,142.0,89.0,77.8,132.0,51.9,34.75,49.9,103.0,34.8,106.0,18.4,18.2,31.3,10.65,37.5,30.95,15.5,121.0,183.5,29.8,23.5,16.1,538.0,75.6,565.0,239.0,10.95,18.85,113.0,84.3,474.5,258.5,10.75,27.6,13.55,42.75,14.5,87.9,74.2,38.6,122.5,20.0,24.35,72.8,15.9,26.95,251.5,418.0,153.5,125.5,18.25,50.5,52.1,36.85,11.0,22.25,15.5,27.1,48.65,86.7,64.0,14.6,141.0,11.8,11.25,52.4,78.3,22.1,62.9,20.6,301.0,225.0,218.5,67.8,349.0,56.9,59.6,12.85,139.0,109.5,280.0,21.35,35.45,136.0,50.2,33.3,20.65,31.35,70.9,241.0,10.5,35.6,330.5,219.5,3900.0,39.75,387.5,157.0,25.1,139.0,149.0,59.2,21.8,86.6,109.0,7.5,51.7,48.15
139.0,261.0,390.5,67.4,12.55,33.65,9.28,314.0,16.8,31.9,47.75,14.8,30.6,19.7,26.45,40.05,39.4,84.3,6.97,28.4,83.8,72.7,74.4,52.7,21.0,25.45,19.75,229.0,51.8,208.5,32.1,242.0,26.8,195.5,227.0,44.8,145.0,142.0,89.0,77.8,132.0,51.9,34.75,49.7,103.0,34.8,106.0,18.4,18.2,31.25,10.65,37.5,30.9,15.5,121.0,183.5,29.8,23.5,16.05,538.0,75.6,565.0,238.5,10.9,18.85,113.0,84.2,472.0,258.5,10.75,27.6,13.55,42.8,14.5,88.2,74.3,38.6,122.5,20.0,24.4,72.7,15.9,26.9,251.5,417.0,153.5,125.5,18.25,50.5,52.1,36.8,11.0,22.25,15.5,27.1,48.65,86.6,64.0,14.6,141.0,11.8,11.2,52.4,78.3,22.1,63.0,20.6,301.0,225.0,218.5,67.8,349.0,56.9,59.6,12.85,139.0,109.5,279.5,21.3,35.45,136.0,50.2,33.3,20.6,31.35,70.9,241.5,10.45,35.55,330.0,218.0,3900.0,39.75,388.0,156.5,25.1,138.5,148.5,59.2,21.8,86.5,109.0,7.51,51.8,48.2
139.0,260.5,390.5,67.5,12.55,33.65,9.28,313.5,16.8,31.9,47.75,14.75,30.6,19.7,26.45,40.05,39.4,84.3,6.97,28.35,84.0,72.6,74.4,52.5,21.0,25.45,19.75,229.0,51.8,208.5,32.1,242.0,26.75,195.5,227.0,44.8,145.0,142.0,89.0,77.8,132.0,51.9,34.75,49.75,103.0,34.8,106.0,18.4,18.2,31.25,10.65,37.5,30.9,15.5,121.0,183.5,29.85,23.5,16.05,538.0,75.7,565.0,238.5,10.9,18.85,113.5,84.3,469.0,259.0,10.7,27.55,13.55,42.8,14.5,88.1,74.3,38.65,122.5,20.0,24.35,72.8,15.9,26.9,251.5,416.0,153.5,125.5,18.3,50.5,52.0,36.8,10.95,22.3,15.5,27.15,48.65,86.5,64.0,14.6,141.0,11.8,11.2,52.4,78.3,22.1,63.0,20.6,300.0,225.0,218.5,67.8,349.0,57.0,59.6,12.85,139.0,110.0,279.0,21.3,35.45,136.0,50.2,33.3,20.6,31.35,70.9,241.0,10.5,35.55,330.5,217.0,3905.0,39.75,387.5,156.5,25.05,137.5,148.5,59.2,21.8,86.2,109.0,7.51,51.8,48.15
138.5,261.0,390.5,67.6,12.55,33.65,9.28,313.5,16.8,31.9,47.75,14.8,30.55,19.7,26.45,40.05,39.35,84.3,6.96,28.4,83.7,72.6,74.5,52.7,21.0,25.45,19.7,229.0,51.8,208.5,32.1,242.0,26.75,195.5,227.0,44.8,145.0,142.0,89.0,77.7,132.0,51.9,34.8,49.85,103.0,34.8,106.0,18.4,18.2,31.3,10.65,37.5,30.9,15.5,121.0,183.5,29.8,23.45,16.05,538.0,75.6,565.0,238.5,10.9,18.85,113.5,84.2,470.5,258.5,10.75,27.6,13.55,42.8,14.5,87.8,74.3,38.6,122.0,20.0,24.4,72.8,15.9,26.9,251.5,414.0,153.5,125.5,18.25,50.4,52.1,36.8,10.95,22.3,15.5,27.1,48.6,86.3,64.0,14.55,141.0,11.8,11.2,52.4,78.3,22.1,63.0,20.65,299.5,225.0,218.5,67.8,348.5,56.9,59.7,12.85,139.0,109.5,279.5,21.3,35.5,136.0,50.2,33.3,20.6,31.4,70.9,241.0,10.5,35.6,331.0,217.5,3905.0,39.75,387.5,157.0,25.1,138.0,148.5,59.2,21.8,85.9,109.0,7.51,51.8,48.2
138.5,260.5,390.5,67.5,12.55,33.65,9.28,314.0,16.8,31.85,47.75,14.75,30.55,19.65,26.45,40.05,39.4,84.3,6.95,28.35,83.9,72.6,74.4,52.7,21.0,25.5,19.75,229.0,51.8,208.5,32.1,242.0,26.75,195.5,227.0,44.8,145.0,142.0,88.9,77.8,132.0,51.9,34.75,49.75,103.0,34.8,106.0,18.4,18.25,31.3,10.65,37.55,30.9,15.5,121.0,183.5,29.8,23.5,16.05,538.0,75.6,565.0,238.0,10.9,18.85,113.0,84.3,469.0,258.5,10.75,27.6,13.55,42.8,14.5,87.8,74.3,38.65,122.5,20.0,24.4,72.8,15.9,26.9,252.0,413.0,153.5,125.5,18.25,50.5,52.0,36.85,11.0,22.25,15.5,27.1,48.6,86.4,64.0,14.6,140.5,11.8,11.2,52.4,78.3,22.1,62.9,20.6,299.0,225.0,219.0,67.9,348.5,56.9,59.7,12.9,138.5,110.0,279.5,21.3,35.5,136.0,50.2,33.3,20.6,31.4,71.0,241.0,10.5,35.55,330.0,216.5,3900.0,39.75,387.5,157.0,25.1,137.5,148.5,59.2,21.8,85.7,109.0,7.51,51.8,48.2
139.0,260.5,390.5,67.5,12.6,33.65,9.28,314.5,16.8,31.85,47.75,14.75,30.55,19.65,26.45,40.05,39.35,84.3,6.95,28.35,83.9,72.7,74.3,52.7,21.0,25.5,19.75,229.0,51.8,208.0,32.1,242.0,26.75,195.5,226.5,44.8,145.0,142.0,88.9,77.8,132.0,51.9,34.8,49.75,103.0,34.8,106.0,18.4,18.25,31.3,10.65,37.55,30.9,15.5,121.0,183.5,29.8,23.4,16.05,538.0,75.7,565.0,238.0,10.9,18.85,113.5,84.3,470.0,258.5,10.75,27.65,13.55,42.8,14.5,88.2,74.2,38.6,122.5,20.0,24.35,72.7,15.9,26.9,251.5,415.0,153.5,125.5,18.25,50.5,52.1,36.9,10.95,22.25,15.55,27.15,48.6,86.4,64.0,14.6,141.0,11.75,11.2,52.4,78.4,22.1,62.8,20.6,299.5,225.0,219.0,67.9,348.5,56.8,59.6,12.9,139.0,110.0,280.0,21.35,35.5,136.0,50.2,33.3,20.65,31.4,71.0,241.0,10.45,35.6,329.5,217.0,3900.0,39.75,387.5,157.0,25.1,137.5,148.5,59.3,21.8,85.8,109.0,7.51,51.9,48.2
138.5,261.0,390.5,67.6,12.6,33.65,9.28,314.0,16.8,31.85,47.75,14.75,30.55,19.65,26.5,40.05,39.35,84.4,6.95,28.35,84.0,72.6,74.3,52.4,21.0,25.5,19.75,229.0,51.8,208.5,32.1,242.0,26.75,195.0,227.0,44.75,145.0,142.0,88.9,77.8,132.0,51.9,34.8,49.7,103.0,34.8,106.0,18.4,18.25,31.3,10.65,37.55,30.9,15.5,121.0,183.5,29.8,23.4,16.05,538.0,75.6,565.0,238.0,10.95,18.9,113.0,84.3,467.0,258.5,10.75,27.65,13.55,42.8,14.5,87.8,74.3,38.65,122.5,20.0,24.4,72.8,15.9,26.95,251.5,415.0,153.5,125.5,18.25,50.5,52.0,36.9,10.95,22.25,15.55,27.15,48.65,86.4,64.0,14.6,141.0,11.8,11.2,52.4,78.4,22.05,62.8,20.6,299.0,225.0,219.0,67.9,348.5,56.8,59.6,12.85,139.0,110.0,280.0,21.3,35.55,135.5,50.2,33.25,20.65,31.4,71.0,241.0,10.5,35.6,330.0,216.5,3905.0,39.7,386.0,157.0,25.1,136.5,148.5,59.3,21.85,85.9,109.5,7.51,51.9,48.2
138.5,261.5,390.5,67.5,12.6,33.65,9.28,314.5,16.8,31.85,47.75,14.7,30.55,19.7,26.5,40.1,39.35,84.4,6.96,28.35,83.8,72.6,74.2,52.7,21.0,25.5,19.75,228.5,51.8,208.5,32.15,242.0,26.75,195.0,227.0,44.8,145.0,141.5,88.9,77.7,132.0,51.9,34.75,49.7,103.0,34.8,106.0,18.45,18.2,31.3,10.65,37.55,30.95,15.5,121.0,183.5,29.8,23.4,16.05,538.0,75.6,565.0,238.0,10.9,18.85,113.5,84.3,463.0,258.5,10.75,27.65,13.55,42.8,14.45,87.9,74.3,38.65,122.0,20.05,24.35,72.8,15.9,26.95,251.5,413.0,153.5,125.5,18.25,50.4,52.0,36.85,10.95,22.25,15.5,27.15,48.65,86.4,64.0,14.55,141.5,11.8,11.2,52.4,78.4,22.1,62.8,20.6,299.5,226.0,219.0,67.8,348.5,56.8,59.6,12.85,139.0,110.0,280.5,21.3,35.6,136.0,50.1,33.3,20.65,31.35,71.0,240.5,10.5,35.6,330.5,215.0,3900.0,39.7,387.0,157.0,25.1,136.5,148.5,59.3,21.85,86.0,109.0,7.51,51.9,48.25
138.5,261.5,390.5,67.4,12.6,33.65,9.28,314.5,16.8,31.85,47.75,14.7,30.55,19.7,26.45,40.1,39.35,84.4,6.96,28.35,83.9,72.4,74.4,52.7,21.0,25.5,19.7,228.5,51.8,208.5,32.15,242.0,26.75,194.5,226.5,44.8,145.0,142.0,88.9,77.8,132.0,51.9,34.75,49.7,103.0,34.8,106.5,18.45,18.2,31.2,10.65,37.55,30.95,15.5,121.0,183.5,29.75,23.4,16.05,538.0,75.6,565.0,238.0,10.95,18.85,113.0,84.1,462.5,258.5,10.75,27.65,13.6,42.8,14.45,87.6,74.3,38.6,122.0,20.05,24.35,72.8,15.9,26.95,252.0,411.0,153.0,125.0,18.25,50.5,52.0,36.85,10.95,22.3,15.5,27.15,48.65,86.4,64.0,14.6,141.5,11.8,11.2,52.4,78.4,22.1,62.8,20.6,300.0,226.0,219.0,67.8,348.5,56.8,59.6,12.85,139.0,109.5,281.0,21.3,35.65,135.5,50.1,33.25,20.65,31.35,71.0,240.5,10.45,35.55,330.5,215.0,3900.0,39.65,386.5,156.5,25.1,136.5,148.5,59.3,21.8,86.1,109.0,7.51,51.9,48.25
139.0,261.5,390.5,67.4,12.6,33.65,9.28,315.0,16.8,31.95,47.75,14.75,30.55,19.7,26.5,40.05,39.4,84.4,6.96,28.35,83.9,72.4,74.3,52.5,21.0,25.5,19.75,228.5,51.8,208.0,32.15,242.0,26.75,195.0,226.5,44.8,145.0,142.0,88.9,77.7,132.0,51.9,34.8,49.7,103.0,34.8,106.5,18.45,18.2,31.25,10.65,37.55,30.95,15.5,121.0,183.5,29.75,23.35,16.05,538.0,75.6,565.0,238.0,10.9,18.85,113.5,84.3,464.0,258.5,10.7,27.6,13.6,42.75,14.45,87.6,74.3,38.65,122.5,20.05,24.35,72.8,15.9,26.95,252.0,412.5,153.5,125.0,18.25,50.5,52.1,36.85,11.0,22.25,15.5,27.1,48.6,86.4,64.0,14.55,141.0,11.8,11.2,52.4,78.4,22.1,62.8,20.6,300.0,226.0,219.0,67.8,348.5,56.8,59.6,12.9,139.0,110.0,281.5,21.3,35.65,135.5,50.1,33.25,20.65,31.35,71.0,240.5,10.45,35.55,330.5,216.0,3895.0,39.7,386.5,157.0,25.1,137.0,148.5,59.3,21.8,86.0,109.5,7.5,51.8,48.2
139.0,261.5,390.5,67.4,12.6,33.65,9.28,315.5,16.8,31.95,47.75,14.75,30.55,19.7,26.5,40.1,39.4,84.4,6.96,28.35,83.9,72.4,74.4,52.5,21.0,25.45,19.7,229.0,51.8,208.0,32.15,242.0,26.75,195.0,226.5,44.8,145.0,142.0,88.9,77.8,132.0,51.9,34.75,49.7,103.0,34.8,106.0,18.45,18.2,31.2,10.65,37.5,30.95,15.55,121.0,183.5,29.75,23.35,16.05,538.0,75.5,565.0,238.0,10.95,18.9,113.5,84.3,466.0,258.5,10.75,27.6,13.6,42.75,14.45,87.8,74.3,38.6,122.5,20.0,24.35,72.9,15.9,26.95,252.0,411.0,154.0,126.0,18.25,50.5,52.0,36.85,10.95,22.25,15.5,27.15,48.65,86.6,64.0,14.55,141.0,11.8,11.2,52.4,78.4,22.1,62.8,20.6,300.0,226.5,219.0,67.8,348.5,56.8,59.6,12.85,139.0,110.0,280.5,21.3,35.6,136.0,50.1,33.3,20.6,31.35,71.0,241.0,10.45,35.55,330.5,216.5,3895.0,39.7,386.5,156.5,25.05,137.5,149.0,59.3,21.8,86.0,109.5,7.5,51.9,48.25
139.0,261.0,390.5,67.4,12.6,33.65,9.29,315.0,16.75,31.95,47.75,14.75,30.55,19.7,26.5,40.1,39.45,84.3,6.96,28.35,84.1,72.4,74.4,52.9,21.0,25.45,19.75,229.0,51.8,208.0,32.2,242.0,26.75,195.0,226.5,44.8,145.0,142.0,88.9,77.8,132.0,51.9,34.75,49.6,103.0,34.8,106.0,18.5,18.2,31.25,10.65,37.55,30.95,15.55,121.0,183.5,29.75,23.35,16.05,538.0,75.5,565.0,237.5,10.9,18.85,113.0,84.3,465.0,258.5,10.75,27.55,13.6,42.8,14.5,87.9,74.3,38.65,122.0,20.0,24.35,72.9,15.9,26.95,252.0,412.0,153.5,125.5,18.25,50.4,52.1,36.85,10.95,22.3,15.5,27.15,48.7,86.5,64.0,14.55,141.0,11.8,11.2,52.4,78.4,22.05,62.9,20.6,301.0,226.0,219.0,67.8,348.5,56.8,59.6,12.85,139.5,110.0,280.5,21.3,35.65,136.0,50.1,33.3,20.6,31.35,71.0,241.0,10.5,35.55,330.5,215.5,3895.0,39.65,386.5,156.5,25.1,137.0,148.5,59.3,21.8,86.0,109.0,7.5,52.0,48.25
139.0,261.0,390.0,67.5,12.6,33.65,9.29,315.0,16.75,31.95,47.75,14.75,30.55,19.7,26.5,40.1,39.45,84.3,6.96,28.35,84.0,72.4,74.4,52.9,21.0,25.45,19.75,229.0,51.8,208.0,32.2,241.5,26.75,195.0,226.5,44.8,145.0,142.0,88.9,77.8,132.0,51.9,34.75,49.6,103.0,34.75,106.5,18.45,18.2,31.25,10.65,37.55,30.95,15.55,121.0,183.5,29.75,23.35,16.05,538.0,75.6,565.0,238.0,10.95,18.85,113.5,84.3,465.0,258.5,10.75,27.55,13.6,42.8,14.5,87.9,74.3,38.65,122.5,20.0,24.35,72.8,15.9,26.95,252.0,413.5,153.5,125.5,18.25,50.4,52.0,36.85,10.95,22.3,15.5,27.15,48.7,86.5,64.0,14.6,141.0,11.8,11.2,52.4,78.3,22.1,62.8,20.6,301.5,226.0,219.0,67.8,348.5,56.8,59.5,12.85,139.5,109.5,281.0,21.3,35.65,135.5,50.1,33.35,20.65,31.35,71.0,240.5,10.45,35.6,331.0,216.0,3900.0,39.6,386.5,157.0,25.1,138.0,148.5,59.3,21.8,86.0,109.5,7.5,51.9,48.25
138.5,261.0,390.0,67.4,12.6,33.65,9.28,315.0,16.75,31.95,47.75,14.8,30.5,19.7,26.45,40.1,39.4,84.4,6.96,28.4,84.1,72.4,74.4,52.9,21.0,25.45,19.75,229.0,51.8,208.0,32.15,241.5,26.75,195.0,226.5,44.8,145.0,142.0,88.9,77.9,132.0,51.9,34.75,49.7,103.0,34.75,106.5,18.45,18.2,31.25,10.65,37.55,30.95,15.55,121.0,183.5,29.75,23.35,16.05,538.0,75.5,565.0,238.0,10.95,18.85,113.5,84.3,464.5,258.5,10.75,27.55,13.55,42.8,14.45,87.8,74.3,38.6,122.5,20.0,24.35,72.8,15.85,26.95,251.5,413.5,153.5,125.5,18.25,50.4,52.1,36.85,11.0,22.25,15.5,27.1,48.65,86.5,64.0,14.6,141.5,11.8,11.2,52.4,78.4,22.1,62.8,20.65,301.5,226.0,219.0,68.0,348.0,56.8,59.6,12.85,139.5,110.0,281.0,21.3,35.65,136.0,50.1,33.35,20.65,31.35,71.0,241.0,10.45,35.6,330.5,216.0,3895.0,39.6,386.5,156.5,25.1,137.5,149.0,59.3,21.8,86.0,109.5,7.51,51.9,48.2
138.5,261.5,390.0,67.4,12.55,33.65,9.28,315.0,16.75,31.95,47.75,14.8,30.5,19.65,26.5,40.05,39.45,84.3,6.96,28.4,84.0,72.4,74.4,52.9,21.0,25.45,19.7,229.0,51.8,208.0,32.15,241.5,26.75,195.0,226.5,44.75,145.0,142.0,88.9,77.9,132.0,51.9,34.75,49.6,103.0,34.75,106.0,18.45,18.2,31.25,10.65,37.55,30.9,15.55,121.0,183.5,29.75,23.35,16.05,538.0,75.6,565.0,238.0,10.9,18.85,113.0,84.3,463.5,259.0,10.75,27.55,13.55,42.8,14.5,87.5,74.3,38.6,122.5,20.0,24.35,72.8,15.85,26.95,251.5,414.0,153.5,125.5,18.25,50.4,52.1,36.9,10.95,22.25,15.45,27.05,48.65,86.4,64.0,14.6,141.0,11.8,11.25,52.4,78.4,22.1,62.8,20.65,301.5,227.0,219.0,68.0,348.5,56.8,59.5,12.85,139.5,109.5,280.5,21.3,35.65,136.0,50.1,33.3,20.65,31.35,71.0,240.5,10.45,35.55,330.5,216.0,3895.0,39.65,387.0,156.5,25.1,137.5,148.5,59.3,21.8,86.0,109.0,7.51,52.0,48.25
138.5,261.0,390.0,67.5,12.55,33.65,9.28,313.5,16.75,31.95,47.7,14.8,30.5,19.65,26.5,40.1,39.45,84.3,6.96,28.4,84.0,72.3,74.3,52.9,21.0,25.45,19.7,230.0,51.8,208.0,32.15,241.5,26.75,195.0,226.5,44.75,145.0,142.0,88.9,77.9,132.0,51.9,34.75,49.6,103.0,34.75,106.5,18.45,18.2,31.25,10.65,37.55,30.9,15.55,121.0,183.5,29.75,23.35,16.05,538.0,75.6,565.0,238.0,10.95,18.85,113.5,84.3,466.5,258.5,10.7,27.6,13.55,42.8,14.5,87.2,74.3,38.6,122.5,20.0,24.35,72.8,15.9,26.95,251.5,414.0,153.5,125.5,18.25,50.4,52.0,36.85,10.95,22.3,15.5,27.05,48.65,86.4,63.9,14.55,141.5,11.8,11.2,52.4,78.3,22.05,62.8,20.65,301.0,227.0,219.0,67.9,349.0,56.8,59.5,12.9,139.0,109.5,282.0,21.3,35.65,135.5,50.1,33.35,20.65,31.35,71.0,240.5,10.5,35.6,330.5,217.0,3895.0,39.6,387.5,156.5,25.1,138.0,148.5,59.3,21.8,86.1,109.5,7.51,52.0,48.25
138.5,261.0,390.0,67.5,12.55,33.6,9.28,314.0,16.75,31.95,47.7,14.8,30.5,19.7,26.5,40.05,39.45,84.3,6.96,28.4,84.0,72.2,74.4,52.9,21.0,25.45,19.7,230.0,51.8,208.0,32.2,241.5,26.75,195.0,226.0,44.75,145.0,142.0,88.9,77.9,132.0,51.9,34.75,49.6,103.0,34.75,106.5,18.45,18.2,31.25,10.65,37.55,30.9,15.5,121.0,183.5,29.75,23.35,16.05,538.0,75.6,565.0,238.0,10.9,18.85,113.5,84.3,467.0,259.0,10.7,27.6,13.55,42.8,14.5,87.0,74.3,38.6,122.5,19.95,24.35,72.8,15.85,26.95,251.5,415.0,153.5,126.5,18.25,50.5,52.0,36.9,10.95,22.25,15.45,27.05,48.65,86.4,63.9,14.55,141.5,11.8,11.25,52.4,78.4,22.05,62.8,20.65,301.0,226.0,219.0,68.0,349.0,56.8,59.5,12.9,139.5,109.5,282.0,21.3,35.75,136.0,50.1,33.3,20.6,31.35,71.0,241.0,10.5,35.55,330.5,216.5,3895.0,39.6,387.5,157.0,25.1,138.0,149.0,59.3,21.8,86.1,109.0,7.51,52.0,48.25
138.5,261.0,390.0,67.4,12.6,33.65,9.28,314.5,16.75,31.9,47.7,14.8,30.5,19.65,26.5,40.1,39.45,84.3,6.97,28.4,84.0,72.2,74.3,52.9,21.0,25.45,19.7,230.0,51.8,208.0,32.25,241.5,26.75,195.0,226.0,44.8,145.0,142.0,88.9,78.0,132.0,51.8,34.7,49.7,103.0,34.75,106.5,18.45,18.2,31.3,10.65,37.55,30.9,15.5,120.5,183.5,29.75,23.35,16.05,538.0,75.6,565.0,238.0,10.9,18.85,113.0,84.2,468.5,259.0,10.7,27.6,13.55,42.8,14.5,87.2,74.3,38.6,122.5,19.95,24.35,72.8,15.85,26.95,251.5,414.0,153.5,126.5,18.25,50.4,52.0,36.9,10.95,22.25,15.45,27.05,48.7,86.4,63.9,14.6,141.5,11.8,11.25,52.4,78.4,22.1,62.8,20.65,301.0,226.0,219.0,68.0,348.5,56.8,59.5,12.85,139.5,110.0,281.5,21.3,35.8,135.5,50.1,33.3,20.65,31.35,71.0,240.5,10.5,35.55,330.5,217.5,3900.0,39.6,387.5,157.0,25.1,138.0,148.5,59.3,21.8,86.0,109.0,7.51,51.9,48.25
138.5,261.0,390.0,67.4,12.6,33.65,9.28,314.5,16.75,31.9,47.7,14.75,30.5,19.7,26.5,40.15,39.45,84.3,6.97,28.4,84.0,72.2,74.4,52.8,21.0,25.5,19.75,230.5,51.8,208.0,32.2,241.5,26.75,195.0,226.0,44.75,145.0,142.0,88.9,77.9,132.0,51.8,34.7,49.7,103.0,34.8,106.5,18.45,18.2,31.3,10.65,37.55,30.9,15.55,121.0,183.5,29.75,23.35,16.05,538.0,75.6,565.0,238.0,10.9,18.85,113.5,84.3,469.0,258.5,10.7,27.6,13.6,42.8,14.5,87.3,74.3,38.6,122.5,20.0,24.35,72.8,15.85,26.95,251.5,414.0,153.5,126.0,18.25,50.4,52.0,36.85,10.95,22.3,15.45,27.05,48.7,86.6,63.8,14.6,141.5,11.8,11.2,52.4,78.3,22.1,62.8,20.65,301.5,226.0,219.0,68.0,348.5,56.8,59.5,12.85,139.5,109.5,282.0,21.3,35.8,136.0,50.1,33.3,20.65,31.35,71.0,240.5,10.5,35.55,331.0,218.0,3900.0,39.6,387.5,157.0,25.1,138.0,148.5,59.3,21.8,86.1,109.5,7.5,51.9,48.25
138.5,261.0,390.0,67.4,12.55,33.65,9.29,314.5,16.75,31.9,47.7,14.8,30.5,19.7,26.45,40.15,39.5,84.3,6.97,28.4,84.0,72.2,74.4,52.8,21.0,25.45,19.75,230.5,51.8,208.5,32.2,241.0,26.75,195.0,226.0,44.75,145.0,142.0,88.9,78.0,132.0,51.8,34.7,49.75,103.0,34.8,106.5,18.45,18.25,31.3,10.7,37.55,30.9,15.5,121.0,183.5,29.75,23.4,16.05,538.0,75.7,565.0,238.0,10.95,18.85,113.5,84.3,468.0,259.0,10.7,27.6,13.6,42.8,14.5,87.3,74.3,38.6,122.0,20.0,24.4,72.8,15.9,26.95,251.5,412.0,153.5,126.0,18.25,50.5,52.0,36.85,11.0,22.3,15.45,27.05,48.7,86.7,63.9,14.55,141.5,11.8,11.2,52.4,78.5,22.1,62.8,20.65,301.5,227.0,219.0,68.0,348.5,56.8,59.5,12.85,139.5,110.0,282.0,21.3,35.8,136.0,50.1,33.3,20.65,31.35,71.0,240.5,10.45,35.55,330.5,218.0,3895.0,39.6,387.5,157.0,25.1,138.0,148.5,59.3,21.8,85.9,109.5,7.5,51.9,48.35
138.5,261.5,390.0,67.3,12.55,33.65,9.28,314.5,16.75,31.9,47.7,14.8,30.5,19.7,26.45,40.15,39.5,84.3,6.97,28.4,84.0,72.2,74.5,52.8,21.0,25.45,19.75,230.5,51.8,208.5,32.2,241.0,26.75,195.5,226.0,44.75,145.0,142.0,89.0,78.0,132.0,51.8,34.75,49.7,103.0,34.8,106.5,18.45,18.25,31.25,10.7,37.55,30.9,15.55,121.0,183.5,29.75,23.4,16.05,538.0,75.6,565.0,238.0,10.9,18.85,113.0,84.2,469.5,259.0,10.75,27.65,13.6,42.8,14.5,87.2,74.3,38.6,122.0,19.95,24.35,72.8,15.9,26.95,251.5,413.0,153.5,125.5,18.25,50.4,52.0,36.85,11.0,22.3,15.45,27.05,48.7,86.7,63.9,14.55,141.5,11.8,11.25,52.5,78.6,22.1,62.8,20.65,301.5,227.0,219.0,67.9,348.5,56.8,59.5,12.85,139.5,109.5,279.5,21.3,35.8,136.0,50.1,33.3,20.65,31.35,71.0,240.5,10.5,35.6,330.5,218.0,3890.0,39.65,387.5,157.0,25.1,138.0,148.5,59.3,21.8,85.9,109.0,7.51,51.9,48.35
139.0,261.5,390.0,67.4,12.55,33.65,9.28,315.0,16.75,31.9,47.7,14.8,30.5,19.7,26.5,40.15,39.55,84.3,6.97,28.4,83.8,72.2,74.4,52.8,21.0,25.45,19.75,230.0,51.8,208.5,32.2,241.0,26.75,195.5,225.5,44.8,145.0,142.0,89.0,78.0,132.0,51.8,34.75,49.75,103.0,34.75,106.0,18.45,18.25,31.25,10.7,37.5,30.9,15.55,120.5,183.5,29.75,23.4,16.05,538.0,75.7,565.0,238.0,10.9,18.85,113.5,84.2,470.5,258.5,10.75,27.65,13.55,42.8,14.5,87.3,74.3,38.6,122.5,19.95,24.4,72.8,15.9,26.95,251.5,413.0,153.5,125.5,18.25,50.5,52.0,36.85,10.95,22.25,15.45,27.05,48.65,86.7,63.9,14.55,141.5,11.8,11.25,52.5,78.6,22.1,62.8,20.6,302.0,227.0,219.0,67.9,348.5,56.8,59.5,12.85,139.5,109.5,279.0,21.35,35.9,136.0,50.1,33.35,20.65,31.35,71.0,240.5,10.45,35.55,330.0,218.5,3885.0,39.65,387.5,157.0,25.1,138.0,149.0,59.3,21.8,85.8,109.0,7.51,51.9,48.3
138.5,261.0,390.0,67.4,12.55,33.6,9.28,316.0,16.7,31.85,47.7,14.8,30.5,19.7,26.45,40.2,39.5,84.3,6.97,28.4,84.1,72.1,74.5,52.4,21.0,25.45,19.7,230.0,51.8,208.5,32.2,241.0,26.75,195.5,226.5,44.8,145.0,142.0,89.0,78.0,132.0,51.8,34.75,49.65,103.0,34.75,106.5,18.45,18.25,31.2,10.7,37.55,30.9,15.55,121.0,183.5,29.75,23.35,16.05,538.0,75.6,565.0,238.0,10.9,18.9,113.0,84.2,470.5,259.0,10.7,27.65,13.6,42.8,14.5,87.2,74.3,38.6,122.5,19.95,24.4,72.8,15.85,26.95,251.5,413.0,153.5,125.5,18.25,50.5,52.0,36.85,10.95,22.25,15.5,27.1,48.65,86.7,63.9,14.6,141.5,11.8,11.2,52.4,78.7,22.1,62.8,20.6,302.0,227.0,219.0,67.9,349.0,56.8,59.6,12.85,139.5,110.0,279.0,21.3,36.0,136.0,50.1,33.35,20.65,31.35,71.0,240.5,10.5,35.55,330.5,218.5,3885.0,39.65,388.0,156.5,25.1,138.5,148.5,59.3,21.8,85.8,109.5,7.5,51.9,48.35
139.0,261.0,390.5,67.4,12.55,33.65,9.28,316.0,16.7,31.85,47.7,14.8,30.5,19.7,26.45,40.2,39.55,84.3,6.97,28.4,84.2,72.3,74.5,52.5,21.0,25.45,19.7,230.0,51.8,208.0,32.2,241.0,26.75,195.5,226.5,44.8,145.0,142.0,89.0,77.9,132.0,51.8,34.75,49.7,103.0,34.8,106.5,18.45,18.25,31.25,10.65,37.5,30.95,15.55,121.0,183.5,29.75,23.35,16.1,538.0,75.6,565.0,238.0,10.95,18.85,113.5,84.2,469.5,259.0,10.7,27.6,13.55,42.8,14.5,87.0,74.4,38.6,122.5,19.95,24.4,72.9,15.85,26.9,251.5,413.0,153.5,125.5,18.25,50.5,52.0,36.9,10.95,22.25,15.5,27.1,48.7,86.7,63.9,14.55,142.0,11.8,11.2,52.4,78.8,22.1,62.8,20.6,301.0,227.0,219.0,67.8,349.0,56.8,59.6,12.85,140.0,110.0,280.0,21.35,36.0,136.0,50.1,33.35,20.65,31.35,71.0,240.5,10.45,35.6,330.5,217.5,3885.0,39.65,388.0,156.5,25.1,137.5,148.5,59.3,21.8,85.7,109.0,7.5,52.0,48.35
139.0,261.0,390.5,67.4,12.55,33.65,9.28,316.5,16.7,32.0,47.7,14.8,30.5,19.65,26.5,40.15,39.55,84.3,6.97,28.4,83.8,72.3,74.5,52.8,21.0,25.45,19.75,230.0,51.8,208.5,32.2,241.0,26.75,195.5,226.5,44.75,145.0,142.0,89.0,78.0,132.0,51.5,34.75,49.7,103.0,34.8,106.0,18.45,18.2,31.25,10.65,37.55,30.95,15.5,121.0,183.5,29.75,23.35,16.1,538.0,75.7,565.0,238.0,10.9,18.85,113.0,84.3,468.0,259.0,10.7,27.6,13.6,42.8,14.5,87.0,74.3,38.6,122.5,19.95,24.35,72.9,15.85,26.9,252.0,413.0,153.5,125.5,18.25,50.5,52.1,36.9,10.95,22.25,15.5,27.1,48.65,86.8,63.9,14.55,141.5,11.8,11.2,52.4,78.8,22.1,62.8,20.6,301.5,227.0,219.5,67.8,348.5,56.8,59.6,12.85,140.0,110.0,280.0,21.35,36.0,136.0,50.1,33.3,20.6,31.35,71.0,240.5,10.5,35.55,330.5,217.5,3880.0,39.65,388.0,157.0,25.1,137.5,148.5,59.3,21.8,85.8,109.0,7.5,52.0,48.3
139.0,261.0,390.5,67.4,12.55,33.65,9.29,316.5,16.7,32.0,47.7,14.8,30.5,19.7,26.5,40.15,39.55,84.3,6.97,28.4,84.2,72.4,74.5,52.4,21.0,25.45,19.7,230.0,51.8,208.5,32.2,241.0,26.75,195.0,226.5,44.8,145.0,142.0,89.0,77.9,132.0,51.5,34.75,49.7,103.0,34.85,106.0,18.5,18.2,31.25,10.7,37.55,30.95,15.5,121.0,183.5,29.75,23.35,16.05,538.0,75.6,565.0,238.0,10.9,18.85,113.0,84.3,468.0,258.5,10.75,27.6,13.55,42.8,14.5,86.9,74.3,38.6,122.0,19.95,24.35,72.9,15.85,26.9,251.5,413.0,153.5,125.5,18.25,50.5,52.1,36.9,10.95,22.25,15.5,27.1,48.65,86.7,63.9,14.55,141.5,11.8,11.2,52.4,78.7,22.05,62.8,20.6,301.5,227.0,219.5,67.8,348.5,56.8,59.6,12.9,140.0,110.0,280.0,21.35,35.9,136.0,50.0,33.3,20.6,31.35,71.0,240.5,10.45,35.55,330.5,217.5,3880.0,39.65,388.0,156.5,25.1,137.5,148.5,59.3,21.8,85.8,109.5,7.5,52.3,48.35
139.0,261.0,390.5,67.4,12.6,33.65,9.28,316.0,16.7,32.0,47.7,14.8,30.5,19.65,26.5,40.15,39.6,84.3,6.97,28.4,83.9,72.4,74.5,52.8,21.0,25.45,19.7,230.5,51.8,208.5,32.2,241.0,26.75,195.0,226.5,44.8,145.0,142.0,89.0,78.0,132.0,51.6,34.75,49.7,103.0,34.85,106.0,18.45,18.25,31.25,10.7,37.55,30.9,15.55,121.0,183.5,29.75,23.35,16.05,538.0,75.6,565.0,238.0,10.95,18.85,113.0,84.2,469.0,258.5,10.7,27.6,13.55,42.8,14.5,87.2,74.3,38.6,122.5,19.95,24.4,72.8,15.9,26.9,251.5,413.0,153.5,125.5,18.25,50.4,52.1,36.9,10.95,22.3,15.55,27.1,48.7,86.8,63.9,14.6,142.0,11.8,11.2,52.4,78.5,22.05,62.8,20.65,301.0,227.0,219.5,67.7,348.5,56.8,59.6,12.85,140.0,109.5,280.5,21.35,35.9,136.0,50.0,33.3,20.65,31.35,71.0,240.5,10.45,35.6,331.0,217.5,3875.0,39.65,388.0,156.5,25.05,137.5,148.5,59.3,21.8,85.8,109.0,7.51,52.1,48.35
139.0,261.5,390.5,67.2,12.55,33.65,9.28,316.5,16.7,32.0,47.7,14.8,30.5,19.7,26.5,40.15,39.6,84.3,6.97,28.4,83.9,72.4,74.4,52.8,21.0,25.45,19.75,230.5,51.8,208.5,32.2,241.0,26.75,195.5,226.0,44.8,145.0,143.0,89.0,78.0,132.0,51.6,34.75,49.65,103.0,34.85,106.5,18.45,18.2,31.25,10.7,37.55,30.9,15.55,121.0,183.5,29.75,23.4,16.05,538.0,75.6,565.0,238.0,10.95,18.85,113.0,84.3,470.0,259.0,10.7,27.65,13.55,42.8,14.5,87.2,74.3,38.55,122.5,19.95,24.35,72.9,15.9,26.95,251.0,412.5,153.5,125.5,18.25,50.4,52.1,36.9,10.95,22.3,15.5,27.1,48.7,86.8,63.9,14.55,141.5,11.8,11.2,52.3,78.5,22.1,62.8,20.6,300.0,227.0,219.5,67.7,348.0,56.8,59.6,12.85,140.0,110.0,281.0,21.35,35.95,136.0,50.0,33.3,20.6,31.35,71.0,240.0,10.5,35.55,331.0,217.5,3870.0,39.65,388.0,156.5,25.1,137.5,149.0,59.2,21.8,85.6,109.5,7.5,52.4,48.35
139.0,261.5,390.5,67.3,12.55,33.65,9.28,315.5,16.7,32.0,47.65,14.8,30.5,19.65,26.45,40.15,39.6,84.3,6.97,28.35,84.0,72.4,74.5,52.8,20.95,25.45,19.75,230.5,51.9,208.5,32.2,241.0,26.75,195.5,226.0,44.8,145.0,143.0,89.0,78.0,131.5,51.5,34.75,49.8,103.0,34.75,106.5,18.5,18.25,31.25,10.65,37.5,30.95,15.5,121.0,183.0,29.75,23.35,16.05,538.0,75.6,565.0,238.0,10.95,18.9,113.5,84.2,470.0,258.5,10.7,27.6,13.55,42.8,14.5,87.3,74.3,38.55,122.5,19.95,24.4,72.8,15.85,26.9,251.0,412.0,153.5,125.5,18.25,50.5,52.1,36.9,10.95,22.25,15.5,27.05,48.7,86.5,63.9,14.6,141.5,11.8,11.2,52.3,78.3,22.05,62.8,20.6,301.0,227.0,219.5,67.7,348.5,56.8,59.5,12.85,140.0,110.0,281.0,21.35,35.95,136.0,50.0,33.3,20.65,31.35,71.0,240.0,10.5,35.55,331.0,218.0,3860.0,39.65,388.0,156.5,25.1,137.5,149.0,59.2,21.8,85.7,109.0,7.5,52.7,48.35
139.0,261.5,390.5,67.3,12.55,33.65,9.28,316.0,16.7,32.0,47.65,14.8,30.5,19.7,26.5,40.15,39.6,84.4,6.97,28.35,83.9,72.4,74.5,52.7,21.0,25.45,19.75,230.5,51.9,208.5,32.2,241.0,26.75,195.0,226.0,44.8,145.0,143.0,88.9,78.0,131.5,51.6,34.8,49.8,103.0,34.75,106.0,18.5,18.2,31.25,10.65,37.55,30.95,15.5,121.0,183.0,29.75,23.35,16.05,538.0,75.7,565.0,238.0,10.95,18.9,113.0,84.2,469.0,259.0,10.75,27.6,13.55,42.8,14.5,87.4,74.3,38.55,122.5,19.95,24.35,72.8,15.85,26.85,251.0,412.0,153.5,125.5,18.25,50.4,52.1,36.9,11.0,22.25,15.5,27.05,48.7,86.6,63.9,14.6,141.5,11.8,11.2,52.4,78.3,22.1,62.8,20.6,299.0,227.0,219.5,67.8,348.5,56.8,59.6,12.9,139.5,110.0,281.0,21.3,36.0,136.0,50.0,33.35,20.65,31.35,71.0,240.0,10.45,35.55,330.5,217.0,3840.0,39.65,388.0,156.5,25.05,138.0,148.5,59.2,21.8,85.8,109.5,7.48,53.0,48.3
139.0,261.0,390.5,67.3,12.55,33.65,9.28,314.5,16.7,32.0,47.65,14.8,30.5,19.65,26.45,40.15,39.6,84.4,6.97,28.4,83.8,72.4,74.5,52.7,21.0,25.5,19.7,230.5,51.9,208.5,32.2,241.0,26.75,195.5,225.5,44.8,145.0,143.0,88.9,78.0,132.0,51.5,34.75,49.7,103.0,34.75,106.5,18.45,18.2,31.25,10.65,37.5,30.95,15.55,121.0,183.0,29.75,23.3,16.05,538.0,75.6,565.0,238.0,10.9,18.85,113.5,84.3,468.0,258.5,10.7,27.6,13.55,42.8,14.5,87.4,74.3,38.55,122.0,19.95,24.4,72.8,15.85,26.85,251.0,411.0,153.5,125.0,18.25,50.5,52.1,36.9,10.95,22.25,15.5,27.1,48.7,86.6,63.9,14.6,141.5,11.8,11.2,52.3,78.4,22.1,62.8,20.6,299.0,227.0,219.5,67.7,348.5,56.8,59.6,12.85,139.5,110.0,280.5,21.35,36.0,136.0,50.2,33.3,20.65,31.35,71.0,240.0,10.45,35.55,330.0,217.0,3825.0,39.6,388.0,156.5,25.1,137.5,148.5,59.2,21.8,85.9,109.5,7.48,52.9,48.35
139.0,261.5,390.5,67.2,12.55,33.65,9.28,313.0,16.7,32.0,47.6,14.8,30.55,19.65,26.4,40.15,39.55,84.3,6.97,28.35,83.7,72.4,74.4,52.7,21.0,25.45,19.7,230.5,51.9,208.0,32.2,241.0,26.75,195.0,225.5,44.75,145.0,143.0,88.9,78.0,132.0,51.5,34.75,49.65,103.0,34.7,106.5,18.45,18.2,31.25,10.65,37.5,30.95,15.5,121.0,183.0,29.75,23.3,16.05,538.0,75.6,565.0,238.0,10.9,18.85,113.5,84.2,469.5,259.0,10.7,27.65,13.55,42.8,14.5,87.3,74.3,38.55,122.5,19.95,24.35,72.8,15.9,26.85,251.0,410.5,153.5,125.5,18.25,50.4,52.0,36.9,10.95,22.25,15.5,27.05,48.7,86.5,63.9,14.6,141.0,11.8,11.2,52.4,78.3,22.05,62.9,20.65,298.5,227.0,219.5,67.7,348.5,56.8,59.6,12.85,139.5,109.5,281.0,21.35,35.95,136.0,50.0,33.3,20.65,31.35,70.8,239.0,10.45,35.55,330.0,217.5,3825.0,39.6,388.0,156.5,25.1,137.5,148.5,59.2,21.85,86.1,109.0,7.47,52.8,48.3
139.0,261.0,390.5,67.3,12.6,33.6,9.28,312.5,16.7,32.0,47.65,14.8,30.55,19.7,26.4,40.15,39.5,84.3,6.97,28.35,83.7,72.4,74.4,52.7,21.0,25.45,19.75,230.0,51.8,208.0,32.2,241.0,26.8,195.0,225.0,44.75,145.0,143.0,88.9,78.0,132.0,51.5,34.75,49.65,103.0,34.75,106.0,18.45,18.2,31.25,10.65,37.5,30.95,15.5,121.0,183.0,29.75,23.3,16.05,538.0,75.6,565.0,238.0,10.95,18.85,113.0,84.2,469.5,259.0,10.75,27.65,13.6,42.8,14.5,87.0,74.3,38.55,122.5,20.0,24.35,72.7,15.9,26.85,251.0,412.0,153.5,125.5,18.25,50.5,52.1,36.9,11.0,22.25,15.5,27.05,48.7,86.5,63.9,14.6,141.0,11.8,11.25,52.4,78.4,22.1,62.9,20.6,298.0,227.0,219.5,67.8,349.0,56.8,59.6,12.9,139.5,110.0,280.5,21.35,36.0,136.0,50.0,33.3,20.65,31.35,70.8,239.5,10.45,35.6,330.0,216.5,3805.0,39.6,388.0,156.5,25.1,137.5,148.5,59.2,21.85,86.2,109.5,7.48,52.8,48.3
138.5,259.0,390.5,67.2,12.6,33.6,9.28,313.0,16.7,31.9,47.6,14.8,30.55,19.65,26.35,40.15,39.5,84.3,6.97,28.35,83.9,72.4,74.4,52.7,21.0,25.45,19.7,230.0,51.9,208.0,32.2,241.0,26.8,195.0,225.0,44.8,145.0,143.0,88.9,78.0,132.0,51.5,34.75,49.65,103.0,34.75,106.5,18.45,18.2,31.25,10.65,37.5,30.95,15.55,121.0,183.0,29.7,23.3,16.05,538.0,75.5,565.0,238.0,10.9,18.85,113.5,84.3,466.5,258.0,10.75,27.6,13.55,42.8,14.5,87.0,74.3,38.55,122.0,19.95,24.3,72.7,15.9,26.85,251.5,410.5,153.0,125.5,18.25,50.5,52.1,36.9,10.95,22.3,15.5,27.05,48.65,86.6,63.9,14.6,140.5,11.8,11.2,52.4,78.3,22.05,62.9,20.65,298.0,226.5,219.5,67.7,349.0,56.8,59.6,12.85,139.0,110.0,280.5,21.3,35.95,136.0,50.0,33.25,20.65,31.35,70.8,239.5,10.45,35.6,330.5,215.5,3795.0,39.6,387.5,156.5,25.1,137.0,148.5,59.2,21.85,86.5,109.0,7.48,52.9,48.25
138.5,259.0,390.5,67.1,12.6,33.6,9.28,311.0,16.7,31.9,47.6,14.8,30.55,19.65,26.35,40.1,39.45,84.2,6.97,28.3,83.7,72.4,74.4,52.6,21.0,25.45,19.75,230.5,51.9,208.0,32.2,241.0,26.8,195.0,225.0,44.8,145.0,143.0,88.9,77.9,132.0,51.5,34.75,49.65,103.0,34.75,106.0,18.45,18.2,31.25,10.65,37.4,30.95,15.5,121.0,183.0,29.7,23.3,16.05,538.0,75.6,565.0,238.0,10.9,18.85,113.0,84.3,466.0,258.0,10.75,27.6,13.6,42.8,14.45,86.8,74.3,38.55,122.5,19.95,24.3,72.7,15.85,26.85,251.5,411.0,153.5,125.0,18.25,50.5,52.1,36.85,10.95,22.25,15.5,27.05,48.65,86.4,63.9,14.6,140.5,11.8,11.2,52.4,78.2,22.05,62.9,20.6,296.5,226.0,219.5,67.5,348.5,56.8,59.5,12.9,139.5,110.0,279.5,21.3,36.0,135.5,50.0,33.2,20.6,31.35,70.8,239.5,10.45,35.55,330.0,216.0,3800.0,39.55,388.0,156.0,25.1,136.0,148.5,59.2,21.85,86.0,109.0,7.48,52.9,48.3
138.5,259.0,390.5,67.0,12.6,33.6,9.28,310.5,16.7,31.9,47.6,14.75,30.55,19.65,26.4,40.15,39.5,84.3,6.97,28.3,83.5,72.4,74.4,52.7,21.0,25.45,19.7,230.5,51.9,208.0,32.2,241.0,26.8,195.0,225.0,44.8,145.0,143.0,88.9,78.0,132.0,51.5,34.7,49.7,103.0,34.75,106.0,18.45,18.2,31.25,10.65,37.3,30.95,15.5,121.0,183.0,29.75,23.3,16.05,538.0,75.6,565.0,238.0,10.95,18.9,113.5,84.2,467.0,258.0,10.75,27.6,13.55,42.8,14.45,86.7,74.3,38.55,122.5,19.95,24.3,72.7,15.9,26.85,251.0,411.0,153.5,125.0,18.25,50.4,52.1,36.85,10.95,22.25,15.5,27.05,48.6,86.4,63.9,14.6,140.5,11.8,11.25,52.3,78.5,22.1,62.9,20.6,297.0,226.0,219.5,67.4,348.5,56.8,59.5,12.85,139.5,109.5,279.5,21.25,36.05,136.0,50.0,33.2,20.6,31.35,70.8,239.5,10.45,35.55,330.0,216.0,3810.0,39.55,388.0,156.5,25.1,136.0,148.5,59.2,21.85,86.0,109.0,7.48,52.9,48.3
138.5,259.0,390.5,66.8,12.6,33.6,9.28,310.0,16.7,31.9,47.65,14.8,30.5,19.65,26.4,40.15,39.5,84.2,6.97,28.3,83.7,72.4,74.3,52.7,21.0,25.5,19.75,230.5,51.9,208.0,32.2,241.0,26.8,195.0,225.0,44.8,145.0,143.0,88.9,78.0,132.0,51.5,34.75,49.7,103.0,34.75,106.0,18.45,18.2,31.25,10.65,37.35,30.95,15.5,120.5,183.0,29.75,23.25,16.05,538.0,75.5,565.0,238.0,10.95,18.9,113.5,84.2,467.5,258.5,10.7,27.55,13.55,42.75,14.45,86.7,74.3,38.6,122.0,19.95,24.35,72.7,15.9,26.85,251.0,411.0,153.5,124.5,18.25,50.5,52.1,36.85,10.95,22.25,15.5,27.05,48.6,86.4,63.8,14.6,140.0,11.8,11.25,52.3,78.2,22.1,62.9,20.65,297.0,225.5,219.0,67.5,348.5,56.7,59.5,12.9,139.0,109.5,279.5,21.2,36.05,135.5,50.0,33.15,20.6,31.35,70.8,239.5,10.4,35.6,330.0,215.5,3800.0,39.55,388.0,156.5,25.05,136.5,148.5,59.2,21.85,86.0,109.5,7.47,52.9,48.25
138.5,259.0,390.5,66.7,12.55,33.5,9.28,310.0,16.7,31.9,47.6,14.75,30.5,19.6,26.4,40.15,39.5,84.3,6.97,28.35,83.6,72.4,74.3,52.7,21.0,25.4,19.75,230.0,51.9,208.0,32.2,241.0,26.8,195.5,224.0,44.75,145.0,143.0,88.9,78.0,132.0,51.4,34.75,49.65,103.0,34.75,106.5,18.45,18.2,31.25,10.65,37.35,30.95,15.5,121.0,183.0,29.75,23.2,16.05,537.0,75.6,565.0,238.0,10.9,18.85,113.5,84.3,467.5,258.5,10.75,27.55,13.55,42.75,14.45,86.7,74.3,38.6,122.5,19.95,24.35,72.6,15.85,26.8,251.0,411.0,153.5,125.0,18.25,50.4,52.1,36.85,10.95,22.25,15.5,27.05,48.6,86.3,63.9,14.55,140.0,11.8,11.2,52.3,78.5,22.1,62.8,20.65,298.5,225.5,219.5,67.3,348.0,56.8,59.5,12.85,139.5,110.0,280.0,20.9,36.05,135.5,50.0,33.15,20.65,31.35,70.8,239.5,10.45,35.55,330.0,215.5,3800.0,39.55,388.0,156.5,25.1,136.5,148.0,59.2,21.85,86.0,109.5,7.47,53.2,48.25
138.5,258.5,390.5,66.9,12.55,33.6,9.28,310.5,16.7,31.9,47.6,14.8,30.3,19.6,26.35,40.15,39.55,84.2,6.97,28.35,83.5,72.4,74.4,52.7,21.0,25.4,19.7,230.0,51.9,208.0,32.2,241.0,26.8,195.5,224.5,44.75,145.0,143.0,88.9,77.9,132.0,51.4,34.75,49.65,103.0,34.75,106.5,18.45,18.2,31.2,10.65,37.35,30.95,15.45,121.0,183.0,29.75,23.2,16.05,537.0,75.5,565.0,238.0,10.9,18.9,113.5,84.2,468.0,258.5,10.75,27.55,13.55,42.8,14.45,86.7,74.3,38.6,122.5,20.0,24.35,72.6,15.9,26.8,251.5,411.0,153.5,124.5,18.25,50.4,52.1,36.85,10.95,22.25,15.5,27.05,48.6,86.3,63.7,14.6,140.5,11.8,11.2,52.3,78.4,22.1,62.8,20.65,297.5,225.5,219.5,67.4,348.5,56.8,59.5,12.85,139.5,110.0,281.5,21.0,36.05,135.5,50.0,33.15,20.65,31.4,70.9,239.5,10.4,35.55,330.5,216.0,3790.0,39.55,388.0,156.5,25.1,136.5,148.0,59.2,21.85,86.0,109.5,7.47,53.9,48.2
138.0,258.5,390.5,66.7,12.5,33.6,9.29,309.5,16.7,31.95,47.6,14.8,30.3,19.6,26.4,40.15,39.55,84.2,6.97,28.35,83.5,72.4,74.3,52.6,20.95,25.4,19.7,230.0,51.9,208.0,32.2,241.0,26.8,195.5,224.5,44.8,145.5,143.0,88.9,78.0,132.0,51.4,34.75,49.7,103.0,34.75,106.0,18.5,18.2,31.2,10.7,37.3,30.95,15.5,121.0,183.0,29.75,23.2,16.05,537.0,75.6,565.0,238.0,10.95,18.85,113.5,84.2,469.0,258.0,10.75,27.5,13.55,42.8,14.45,86.7,74.3,38.6,122.5,19.95,24.3,72.6,15.85,26.8,252.5,411.5,153.0,125.0,18.3,50.4,52.1,36.85,11.0,22.3,15.5,27.05,48.6,86.3,63.7,14.55,140.0,11.8,11.25,52.4,78.4,22.1,62.8,20.6,298.0,225.5,219.5,67.4,348.0,56.8,59.5,12.85,139.5,109.5,280.5,21.0,36.05,135.5,50.0,33.2,20.65,31.4,70.9,239.5,10.4,35.55,331.0,217.0,3800.0,39.55,387.5,156.0,25.05,137.0,148.0,59.2,21.85,86.0,109.5,7.48,53.4,48.15
138.0,259.0,390.5,66.7,12.55,33.6,9.29,309.5,16.7,31.95,47.65,14.8,30.3,19.65,26.35,40.15,39.6,84.3,6.97,28.35,83.5,72.4,74.3,52.6,21.0,25.5,19.75,230.0,51.9,208.0,32.2,241.0,26.8,195.5,225.0,44.8,145.5,142.5,88.9,78.0,132.0,51.5,34.75,49.7,103.0,34.75,106.0,18.45,18.25,31.2,10.65,37.3,30.95,15.5,120.5,183.0,29.75,23.2,16.05,537.0,75.6,565.0,238.0,10.95,18.9,113.5,84.3,472.5,258.0,10.75,27.5,13.55,42.8,14.45,86.7,74.3,38.55,122.5,19.95,24.3,72.6,15.85,26.8,252.5,411.5,153.5,125.0,18.25,50.5,52.0,36.85,10.95,22.25,15.5,27.05,48.6,86.3,63.7,14.6,140.5,11.8,11.25,52.3,78.5,22.1,62.8,20.65,298.5,225.5,219.5,67.3,348.0,56.7,59.4,12.9,139.5,110.0,281.0,21.05,36.05,136.0,50.0,33.2,20.65,31.4,70.9,239.5,10.4,35.55,330.0,218.0,3775.0,39.55,387.5,156.5,25.1,138.0,148.0,59.2,21.85,86.3,109.5,7.46,53.7,48.15
138.0,259.0,390.5,66.8,12.55,33.6,9.28,310.5,16.7,31.95,47.65,14.75,30.3,19.65,26.4,40.1,39.6,84.2,6.97,28.35,83.3,72.4,74.3,52.6,21.0,25.5,19.75,230.0,51.9,208.0,32.2,241.0,26.75,195.5,226.5,44.8,145.0,143.0,88.9,77.9,132.0,51.5,34.75,49.7,103.0,34.75,106.0,18.45,18.2,31.2,10.65,37.25,30.95,15.45,120.5,183.0,29.75,23.2,16.05,537.0,75.6,565.0,238.0,10.9,18.9,113.5,84.2,479.0,258.5,10.7,27.5,13.55,42.8,14.4,86.7,74.3,38.6,122.5,20.0,24.3,72.6,15.9,26.8,252.5,411.5,153.0,125.0,18.25,50.5,52.1,36.85,10.95,22.3,15.5,27.05,48.6,86.2,63.8,14.6,140.0,11.8,11.2,52.3,78.5,22.1,62.8,20.6,298.5,225.5,219.5,67.0,348.0,56.7,59.5,12.9,139.5,110.0,281.5,21.05,36.0,135.5,50.0,33.15,20.65,31.4,70.9,239.5,10.4,35.55,330.0,221.0,3785.0,39.6,387.0,156.5,25.1,139.5,147.5,59.2,21.85,86.1,109.5,7.46,53.5,48.2
138.0,260.0,390.5,66.8,12.55,33.6,9.28,311.0,16.7,31.95,47.65,14.8,30.3,19.65,26.4,40.15,39.6,84.2,6.97,28.35,83.3,72.4,74.4,52.6,21.0,25.5,19.7,230.0,51.9,208.0,32.15,241.0,26.75,195.5,226.5,44.8,145.0,142.5,88.9,78.0,132.0,51.5,34.8,49.65,103.0,34.75,106.0,18.45,18.2,31.2,10.65,37.3,30.95,15.5,120.5,183.0,29.75,23.2,16.05,537.0,75.5,565.0,238.0,10.95,18.85,113.5,84.3,480.0,258.0,10.75,27.5,13.55,42.8,14.4,86.7,74.3,38.6,122.0,20.0,24.3,72.7,15.9,26.75,252.5,412.0,153.0,125.0,18.25,50.4,52.1,36.9,10.95,22.25,15.5,27.1,48.6,86.2,63.7,14.55,140.5,11.8,11.2,52.3,78.4,22.1,62.8,20.65,300.0,227.0,219.5,67.0,348.0,56.7,59.4,12.85,139.5,109.5,284.0,21.05,36.1,136.0,50.0,33.2,20.6,31.4,70.9,240.0,10.45,35.55,331.0,220.5,3790.0,39.65,387.0,156.5,25.05,139.5,147.5,59.2,21.85,86.2,109.5,7.46,53.6,48.2
138.5,259.5,390.5,66.7,12.55,33.6,9.28,311.0,16.7,31.95,47.65,14.8,30.3,19.65,26.4,40.15,39.6,84.1,6.97,28.3,83.6,72.4,74.4,52.7,21.0,25.5,19.75,230.0,51.9,208.5,32.15,241.0,26.75,195.5,225.0,44.8,145.0,143.0,88.9,77.9,132.0,51.5,34.8,49.65,103.0,34.75,106.0,18.45,18.2,31.2,10.65,37.3,30.95,15.5,120.5,183.0,29.75,23.3,16.05,537.0,75.6,565.0,238.0,10.95,18.85,113.0,84.3,481.5,258.5,10.75,27.55,13.6,42.8,14.45,86.7,74.4,38.6,122.0,20.0,24.3,72.7,15.9,26.75,252.5,412.0,153.0,125.5,18.25,50.5,52.1,36.85,10.95,22.25,15.5,27.1,48.6,86.2,63.8,14.55,140.0,11.8,11.2,52.3,78.2,22.1,62.8,20.6,302.0,228.5,219.5,67.2,348.5,56.7,59.5,12.9,139.5,110.0,284.0,21.05,36.0,136.0,50.0,33.2,20.6,31.4,70.8,239.5,10.45,35.55,331.0,221.0,3800.0,39.65,387.5,157.0,25.1,140.0,147.5,59.2,21.85,86.4,109.0,7.46,53.5,48.2
138.0,260.0,390.5,66.7,12.6,33.6,9.28,311.5,16.7,31.95,47.65,14.8,30.3,19.65,26.4,40.15,39.7,84.1,6.97,28.3,83.3,72.4,74.4,52.3,21.0,25.4,19.75,230.0,51.9,208.5,32.15,241.0,26.75,195.5,225.0,44.8,145.0,143.0,88.9,77.9,132.0,51.5,34.75,49.75,103.0,34.7,106.0,18.45,18.2,31.25,10.65,37.3,30.95,15.45,120.5,183.0,29.75,23.4,16.05,537.0,75.6,565.0,238.0,10.95,18.9,113.5,84.2,483.0,258.5,10.75,27.6,13.55,42.8,14.45,86.7,74.3,38.55,122.5,20.0,24.35,72.7,15.9,26.85,252.5,412.0,153.0,125.5,18.25,50.5,52.1,36.9,10.95,22.25,15.5,27.1,48.65,86.2,63.7,14.6,140.0,11.8,11.2,52.4,78.3,22.1,62.8,20.6,302.0,229.0,219.5,67.4,348.0,56.8,59.5,12.9,139.5,110.0,283.5,21.1,36.0,136.0,50.0,33.25,20.6,31.4,70.8,239.5,10.4,35.55,331.0,222.5,3830.0,39.65,387.5,156.5,25.1,140.0,148.0,59.2,21.85,86.5,109.0,7.44,53.4,48.2
138.0,259.5,390.5,66.8,12.6,33.6,9.28,311.5,16.7,32.0,47.65,14.8,30.3,19.65,26.45,40.15,39.7,84.1,6.97,28.3,83.5,72.5,74.4,52.3,21.0,25.4,19.7,230.0,51.9,208.0,32.15,241.0,26.75,195.5,225.0,44.75,145.0,143.0,88.9,78.0,132.0,51.5,34.75,49.75,103.0,34.7,106.0,18.45,18.2,31.2,10.65,37.3,30.95,15.45,121.0,183.0,29.75,23.3,16.05,537.0,75.6,565.0,238.0,10.95,18.85,113.5,84.2,480.0,258.5,10.7,27.6,13.55,42.8,14.45,86.7,74.4,38.55,122.5,20.0,24.35,72.7,15.85,26.8,252.5,412.0,153.0,125.5,18.25,50.5,52.1,36.9,11.0,22.25,15.5,27.1,48.65,86.2,63.8,14.6,140.5,11.8,11.2,52.4,78.3,22.1,62.8,20.6,303.0,228.5,219.0,67.5,348.5,56.7,59.5,12.85,139.5,110.0,284.5,21.15,35.95,135.5,50.0,33.3,20.6,31.4,70.8,239.0,10.4,35.55,330.5,222.0,3835.0,39.65,388.0,156.5,25.1,140.0,148.0,59.2,21.85,86.6,109.5,7.44,53.4,48.2
138.0,259.5,390.5,66.8,12.6,33.6,9.28,311.5,16.7,32.0,47.65,14.8,30.3,19.7,26.5,40.1,39.75,84.1,6.97,28.35,83.4,72.5,74.3,52.7,21.0,25.4,19.75,230.0,51.9,208.0,32.15,241.0,26.75,195.5,225.0,44.75,145.0,143.0,88.9,78.0,132.0,51.5,34.75,49.65,103.0,34.7,106.5,18.45,18.2,31.2,10.65,37.3,30.95,15.45,121.0,183.0,29.75,23.3,16.05,537.0,75.6,565.0,238.0,10.95,18.9,113.5,84.3,480.0,258.5,10.75,27.55,13.55,42.8,14.45,86.7,74.4,38.55,122.5,20.0,24.35,72.7,15.9,26.8,252.5,412.5,153.5,125.5,18.25,50.4,52.2,36.9,10.95,22.25,15.5,27.1,48.6,86.1,63.7,14.6,141.0,11.85,11.2,52.3,78.2,22.1,62.7,20.6,302.5,228.5,219.5,67.4,348.0,56.7,59.5,12.9,139.0,110.0,284.0,21.2,35.95,136.0,50.2,33.3,20.6,31.4,70.8,239.5,10.4,35.6,330.5,222.0,3835.0,39.65,388.0,157.0,25.1,139.5,148.0,59.2,21.8,86.8,109.0,7.44,53.4,48.2
138.5,259.5,390.5,66.9,12.55,33.6,9.28,312.0,16.7,32.0,47.7,14.8,30.3,19.75,26.5,40.1,39.8,84.1,6.97,28.35,83.4,72.5,74.3,52.6,21.0,25.4,19.7,230.0,51.9,208.5,32.15,241.0,26.75,195.5,225.0,44.8,145.0,143.0,88.9,78.0,132.0,51.5,34.8,49.65,103.0,34.7,106.5,18.45,18.25,31.2,10.65,37.3,30.95,15.45,121.0,183.0,29.75,23.3,16.05,537.0,75.6,565.0,238.0,10.95,18.85,113.0,84.2,479.5,258.5,10.75,27.55,13.6,42.8,14.45,86.7,74.3,38.55,122.0,20.0,24.35,72.7,15.9,26.8,252.0,412.5,153.5,125.5,18.25,50.5,52.1,36.9,11.0,22.3,15.5,27.1,48.65,86.1,63.7,14.6,141.0,11.8,11.2,52.4,78.4,22.1,62.7,20.65,302.0,228.0,219.5,67.4,348.0,56.7,59.6,12.9,139.5,109.5,284.0,21.15,35.9,136.0,50.2,33.3,20.55,31.4,70.8,239.0,10.4,35.55,331.0,221.0,3840.0,39.65,388.0,157.0,25.1,139.0,148.0,59.2,21.8,86.7,109.5,7.44,53.0,48.2
138.5,259.5,390.5,66.9,12.55,33.6,9.28,312.0,16.7,31.95,47.7,14.75,30.3,19.75,26.5,40.15,39.85,84.1,6.97,28.35,83.4,72.5,74.3,52.6,21.0,25.4,19.7,229.0,51.9,208.0,32.15,241.0,26.75,195.5,224.5,44.8,145.0,143.0,88.9,77.9,132.0,51.4,34.8,49.8,103.0,34.65,106.0,18.45,18.2,31.2,10.65,37.3,30.95,15.5,121.0,183.0,29.75,23.25,16.05,537.0,75.6,565.0,238.0,10.95,18.85,113.0,84.2,479.0,258.0,10.75,27.55,13.55,42.8,14.45,86.7,74.3,38.6,122.5,20.0,24.35,72.8,15.9,26.8,252.0,412.5,153.5,125.0,18.25,50.4,52.2,36.9,10.95,22.25,15.5,27.1,48.65,86.2,63.7,14.6,140.5,11.85,11.2,52.4,78.5,22.1,62.7,20.65,301.5,228.0,219.5,67.4,348.0,56.7,59.6,12.9,139.5,110.0,284.0,21.2,35.85,135.5,50.0,33.3,20.6,31.4,70.8,239.5,10.4,35.6,331.0,221.5,3825.0,39.65,388.0,157.0,25.1,139.0,148.5,59.2,21.8,87.1,109.0,7.4,53.0,48.2
138.5,259.0,390.5,67.0,12.55,33.6,9.28,312.0,16.7,31.95,47.7,14.75,30.3,19.7,26.5,40.15,39.8,84.1,6.97,28.35,83.4,72.6,74.3,52.6,21.0,25.4,19.75,229.5,51.9,208.5,32.15,241.0,26.75,195.5,224.5,44.8,145.0,143.0,88.9,78.0,132.0,51.4,34.7,49.65,103.0,34.65,106.0,18.45,18.2,31.2,10.65,37.3,30.95,15.5,121.0,183.0,29.7,23.3,16.05,537.0,75.6,565.0,238.0,10.95,18.85,113.0,84.3,481.5,258.5,10.75,27.55,13.6,42.8,14.45,86.7,74.3,38.55,122.0,20.0,24.35,72.8,15.85,26.8,252.0,412.5,153.5,125.5,18.3,50.4,52.0,36.9,11.0,22.25,15.5,27.1,48.65,86.3,63.7,14.6,141.0,11.85,11.2,52.3,78.5,22.05,62.7,20.6,301.5,228.0,219.5,67.4,347.5,56.8,59.6,12.85,139.5,109.5,284.5,21.2,35.9,136.0,50.0,33.25,20.55,31.3,70.8,239.5,10.4,35.55,331.0,222.5,3820.0,39.65,388.0,157.0,25.1,140.0,148.5,59.2,21.8,86.8,109.5,7.41,52.6,48.2
138.0,259.5,390.5,67.1,12.6,33.6,9.28,312.0,16.7,31.95,47.7,14.75,30.3,19.7,26.5,40.1,39.7,84.2,6.97,28.3,83.7,72.6,74.4,52.6,21.0,25.4,19.75,229.5,51.9,208.5,32.15,241.0,26.75,195.5,224.5,44.8,145.0,143.0,88.9,77.9,132.0,51.4,34.8,49.65,103.0,34.65,106.0,18.45,18.25,31.2,10.65,37.3,30.9,15.5,120.5,183.0,29.75,23.3,16.05,537.0,75.6,565.0,238.0,10.95,18.85,113.0,84.2,486.0,258.5,10.75,27.6,13.55,42.8,14.45,87.1,74.3,38.55,122.0,20.0,24.35,72.8,15.85,26.85,252.0,412.5,153.5,125.5,18.3,50.5,52.1,36.85,10.95,22.25,15.5,27.05,48.75,86.4,63.7,14.6,140.5,11.85,11.2,52.4,78.6,22.05,62.7,20.6,303.0,228.0,219.5,67.4,347.5,56.8,59.5,12.9,139.5,110.0,284.5,21.2,35.9,136.0,50.0,33.25,20.6,31.3,70.8,239.5,10.35,35.55,331.0,226.0,3825.0,39.65,388.0,156.5,25.1,141.0,148.0,59.2,21.8,86.8,109.5,7.42,52.7,48.2
138.5,260.0,390.5,67.0,12.6,33.55,9.28,314.0,16.7,31.95,47.7,14.75,30.3,19.7,26.5,40.15,39.7,84.2,6.96,28.3,83.8,72.6,74.4,52.5,21.0,25.4,19.75,229.5,51.9,208.5,32.15,241.0,26.75,195.5,224.5,44.75,145.0,143.0,88.9,78.0,132.0,51.5,34.7,49.7,103.0,34.7,106.0,18.45,18.2,31.2,10.65,37.3,30.9,15.45,121.0,183.0,29.75,23.3,16.05,537.0,75.6,565.0,238.0,10.9,18.9,113.0,84.3,488.0,258.5,10.7,27.6,13.55,42.8,14.4,87.1,74.3,38.55,122.5,19.95,24.3,72.8,15.9,26.8,252.0,413.0,154.0,126.5,18.25,50.4,52.0,36.85,10.95,22.25,15.5,27.05,48.8,86.4,63.7,14.6,140.5,11.85,11.25,52.4,78.5,22.1,62.7,20.6,303.0,229.5,219.5,67.5,347.5,56.7,59.6,12.85,139.5,110.0,285.0,21.2,35.9,136.0,50.0,33.3,20.55,31.3,70.8,239.0,10.35,35.55,331.5,225.0,3825.0,39.65,388.0,156.5,25.1,141.5,148.0,59.2,21.8,86.9,109.0,7.41,52.8,48.2
138.0,259.5,390.5,67.0,12.6,33.6,9.29,313.0,16.7,31.95,47.75,14.8,30.3,19.7,26.5,40.15,39.7,84.1,6.96,28.3,84.0,72.6,74.4,52.7,21.0,25.4,19.75,229.5,51.9,208.5,32.15,241.0,26.75,195.0,224.5,44.75,145.0,143.0,88.9,78.0,132.0,51.5,34.8,49.7,103.0,34.7,106.0,18.45,18.2,31.2,10.7,37.25,30.9,15.5,121.0,183.0,29.75,23.3,16.05,537.0,75.6,565.0,238.0,10.95,18.85,113.5,84.3,490.0,258.5,10.75,27.6,13.55,42.8,14.45,87.0,74.3,38.55,122.5,20.0,24.3,72.8,15.9,26.8,252.0,413.0,153.5,126.0,18.25,50.4,52.1,36.85,10.95,22.25,15.5,27.05,48.85,86.4,63.8,14.6,141.0,11.85,11.25,52.4,78.7,22.05,62.7,20.6,304.0,229.5,219.5,67.4,347.0,56.7,59.6,12.85,139.5,110.0,287.0,21.1,35.9,136.0,50.0,33.3,20.6,31.3,70.8,239.5,10.35,35.55,331.5,225.5,3825.0,39.65,388.0,157.0,25.1,141.5,148.0,59.2,21.8,87.0,109.5,7.42,53.0,48.15
138.5,259.5,390.5,67.1,12.6,33.6,9.29,314.0,16.7,32.0,47.7,14.75,30.3,19.7,26.5,40.15,39.7,84.1,6.96,28.3,84.1,72.6,74.2,52.7,21.0,25.4,19.75,229.5,51.9,208.5,32.15,241.0,26.75,195.0,224.5,44.75,145.0,142.5,88.9,77.9,132.0,51.4,34.8,49.9,103.0,34.65,106.5,18.45,18.25,31.2,10.65,37.3,30.9,15.5,121.0,183.0,29.75,23.35,16.05,537.0,75.6,565.0,238.0,10.9,18.9,113.0,84.2,489.5,258.5,10.7,27.65,13.55,42.75,14.45,86.8,74.3,38.55,122.5,20.0,24.3,72.8,15.85,26.8,252.0,413.0,153.5,126.5,18.25,50.5,52.2,36.85,11.0,22.25,15.5,27.1,48.8,86.5,63.7,14.6,141.0,11.8,11.25,52.3,78.9,22.1,62.7,20.6,305.0,231.5,219.5,67.4,347.0,56.7,59.6,12.85,139.5,109.5,288.0,21.2,35.95,136.0,50.0,33.3,20.55,31.3,70.8,239.0,10.35,35.5,332.5,225.5,3830.0,39.65,388.0,157.0,25.1,142.0,148.0,59.2,21.8,87.1,109.5,7.42,53.0,48.2
138.5,260.0,390.5,67.1,12.6,33.6,9.28,314.0,16.7,32.0,47.7,14.75,30.3,19.7,26.5,40.1,39.7,84.2,6.97,28.3,84.2,72.7,74.4,52.7,21.0,25.4,19.7,229.5,51.9,208.5,32.15,241.0,26.75,195.0,224.5,44.8,145.0,142.5,88.9,78.0,132.0,51.4,34.8,49.7,103.0,34.7,106.0,18.45,18.25,31.2,10.65,37.3,30.9,15.5,121.0,183.0,29.75,23.35,16.05,537.0,75.7,565.0,238.0,10.9,18.85,113.0,84.2,491.5,258.5,10.7,27.65,13.5,42.75,14.45,86.9,74.3,38.6,122.5,19.95,24.35,72.7,15.9,26.8,252.0,413.5,153.5,126.5,18.25,50.6,52.1,36.85,10.95,22.3,15.5,27.05,48.7,86.6,63.6,14.6,140.5,11.8,11.25,52.3,78.9,22.05,62.7,20.6,305.0,231.0,219.0,67.4,347.0,56.8,59.6,12.85,139.0,110.0,287.5,21.2,35.95,135.5,50.0,33.3,20.6,31.3,70.9,239.5,10.35,35.5,332.5,225.5,3820.0,39.65,388.0,157.0,25.05,141.5,148.5,59.2,21.8,87.1,109.5,7.45,53.2,48.2
138.0,260.0,390.5,67.1,12.6,33.6,9.28,313.5,16.7,32.0,47.7,14.8,30.5,19.7,26.5,40.15,39.75,84.2,6.97,28.3,84.1,72.6,74.4,52.7,21.0,25.4,19.7,229.5,51.9,208.5,32.15,241.0,26.75,195.0,224.5,44.8,145.0,143.0,88.9,78.0,132.0,51.5,34.75,49.7,103.0,34.7,106.5,18.5,18.25,31.2,10.65,37.3,30.9,15.5,120.5,183.0,29.75,23.35,16.05,537.0,75.6,565.0,238.5,10.9,18.85,113.0,84.3,493.0,258.5,10.75,27.65,13.5,42.75,14.4,86.7,74.3,38.6,122.0,19.95,24.35,72.7,15.9,26.8,252.0,414.0,153.5,126.0,18.25,50.5,52.2,36.85,10.95,22.3,15.5,27.05,48.7,86.4,63.6,14.55,141.0,11.8,11.25,52.3,78.9,22.1,62.7,20.65,304.0,231.5,219.5,67.6,347.0,56.7,59.7,12.85,139.5,110.0,286.5,21.2,35.9,136.0,50.0,33.3,20.6,31.3,70.9,239.5,10.4,35.55,332.5,226.5,3815.0,39.65,388.0,156.5,25.1,142.0,148.5,59.2,21.8,87.1,109.5,7.46,53.2,48.2
138.0,260.0,390.5,67.1,12.6,33.6,9.28,313.5,16.65,31.95,47.7,14.75,30.5,19.7,26.5,40.15,39.75,84.1,6.97,28.3,83.9,72.5,74.3,52.7,21.0,25.5,19.75,229.5,51.9,208.0,32.15,241.0,26.75,195.0,224.5,44.8,145.0,143.0,88.9,78.0,132.5,51.5,34.75,49.7,103.0,34.7,106.0,18.45,18.2,31.2,10.65,37.3,30.9,15.45,121.0,183.0,29.75,23.35,16.05,537.0,75.6,565.0,238.5,10.9,18.85,113.5,84.2,494.0,259.0,10.75,27.65,13.55,42.8,14.45,86.7,74.3,38.55,122.0,20.0,24.35,72.8,15.9,26.9,252.5,414.5,154.0,126.0,18.25,50.6,52.2,36.9,10.95,22.25,15.5,27.05,48.7,86.5,63.6,14.6,140.5,11.8,11.2,52.3,78.9,22.1,62.7,20.65,304.0,231.5,219.5,67.6,347.0,56.7,59.7,12.85,139.5,110.0,287.5,21.2,35.9,136.0,50.0,33.3,20.55,31.3,70.9,239.0,10.35,35.6,332.5,225.0,3820.0,39.65,388.0,157.0,25.1,142.5,148.0,59.2,21.8,87.0,109.5,7.48,53.4,48.15
138.5,260.5,390.5,67.1,12.6,33.6,9.28,313.5,16.65,31.95,47.7,14.8,30.5,19.7,26.5,40.15,39.75,84.2,6.97,28.3,84.0,72.6,74.3,52.7,21.0,25.5,19.7,229.5,51.9,208.0,32.15,241.0,26.75,195.0,224.5,44.8,145.0,143.0,88.9,78.0,132.5,51.5,34.75,49.65,103.0,34.65,106.0,18.45,18.2,31.2,10.65,37.3,30.9,15.5,121.0,182.5,29.75,23.35,16.05,541.0,75.7,565.0,238.5,10.9,18.9,113.5,84.2,497.0,259.0,10.75,27.6,13.55,42.8,14.45,86.7,74.3,38.55,122.5,19.95,24.35,72.7,15.9,26.85,252.5,414.5,153.5,126.5,18.25,50.6,52.2,36.85,10.95,22.25,15.5,27.1,48.7,86.5,63.6,14.55,141.5,11.8,11.2,52.3,79.0,22.1,62.8,20.65,306.0,231.5,219.5,67.7,347.0,56.7,59.6,12.85,139.5,110.0,288.0,21.2,35.9,136.5,50.0,33.3,20.55,31.35,70.9,239.5,10.4,35.55,332.5,226.5,3820.0,39.65,388.0,157.0,25.1,142.5,148.0,59.2,21.8,86.9,109.5,7.46,53.1,48.15
138.5,260.0,390.5,67.1,12.6,33.6,9.28,312.5,16.65,31.95,47.7,14.75,30.5,19.7,26.5,40.15,39.75,84.2,6.97,28.3,83.9,72.5,74.3,52.7,21.0,25.4,19.7,229.5,51.9,208.0,32.15,241.0,26.75,195.0,224.5,44.8,145.0,143.0,88.9,77.9,132.5,51.4,34.8,49.65,103.0,34.65,106.0,18.4,18.25,31.15,10.65,37.3,30.9,15.45,121.0,182.5,29.75,23.35,16.05,541.0,75.7,565.0,238.5,10.95,18.85,113.5,84.2,495.5,258.5,10.75,27.65,13.55,42.8,14.45,86.7,74.3,38.55,122.5,19.95,24.35,72.8,15.85,26.85,252.5,414.0,153.5,126.0,18.25,50.5,52.2,36.85,10.95,22.25,15.5,27.05,48.75,86.4,63.6,14.6,141.5,11.8,11.25,52.3,79.0,22.1,62.7,20.6,308.0,231.0,219.5,67.5,347.5,56.8,59.7,12.85,139.5,110.0,287.5,21.2,35.9,136.0,50.0,33.3,20.55,31.35,70.9,239.5,10.35,35.5,332.0,225.5,3835.0,39.65,388.0,156.5,25.1,142.0,148.5,59.2,21.8,86.9,109.5,7.47,52.7,48.2
138.0,260.5,389.5,67.1,12.6,33.6,9.28,312.5,16.65,31.95,47.7,14.75,30.5,19.7,26.5,40.15,39.7,84.2,6.97,28.35,83.9,72.6,74.3,52.7,21.0,25.4,19.75,229.5,51.9,208.0,32.15,241.0,26.75,195.0,224.5,44.8,145.5,143.0,88.9,77.8,132.5,51.4,34.8,49.65,103.0,34.7,106.0,18.4,18.2,31.15,10.65,37.3,30.9,15.5,120.5,182.5,29.75,23.35,16.05,541.0,75.7,565.0,238.5,10.9,18.85,113.5,84.2,494.0,259.0,10.7,27.6,13.55,42.8,14.45,86.7,74.2,38.6,122.0,19.95,24.35,72.8,15.85,26.85,252.0,413.5,153.5,126.5,18.25,50.4,52.3,36.85,10.95,22.3,15.5,27.05,48.75,86.3,63.6,14.55,141.5,11.8,11.2,52.3,78.9,22.1,62.7,20.6,307.0,231.0,219.5,67.4,347.5,56.8,59.7,12.9,139.5,110.0,287.5,21.2,35.95,136.0,50.0,33.3,20.55,31.35,70.9,239.5,10.35,35.55,332.0,224.5,3835.0,39.65,388.0,156.5,25.05,142.0,148.0,59.2,21.8,87.0,109.0,7.46,52.5,48.2
138.0,260.5,389.5,67.1,12.6,33.6,9.28,311.0,16.65,31.95,47.7,14.8,30.5,19.75,26.5,40.15,39.75,84.2,6.97,28.35,83.9,72.6,74.4,52.7,21.0,25.4,19.75,229.5,51.9,208.5,32.15,241.0,26.75,195.0,224.5,44.8,145.5,143.0,88.9,77.9,132.0,51.4,34.85,49.65,103.0,34.7,106.5,18.4,18.2,31.15,10.65,37.3,30.9,15.5,121.0,182.5,29.75,23.35,16.05,541.0,75.7,565.0,238.5,10.9,18.9,113.5,84.2,492.0,259.0,10.7,27.65,13.55,42.8,14.45,86.7,74.3,38.55,122.5,20.0,24.35,72.8,15.85,26.85,252.5,413.5,153.5,126.0,18.25,50.5,52.3,36.85,10.95,22.3,15.5,27.1,48.75,86.3,63.6,14.6,141.0,11.8,11.2,52.4,78.8,22.1,62.7,20.6,306.5,230.5,219.5,67.3,347.0,56.8,59.7,12.85,139.5,110.0,286.5,21.2,35.9,136.0,50.0,33.3,20.6,31.35,70.9,239.5,10.4,35.5,332.0,224.0,3835.0,39.65,388.0,157.0,25.05,141.5,148.5,59.2,21.8,87.0,109.5,7.46,52.7,48.2
138.0,260.5,389.5,67.1,12.55,33.6,9.28,309.5,16.7,31.95,47.7,14.8,30.45,19.7,26.5,40.15,39.7,84.3,6.97,28.35,83.8,72.5,74.3,52.7,21.0,25.4,19.7,229.5,51.9,208.5,32.15,241.0,26.75,195.0,224.5,44.8,145.5,143.0,88.9,77.9,132.0,51.4,34.8,49.65,103.0,34.7,106.5,18.4,18.25,31.2,10.65,37.25,30.9,15.45,120.5,182.5,29.75,23.35,16.05,541.0,75.6,565.0,238.5,10.9,18.85,113.5,84.2,493.0,258.5,10.75,27.6,13.55,42.8,14.45,86.7,74.3,38.55,122.5,19.95,24.35,72.8,15.85,26.9,252.0,413.5,153.5,126.0,18.25,50.5,52.3,36.85,10.95,22.25,15.45,27.1,48.7,86.4,63.6,14.6,141.0,11.8,11.2,52.3,78.9,22.1,62.7,20.65,307.0,230.5,219.5,67.3,346.5,56.7,59.7,12.85,139.0,110.0,286.0,21.2,35.95,136.0,50.0,33.3,20.6,31.35,70.9,239.0,10.4,35.55,332.0,225.0,3830.0,39.65,388.0,156.5,25.1,141.5,148.0,59.3,21.8,87.0,109.0,7.44,52.3,48.2
138.0,260.5,389.5,67.1,12.55,33.6,9.28,310.0,16.7,31.95,47.7,14.8,30.4,19.7,26.5,40.15,39.65,84.3,6.96,28.35,83.8,72.6,74.3,52.7,21.0,25.4,19.75,229.5,51.9,208.5,32.15,241.0,26.75,195.0,225.5,44.8,145.5,143.0,88.9,77.9,132.5,51.4,34.8,49.85,103.0,34.7,106.0,18.4,18.25,31.2,10.65,37.3,30.9,15.45,121.0,182.5,29.75,23.35,16.05,541.0,75.7,565.0,238.5,10.9,18.85,113.5,84.2,492.0,258.5,10.7,27.6,13.55,42.8,14.45,86.7,74.3,38.55,122.0,19.95,24.3,72.8,15.9,26.9,252.5,413.0,153.5,125.5,18.25,50.5,52.3,36.9,10.95,22.3,15.45,27.1,48.7,86.4,63.6,14.6,141.0,11.8,11.2,52.3,78.9,22.15,62.7,20.6,307.0,230.5,219.5,67.3,346.5,56.7,59.7,12.85,139.5,110.5,286.5,21.2,36.0,136.0,50.0,33.3,20.6,31.35,70.9,239.5,10.35,35.5,333.0,225.0,3830.0,39.65,388.0,157.0,25.1,141.0,148.0,59.3,21.8,87.0,109.5,7.43,52.6,48.2
137.5,260.5,389.5,67.1,12.6,33.6,9.28,310.5,16.7,31.95,47.7,14.75,30.4,19.7,26.5,40.15,39.65,84.2,6.96,28.35,83.6,72.6,74.3,52.7,21.0,25.4,19.75,230.0,51.9,208.5,32.15,241.0,26.75,195.0,225.5,44.8,145.5,143.0,88.9,77.8,132.5,51.4,34.8,49.65,103.0,34.7,106.0,18.4,18.2,31.15,10.65,37.3,30.9,15.5,121.0,182.5,29.75,23.4,16.05,541.0,75.6,565.0,238.5,10.95,18.9,113.5,84.1,492.0,258.5,10.7,27.6,13.55,42.8,14.45,86.7,74.3,38.55,122.0,19.95,24.3,72.7,15.9,26.9,252.5,413.0,153.5,125.5,18.25,50.4,52.2,36.85,10.95,22.25,15.45,27.1,48.7,86.4,63.6,14.55,141.0,11.8,11.2,52.3,78.9,22.15,62.8,20.6,307.0,230.0,219.0,67.4,346.0,56.8,59.6,12.85,139.5,110.0,286.5,21.25,36.0,136.0,50.0,33.25,20.6,31.35,70.9,239.5,10.4,35.5,333.5,224.5,3825.0,39.65,388.0,157.0,25.1,141.0,148.0,59.3,21.75,87.0,109.0,7.42,52.7,48.2
138.0,260.0,389.5,67.1,12.55,33.6,9.28,310.0,16.7,31.95,47.7,14.8,30.35,19.7,26.5,40.1,39.65,84.2,6.96,28.4,83.6,72.6,74.3,52.7,21.0,25.4,19.75,230.0,51.9,208.0,32.15,241.0,26.75,195.0,225.5,44.8,145.5,143.0,88.9,77.9,132.5,51.4,34.8,49.85,103.0,34.7,106.0,18.4,18.25,31.2,10.65,37.3,30.9,15.45,121.0,182.5,29.75,23.35,16.05,541.0,75.6,565.0,238.5,10.95,18.85,113.5,84.2,491.0,258.5,10.75,27.6,13.6,42.8,14.45,86.7,74.3,38.55,122.5,20.0,24.3,72.7,15.9,26.85,252.5,413.0,153.5,125.5,18.25,50.4,52.2,36.8,10.95,22.25,15.45,27.1,48.7,86.4,63.7,14.6,141.0,11.8,11.2,52.3,78.9,22.1,62.7,20.6,306.5,229.5,219.5,67.2,346.0,56.8,59.7,12.85,139.5,110.5,286.5,21.25,36.0,136.0,50.0,33.25,20.6,31.35,70.9,239.5,10.4,35.5,334.0,224.5,3820.0,39.65,388.0,157.0,25.1,141.0,148.5,59.3,21.8,87.0,109.0,7.42,52.7,48.15
138.5,260.0,389.5,67.1,12.55,33.6,9.28,309.5,16.7,31.95,47.7,14.8,30.35,19.7,26.5,40.15,39.65,84.2,6.96,28.4,83.6,72.6,74.3,52.7,21.0,25.4,19.75,230.0,51.9,208.0,32.15,241.0,26.75,195.0,225.0,44.85,145.5,143.0,88.9,77.9,132.5,51.5,34.8,49.65,103.0,34.7,106.0,18.4,18.2,31.15,10.65,37.25,30.9,15.45,121.5,182.5,29.75,23.35,16.05,541.0,75.6,565.0,238.5,10.95,18.85,113.5,84.1,491.0,258.5,10.75,27.65,13.55,42.8,14.45,86.7,74.3,38.6,122.5,19.95,24.35,72.8,15.9,26.85,252.5,413.0,153.5,126.0,18.2,50.4,52.1,36.8,11.0,22.25,15.45,27.05,48.75,86.3,63.7,14.55,140.5,11.8,11.2,52.3,78.9,22.15,62.7,20.6,306.0,229.5,219.5,67.3,346.5,56.8,59.6,12.85,139.5,110.5,286.0,21.25,36.0,136.0,50.0,33.3,20.6,31.35,70.9,239.5,10.35,35.5,335.0,224.0,3815.0,39.7,387.5,156.5,25.1,141.0,148.0,59.3,21.8,87.2,109.5,7.42,52.7,48.2
138.0,260.0,389.5,67.0,12.55,33.6,9.29,311.0,16.7,31.95,47.7,14.8,30.35,19.7,26.5,40.1,39.65,84.2,6.95,28.35,83.6,72.6,74.3,52.7,21.0,25.4,19.7,230.0,51.8,208.5,32.15,241.0,26.75,195.0,225.0,44.8,145.5,143.0,88.9,77.8,132.5,51.5,34.75,49.65,103.0,34.65,106.5,18.4,18.2,31.15,10.65,37.25,30.9,15.5,121.5,182.0,29.75,23.35,16.05,541.0,75.6,565.0,238.5,10.95,18.9,113.0,84.2,493.0,258.5,10.7,27.6,13.55,42.8,14.45,86.7,74.3,38.6,122.5,19.95,24.3,72.8,15.85,26.85,252.0,413.0,153.0,125.5,18.2,50.4,52.2,36.75,10.95,22.25,15.5,27.1,48.75,86.5,63.7,14.6,140.5,11.8,11.2,52.4,78.8,22.15,62.7,20.6,307.0,229.0,219.5,67.4,346.0,56.8,59.6,12.85,139.5,110.5,286.0,21.2,36.0,136.5,50.0,33.25,20.6,31.35,70.9,239.5,10.35,35.5,337.0,225.5,3820.0,39.7,387.5,157.0,25.05,141.5,148.0,59.3,21.8,87.2,109.5,7.42,52.7,48.2
138.5,260.0,389.5,67.0,12.6,33.6,9.28,311.5,16.7,31.95,47.7,14.8,30.35,19.7,26.5,40.15,39.6,84.3,6.95,28.35,83.9,72.5,74.2,52.7,21.0,25.4,19.7,230.0,51.8,208.5,32.15,241.0,26.75,195.0,225.0,44.8,145.5,142.5,88.9,77.9,132.5,51.5,34.75,49.7,102.5,34.65,106.5,18.45,18.25,31.15,10.65,37.25,30.9,15.5,121.0,181.0,29.75,23.35,16.1,541.0,75.6,565.0,238.0,10.95,18.85,113.5,84.2,495.0,258.0,10.7,27.55,13.55,42.75,14.45,86.7,74.3,38.55,122.5,20.0,24.3,72.8,15.85,26.85,252.0,413.0,153.0,125.5,18.2,50.5,52.2,36.8,11.0,22.3,15.5,27.1,48.75,86.5,63.6,14.55,140.5,11.8,11.2,52.3,78.9,22.1,62.7,20.6,307.0,229.0,220.0,67.3,346.5,56.7,59.6,12.85,139.5,110.5,285.5,21.25,35.95,136.5,50.1,33.25,20.55,31.35,70.9,239.5,10.35,35.5,337.0,226.0,3820.0,39.75,387.5,157.0,25.1,142.5,148.5,59.3,21.8,87.1,109.5,7.41,52.5,48.2
138.5,260.0,390.0,67.0,12.6,33.6,9.29,311.5,16.7,31.95,47.7,14.8,30.35,19.65,26.5,40.15,39.55,84.2,6.95,28.35,83.6,72.5,74.4,52.7,21.0,25.4,19.7,230.0,51.8,208.5,32.15,241.0,26.75,195.0,225.0,44.85,145.5,143.0,88.5,77.9,132.5,51.5,34.75,49.7,102.5,34.65,106.0,18.45,18.2,31.2,10.65,37.25,30.9,15.45,121.0,178.5,29.75,23.4,16.1,541.0,75.7,565.0,238.0,10.95,18.85,113.5,84.2,491.5,258.0,10.7,27.5,13.6,42.75,14.4,86.7,74.3,38.55,122.5,19.95,24.3,72.8,15.85,26.9,252.0,413.0,153.0,125.5,18.2,50.5,52.2,36.8,10.95,22.25,15.45,27.05,48.75,86.5,63.6,14.6,140.0,11.8,11.25,52.4,79.0,22.15,62.7,20.6,307.0,229.0,220.0,67.5,347.5,56.8,59.6,12.9,139.5,110.5,286.0,21.25,36.0,136.0,50.1,33.3,20.55,31.35,70.9,239.0,10.35,35.5,337.5,225.0,3810.0,39.75,388.0,156.5,25.05,142.0,148.0,59.3,21.8,87.2,109.5,7.41,52.3,48.2
138.5,260.0,390.5,66.9,12.6,33.6,9.28,312.0,16.7,31.95,47.75,14.8,30.35,19.65,26.5,40.1,39.55,84.2,6.96,28.4,83.5,72.5,74.3,52.7,21.0,25.45,19.7,230.0,51.8,208.5,32.15,241.0,26.75,195.0,225.0,44.8,145.5,143.0,88.5,77.9,132.5,51.5,34.75,49.7,102.5,34.7,106.0,18.4,18.25,31.2,10.65,37.25,30.85,15.45,120.0,178.5,29.75,23.35,16.05,541.0,75.7,565.0,237.5,10.95,18.85,113.5,84.3,490.0,258.0,10.75,27.55,13.5,42.8,14.45,86.7,74.3,38.55,122.0,19.95,24.3,72.8,15.9,26.85,252.0,412.0,153.0,125.5,18.2,50.4,52.2,36.85,11.0,22.25,15.45,27.05,48.75,86.5,63.7,14.6,140.5,11.8,11.2,52.3,78.9,22.15,62.7,20.6,307.0,229.0,220.0,67.5,347.5,56.7,59.5,12.9,139.5,110.5,286.0,21.2,35.95,136.0,50.1,33.2,20.6,31.35,70.8,239.5,10.35,35.55,337.0,224.0,3815.0,39.75,388.0,157.0,25.1,141.5,148.0,59.3,21.8,87.4,109.0,7.41,52.3,48.2
138.5,260.0,390.5,66.9,12.6,33.65,9.28,312.0,16.7,31.95,47.7,14.8,30.35,19.65,26.5,40.15,39.5,84.2,6.96,28.4,83.6,72.5,74.3,52.7,21.0,25.45,19.7,230.0,51.8,208.5,32.15,241.0,26.75,195.0,224.0,44.8,145.5,142.5,88.5,77.9,132.0,51.5,34.75,49.65,102.5,34.7,106.5,18.4,18.2,31.2,10.65,37.15,30.85,15.45,120.0,178.0,29.75,23.4,16.05,541.0,75.6,565.0,237.5,10.9,18.85,113.5,84.2,490.0,258.0,10.7,27.5,13.5,42.8,14.4,86.7,74.3,38.55,122.0,19.95,24.3,72.7,15.9,26.85,252.0,412.0,153.5,125.5,18.2,50.4,52.1,36.8,10.95,22.3,15.45,27.05,48.8,86.2,63.6,14.6,140.5,11.8,11.2,52.3,78.9,22.1,62.8,20.6,306.5,229.0,220.0,67.3,346.5,56.7,59.6,12.85,139.5,110.5,284.5,21.2,35.95,136.0,50.0,33.25,20.55,31.35,70.8,239.5,10.4,35.5,336.0,223.5,3810.0,39.7,388.0,156.5,25.05,141.0,148.5,59.3,21.8,87.4,109.5,7.4,52.5,48.2
138.5,260.0,390.5,67.0,12.6,33.65,9.28,311.5,16.7,32.0,47.7,14.8,30.35,19.7,26.5,40.15,39.55,84.2,6.96,28.4,83.6,72.5,74.3,52.7,21.0,25.45,19.7,230.0,51.8,208.0,32.15,241.0,26.75,195.0,224.0,44.8,145.0,142.5,88.5,77.8,132.0,51.5,34.85,49.8,103.0,34.7,106.5,18.4,18.2,31.15,10.65,37.1,30.85,15.45,120.0,178.5,29.7,23.35,16.05,541.0,75.6,565.0,237.5,10.95,18.85,113.5,84.2,489.0,258.0,10.7,27.5,13.5,42.8,14.45,86.7,74.3,38.55,122.5,20.0,24.3,72.7,15.9,26.8,252.0,412.0,153.5,125.5,18.25,50.5,52.2,36.8,11.0,22.25,15.45,27.05,48.7,86.2,63.6,14.55,140.5,11.8,11.2,52.3,78.7,22.15,62.7,20.6,306.0,228.5,220.0,67.4,346.5,56.7,59.6,12.9,139.5,110.5,285.0,21.2,35.95,136.0,50.0,33.2,20.55,31.35,70.8,239.5,10.35,35.5,336.0,223.5,3810.0,39.6,388.0,157.0,25.1,141.0,148.5,59.3,21.8,87.4,109.5,7.4,52.5,48.2
138.5,260.0,390.5,67.0,12.55,33.65,9.28,311.5,16.7,32.0,47.7,14.8,30.35,19.65,26.5,40.1,39.55,84.2,6.96,28.35,83.5,72.5,74.3,52.7,21.0,25.45,19.7,230.0,51.9,208.0,32.15,241.0,26.8,195.0,224.0,44.8,145.0,142.5,88.5,77.9,132.0,51.5,34.85,49.8,103.0,34.75,106.5,18.45,18.25,31.2,10.65,37.05,30.85,15.5,119.5,178.5,29.75,23.35,16.0,541.0,75.6,565.0,237.5,10.95,18.85,113.0,84.2,489.0,258.0,10.7,27.55,13.55,42.8,14.4,86.7,74.3,38.6,122.0,20.0,24.3,72.8,15.9,26.8,252.0,412.0,153.0,125.5,18.25,50.4,52.2,36.8,11.0,22.25,15.45,27.05,48.75,86.2,63.7,14.6,140.5,11.8,11.2,52.3,78.9,22.15,62.7,20.6,306.0,228.5,219.5,67.4,346.5,56.7,59.6,12.85,139.5,110.5,285.0,21.15,35.9,136.0,50.0,33.2,20.55,31.35,70.8,239.5,10.35,35.5,336.0,223.5,3810.0,39.6,388.0,157.0,25.1,140.5,148.5,59.3,21.8,87.3,109.5,7.39,52.3,48.2
138.5,260.0,390.0,67.0,12.55,33.65,9.28,312.0,16.7,32.0,47.7,14.75,30.35,19.7,26.45,40.1,39.55,84.3,6.96,28.4,83.5,72.5,74.2,52.7,21.0,25.45,19.75,230.0,51.9,208.0,32.15,241.0,26.8,195.0,224.0,44.8,145.0,142.5,88.7,77.9,132.0,51.4,34.75,49.7,103.0,34.75,106.0,18.45,18.25,31.15,10.65,37.05,30.85,15.45,120.0,178.5,29.75,23.35,16.05,541.0,75.6,565.0,238.0,10.95,18.85,113.5,84.2,489.5,258.0,10.75,27.55,13.5,42.8,14.4,86.7,74.3,38.55,122.0,20.0,24.3,72.8,15.9,26.75,252.0,412.0,153.0,125.5,18.25,50.5,52.2,36.8,10.95,22.25,15.45,27.05,48.7,86.2,63.6,14.55,141.0,11.8,11.25,52.4,78.9,22.15,62.7,20.6,306.0,228.5,220.0,67.4,346.5,56.7,59.6,12.9,140.0,110.0,285.0,21.2,35.9,136.0,50.0,33.25,20.55,31.35,70.8,239.5,10.4,35.5,335.5,223.5,3805.0,39.6,388.5,156.5,25.1,141.0,148.0,59.3,21.8,87.4,109.5,7.39,52.2,48.2
138.5,260.5,390.0,67.0,12.55,33.65,9.28,312.0,16.7,32.0,47.75,14.75,30.4,19.7,26.5,40.15,39.55,84.3,6.97,28.4,83.6,72.5,74.3,52.7,21.0,25.45,19.7,230.0,51.9,208.0,32.15,241.0,26.8,195.0,224.0,44.8,145.0,142.5,88.7,77.9,132.0,51.4,34.8,49.65,103.0,34.75,106.5,18.5,18.2,31.2,10.65,37.1,30.85,15.5,119.5,178.0,29.75,23.35,16.05,541.0,75.6,565.0,238.0,10.95,18.85,113.5,84.2,490.5,258.0,10.75,27.55,13.5,42.85,14.35,86.7,74.3,38.55,122.5,20.0,24.3,72.7,15.9,26.8,252.0,412.0,152.5,125.5,18.25,50.5,52.2,36.8,10.95,22.25,15.45,27.05,48.7,86.1,63.6,14.6,140.5,11.8,11.25,52.4,78.8,22.15,62.7,20.65,305.5,229.0,220.0,67.4,347.0,56.7,59.6,12.85,139.5,110.5,284.5,21.2,35.9,136.0,50.0,33.2,20.6,31.35,70.8,239.5,10.35,35.5,335.5,223.5,3805.0,39.55,388.5,156.5,25.1,141.0,148.0,59.3,21.8,87.4,109.5,7.4,52.3,48.2
138.5,260.5,390.0,67.0,12.55,33.65,9.28,312.0,16.7,32.0,47.7,14.8,30.4,19.7,26.5,40.15,39.55,84.3,6.97,28.4,83.6,72.6,74.2,52.7,21.0,25.5,19.75,230.0,51.9,208.0,32.15,241.0,26.75,195.0,224.0,44.8,145.0,142.5,88.7,77.9,132.5,51.4,34.8,49.7,103.0,34.7,106.5,18.45,18.25,31.2,10.65,37.05,30.85,15.5,119.5,178.5,29.75,23.3,16.0,541.0,75.6,565.0,238.0,10.95,18.85,113.0,84.2,490.5,258.0,10.75,27.6,13.55,42.85,14.4,86.7,74.3,38.55,122.0,20.0,24.3,72.7,15.9,26.8,252.0,412.0,153.0,125.5,18.25,50.4,52.2,36.8,10.95,22.25,15.45,27.05,48.7,86.3,63.6,14.6,141.0,11.8,11.2,52.3,78.8,22.1,62.8,20.6,305.5,229.0,220.0,67.5,346.5,56.7,59.6,12.85,140.0,110.5,284.0,21.2,35.9,136.0,50.0,33.2,20.55,31.35,70.8,239.0,10.35,35.45,335.5,224.0,3800.0,39.65,388.5,156.5,25.1,141.0,148.0,59.3,21.8,87.3,109.5,7.4,52.4,48.2
137.5,261.0,390.0,67.1,12.55,33.65,9.28,312.5,16.7,32.0,47.7,14.75,30.4,19.7,26.5,40.15,39.6,84.3,6.97,28.4,83.8,72.5,74.2,52.7,21.0,25.5,19.75,230.0,51.8,208.5,32.15,241.0,26.75,195.0,223.5,44.8,145.0,142.5,88.7,77.9,132.0,51.3,34.8,49.65,103.0,34.7,106.5,18.45,18.2,31.2,10.7,37.1,30.85,15.5,119.5,178.5,29.75,23.3,16.0,541.0,75.6,565.0,238.0,10.95,18.85,113.5,84.2,490.5,257.5,10.75,27.6,13.5,42.85,14.4,86.7,74.3,38.55,122.5,20.0,24.3,72.8,15.85,26.8,252.0,411.5,153.0,125.5,18.2,50.4,52.2,36.8,11.0,22.25,15.45,27.05,48.7,86.3,63.7,14.6,140.5,11.75,11.25,52.3,78.8,22.15,62.8,20.6,305.0,228.5,220.0,67.4,346.5,56.8,59.6,12.85,139.5,110.5,283.0,21.2,35.95,136.0,50.0,33.2,20.5,31.35,70.8,239.5,10.35,35.45,335.5,224.0,3795.0,39.65,388.5,156.5,25.1,141.0,148.5,59.3,21.8,87.3,109.5,7.4,52.2,48.2
138.0,260.5,390.0,67.1,12.55,33.65,9.29,312.0,16.7,31.9,47.7,14.8,30.4,19.65,26.5,40.1,39.65,84.4,6.96,28.4,83.6,72.5,74.1,52.7,21.0,25.5,19.7,230.0,51.9,208.5,32.15,241.0,26.75,195.0,223.5,44.75,145.0,143.0,88.7,77.9,132.0,51.2,34.85,49.65,103.0,34.7,106.5,18.45,18.25,31.2,10.65,37.05,30.85,15.5,119.5,178.5,29.75,23.3,16.0,541.0,75.6,565.0,238.0,10.95,18.85,113.5,84.3,488.5,257.5,10.75,27.55,13.5,42.85,14.4,86.7,74.3,38.55,122.5,19.95,24.3,72.8,15.85,26.85,252.0,411.5,152.5,125.5,18.2,50.5,52.3,36.75,11.0,22.25,15.45,27.1,48.7,86.2,63.7,14.6,140.5,11.75,11.25,52.3,78.8,22.15,62.7,20.6,304.5,228.5,219.5,67.5,347.0,56.8,59.5,12.85,140.0,110.5,283.0,21.15,35.9,136.0,50.0,33.2,20.5,31.35,70.8,239.0,10.35,35.45,335.5,224.0,3795.0,39.65,388.5,156.5,25.1,140.5,148.0,59.3,21.8,87.3,109.5,7.41,52.0,48.2
138.0,260.0,390.0,67.1,12.6,33.65,9.29,311.5,16.7,31.9,47.7,14.8,30.45,19.65,26.5,40.15,39.65,84.3,6.96,28.4,83.6,72.5,74.0,52.7,21.0,25.5,19.75,230.0,51.9,208.0,32.2,241.0,26.75,195.0,223.5,44.8,145.0,142.5,88.7,77.9,132.0,51.2,34.85,49.65,103.0,34.7,106.5,18.5,18.2,31.2,10.65,37.1,30.85,15.45,120.0,178.5,29.75,23.3,16.0,541.0,75.6,564.0,238.0,10.9,18.85,113.5,84.3,486.5,257.5,10.7,27.55,13.55,42.85,14.4,86.7,74.4,38.55,122.5,19.95,24.3,72.8,15.9,26.8,252.0,410.5,152.5,125.5,18.25,50.5,52.2,36.8,10.95,22.25,15.45,27.05,48.75,86.3,63.7,14.6,141.0,11.75,11.2,52.3,78.7,22.15,62.8,20.65,304.0,228.5,219.5,67.5,347.0,56.8,59.6,12.85,139.5,110.5,282.0,21.15,35.85,136.0,50.1,33.2,20.5,31.35,70.8,238.5,10.35,35.45,336.5,222.5,3790.0,39.65,388.5,156.5,25.1,140.5,148.0,59.3,21.8,87.2,109.5,7.41,52.0,48.2
138.0,260.0,390.0,67.0,12.6,33.65,9.29,312.0,16.7,31.9,47.7,14.8,30.45,19.7,26.5,40.1,39.6,84.3,6.96,28.4,83.5,72.5,73.9,52.7,21.0,25.5,19.7,230.0,51.9,208.0,32.15,241.0,26.75,195.0,223.5,44.8,145.0,142.5,88.7,77.9,132.0,51.3,34.85,49.65,103.0,34.7,106.0,18.45,18.2,31.2,10.65,37.1,30.85,15.45,120.0,178.5,29.75,23.3,16.05,541.0,75.6,564.0,238.0,10.9,18.85,113.5,84.3,487.0,257.5,10.7,27.55,13.5,42.85,14.4,86.7,74.3,38.55,122.5,19.95,24.3,72.7,15.9,26.8,252.0,410.0,153.0,125.0,18.25,50.4,52.2,36.75,10.95,22.25,15.45,27.1,48.7,86.3,63.7,14.6,140.5,11.8,11.2,52.3,78.7,22.15,62.7,20.6,304.0,228.0,219.5,67.5,347.0,56.8,59.6,12.85,140.0,110.5,282.5,21.15,35.8,136.0,50.1,33.15,20.5,31.35,70.9,238.5,10.35,35.5,336.5,222.0,3785.0,39.65,388.5,156.5,25.1,140.0,148.5,59.3,21.8,87.1,109.0,7.41,52.1,48.2
137.5,259.5,390.0,67.0,12.6,33.65,9.29,312.0,16.7,31.9,47.7,14.8,30.45,19.65,26.5,40.1,39.6,84.3,6.96,28.4,83.5,72.5,74.0,52.7,21.0,25.5,19.75,230.0,51.8,208.0,32.15,241.0,26.75,195.0,223.5,44.8,145.0,142.5,88.7,77.9,132.0,51.3,34.85,49.7,103.0,34.75,106.5,18.5,18.25,31.2,10.7,37.1,30.85,15.45,120.0,178.5,29.75,23.25,16.0,541.0,75.6,564.0,238.5,10.95,18.9,113.5,84.3,486.0,258.0,10.7,27.6,13.5,42.8,14.4,86.7,74.3,38.55,122.5,20.0,24.3,72.7,15.9,26.8,252.0,410.0,153.0,125.5,18.25,50.4,52.2,36.8,10.95,22.25,15.45,27.05,48.75,86.3,63.7,14.6,140.5,11.75,11.2,52.3,78.8,22.15,62.8,20.6,304.0,228.5,220.0,67.4,347.0,56.8,59.6,12.85,139.5,110.0,283.0,21.15,35.75,136.0,50.0,33.15,20.55,31.35,70.8,238.5,10.35,35.45,336.0,222.0,3780.0,39.65,388.5,156.0,25.1,139.5,148.0,59.3,21.75,87.1,109.0,7.41,52.1,48.2
137.5,259.5,390.0,67.0,12.6,33.65,9.29,312.0,16.7,31.9,47.7,14.8,30.45,19.65,26.45,40.15,39.65,84.3,6.96,28.4,83.5,72.6,74.0,52.7,21.0,25.5,19.7,230.0,51.8,208.0,32.15,241.0,26.75,195.0,223.5,44.75,145.0,142.5,88.7,77.9,132.0,51.3,34.85,49.65,103.0,34.7,106.5,18.5,18.25,31.2,10.65,37.1,30.85,15.45,120.0,179.0,29.8,23.25,16.0,541.0,75.6,564.0,238.0,10.9,18.85,113.5,84.3,486.5,258.0,10.7,27.55,13.5,42.8,14.4,86.7,74.4,38.55,122.5,20.0,24.3,72.7,15.9,26.8,252.0,410.0,153.0,125.0,18.25,50.4,52.3,36.8,11.0,22.25,15.45,27.05,48.7,86.3,63.7,14.6,141.0,11.75,11.2,52.4,78.8,22.15,62.8,20.65,303.5,228.5,219.5,67.3,346.5,56.8,59.6,12.9,140.0,110.5,282.5,21.15,35.7,135.5,50.0,33.2,20.55,31.35,70.8,238.5,10.4,35.45,336.0,222.5,3780.0,39.6,388.5,157.0,25.05,140.0,148.5,59.3,21.75,87.2,109.0,7.4,52.2,48.2
137.5,259.5,390.0,67.0,12.6,33.65,9.29,312.0,16.7,31.9,47.7,14.8,30.45,19.7,26.5,40.15,39.65,84.3,6.96,28.4,83.4,72.6,74.0,52.7,21.0,25.5,19.7,230.0,51.8,208.0,32.15,241.0,26.75,195.0,223.5,44.8,145.0,143.0,88.7,77.9,132.0,51.3,34.8,49.65,103.0,34.75,106.5,18.45,18.25,31.2,10.65,37.05,30.85,15.5,120.0,178.5,29.75,23.25,16.0,541.0,75.6,564.0,238.0,10.95,18.85,113.5,84.3,486.5,257.5,10.7,27.55,13.5,42.8,14.4,86.7,74.3,38.55,122.5,19.95,24.25,72.8,15.9,26.8,252.0,411.5,152.5,125.0,18.25,50.4,52.2,36.8,11.0,22.3,15.45,27.1,48.75,86.3,63.7,14.6,141.0,11.75,11.2,52.3,78.8,22.15,62.7,20.6,304.0,228.5,220.0,67.4,346.5,56.8,59.6,12.85,140.0,110.0,282.0,21.1,35.7,136.0,50.0,33.2,20.55,31.35,70.8,238.5,10.4,35.45,336.0,222.5,3775.0,39.6,388.5,157.0,25.1,140.0,148.0,59.3,21.8,87.1,109.0,7.41,52.4,48.2
137.5,260.0,390.0,67.0,12.6,33.65,9.3,312.0,16.7,31.9,47.75,14.8,30.45,19.65,26.5,40.15,39.65,84.3,6.96,28.4,83.5,72.6,74.1,52.7,21.0,25.5,19.7,230.0,51.8,208.0,32.15,241.0,26.75,195.0,223.5,44.8,145.5,143.0,88.7,77.9,132.0,51.3,34.75,49.65,103.0,34.7,106.0,18.45,18.25,31.2,10.65,37.1,30.85,15.5,120.0,178.5,29.75,23.25,16.0,541.0,75.6,564.0,238.0,10.95,18.85,113.5,84.3,487.5,257.5,10.7,27.6,13.5,42.8,14.4,86.7,74.3,38.6,122.0,19.95,24.3,72.8,15.9,26.8,252.5,412.0,153.0,125.0,18.25,50.4,52.3,36.8,11.0,22.25,15.45,27.1,48.7,86.3,63.7,14.6,141.0,11.75,11.2,52.3,78.8,22.1,62.7,20.6,303.5,228.5,220.0,67.3,347.0,56.7,59.6,12.85,140.0,110.0,282.0,21.1,35.7,136.0,50.0,33.2,20.55,31.35,70.9,238.5,10.35,35.55,336.0,223.0,3770.0,39.65,388.0,157.0,25.1,140.0,148.5,59.3,21.8,87.1,109.5,7.41,52.8,48.25
137.5,259.5,390.0,67.0,12.6,33.65,9.3,312.0,16.7,31.9,47.75,14.8,30.45,19.7,26.5,40.1,39.7,84.3,6.96,28.4,83.5,72.6,74.3,52.5,21.0,25.5,19.7,230.0,51.8,208.0,32.15,241.0,26.75,195.0,224.0,44.8,145.5,142.5,88.7,77.9,132.0,51.3,34.8,49.7,103.0,34.75,106.5,18.45,18.25,31.2,10.65,37.05,30.85,15.5,120.0,178.5,29.75,23.3,16.05,541.0,75.6,564.0,238.0,10.95,18.85,113.5,84.3,488.5,258.0,10.75,27.6,13.5,42.8,14.35,86.7,74.3,38.55,122.5,19.95,24.3,72.7,15.9,26.75,252.0,412.5,153.0,125.0,18.25,50.4,52.3,36.8,11.0,22.25,15.5,27.1,48.7,86.3,63.6,14.6,140.5,11.75,11.2,52.4,79.2,22.15,62.7,20.65,303.5,228.5,220.0,67.4,346.5,56.8,59.6,12.85,140.0,110.5,281.5,21.15,35.7,136.5,50.0,33.2,20.55,31.35,70.9,238.5,10.4,35.5,336.0,223.5,3785.0,39.65,388.0,157.0,25.05,140.5,148.5,59.3,21.8,87.1,109.5,7.4,52.4,48.25
137.5,260.0,390.0,67.0,12.6,33.65,9.29,312.5,16.7,31.9,47.75,14.8,30.45,19.7,26.5,40.15,39.7,84.3,6.96,28.4,83.5,72.7,74.3,52.6,21.0,25.5,19.7,230.0,51.8,208.0,32.15,241.0,26.8,195.0,224.0,44.8,145.5,142.5,88.7,77.9,132.0,51.4,34.8,49.7,103.0,34.75,106.5,18.45,18.25,31.2,10.65,37.1,30.85,15.45,120.0,178.5,29.75,23.35,16.0,541.0,75.6,564.0,238.0,10.95,18.85,113.5,84.2,489.0,258.5,10.7,27.55,13.5,42.85,14.35,86.7,74.4,38.55,122.0,19.95,24.3,72.8,15.9,26.8,252.0,412.0,153.0,125.5,18.25,50.4,52.3,36.8,10.95,22.3,15.45,27.05,48.7,86.3,63.7,14.6,141.0,11.75,11.25,52.3,79.4,22.1,62.8,20.65,305.5,228.5,220.0,67.3,346.5,56.8,59.6,12.85,140.0,110.5,282.0,21.15,35.65,136.5,50.0,33.2,20.55,31.35,70.9,238.5,10.4,35.5,336.5,224.0,3800.0,39.7,388.0,157.0,25.05,140.5,148.0,59.3,21.8,87.1,109.5,7.41,52.7,48.25
137.5,260.0,390.0,67.0,12.6,33.65,9.29,314.0,16.7,31.9,47.75,14.8,30.45,19.7,26.5,40.1,39.75,84.3,6.96,28.4,83.6,72.7,74.4,52.6,21.0,25.5,19.75,230.0,51.8,208.0,32.15,241.0,26.8,195.0,224.0,44.8,145.5,143.0,88.7,77.9,132.0,51.4,34.8,49.65,103.0,34.7,106.0,18.45,18.25,31.2,10.65,37.1,30.85,15.45,120.5,178.5,29.75,23.4,16.0,541.0,75.7,564.0,238.0,10.95,18.85,113.5,84.3,487.5,258.0,10.7,27.65,13.55,42.8,14.35,86.7,74.3,38.5,122.5,19.95,24.25,72.8,15.9,26.8,252.0,412.0,153.0,125.5,18.25,50.4,52.3,36.8,10.95,22.25,15.45,27.05,48.7,86.3,63.7,14.6,141.0,11.75,11.2,52.3,79.1,22.1,62.7,20.6,305.5,229.0,219.5,67.3,346.5,56.8,59.6,12.85,139.5,110.0,283.5,21.15,35.7,136.0,50.0,33.2,20.5,31.35,70.9,238.5,10.35,35.5,338.0,224.0,3805.0,39.65,388.0,156.5,25.05,140.5,148.0,59.3,21.8,87.1,109.5,7.41,52.7,48.25
138.0,260.5,390.0,67.0,12.6,33.65,9.29,313.5,16.7,31.9,47.75,14.8,30.45,19.65,26.5,40.15,39.7,84.3,6.96,28.35,83.5,72.8,74.3,52.7,21.0,25.5,19.7,229.5,51.8,208.0,32.15,241.0,26.8,195.0,223.5,44.8,145.5,142.5,88.7,77.8,132.0,51.4,34.8,49.7,103.0,34.7,106.0,18.45,18.25,31.2,10.65,37.1,30.85,15.45,120.5,178.5,29.75,23.4,16.0,541.0,75.6,564.0,238.0,10.95,18.85,113.5,84.2,487.0,258.5,10.75,27.6,13.5,42.8,14.35,86.7,74.3,38.5,122.5,19.95,24.3,72.8,15.9,26.8,252.0,412.0,153.5,125.5,18.25,50.4,52.3,36.8,10.95,22.25,15.45,27.05,48.7,86.3,63.7,14.6,141.0,11.8,11.2,52.4,79.2,22.15,62.8,20.6,306.0,229.5,219.5,67.2,346.5,56.7,59.6,12.9,140.0,110.5,282.0,21.2,35.75,136.0,50.0,33.2,20.55,31.35,70.9,238.5,10.35,35.5,339.0,223.5,3815.0,39.65,388.0,156.5,25.0,140.5,148.0,59.3,21.8,87.1,109.5,7.4,52.4,48.25
137.5,260.0,390.0,67.0,12.55,33.65,9.29,313.5,16.7,31.9,47.75,14.8,30.45,19.7,26.5,40.1,39.75,84.2,6.96,28.35,83.6,72.7,74.3,52.7,21.0,25.5,19.7,229.5,51.8,208.5,32.15,241.0,26.8,195.0,223.5,44.75,145.0,142.5,88.7,77.9,132.5,51.4,34.75,49.7,103.0,34.7,106.5,18.45,18.25,31.2,10.65,37.1,30.85,15.45,120.5,178.5,29.75,23.35,16.05,541.0,75.7,564.0,238.5,10.95,18.85,113.0,84.2,488.0,258.0,10.75,27.65,13.5,42.85,14.35,86.7,74.4,38.5,122.5,19.9,24.3,72.8,15.9,26.8,252.0,412.5,153.5,125.5,18.25,50.4,52.3,36.8,11.0,22.3,15.45,27.05,48.65,86.3,63.8,14.6,141.0,11.75,11.2,52.4,79.0,22.15,62.8,20.6,305.5,230.0,219.5,67.2,346.5,56.8,59.5,12.9,139.5,110.5,282.5,21.2,35.75,136.0,50.0,33.2,20.55,31.35,70.8,238.5,10.4,35.5,339.5,223.5,3835.0,39.65,388.5,156.5,25.05,140.0,148.5,59.2,21.75,87.2,109.5,7.39,52.3,48.25
138.0,260.5,390.0,67.0,12.55,33.65,9.29,313.5,16.75,31.9,47.75,14.8,30.45,19.75,26.5,40.15,39.65,84.2,6.96,28.35,83.7,72.7,74.3,52.7,21.0,25.5,19.7,229.5,51.8,208.0,32.15,241.0,26.8,195.0,223.5,44.8,145.0,142.5,88.7,77.9,132.5,51.4,34.75,49.7,103.0,34.7,106.5,18.45,18.2,31.2,10.65,37.1,30.85,15.45,120.5,178.5,29.75,23.3,16.0,541.0,75.6,563.0,238.5,10.95,18.85,113.0,84.3,489.0,258.5,10.75,27.65,13.55,42.85,14.35,86.7,74.3,38.55,122.5,19.9,24.3,72.8,15.9,26.9,252.0,413.0,153.5,125.5,18.25,50.4,52.3,36.8,10.95,22.25,15.45,27.05,48.65,86.4,63.9,14.6,141.0,11.75,11.2,52.3,79.1,22.15,62.7,20.6,305.5,230.0,219.5,67.4,347.0,56.7,59.6,12.85,139.5,110.5,282.5,21.2,35.8,136.0,50.0,33.2,20.55,31.35,70.8,239.0,10.35,35.55,342.0,223.5,3830.0,39.65,388.5,157.0,25.05,140.0,148.5,59.2,21.8,87.3,109.5,7.4,52.3,48.25
138.0,260.5,390.0,67.1,12.55,33.65,9.29,313.5,16.75,31.9,47.75,14.8,30.45,19.7,26.5,40.1,39.65,84.2,6.96,28.35,83.6,72.7,74.3,52.7,21.0,25.45,19.75,229.5,51.9,208.0,32.15,241.0,26.8,195.0,223.5,44.8,145.5,142.5,88.7,77.9,132.5,51.3,34.8,49.65,103.0,34.7,106.5,18.45,18.2,31.25,10.65,37.2,30.85,15.45,120.0,179.0,29.75,23.3,16.0,541.0,75.6,563.0,238.5,10.95,18.85,113.0,84.2,490.0,258.5,10.7,27.65,13.5,42.85,14.35,86.7,74.3,38.5,122.5,19.95,24.3,72.8,15.9,26.85,252.0,412.5,153.5,125.5,18.25,50.4,52.4,36.85,10.95,22.3,15.45,27.05,48.65,86.4,63.9,14.6,140.5,11.75,11.2,52.3,79.2,22.15,62.7,20.6,305.5,229.5,219.5,67.5,346.5,56.8,59.6,12.85,139.5,110.5,283.0,21.2,35.85,136.5,50.1,33.2,20.5,31.35,70.8,238.5,10.35,35.5,339.5,224.0,3825.0,39.65,388.5,156.5,25.05,140.5,148.0,59.3,21.8,87.4,109.5,7.4,52.4,48.25
138.0,261.0,390.0,67.1,12.6,33.65,9.29,314.0,16.75,31.9,47.75,14.75,30.45,19.7,26.5,40.1,39.65,84.2,6.96,28.4,83.8,72.7,74.3,52.4,21.0,25.45,19.75,229.5,51.9,208.0,32.15,241.0,26.8,195.0,223.5,44.8,145.5,143.0,88.7,77.9,132.5,51.4,34.8,49.65,103.0,34.7,106.5,18.45,18.25,31.25,10.65,37.2,30.85,15.45,120.0,179.0,29.7,23.3,16.0,541.0,75.7,563.0,238.5,10.95,18.9,113.0,84.2,490.0,258.5,10.7,27.7,13.5,42.85,14.35,86.7,74.3,38.5,122.5,19.9,24.3,72.7,15.9,26.85,252.0,412.0,153.0,126.0,18.2,50.5,52.3,36.8,11.0,22.3,15.5,27.05,48.65,86.5,63.9,14.55,140.5,11.75,11.2,52.3,79.1,22.15,62.7,20.6,305.5,229.5,219.5,67.5,346.5,56.8,59.6,12.85,139.0,110.5,282.5,21.2,35.9,136.0,50.1,33.15,20.55,31.3,70.8,239.0,10.4,35.5,338.5,225.0,3825.0,39.65,388.5,157.0,25.0,140.5,148.5,59.3,21.8,87.4,109.5,7.4,52.5,48.25
137.5,261.0,390.0,67.0,12.6,33.65,9.3,314.0,16.75,31.9,47.75,14.8,30.45,19.7,26.45,40.15,39.65,84.2,6.96,28.4,83.7,72.7,74.4,52.4,21.0,25.45,19.7,229.5,51.9,208.0,32.15,241.0,26.75,195.0,223.5,44.8,145.5,143.0,88.7,77.9,132.0,51.4,34.8,49.7,103.0,34.7,106.5,18.45,18.2,31.2,10.65,37.25,30.85,15.45,120.0,179.0,29.7,23.3,16.0,541.0,75.6,563.0,238.5,10.95,18.85,113.0,84.2,490.0,258.5,10.7,27.7,13.5,42.85,14.35,86.7,74.2,38.55,122.5,19.9,24.3,72.8,15.85,26.85,252.0,413.0,153.0,125.5,18.25,50.5,52.3,36.8,10.95,22.3,15.5,27.1,48.65,86.5,63.9,14.6,140.5,11.8,11.2,52.3,79.2,22.15,62.9,20.65,305.5,229.5,219.5,67.6,346.5,56.8,59.6,12.85,139.0,110.5,284.0,21.15,35.9,136.0,50.1,33.15,20.55,31.3,70.8,238.5,10.35,35.55,339.0,224.0,3830.0,39.65,387.0,156.5,25.05,140.5,148.0,59.3,21.8,87.4,109.5,7.4,52.3,48.2
137.5,261.0,390.0,67.1,12.55,33.65,9.3,313.5,16.75,31.9,47.8,14.75,30.4,19.7,26.45,40.15,39.7,84.3,6.96,28.4,83.7,72.8,74.4,52.7,21.0,25.45,19.7,229.5,51.8,208.0,32.15,241.0,26.75,195.0,223.5,44.75,145.5,143.0,88.7,77.9,132.0,51.4,34.85,49.7,103.0,34.7,106.0,18.45,18.2,31.2,10.65,37.25,30.85,15.5,120.0,180.0,29.75,23.35,16.0,541.0,75.7,563.0,238.5,10.95,18.85,113.5,84.1,488.5,258.5,10.7,27.7,13.5,42.85,14.35,86.7,74.3,38.5,122.0,19.9,24.25,72.8,15.9,26.85,252.0,413.0,153.0,125.0,18.25,50.4,52.4,36.8,11.0,22.25,15.45,27.1,48.65,86.5,63.9,14.6,140.0,11.8,11.2,52.4,79.2,22.15,62.8,20.6,306.0,229.5,219.5,67.6,346.5,56.8,59.6,12.85,139.0,110.5,283.5,21.2,35.9,136.0,50.1,33.1,20.5,31.3,70.8,239.0,10.35,35.5,339.0,224.5,3830.0,39.65,388.0,156.5,25.05,140.5,148.0,59.2,21.8,87.3,109.0,7.41,52.4,48.2
137.0,261.0,390.0,67.1,12.55,33.6,9.29,313.0,16.75,31.9,47.8,14.8,30.4,19.7,26.5,40.1,39.7,84.3,6.96,28.4,83.6,72.8,74.4,52.7,21.0,25.45,19.75,229.5,51.8,208.0,32.15,241.0,26.75,195.0,223.5,44.75,145.5,143.0,88.7,77.9,132.0,51.4,34.75,49.65,103.0,34.7,106.5,18.45,18.2,31.25,10.7,37.3,30.85,15.5,120.5,180.0,29.75,23.3,16.0,541.0,75.6,563.0,238.5,10.95,18.9,113.0,84.1,488.5,258.5,10.75,27.7,13.45,42.85,14.35,86.7,74.3,38.5,122.5,19.9,24.3,72.8,15.9,26.85,252.0,413.0,153.0,125.5,18.2,50.5,52.4,36.8,11.0,22.25,15.5,27.05,48.65,86.5,63.9,14.6,140.0,11.8,11.2,52.3,79.2,22.15,62.8,20.65,306.0,229.5,219.5,67.5,346.5,56.8,59.6,12.85,139.5,110.5,282.5,21.2,35.95,136.0,50.1,33.15,20.5,31.3,70.8,238.5,10.4,35.55,339.0,223.5,3830.0,39.7,387.0,157.0,25.05,140.0,148.0,59.2,21.8,87.5,109.0,7.41,52.5,48.25
137.5,261.0,390.0,67.1,12.6,33.6,9.29,312.5,16.75,31.9,47.95,14.8,30.4,19.7,26.5,40.15,39.7,84.3,6.95,28.4,83.6,72.8,74.4,52.6,21.0,25.5,19.75,229.5,51.8,208.0,32.15,241.0,26.7,195.0,223.5,44.8,145.5,142.5,88.7,77.8,132.0,51.4,34.85,49.65,103.0,34.7,106.5,18.45,18.25,31.2,10.65,37.3,30.85,15.45,120.0,180.0,29.75,23.35,16.0,541.0,75.6,563.0,238.5,10.95,18.9,113.5,84.1,487.5,259.0,10.7,27.55,13.45,42.8,14.3,86.7,74.3,38.55,122.0,19.9,24.25,72.8,15.9,26.9,252.0,413.5,153.0,125.5,18.2,50.4,52.4,36.8,10.95,22.3,15.45,27.05,48.7,86.4,63.8,14.6,140.0,11.8,11.2,52.3,79.4,22.15,62.8,20.65,306.5,229.5,219.5,67.5,346.5,56.7,59.6,12.85,139.5,110.5,282.5,21.15,35.95,136.0,50.1,33.15,20.5,31.3,70.8,239.0,10.4,35.5,339.5,223.5,3830.0,39.7,387.0,157.0,25.05,140.0,148.5,59.2,21.8,87.5,109.5,7.41,52.5,48.25
137.0,260.5,390.0,67.1,12.6,33.6,9.29,312.0,16.75,31.9,47.95,14.8,30.4,19.7,26.5,40.1,39.65,84.3,6.96,28.4,83.7,72.7,74.4,52.4,20.95,25.5,19.7,229.5,51.8,208.0,32.15,241.0,26.7,195.0,225.0,44.8,145.5,142.5,88.7,77.9,132.0,51.4,34.85,49.65,103.0,34.7,106.5,18.45,18.2,31.2,10.65,37.2,30.85,15.5,120.0,180.0,29.75,23.3,16.0,541.0,75.6,563.0,238.5,10.95,18.9,113.0,84.1,488.5,259.0,10.7,27.55,13.45,42.8,14.3,86.7,74.3,38.5,122.5,19.95,24.25,72.8,15.9,26.85,252.0,414.0,153.0,125.5,18.25,50.5,52.4,36.8,10.95,22.25,15.45,27.05,48.65,86.4,63.9,14.6,140.5,11.8,11.2,52.3,79.4,22.15,62.9,20.6,306.5,229.5,219.5,67.4,346.5,56.7,59.6,12.85,139.0,110.5,282.0,21.15,35.95,136.0,50.1,33.15,20.55,31.3,70.8,238.5,10.35,35.5,339.5,224.0,3830.0,39.7,387.0,157.0,25.05,140.5,148.0,59.3,21.8,87.6,109.5,7.41,52.5,48.25
137.0,260.5,390.0,67.1,12.6,33.65,9.29,312.0,16.75,31.9,48.0,14.8,30.45,19.7,26.5,40.1,39.65,84.3,6.96,28.4,83.6,72.7,74.4,52.6,21.0,25.5,19.7,229.5,51.8,208.0,32.15,241.0,26.7,195.0,225.5,44.8,145.5,142.5,88.7,77.9,132.0,51.4,34.85,49.6,103.0,34.7,106.5,18.45,18.2,31.2,10.65,37.2,30.85,15.45,120.5,180.0,29.75,23.35,16.0,541.0,75.6,563.0,238.0,10.95,18.85,113.0,84.2,489.0,258.5,10.7,27.55,13.45,42.8,14.3,86.7,74.3,38.5,122.0,19.9,24.3,72.7,15.85,26.85,252.0,414.5,153.0,125.5,18.25,50.5,52.4,36.8,10.95,22.25,15.45,27.1,48.7,86.4,63.9,14.6,140.0,11.8,11.2,52.2,79.3,22.15,62.8,20.6,306.0,230.0,219.5,67.4,346.5,56.7,59.6,12.8,138.5,110.5,282.0,21.15,36.0,136.0,50.0,33.15,20.55,31.3,70.8,238.5,10.35,35.5,340.0,224.0,3840.0,39.65,387.0,157.0,25.05,140.0,148.5,59.2,21.8,87.6,109.5,7.41,52.5,48.2
137.5,260.0,390.0,67.1,12.55,33.65,9.29,312.0,16.75,31.9,48.0,14.8,30.45,19.7,26.5,40.1,39.65,84.2,6.96,28.35,83.8,72.7,74.4,52.6,21.0,25.5,19.7,229.5,51.9,208.0,32.15,241.0,26.7,194.5,226.0,44.8,145.5,142.5,88.7,77.9,132.0,51.4,34.85,49.8,103.0,34.7,106.0,18.45,18.2,31.25,10.65,37.25,30.8,15.5,120.0,180.0,29.75,23.35,16.0,541.0,75.6,563.0,238.0,10.95,18.85,113.5,84.1,490.5,259.0,10.75,27.55,13.45,42.8,14.3,86.8,74.3,38.5,122.5,19.9,24.25,72.8,15.85,26.85,252.0,414.5,153.0,125.5,18.25,50.4,52.3,36.75,11.0,22.25,15.45,27.05,48.75,86.4,63.8,14.6,140.0,11.8,11.2,52.2,79.3,22.15,62.8,20.6,306.5,230.0,219.5,67.4,347.0,56.7,59.6,12.8,138.5,110.5,282.5,21.15,35.95,136.0,50.0,33.15,20.5,31.3,70.8,238.0,10.35,35.5,340.5,225.0,3840.0,39.7,387.0,156.5,25.05,140.5,148.0,59.2,21.8,87.7,109.5,7.41,52.6,48.2
137.0,260.0,390.0,67.1,12.55,33.65,9.29,312.0,16.75,31.9,48.0,14.8,30.45,19.7,26.5,40.1,39.65,84.2,6.96,28.35,83.9,72.7,74.4,52.6,21.0,25.5,19.75,229.5,51.9,208.5,32.15,241.0,26.7,195.0,229.0,44.75,145.5,142.5,88.7,77.9,132.0,51.4,34.75,49.6,103.0,34.7,106.5,18.45,18.2,31.2,10.65,37.2,30.8,15.45,120.5,180.0,29.75,23.35,16.05,541.0,75.5,563.0,239.0,10.95,18.85,113.0,84.1,490.0,259.0,10.7,27.65,13.45,42.8,14.35,86.9,74.3,38.5,122.5,19.9,24.3,72.8,15.85,26.85,252.0,414.5,153.5,125.5,18.2,50.5,52.4,36.8,10.95,22.3,15.45,27.05,48.75,86.3,63.8,14.6,140.0,11.8,11.25,52.2,79.3,22.1,62.7,20.6,306.5,230.0,219.5,67.5,347.0,56.8,59.6,12.8,138.5,110.0,282.0,21.15,36.0,136.0,50.0,33.2,20.5,31.35,70.8,238.5,10.4,35.5,340.0,224.5,3845.0,39.65,387.0,156.5,25.05,140.5,148.0,59.2,21.8,87.6,109.5,7.41,52.8,48.2
137.0,260.0,390.0,67.2,12.55,33.65,9.3,312.0,16.7,31.9,47.95,14.8,30.45,19.75,26.5,40.1,39.7,84.3,6.96,28.4,83.9,72.7,74.5,52.6,21.0,25.45,19.7,229.5,51.8,208.0,32.2,241.0,26.7,195.0,229.0,44.75,145.5,142.5,88.7,77.9,132.0,51.4,34.75,49.6,103.0,34.7,106.5,18.45,18.2,31.25,10.65,37.2,30.85,15.45,120.5,180.0,29.75,23.35,16.05,541.0,75.6,563.0,239.0,10.95,18.85,113.5,84.1,489.0,259.0,10.75,27.6,13.5,42.8,14.35,86.9,74.3,38.5,122.0,19.9,24.3,72.8,15.85,26.85,252.0,415.0,153.5,125.5,18.2,50.4,52.4,36.8,10.95,22.3,15.45,27.1,48.8,86.4,63.8,14.6,140.5,11.8,11.2,52.1,79.3,22.2,62.7,20.6,306.5,230.0,219.0,67.5,347.0,56.8,59.6,12.8,138.5,110.5,282.0,21.15,36.0,136.0,50.0,33.15,20.5,31.3,70.8,238.5,10.4,35.5,340.0,224.5,3850.0,39.65,387.0,156.5,25.05,140.0,148.5,59.2,21.8,87.6,109.0,7.41,52.8,48.2
136.5,260.0,390.0,67.1,12.55,33.65,9.3,312.5,16.7,31.9,47.95,14.8,30.45,19.75,26.45,40.15,39.7,84.3,6.96,28.4,84.0,72.7,74.5,52.4,21.0,25.5,19.75,229.5,51.8,208.0,32.15,241.0,26.7,195.0,228.5,44.8,145.5,142.5,88.7,77.9,132.0,51.4,34.75,49.8,103.0,34.75,106.0,18.45,18.2,31.2,10.65,37.25,30.85,15.45,120.0,180.0,29.75,23.35,16.05,541.0,75.6,563.0,239.0,10.95,18.85,113.5,84.1,491.0,258.5,10.7,27.6,13.5,42.8,14.35,87.0,74.3,38.55,122.5,19.9,24.3,72.7,15.9,26.9,252.0,415.0,153.5,125.5,18.25,50.4,52.4,36.8,10.95,22.25,15.45,27.1,48.8,86.4,63.9,14.6,140.5,11.8,11.25,52.1,79.4,22.2,62.7,20.6,306.5,230.0,219.0,67.6,347.0,56.8,59.5,12.85,138.5,110.0,283.5,21.2,36.0,136.0,50.0,33.1,20.5,31.35,70.8,238.0,10.35,35.5,340.5,224.5,3850.0,39.65,387.0,156.5,25.05,140.0,148.5,59.3,21.8,87.5,109.0,7.41,53.0,48.2
136.5,260.0,390.0,67.2,12.55,33.65,9.3,313.0,16.7,31.9,48.0,14.8,30.45,19.7,26.5,40.1,39.7,84.3,6.96,28.4,83.9,72.7,74.5,52.5,21.0,25.5,19.75,229.5,51.8,208.0,32.15,241.0,26.7,195.0,228.0,44.8,146.0,143.0,88.7,77.9,132.0,51.3,34.85,49.8,103.0,34.7,106.0,18.45,18.25,31.2,10.7,37.2,30.85,15.45,120.5,180.0,29.8,23.35,16.05,541.0,75.5,563.0,239.0,10.95,18.85,113.0,84.1,494.0,259.0,10.7,27.6,13.5,42.85,14.3,86.9,74.3,38.5,122.5,19.9,24.25,72.8,15.85,26.85,251.5,415.0,153.5,125.5,18.2,50.4,52.4,36.8,10.95,22.3,15.45,27.05,48.8,86.4,63.8,14.6,140.5,11.8,11.2,52.1,79.3,22.15,62.7,20.6,307.0,230.0,219.0,67.6,347.0,56.8,59.6,12.8,138.5,110.0,284.0,21.2,36.0,136.0,50.0,33.1,20.55,31.35,71.0,237.5,10.4,35.5,340.0,226.0,3850.0,39.65,387.0,157.0,25.05,141.5,148.0,59.3,21.8,87.4,109.5,7.41,52.8,48.2
137.0,260.0,390.0,67.3,12.55,33.65,9.29,312.5,16.7,31.95,47.95,14.8,30.45,19.7,26.5,40.1,39.7,84.2,6.96,28.4,83.8,72.7,74.4,52.5,21.0,25.45,19.7,229.5,51.8,207.5,32.15,241.0,26.7,195.0,228.0,44.8,146.0,143.0,88.7,77.9,132.0,51.3,34.85,49.8,103.0,34.7,106.5,18.45,18.25,31.25,10.7,37.2,30.85,15.45,120.5,180.0,29.75,23.4,16.05,541.0,75.6,563.0,237.0,10.9,18.85,113.5,84.1,492.5,258.5,10.7,27.6,13.5,42.85,14.35,86.9,74.3,38.5,122.5,19.9,24.3,72.8,15.9,26.85,251.5,414.5,153.5,125.5,18.2,50.4,52.3,36.75,11.0,22.25,15.45,27.05,48.75,86.5,63.9,14.6,140.5,11.8,11.2,52.1,79.4,22.15,62.7,20.6,308.0,230.5,219.5,67.5,347.0,56.9,59.6,12.85,138.5,110.0,283.5,21.25,36.05,135.5,50.0,33.1,20.55,31.35,71.0,237.5,10.35,35.5,340.0,225.5,3850.0,39.65,387.5,156.5,25.05,141.0,148.0,59.2,21.8,87.4,109.5,7.41,52.7,48.25
137.0,260.5,390.0,67.3,12.6,33.6,9.3,312.5,16.7,32.0,47.95,14.8,30.45,19.7,26.5,40.15,39.7,84.2,6.96,28.35,83.8,72.7,74.4,52.5,21.0,25.45,19.7,229.5,51.8,207.5,32.15,241.0,26.7,195.0,228.0,44.75,146.0,142.5,88.7,77.9,132.0,51.3,34.85,49.75,103.0,34.7,106.5,18.45,18.2,31.25,10.7,37.25,30.85,15.4,120.5,180.0,29.75,23.35,16.0,541.0,75.6,563.0,237.0,10.95,18.85,113.0,84.2,491.5,258.5,10.7,27.65,13.5,42.8,14.3,86.8,74.4,38.55,122.5,19.9,24.3,72.8,15.85,26.8,251.5,414.5,153.0,125.5,18.25,50.4,52.3,36.8,11.0,22.25,15.45,27.05,48.75,86.5,63.8,14.6,140.5,11.75,11.2,52.1,79.2,22.2,62.7,20.6,308.5,230.5,219.5,67.5,347.0,56.8,59.6,12.8,138.5,110.5,283.5,21.25,36.05,135.5,50.0,33.1,20.5,31.35,71.0,238.5,10.4,35.5,340.0,225.5,3880.0,39.65,387.5,157.0,25.05,140.5,148.5,59.2,21.8,87.1,109.5,7.41,52.6,48.2
136.5,260.5,390.0,67.3,12.6,33.65,9.3,311.5,16.7,32.0,47.95,14.8,30.45,19.7,26.5,40.15,39.7,84.2,6.96,28.35,83.9,72.7,74.4,52.5,20.95,25.45,19.7,229.0,51.8,207.5,32.15,241.0,26.7,195.0,229.0,44.8,145.5,142.0,88.7,77.9,132.0,51.3,34.85,49.8,103.0,34.65,106.5,18.45,18.2,31.2,10.7,37.25,30.85,15.4,120.5,180.0,29.75,23.35,16.05,541.0,75.6,563.0,237.0,10.9,18.8,113.0,84.1,491.0,259.0,10.75,27.6,13.45,42.8,14.3,86.7,74.3,38.5,122.5,19.9,24.3,72.8,15.85,26.8,251.5,414.0,153.5,125.0,18.25,50.4,52.3,36.8,11.0,22.25,15.45,27.05,48.75,86.5,63.8,14.6,141.0,11.8,11.2,52.1,79.4,22.15,62.7,20.65,306.5,230.5,219.5,67.5,346.5,56.8,59.6,12.8,138.5,110.0,283.0,21.25,35.95,136.0,50.0,33.05,20.5,31.35,71.0,238.5,10.35,35.5,339.5,224.5,3870.0,39.6,388.0,156.5,25.05,140.5,148.5,59.2,21.8,87.1,109.0,7.42,52.5,48.2
136.5,260.0,390.0,67.2,12.55,33.65,9.3,311.0,16.7,32.0,47.95,14.8,30.45,19.7,26.5,40.15,39.7,84.3,6.96,28.35,83.8,72.7,74.4,52.5,21.0,25.45,19.75,229.0,51.8,207.5,32.15,241.0,26.7,195.0,229.0,44.8,145.5,142.0,88.7,77.9,132.0,51.3,34.85,49.8,103.0,34.7,106.0,18.45,18.2,31.2,10.65,37.25,30.85,15.4,120.5,180.0,29.75,23.35,16.05,541.0,75.6,563.0,237.0,10.95,18.85,113.0,84.1,492.0,258.5,10.7,27.6,13.45,42.85,14.35,86.7,74.3,38.55,122.5,19.9,24.3,72.8,15.9,26.8,251.0,413.5,153.5,124.5,18.25,50.5,52.3,36.8,10.95,22.3,15.45,27.05,48.7,86.5,63.9,14.6,140.5,11.75,11.25,52.1,79.3,22.2,62.7,20.6,305.5,230.5,219.0,67.5,347.0,56.8,59.6,12.8,138.5,110.0,283.0,21.25,36.0,135.5,50.0,33.05,20.5,31.35,71.0,238.5,10.35,35.5,338.0,224.5,3865.0,39.6,388.0,157.0,25.05,140.5,148.5,59.2,21.8,87.2,109.0,7.4,52.5,48.2
136.5,260.5,390.0,67.2,12.55,33.65,9.3,311.0,16.7,31.95,47.95,14.8,30.45,19.7,26.5,40.15,39.75,84.3,6.96,28.35,83.9,72.6,74.4,52.7,21.0,25.45,19.75,229.0,51.8,207.5,32.15,241.0,26.7,195.0,229.0,44.75,145.5,142.0,88.7,77.9,132.0,51.3,34.9,49.85,103.0,34.7,106.5,18.45,18.2,31.2,10.65,37.25,30.85,15.45,120.5,180.0,29.75,23.35,16.05,541.0,75.5,563.0,237.0,10.95,18.8,113.0,84.1,491.0,259.0,10.7,27.6,13.45,42.8,14.3,86.7,74.2,38.5,122.5,19.9,24.25,72.7,15.9,26.8,251.0,414.5,153.0,125.0,18.25,50.4,52.2,36.8,10.95,22.25,15.45,27.05,48.75,86.6,63.9,14.55,140.5,11.75,11.2,52.1,79.3,22.15,62.7,20.6,305.5,230.0,219.0,67.6,347.0,56.8,59.5,12.8,138.5,110.0,282.5,21.2,35.9,135.5,50.0,33.1,20.55,31.35,71.0,238.5,10.3,35.5,337.5,224.5,3865.0,39.55,388.0,156.5,25.05,140.5,148.5,59.3,21.8,87.3,109.5,7.41,52.3,48.2
136.5,260.5,390.0,67.1,12.55,33.6,9.3,311.5,16.7,32.0,47.95,14.8,30.45,19.65,26.45,40.2,39.75,84.5,6.97,28.4,84.0,72.6,74.4,52.7,21.0,25.45,19.75,229.0,51.8,207.5,32.15,241.0,26.7,195.0,230.5,44.75,145.5,142.0,88.7,77.9,132.5,51.3,34.9,49.85,103.0,34.7,106.5,18.45,18.25,31.2,10.7,37.2,30.85,15.4,120.5,180.0,29.75,23.35,16.05,541.0,75.6,563.0,237.0,10.95,18.8,113.5,84.2,490.5,258.5,10.75,27.6,13.45,42.8,14.3,86.7,74.2,38.5,122.5,19.9,24.3,72.8,15.9,26.8,251.0,414.5,153.0,124.5,18.25,50.5,52.2,36.75,11.0,22.3,15.5,27.05,48.7,86.5,63.8,14.6,140.5,11.75,11.2,52.2,79.2,22.15,62.7,20.6,305.5,230.0,219.5,67.6,347.0,56.8,59.6,12.8,138.5,110.5,282.5,21.2,35.95,136.0,50.0,33.1,20.55,31.35,71.0,239.0,10.3,35.5,338.5,224.5,3870.0,39.6,388.0,156.5,25.05,140.0,148.5,59.3,21.85,87.2,109.5,7.4,52.2,48.2
137.0,260.0,390.0,67.2,12.55,33.65,9.3,311.5,16.7,32.0,47.95,14.75,30.45,19.65,26.45,40.2,39.7,84.3,6.97,28.45,84.1,72.6,74.4,52.7,21.0,25.45,19.75,229.0,51.9,207.5,32.15,241.0,26.7,195.0,231.0,44.8,145.5,142.0,88.7,77.9,132.5,51.4,34.85,49.7,103.0,34.7,106.5,18.45,18.25,31.2,10.7,37.15,30.85,15.45,120.5,180.0,29.75,23.35,16.05,541.0,75.6,563.0,238.0,10.9,18.85,113.5,84.1,490.0,258.5,10.7,27.65,13.5,42.8,14.35,86.7,74.2,38.5,122.0,19.9,24.3,72.7,15.85,26.85,251.0,414.5,153.0,124.5,18.2,50.4,52.3,36.75,11.0,22.25,15.45,27.05,48.7,86.5,63.8,14.55,141.0,11.75,11.2,52.1,79.3,22.15,62.7,20.6,306.5,229.0,219.5,67.5,347.0,56.7,59.6,12.8,138.5,110.5,282.5,21.15,35.9,136.0,50.1,33.1,20.55,31.3,71.0,239.0,10.35,35.5,339.5,224.0,3870.0,39.6,388.0,156.5,25.05,139.5,148.5,59.2,21.85,87.1,109.0,7.4,52.1,48.2
136.5,260.0,390.0,67.1,12.55,33.6,9.3,312.0,16.65,32.0,47.95,14.75,30.45,19.65,26.5,40.2,39.7,84.3,6.98,28.45,84.1,72.7,74.3,52.7,21.0,25.45,19.75,228.5,51.9,208.0,32.15,241.0,26.7,194.5,232.5,44.75,145.5,142.0,88.7,77.8,132.5,51.3,34.85,49.85,103.0,34.7,106.5,18.45,18.25,31.2,10.7,37.1,30.85,15.4,120.5,180.0,29.75,23.35,16.05,541.0,75.6,563.0,238.0,10.95,18.85,113.5,84.2,488.5,258.5,10.75,27.6,13.45,42.8,14.3,86.7,74.2,38.5,122.0,19.9,24.3,72.8,15.85,26.8,251.0,414.0,153.0,124.0,18.25,50.5,52.3,36.75,11.0,22.25,15.5,27.0,48.75,86.5,63.8,14.6,141.0,11.75,11.2,52.1,79.3,22.15,62.7,20.65,306.0,229.0,220.5,67.5,347.0,56.7,59.6,12.85,138.5,110.5,282.0,21.2,35.9,136.0,50.1,33.1,20.5,31.3,70.9,239.0,10.35,35.5,340.0,223.0,3865.0,39.65,387.5,156.5,25.05,139.5,148.5,59.2,21.85,87.1,109.0,7.4,52.0,48.2
136.0,260.0,390.0,67.1,12.55,33.65,9.3,311.5,16.65,32.0,47.95,14.8,30.45,19.65,26.5,40.15,39.7,84.4,6.98,28.4,84.0,72.7,74.3,52.7,21.0,25.45,19.75,229.0,51.9,208.0,32.15,241.0,26.7,194.5,232.0,44.8,145.5,142.5,88.7,77.9,132.5,51.3,34.85,49.7,103.0,34.7,107.0,18.45,18.2,31.2,10.7,37.1,30.85,15.4,120.5,180.0,29.75,23.3,16.05,538.0,75.6,563.0,238.5,10.95,18.8,113.5,84.1,486.0,259.0,10.7,27.6,13.5,42.8,14.3,86.7,74.2,38.55,122.5,19.9,24.3,72.8,15.85,26.8,251.0,413.0,153.5,124.0,18.25,50.5,52.4,36.75,10.95,22.25,15.45,27.0,48.8,86.5,63.8,14.6,140.5,11.8,11.2,52.1,79.3,22.2,62.8,20.6,306.0,229.0,220.0,67.4,347.0,56.7,59.6,12.8,138.5,110.5,282.0,21.2,35.9,136.0,50.1,33.1,20.5,31.3,70.9,238.5,10.3,35.5,339.5,222.5,3860.0,39.65,387.5,156.5,25.05,139.5,148.5,59.3,21.85,87.1,109.5,7.4,51.8,48.15
136.0,260.0,390.0,67.1,12.55,33.65,9.3,312.0,16.7,32.0,47.95,14.8,30.45,19.65,26.45,40.2,39.65,84.4,6.97,28.4,84.0,72.6,74.4,52.5,21.0,25.45,19.75,229.0,51.9,207.5,32.15,241.5,26.7,195.0,232.0,44.8,145.5,142.0,88.7,78.0,132.5,51.2,34.9,49.85,103.0,34.7,106.5,18.45,18.2,31.2,10.7,37.1,30.85,15.4,120.5,180.0,29.8,23.35,16.05,538.0,75.6,563.0,238.5,10.95,18.8,113.5,84.1,485.0,258.5,10.75,27.6,13.45,42.8,14.3,86.7,74.2,38.55,122.0,19.9,24.3,72.7,15.85,26.8,251.0,413.0,153.5,124.0,18.25,50.5,52.3,36.7,11.0,22.25,15.45,27.0,48.8,86.4,63.7,14.6,140.5,11.75,11.2,52.2,79.3,22.15,62.7,20.6,306.0,229.0,220.0,67.3,346.5,56.7,59.6,12.8,138.5,110.0,281.5,21.2,35.85,135.5,50.1,33.05,20.55,31.3,70.9,238.5,10.3,35.5,339.5,221.5,3855.0,39.6,387.0,157.0,25.05,139.0,148.5,59.3,21.85,87.1,109.5,7.4,51.5,48.15
136.0,259.0,390.0,67.1,12.55,33.65,9.3,312.0,16.7,31.9,47.95,14.75,30.45,19.7,26.45,40.2,39.7,84.3,6.97,28.4,83.9,72.6,74.3,52.5,20.95,25.45,19.75,229.5,51.9,207.5,32.15,241.5,26.7,195.0,232.0,44.75,145.5,142.0,88.7,78.0,132.5,51.0,34.9,49.8,103.0,34.7,106.5,18.5,18.25,31.15,10.7,37.1,30.85,15.4,120.5,180.0,29.8,23.35,16.05,538.0,75.6,563.0,238.5,10.95,18.85,113.0,84.1,482.0,258.5,10.7,27.55,13.5,42.8,14.3,86.7,74.3,38.5,122.5,19.95,24.3,72.8,15.85,26.85,251.0,413.5,153.0,123.5,18.2,50.5,52.4,36.6,10.95,22.25,15.45,27.05,48.8,86.4,63.7,14.6,140.5,11.8,11.2,52.1,79.3,22.15,62.8,20.6,306.0,230.0,220.0,67.3,346.5,56.7,59.6,12.8,138.5,110.5,281.5,21.2,35.9,135.5,50.1,33.05,20.5,31.3,70.9,238.0,10.3,35.5,339.5,220.5,3845.0,39.65,387.0,156.5,25.05,138.0,148.0,59.3,21.8,87.1,109.5,7.4,51.7,48.15
136.0,259.5,390.0,67.1,12.55,33.6,9.3,311.5,16.7,31.9,47.95,14.8,30.45,19.7,26.5,40.2,39.75,84.2,6.98,28.45,83.9,72.7,74.2,52.7,20.95,25.5,19.7,229.5,51.9,207.5,32.15,241.5,26.7,195.0,231.5,44.8,145.5,142.0,88.7,78.0,132.5,50.9,34.85,49.9,103.0,34.7,107.0,18.45,18.25,31.15,10.65,37.15,30.85,15.4,120.5,180.0,29.8,23.3,16.05,538.0,75.6,563.0,238.5,10.9,18.85,113.5,84.2,484.0,258.5,10.7,27.6,13.5,42.8,14.3,86.7,74.3,38.5,122.5,19.95,24.3,72.8,15.8,26.8,251.0,414.0,153.5,123.5,18.2,50.5,52.4,36.6,10.95,22.25,15.45,27.05,48.8,86.4,63.7,14.6,140.5,11.75,11.2,52.1,79.2,22.15,62.7,20.6,306.0,229.5,220.0,67.3,347.0,56.7,59.6,12.8,139.0,110.5,281.0,21.15,35.95,135.5,50.1,33.05,20.55,31.3,70.9,238.5,10.35,35.5,339.0,220.5,3845.0,39.65,387.0,157.0,25.05,138.0,148.0,59.2,21.8,87.1,109.5,7.4,51.5,48.15
136.0,259.0,390.0,67.4,12.55,33.65,9.3,311.5,16.75,31.9,47.95,14.75,30.45,19.75,26.5,40.2,39.75,84.2,6.97,28.4,83.8,72.7,74.2,52.7,20.95,25.45,19.7,229.5,51.9,208.0,32.15,241.5,26.7,195.0,231.5,44.75,145.5,142.0,88.7,78.0,132.5,50.8,34.85,49.9,103.0,34.7,106.5,18.45,18.25,31.15,10.7,37.15,30.9,15.45,120.5,180.0,29.75,23.3,16.0,538.0,75.6,563.0,238.5,10.9,18.8,113.0,84.2,484.5,258.5,10.7,27.55,13.5,42.8,14.3,86.7,74.3,38.5,122.0,19.9,24.3,72.9,15.8,26.85,251.0,414.0,153.0,124.0,18.25,50.5,52.4,36.6,10.95,22.25,15.5,27.0,48.8,86.4,63.7,14.55,140.5,11.75,11.2,52.1,79.2,22.15,62.7,20.6,305.5,229.5,220.0,67.2,347.0,56.7,59.6,12.75,139.0,110.0,281.5,21.2,36.1,135.5,50.0,33.0,20.5,31.3,70.9,238.5,10.35,35.5,338.0,221.0,3850.0,39.65,387.0,156.5,25.0,138.5,148.5,59.3,21.8,87.1,109.0,7.4,51.6,48.15
136.0,259.0,391.0,67.5,12.55,33.65,9.3,311.5,16.7,31.9,47.95,14.75,30.45,19.7,26.45,40.2,39.75,84.3,6.97,28.4,83.9,72.8,74.4,52.7,20.95,25.45,19.75,229.5,51.9,208.0,32.15,241.5,26.7,195.0,232.0,44.75,145.5,142.5,88.7,78.0,132.0,50.8,34.85,49.85,103.0,34.7,107.0,18.45,18.25,31.15,10.7,37.1,30.9,15.4,120.5,180.0,29.75,23.3,16.0,538.0,75.6,563.0,238.5,10.9,18.8,113.5,84.2,485.5,259.0,10.75,27.6,13.5,42.8,14.3,86.7,74.3,38.55,122.5,19.9,24.3,72.9,15.85,26.8,251.0,414.0,153.0,124.0,18.25,50.5,52.3,36.55,10.95,22.25,15.45,27.0,48.75,86.3,63.7,14.6,140.5,11.75,11.2,52.1,79.1,22.1,62.7,20.65,305.5,229.5,220.0,67.2,347.5,56.8,59.6,12.75,139.0,110.0,281.5,21.2,36.1,136.0,50.0,32.85,20.5,31.35,70.9,238.5,10.35,35.55,337.0,222.0,3855.0,39.5,386.0,157.0,25.05,139.0,148.5,59.3,21.8,87.1,109.5,7.4,51.7,48.15
135.5,259.0,391.0,67.3,12.6,33.5,9.3,311.5,16.75,31.9,47.8,14.7,30.4,19.7,26.5,40.15,39.75,84.3,6.97,28.4,83.9,72.7,74.3,52.7,20.95,25.5,19.75,229.5,51.9,208.0,32.2,241.5,26.7,195.0,232.5,44.8,145.5,142.0,88.7,78.0,132.0,51.0,34.85,49.85,103.0,34.75,106.5,18.45,18.25,31.15,10.7,37.2,30.9,15.4,120.5,180.0,29.8,23.35,16.0,538.0,75.6,563.0,238.5,10.95,18.8,113.0,84.1,488.5,259.0,10.7,27.6,13.45,42.8,14.3,86.7,74.3,38.55,122.5,19.95,24.3,72.9,15.8,26.75,251.0,414.0,153.0,124.5,18.25,50.5,52.4,36.6,10.95,22.25,15.45,26.95,48.75,86.2,63.8,14.6,140.5,11.75,11.25,52.1,79.1,22.15,62.8,20.65,306.0,229.0,220.0,67.2,347.0,56.7,59.4,12.75,139.0,110.0,281.5,21.2,36.05,136.5,50.0,32.75,20.5,31.35,70.9,239.0,10.4,35.55,337.0,222.5,3845.0,39.5,386.0,157.0,25.0,139.0,148.0,59.3,21.8,87.1,109.5,7.4,51.7,48.15
136.0,258.5,389.5,67.4,12.6,33.45,9.29,311.0,16.7,31.8,47.8,14.7,30.4,19.7,26.5,40.15,39.8,84.2,6.95,28.4,83.7,72.7,74.4,52.5,21.0,25.45,19.7,229.5,51.8,207.5,32.15,241.5,26.7,195.0,232.0,44.75,145.5,142.0,89.1,78.0,132.0,51.0,34.95,49.9,103.0,34.8,107.0,18.45,18.2,31.15,10.7,37.2,30.85,15.45,121.0,180.0,29.8,23.3,16.05,538.0,75.6,563.0,238.5,10.95,18.85,113.5,84.1,487.0,259.0,10.7,27.6,13.45,42.75,14.25,86.7,74.2,38.5,122.0,19.95,24.25,72.9,15.8,26.75,251.0,414.0,153.0,124.0,18.25,50.5,52.4,36.55,10.95,22.25,15.45,27.0,48.7,86.2,63.7,14.6,140.5,11.8,11.2,52.2,79.1,22.15,62.7,20.65,306.0,229.0,219.5,67.3,347.5,56.7,59.5,12.8,139.0,110.5,281.5,21.2,36.0,136.5,50.0,32.9,20.55,31.3,70.9,238.5,10.4,35.55,336.5,222.5,3845.0,39.55,386.0,156.5,25.05,138.5,147.5,59.3,21.7,87.1,109.5,7.41,51.6,48.15
135.5,259.0,389.5,67.3,12.55,33.4,9.3,309.5,16.7,31.8,47.8,14.7,30.4,19.7,26.5,40.1,39.6,84.2,6.97,28.4,83.7,73.0,74.3,52.5,21.0,25.45,19.75,229.5,51.9,208.0,32.15,241.5,26.7,195.0,233.0,44.8,145.0,142.5,88.9,78.1,131.5,50.9,34.95,49.85,103.5,34.8,107.0,18.5,18.25,31.15,10.7,37.2,30.85,15.4,121.0,179.5,29.8,23.35,16.05,538.0,75.6,563.0,238.0,10.95,18.8,113.5,84.2,488.0,258.5,10.7,27.65,13.45,42.8,14.25,86.7,74.3,38.4,122.5,19.95,24.25,72.8,15.8,26.75,251.0,414.5,153.0,124.0,18.25,50.5,52.3,36.55,11.0,22.25,15.5,27.0,48.7,86.2,63.7,14.6,140.0,11.75,11.2,52.1,79.1,22.2,62.7,20.6,306.5,229.5,219.5,67.3,347.5,56.7,59.5,12.8,139.0,110.0,281.5,21.2,35.95,136.5,50.1,32.85,20.55,31.3,70.9,239.0,10.35,35.6,336.5,223.0,3845.0,39.55,386.5,156.5,25.05,139.0,148.0,59.2,21.7,87.0,109.5,7.39,51.5,48.2
135.5,258.5,389.5,67.3,12.55,33.4,9.3,311.0,16.7,31.8,47.8,14.75,30.4,19.7,26.45,40.15,39.65,84.2,6.96,28.4,83.7,73.0,74.4,52.5,20.95,25.45,19.7,230.5,51.8,208.0,32.15,241.5,26.7,195.0,232.0,44.8,145.0,142.5,88.9,78.1,131.5,50.9,34.95,49.85,103.5,34.8,107.0,18.45,18.2,31.15,10.7,37.2,30.85,15.4,120.5,179.5,29.75,23.35,16.0,538.0,75.6,563.0,238.0,10.9,18.8,113.5,84.2,488.5,259.0,10.75,27.6,13.45,42.85,14.25,86.7,74.3,38.3,122.0,19.95,24.25,72.9,15.8,26.75,251.0,413.0,153.0,124.5,18.25,50.5,52.4,36.6,10.95,22.25,15.45,27.0,48.7,86.1,63.6,14.6,141.0,11.8,11.25,52.1,79.1,22.15,62.8,20.65,305.5,229.0,220.0,67.4,347.5,56.7,59.5,12.75,139.0,110.0,281.5,21.2,35.9,136.5,50.1,32.85,20.5,31.3,70.9,239.0,10.35,35.6,337.0,223.0,3830.0,39.55,387.0,156.5,25.05,139.0,147.5,59.3,21.7,87.0,109.5,7.4,51.4,48.2
135.5,258.0,389.5,67.1,12.55,33.45,9.29,310.5,16.7,31.85,47.8,14.75,30.45,19.75,26.5,40.15,39.6,84.1,6.96,28.45,83.6,72.9,74.4,52.5,21.0,25.5,19.75,230.0,51.8,208.0,32.2,241.5,26.7,194.5,233.0,44.8,145.0,142.5,89.1,78.0,132.0,50.8,34.9,49.9,103.5,34.8,107.0,18.45,18.25,31.15,10.65,37.25,30.85,15.4,120.5,179.5,29.75,23.35,16.0,538.0,75.6,563.0,237.5,10.95,18.8,113.0,84.2,489.5,258.5,10.75,27.6,13.5,42.85,14.25,86.7,74.3,38.25,122.0,19.95,24.25,72.8,15.8,26.8,251.0,412.0,153.0,124.5,18.25,50.5,52.3,36.55,10.95,22.25,15.5,26.95,48.7,86.2,63.8,14.6,140.5,11.8,11.2,52.1,79.1,22.15,62.7,20.65,306.5,229.5,220.0,67.4,348.0,56.8,59.5,12.75,138.5,110.0,281.5,21.15,35.9,136.5,50.1,32.8,20.55,31.3,70.8,239.0,10.35,35.6,337.5,223.0,3830.0,39.55,386.0,156.0,25.05,139.0,147.5,59.3,21.7,87.2,109.5,7.39,51.5,48.15
135.5,258.5,391.0,67.4,12.55,33.4,9.29,311.5,16.7,31.85,47.75,14.7,30.4,19.65,26.5,40.1,39.6,84.2,6.96,28.4,83.7,72.9,74.3,52.4,21.0,25.45,19.7,229.5,51.8,207.5,32.25,241.5,26.7,195.0,233.5,44.85,145.0,142.5,89.1,78.0,132.0,50.8,34.9,49.9,103.5,34.75,106.5,18.45,18.2,31.15,10.65,37.25,30.85,15.4,120.5,180.0,29.8,23.35,16.0,538.0,75.5,565.0,237.0,10.95,18.8,113.5,84.2,489.0,259.0,10.75,27.55,13.45,42.8,14.25,86.7,74.4,38.25,122.5,19.9,24.25,72.8,15.8,26.7,251.5,413.0,153.0,124.0,18.3,50.5,52.3,36.5,10.95,22.25,15.45,26.95,48.65,86.2,63.9,14.55,140.5,11.75,11.2,52.1,79.3,22.15,62.7,20.6,306.0,229.5,220.0,67.4,348.0,56.8,59.5,12.75,138.0,110.5,281.0,21.15,35.8,136.5,50.0,32.85,20.5,31.3,70.8,238.5,10.35,35.6,337.5,222.5,3825.0,39.55,387.0,156.5,25.05,138.5,147.5,59.2,21.7,87.0,109.0,7.4,51.6,48.15
135.5,258.5,391.0,67.4,12.55,33.4,9.29,311.5,16.7,31.85,47.75,14.7,30.4,19.65,26.5,40.1,39.6,84.2,6.96,28.4,83.7,72.9,74.3,52.4,21.0,25.45,19.7,229.5,51.8,207.5,32.25,241.5,26.7,195.0,233.5,44.85,145.0,142.5,89.1,78.0,132.0,50.8,34.9,49.9,103.5,34.75,106.5,18.45,18.2,31.15,10.65,37.25,30.85,15.4,120.5,180.0,29.8,23.35,16.0,538.0,75.5,565.0,237.0,10.95,18.8,113.5,84.2,489.0,259.0,10.75,27.55,13.45,42.8,14.25,86.7,74.4,38.25,122.5,19.9,24.25,72.8,15.8,26.7,251.5,413.0,153.0,124.0,18.3,50.5,52.3,36.5,10.95,22.25,15.45,26.95,48.65,86.2,63.9,14.55,140.5,11.75,11.2,52.1,79.3,22.15,62.7,20.6,306.0,229.5,220.0,67.4,348.0,56.8,59.5,12.75,138.0,110.5,281.0,21.15,35.8,136.5,50.0,32.85,20.5,31.3,70.8,238.5,10.35,35.6,337.5,222.5,3825.0,39.55,387.0,156.5,25.05,138.5,147.5,59.2,21.7,87.0,109.0,7.4,51.6,48.15
135.5,258.5,391.0,67.4,12.55,33.4,9.29,311.5,16.7,31.85,47.75,14.7,30.4,19.65,26.5,40.1,39.6,84.2,6.96,28.4,83.7,72.9,74.3,52.4,21.0,25.45,19.7,229.5,51.8,207.5,32.25,241.5,26.7,195.0,233.5,44.85,145.0,142.5,89.1,78.0,132.0,50.8,34.9,49.9,103.5,34.75,106.5,18.45,18.2,31.15,10.65,37.25,30.85,15.4,120.5,180.0,29.8,23.35,16.0,538.0,75.5,565.0,237.0,10.95,18.8,113.5,84.2,489.0,259.0,10.75,27.55,13.45,42.8,14.25,86.7,74.4,38.25,122.5,19.9,24.25,72.8,15.8,26.7,251.5,413.0,153.0,124.0,18.3,50.5,52.3,36.5,10.95,22.25,15.45,26.95,48.65,86.2,63.9,14.55,140.5,11.75,11.2,52.1,79.3,22.15,62.7,20.6,306.0,229.5,220.0,67.4,348.0,56.8,59.5,12.75,138.0,110.5,281.0,21.15,35.8,136.5,50.0,32.85,20.5,31.3,70.8,238.5,10.35,35.6,337.5,222.5,3825.0,39.55,387.0,156.5,25.05,138.5,147.5,59.2,21.7,87.0,109.0,7.4,51.6,48.15
135.5,258.5,391.0,67.4,12.55,33.4,9.29,311.5,16.7,31.85,47.75,14.7,30.4,19.65,26.5,40.1,39.6,84.2,6.96,28.4,83.7,72.9,74.3,52.4,21.0,25.45,19.7,229.5,51.8,207.5,32.25,241.5,26.7,195.0,233.5,44.85,145.0,142.5,89.1,78.0,132.0,50.8,34.9,49.9,103.5,34.75,106.5,18.45,18.2,31.15,10.65,37.25,30.85,15.4,120.5,180.0,29.8,23.35,16.0,538.0,75.5,565.0,237.0,10.95,18.8,113.5,84.2,489.0,259.0,10.75,27.55,13.45,42.8,14.25,86.7,74.4,38.25,122.5,19.9,24.25,72.8,15.8,26.7,251.5,413.0,153.0,124.0,18.3,50.5,52.3,36.5,10.95,22.25,15.45,26.95,48.65,86.2,63.9,14.55,140.5,11.75,11.2,52.1,79.3,22.15,62.7,20.6,306.0,229.5,220.0,67.4,348.0,56.8,59.5,12.75,138.0,110.5,281.0,21.15,35.8,136.5,50.0,32.85,20.5,31.3,70.8,238.5,10.35,35.6,337.5,222.5,3825.0,39.55,387.0,156.5,25.05,138.5,147.5,59.2,21.7,87.0,109.0,7.4,51.6,48.15
135.5,258.5,391.0,67.4,12.55,33.4,9.29,311.5,16.7,31.85,47.75,14.7,30.4,19.65,26.5,40.1,39.6,84.2,6.96,28.4,83.7,72.9,74.3,52.4,21.0,25.45,19.7,229.5,51.8,207.5,32.25,241.5,26.7,195.0,233.5,44.85,145.0,142.5,89.1,78.0,132.0,50.8,34.9,49.9,103.5,34.75,106.5,18.45,18.2,31.15,10.65,37.25,30.85,15.4,120.5,180.0,29.8,23.35,16.0,538.0,75.5,565.0,237.0,10.95,18.8,113.5,84.2,489.0,259.0,10.75,27.55,13.45,42.8,14.25,86.7,74.4,38.25,122.5,19.9,24.25,72.8,15.8,26.7,251.5,413.0,153.0,124.0,18.3,50.5,52.3,36.5,10.95,22.25,15.45,26.95,48.65,86.2,63.9,14.55,140.5,11.75,11.2,52.1,79.3,22.15,62.7,20.6,306.0,229.5,220.0,67.4,348.0,56.8,59.5,12.75,138.0,110.5,281.0,21.15,35.8,136.5,50.0,32.85,20.5,31.3,70.8,238.5,10.35,35.6,337.5,222.5,3825.0,39.55,387.0,156.5,25.05,138.5,147.5,59.2,21.7,87.0,109.0,7.4,51.6,48.15
135.5,258.5,391.0,67.4,12.55,33.4,9.29,311.5,16.7,31.85,47.75,14.7,30.4,19.65,26.5,40.1,39.6,84.2,6.96,28.4,83.7,72.9,74.3,52.4,21.0,25.45,19.7,229.5,51.8,207.5,32.25,241.5,26.7,195.0,233.5,44.85,145.0,142.5,89.1,78.0,132.0,50.8,34.9,49.9,103.5,34.75,106.5,18.45,18.2,31.15,10.65,37.25,30.85,15.4,120.5,180.0,29.8,23.35,16.0,538.0,75.5,565.0,237.0,10.95,18.8,113.5,84.2,489.0,259.0,10.75,27.55,13.45,42.8,14.25,86.7,74.4,38.25,122.5,19.9,24.25,72.8,15.8,26.7,251.5,413.0,153.0,124.0,18.3,50.5,52.3,36.5,10.95,22.25,15.45,26.95,48.65,86.2,63.9,14.55,140.5,11.75,11.2,52.1,79.3,22.15,62.7,20.6,306.0,229.5,220.0,67.4,348.0,56.8,59.5,12.75,138.0,110.5,281.0,21.15,35.8,136.5,50.0,32.85,20.5,31.3,70.8,238.5,10.35,35.6,337.5,222.5,3825.0,39.55,387.0,156.5,25.05,138.5,147.5,59.2,21.7,87.0,109.0,7.4,51.6,48.15
136.5,259.0,390.0,67.8,12.6,33.45,9.28,312.5,16.65,31.9,47.7,14.75,30.35,19.75,26.5,40.1,39.45,84.0,6.95,28.45,84.5,72.7,74.1,52.3,20.9,25.5,19.7,230.0,52.0,208.0,32.1,241.0,26.7,194.0,231.0,44.8,145.0,142.5,89.0,77.7,131.0,50.7,34.8,49.9,103.5,34.7,108.5,18.4,18.25,31.1,10.7,37.2,30.8,15.45,120.0,179.5,29.8,23.25,16.05,541.0,75.6,560.0,236.0,10.95,18.9,113.5,84.0,490.0,260.0,10.8,27.6,13.45,42.8,14.25,86.7,74.1,38.15,122.0,19.95,24.2,72.6,15.95,26.95,251.5,415.0,153.5,123.5,18.3,50.4,52.2,36.1,10.95,22.2,15.5,27.0,48.6,85.8,63.6,14.6,140.0,11.75,11.25,52.2,79.0,22.15,62.5,20.6,306.5,231.0,219.0,67.1,346.5,56.7,59.5,12.75,139.0,110.0,282.0,21.25,35.8,136.5,50.2,32.55,20.5,31.25,70.9,238.0,10.3,35.65,337.5,223.0,3800.0,39.4,384.5,156.5,25.0,138.0,147.5,59.1,21.65,87.1,109.0,7.39,52.5,48.2
