1536,2049,2059,6176,2603,2606,2610,1590,2615,2103,2105,2618,2106,1605,2633,1101,1102,3673,6239,3682,3702,3706,6269,6285,5264,2201,2204,3231,2723,1704,9904,2227,1717,9910,2231,1722,1723,9914,9917,1216,9921,1227,9933,9938,9941,9945,5871,2801,5880,2809,2812,2301,1789,2303,2308,8454,2311,2823,2313,1802,6409,2317,6414,6415,8464,2834,2324,1301,2325,1303,2327,2330,2845,2337,1314,1319,2344,2345,4904,2347,1326,2352,2353,2354,2867,2356,2357,4915,6452,2360,6456,2880,2881,2882,2371,2883,2884,2885,2886,2376,2377,4938,2887,2379,2888,2890,2382,2383,2891,2385,2892,3406,4943,2395,4958,2912,2915,2408,2409,6505,2412,3443,1909,1402,2439,2448,2449,5522,2451,2454,3481,1434,2474,2492,3008,2498,1476,1477,3019,3532,2002,3034,2015,1504,3044,3045,6116,2542
140.0,323.5,404.5,70.0,17.7,36.95,12.15,530.0,19.6,37.5,52.0,16.05,38.0,17.8,23.75,37.35,28.5,84.9,88.5,10.05,40.0,35.65,109.5,87.2,103.0,23.7,26.2,23.6,402.5,48.5,38.1,275.5,31.0,137.0,283.5,39.6,128.5,130.5,92.0,67.2,165.0,74.8,45.1,126.0,112.0,32.6,89.3,16.6,16.75,38.2,10.0,39.75,35.7,14.4,139.5,223.0,38.8,30.3,39.85,22.35,521.0,93.6,452.5,685.0,315.0,8.39,20.95,98.5,50.1,77.8,401.0,240.0,9.6,45.0,15.7,58.1,25.2,115.0,74.5,42.1,103.5,21.4,24.4,85.2,16.3,24.45,278.0,87.3,411.0,168.0,201.5,16.9,51.7,55.3,19.8,10.15,19.3,13.95,24.4,56.5,86.2,72.6,14.1,109.5,10.6,9.75,62.6,105.0,20.7,75.6,19.55,277.0,320.0,217.5,66.5,286.5,51.1,81.3,12.55,118.0,108.0,274.0,40.9,26.7,203.5,45.35,30.45,32.6,82.7,301.0,12.55,31.6,338.0,111.5,4160.0,75.0,299.0,126.0,98.9,102.5,24.9,115.5,57.6,28.5,94.5,108.5,10.2,43.15
139.5,324.5,405.0,70.0,17.65,36.9,12.15,530.0,19.6,37.55,52.0,16.05,38.0,17.75,23.75,37.4,28.5,84.9,88.6,10.0,40.0,35.65,109.5,87.1,103.5,23.65,26.2,23.65,403.5,48.5,38.1,275.5,31.0,135.5,283.5,39.6,128.5,130.5,92.0,67.4,165.0,74.8,45.1,125.0,112.0,32.65,90.0,16.6,16.75,38.25,10.0,39.8,35.7,14.45,139.0,223.0,38.8,30.3,39.8,22.45,521.0,93.8,451.5,684.0,319.0,8.39,20.95,98.4,50.1,77.6,402.0,239.5,9.61,44.75,15.75,58.0,25.25,115.5,74.2,42.2,103.5,21.45,24.45,85.2,16.3,24.5,278.0,87.9,411.5,169.0,201.5,16.9,51.6,55.2,19.85,10.2,19.3,13.9,24.45,56.5,86.8,72.7,14.1,109.5,10.6,9.74,62.6,105.5,20.65,75.6,19.55,276.5,324.0,217.5,66.5,285.5,51.0,81.3,12.6,118.5,107.5,274.0,40.95,26.75,204.0,45.45,30.5,32.55,82.8,301.5,12.65,31.6,337.0,113.5,4175.0,74.7,299.5,126.0,98.7,102.5,24.9,115.5,57.6,28.5,94.8,108.5,10.15,43.2
137.0,325.5,404.5,70.1,17.6,36.9,12.1,530.0,19.6,37.55,52.1,16.1,38.0,17.75,23.75,37.4,28.5,85.1,88.5,10.0,40.0,35.65,109.5,87.4,104.0,23.65,26.2,23.7,403.5,48.45,38.15,275.5,31.0,135.5,282.0,39.65,128.0,130.5,92.0,67.5,165.5,74.8,45.1,125.0,112.0,32.65,89.8,16.65,16.75,38.25,10.0,39.85,35.7,14.4,139.0,223.0,38.8,30.25,39.6,22.4,521.0,93.8,451.5,684.0,318.5,8.39,21.0,98.4,50.2,77.6,402.0,240.0,9.61,44.85,15.75,57.8,25.1,115.5,74.2,42.2,103.5,21.4,24.35,85.2,16.3,24.6,278.0,87.5,411.5,169.0,201.5,16.9,51.6,55.3,19.9,10.2,19.3,13.95,24.45,57.0,87.6,72.7,14.1,109.5,10.55,9.75,62.6,105.0,20.65,75.6,19.55,276.5,324.0,217.5,66.7,286.5,50.9,81.6,12.6,118.5,107.5,273.0,41.0,26.8,204.5,45.25,30.5,32.5,82.8,301.0,12.65,31.6,335.5,115.0,4175.0,74.9,299.5,126.0,98.9,101.5,24.9,116.0,57.6,28.55,94.7,108.5,10.25,43.2
135.0,326.5,404.5,70.0,17.6,36.85,12.1,531.0,19.65,37.55,52.1,16.1,38.0,17.75,23.75,37.35,28.5,85.0,88.6,10.05,40.0,35.7,109.5,87.8,104.0,23.7,26.2,23.65,405.0,48.45,38.2,275.0,31.0,135.5,282.0,39.65,128.0,131.0,92.0,67.4,165.5,74.8,45.1,124.5,112.0,32.65,90.4,16.65,16.75,38.15,10.0,39.85,35.7,14.5,139.5,223.0,38.7,30.25,39.6,22.4,521.0,93.8,452.5,684.0,318.5,8.39,21.0,98.4,50.2,77.7,406.5,240.0,9.61,45.3,15.6,57.8,25.05,116.5,74.2,42.2,103.0,21.4,24.4,85.3,16.3,24.5,277.5,87.9,411.5,169.0,201.0,16.9,51.6,55.2,19.9,10.15,19.35,13.9,24.45,57.6,86.6,72.6,14.1,110.0,10.55,9.74,62.6,105.0,20.65,75.6,19.55,277.0,325.0,217.5,66.7,287.0,50.9,81.6,12.6,118.5,108.0,272.0,41.0,26.75,202.5,45.1,30.45,32.5,82.8,301.0,12.65,31.6,337.0,115.0,4170.0,74.7,299.0,126.5,99.0,101.5,24.95,116.0,57.5,28.55,94.4,108.0,10.25,43.2
136.5,325.5,404.5,70.0,17.65,36.9,12.1,533.0,19.65,37.5,52.2,16.1,38.0,17.75,23.75,37.35,28.5,85.0,88.6,10.05,40.0,35.7,109.5,88.0,103.5,23.7,26.2,23.65,406.0,48.5,38.2,275.0,31.05,135.5,282.0,39.65,128.0,131.0,91.9,67.4,165.5,74.8,45.1,124.5,112.0,32.6,89.9,16.6,16.8,38.2,10.0,39.85,35.7,14.5,139.5,223.0,38.75,30.2,39.6,22.4,521.0,93.8,453.0,684.0,318.5,8.39,20.95,98.4,50.2,77.7,410.0,240.0,9.61,45.45,15.65,57.8,25.15,117.0,74.2,42.15,103.0,21.4,24.6,85.2,16.3,24.5,277.5,88.0,410.0,169.0,200.5,16.9,51.5,55.2,19.8,10.15,19.3,13.95,24.45,57.2,86.5,72.7,14.1,110.0,10.6,9.75,62.5,104.5,20.6,75.6,19.55,277.5,324.0,217.0,66.6,286.5,50.8,81.4,12.65,118.5,107.5,273.0,40.95,26.75,202.5,45.15,30.45,32.5,82.8,300.5,12.65,31.6,337.0,115.0,4165.0,74.7,298.5,126.0,99.2,101.5,24.95,116.0,57.6,28.55,94.3,108.0,10.25,43.15
137.0,326.0,404.5,69.9,17.65,36.95,12.1,533.0,19.65,37.45,52.1,16.05,38.0,17.75,23.75,37.3,28.55,85.0,88.6,10.05,40.0,35.6,109.5,88.0,104.0,23.7,26.2,23.7,407.0,48.5,38.15,275.0,31.1,135.5,282.0,39.65,128.0,131.0,91.9,67.4,165.5,74.8,45.1,124.5,112.0,32.65,89.8,16.6,16.8,38.3,10.0,39.85,35.7,14.5,139.5,223.0,38.75,30.25,39.6,22.35,521.0,93.8,455.5,684.0,317.5,8.39,21.0,98.4,50.2,77.7,408.0,240.0,9.61,45.2,15.6,57.8,25.15,116.5,74.2,42.2,103.0,21.4,24.5,85.2,16.3,24.5,277.5,88.3,410.0,168.5,199.5,16.9,51.5,55.0,19.85,10.1,19.35,13.9,24.5,56.9,86.4,72.6,14.1,110.0,10.6,9.73,62.4,104.5,20.6,75.6,19.55,278.0,322.0,217.0,66.6,286.0,50.8,81.4,12.65,118.5,107.5,274.0,40.95,26.75,203.5,45.25,30.3,32.5,82.8,301.0,12.65,31.5,335.0,115.5,4155.0,74.6,298.5,126.0,99.1,101.5,24.95,116.0,57.6,28.55,94.3,108.5,10.25,43.15
136.5,326.5,404.5,69.8,17.65,36.9,12.1,533.0,19.7,37.45,52.1,16.1,38.0,17.7,23.75,37.3,28.55,84.9,88.7,10.05,40.0,35.65,109.5,88.4,103.5,23.75,26.2,23.65,407.0,48.55,38.15,274.0,31.1,136.0,282.0,39.65,128.0,131.5,91.9,67.4,165.5,74.8,45.1,124.5,112.5,32.6,89.9,16.6,16.8,38.3,10.0,39.8,35.7,14.5,139.5,223.0,38.7,30.2,39.75,22.2,521.0,93.7,455.5,684.0,317.5,8.39,21.0,98.1,50.2,77.7,408.0,240.0,9.61,45.1,15.55,57.6,25.1,116.0,74.2,42.1,103.0,21.4,24.6,85.1,16.3,24.45,277.5,88.6,410.0,168.5,200.0,16.9,51.5,55.0,19.85,10.1,19.3,13.9,24.45,57.0,85.6,72.6,14.05,109.5,10.55,9.73,62.4,104.5,20.6,75.5,19.6,277.0,324.5,217.0,66.6,286.0,50.9,81.3,12.65,118.5,107.5,274.5,40.95,26.8,204.5,45.35,30.3,32.5,82.8,301.0,12.7,31.5,335.0,115.5,4160.0,74.7,298.0,126.0,99.1,101.5,24.9,115.5,57.6,28.55,94.4,108.5,10.25,43.15
137.5,325.0,404.5,69.9,17.6,36.85,12.1,533.0,19.7,37.4,52.0,16.05,38.1,17.7,23.7,37.25,28.6,84.6,88.7,10.05,40.0,35.7,110.0,88.1,104.0,23.7,26.2,23.65,406.5,48.55,38.15,273.0,31.05,136.5,282.0,39.65,128.0,131.5,91.9,67.2,165.5,74.8,45.1,125.0,112.0,32.6,89.7,16.6,16.75,38.25,10.0,39.7,35.75,14.5,139.5,223.0,38.7,30.15,39.9,22.2,521.0,93.7,456.0,684.0,317.0,8.39,21.0,98.2,50.2,77.7,407.0,239.5,9.61,45.1,15.5,58.0,25.1,116.5,74.2,42.1,103.0,21.4,24.6,85.1,16.3,24.45,277.5,88.9,408.0,168.0,199.5,16.9,51.4,54.9,19.85,10.15,19.3,13.95,24.4,57.2,85.9,72.5,14.05,109.5,10.55,9.74,62.3,104.0,20.55,75.2,19.55,276.5,324.0,217.0,66.4,285.5,50.9,81.3,12.65,119.0,107.5,276.0,40.95,26.75,204.5,45.35,30.3,32.5,82.7,300.5,12.7,31.5,335.5,116.0,4160.0,74.6,298.5,126.0,98.9,102.0,24.9,116.0,57.6,28.55,94.2,108.5,10.3,43.1
138.0,325.0,404.0,69.9,17.65,36.9,12.05,532.0,19.65,37.45,52.0,16.0,38.1,17.7,23.75,37.1,28.55,84.9,88.7,10.05,40.0,35.7,109.5,88.2,103.5,23.75,26.2,23.6,408.5,48.45,38.15,273.0,31.05,136.5,282.0,39.65,128.0,131.5,91.9,67.0,165.5,74.8,45.1,125.0,112.0,32.6,89.7,16.65,16.75,38.2,9.99,39.55,35.7,14.45,140.0,223.0,38.75,30.15,40.1,22.2,521.0,93.7,454.5,684.0,317.0,8.39,21.0,98.3,50.2,77.6,409.5,240.0,9.62,45.1,15.55,57.6,25.05,116.5,74.2,42.0,103.0,21.4,24.55,85.0,16.25,24.45,277.5,88.8,408.0,167.5,200.0,16.9,51.3,54.7,19.9,10.15,19.3,13.85,24.4,56.9,86.1,72.3,14.05,109.5,10.55,9.74,62.2,103.5,20.55,75.2,19.6,275.5,327.0,216.0,66.4,285.5,50.8,81.2,12.7,118.5,107.5,275.0,40.95,26.75,203.0,45.15,30.3,32.5,82.7,301.0,12.7,31.5,336.0,116.0,4150.0,74.7,298.5,126.0,98.7,102.0,24.95,116.0,57.6,28.5,94.0,108.5,10.35,43.1
138.5,325.0,404.0,70.0,17.65,36.9,12.05,531.0,19.6,37.45,52.0,16.0,38.05,17.7,23.75,37.05,28.55,84.9,88.7,10.05,40.0,35.7,109.5,88.0,103.5,23.7,26.2,23.65,408.0,48.45,38.05,273.0,31.05,136.5,282.0,39.7,128.0,131.5,91.9,67.1,165.5,74.8,45.1,124.5,112.0,32.55,89.4,16.6,16.8,38.2,10.0,39.6,35.7,14.4,140.0,223.0,38.75,30.15,39.95,22.2,521.0,93.6,453.0,684.0,316.5,8.38,21.0,98.4,50.2,77.7,415.0,240.0,9.62,45.1,15.6,57.6,25.0,116.0,74.2,41.95,103.5,21.45,24.55,85.1,16.25,24.45,277.5,88.4,407.5,168.0,200.0,16.9,51.3,54.8,19.9,10.15,19.3,13.9,24.4,56.7,86.4,72.3,14.1,109.5,10.55,9.73,62.3,103.5,20.55,75.2,19.6,275.5,327.5,215.5,66.4,285.5,50.8,81.1,12.7,119.0,108.0,275.5,41.0,26.75,203.5,45.0,30.3,32.5,82.7,301.0,12.7,31.5,335.5,117.0,4150.0,74.6,298.5,126.0,98.6,102.0,24.95,116.0,57.6,28.5,93.9,108.5,10.35,43.1
138.0,325.0,404.0,69.9,17.65,36.9,12.1,530.0,19.55,37.45,52.1,16.05,38.05,17.65,23.75,37.1,28.5,84.7,88.2,10.05,40.0,35.65,109.5,87.9,104.0,23.7,26.2,23.6,407.5,48.55,38.05,273.0,31.05,136.5,281.5,39.65,128.0,131.0,91.9,67.1,165.5,74.8,45.15,124.5,112.0,32.55,89.7,16.65,16.8,38.2,9.99,39.6,35.65,14.45,140.0,223.0,38.75,30.15,39.95,22.15,521.0,93.6,453.5,684.0,316.0,8.38,21.0,98.3,50.2,77.7,413.5,239.5,9.62,45.1,15.6,57.7,25.0,116.0,74.1,41.9,103.0,21.45,24.4,84.8,16.3,24.4,277.5,88.0,407.0,167.0,199.0,16.9,51.3,54.8,20.0,10.15,19.3,13.9,24.4,56.9,86.3,72.2,14.1,109.5,10.55,9.74,62.5,103.5,20.6,75.1,19.6,275.5,326.5,215.0,66.5,285.5,50.8,81.3,12.7,119.0,108.0,277.0,41.0,26.8,203.5,44.95,30.25,32.5,82.7,301.0,12.7,31.5,335.0,117.5,4140.0,74.6,298.5,126.0,98.6,102.0,24.9,116.0,57.6,28.5,93.7,108.5,10.3,43.05
138.0,325.5,404.0,69.9,17.65,36.9,12.05,530.0,19.55,37.45,52.1,16.0,38.05,17.65,23.75,37.05,28.5,84.7,88.2,10.05,40.0,35.65,110.0,87.8,104.0,23.7,26.2,23.65,407.5,48.5,38.05,273.0,31.0,136.5,282.0,39.65,128.0,131.0,91.9,67.1,165.5,74.8,45.1,124.5,112.0,32.6,89.8,16.65,16.8,38.2,9.99,39.65,35.7,14.45,140.0,223.0,38.75,30.15,40.05,22.25,522.0,93.6,453.5,684.0,316.0,8.38,21.0,98.3,50.2,77.6,416.5,239.5,9.62,45.2,15.55,57.7,24.95,116.0,74.2,41.95,103.5,21.45,24.45,84.8,16.3,24.4,277.5,86.9,407.0,166.5,198.5,16.9,51.4,54.9,20.1,10.15,19.3,13.9,24.45,57.4,86.0,72.2,14.1,109.5,10.55,9.74,62.7,103.5,20.6,75.1,19.6,275.5,326.5,215.0,66.5,285.5,50.8,81.2,12.65,119.0,107.5,275.5,41.0,26.8,204.0,45.15,30.25,32.5,82.6,301.5,12.7,31.55,335.0,117.0,4130.0,74.6,298.5,126.0,98.5,101.0,24.9,116.0,57.7,28.5,93.7,108.5,10.35,43.0
139.0,325.0,404.0,69.9,17.65,36.95,12.05,530.0,19.55,37.45,52.1,16.05,38.05,17.65,23.75,37.05,28.5,84.7,88.2,10.05,39.95,35.65,109.0,87.7,103.5,23.7,26.2,23.65,408.0,48.5,38.1,273.0,31.0,136.5,282.0,39.65,128.0,131.0,91.9,67.2,165.5,74.7,45.15,125.0,112.0,32.6,89.9,16.6,16.75,38.25,9.99,39.75,35.7,14.45,140.0,222.0,38.7,30.1,40.0,22.2,522.0,93.6,454.0,684.0,317.0,8.38,21.0,98.3,50.1,77.6,413.5,239.5,9.61,45.2,15.5,57.7,24.9,116.0,74.1,41.95,104.0,21.4,24.45,84.9,16.3,24.4,277.5,87.5,408.5,167.5,198.5,16.9,51.4,54.9,20.05,10.15,19.3,13.95,24.45,58.0,85.6,72.1,14.1,109.5,10.55,9.74,62.7,104.0,20.55,75.1,19.6,276.0,325.0,215.5,66.5,285.5,50.8,81.0,12.65,118.5,107.5,276.0,40.95,26.8,204.0,45.25,30.3,32.5,82.6,301.5,12.65,31.55,335.0,117.5,4130.0,74.5,298.0,126.0,98.4,101.0,24.9,116.0,57.6,28.5,93.7,108.0,10.3,43.0
139.0,325.0,404.0,69.9,17.6,36.95,12.1,530.0,19.55,37.5,52.1,16.05,38.05,17.65,23.75,37.1,28.55,84.5,88.1,10.05,39.95,35.6,108.5,87.8,103.0,23.75,26.2,23.6,407.5,48.55,38.1,273.0,31.05,136.5,282.0,39.65,128.0,131.0,91.8,67.1,165.5,74.7,45.2,125.0,112.0,32.65,89.8,16.6,16.8,38.3,9.99,39.8,35.7,14.4,139.5,222.0,38.65,30.15,40.0,22.2,522.0,93.5,454.5,684.0,317.0,8.38,21.0,98.3,50.2,77.5,415.5,239.0,9.61,45.15,15.5,57.7,24.95,116.0,74.0,41.95,103.5,21.4,24.4,84.9,16.3,24.45,277.5,88.0,409.0,167.0,198.5,16.95,51.3,54.8,20.0,10.15,19.3,13.85,24.45,57.3,85.7,71.9,14.05,109.5,10.55,9.73,62.5,104.0,20.6,75.1,19.55,276.0,325.0,215.5,66.5,285.5,50.9,81.1,12.65,119.0,108.0,276.0,41.0,26.8,203.5,45.1,30.3,32.5,82.5,301.0,12.65,31.5,334.5,117.0,4135.0,74.3,298.5,126.0,98.3,101.0,24.9,116.0,57.6,28.5,93.9,108.0,10.3,43.0
138.5,325.0,404.0,69.8,17.55,36.95,12.1,530.0,19.55,37.45,52.0,16.0,38.05,17.65,23.75,37.05,28.5,84.5,88.2,10.05,39.9,35.6,108.5,87.7,103.0,23.7,26.2,23.5,407.0,48.45,38.1,273.0,31.05,136.5,281.5,39.65,127.5,131.0,91.8,67.0,165.5,74.6,45.2,124.5,112.0,32.6,89.7,16.6,16.8,38.45,9.99,39.8,35.7,14.4,139.5,222.0,38.65,30.1,39.8,22.25,522.0,93.5,455.0,684.0,316.5,8.39,20.95,98.2,50.2,77.3,415.5,238.5,9.61,45.05,15.45,57.7,24.95,116.0,74.0,41.95,103.5,21.45,24.25,84.9,16.3,24.45,277.5,87.7,409.0,166.0,199.0,16.9,51.3,54.7,20.05,10.15,19.3,13.85,24.45,57.1,85.9,72.2,14.1,109.5,10.55,9.73,62.6,104.0,20.55,75.1,19.55,275.5,324.0,215.0,66.5,285.0,50.8,81.2,12.6,119.0,108.0,273.5,40.9,26.8,202.5,45.05,30.3,32.55,82.5,299.5,12.65,31.5,334.5,117.5,4130.0,74.4,298.5,126.5,98.1,100.5,24.95,116.0,57.5,28.55,94.0,108.0,10.3,43.0
138.0,325.0,404.0,69.8,17.55,36.75,12.1,530.0,19.55,37.45,52.0,16.05,38.1,17.6,23.75,37.05,28.5,84.5,88.2,10.0,39.9,35.6,108.5,87.6,103.5,23.65,26.15,23.55,407.0,48.4,38.1,273.0,31.05,136.5,281.5,39.6,127.5,131.0,91.8,67.0,165.5,74.5,45.2,124.5,112.0,32.55,89.6,16.6,16.75,38.5,9.99,39.65,35.7,14.35,139.5,222.0,38.55,30.1,39.9,22.3,522.0,93.3,455.0,684.0,316.5,8.39,21.0,98.4,50.1,77.4,414.0,238.5,9.61,44.9,15.45,57.7,24.9,116.0,74.0,41.95,104.0,21.45,24.3,84.6,16.3,24.45,277.5,87.5,408.0,165.5,198.5,16.9,51.3,54.7,20.0,10.15,19.25,13.9,24.4,57.0,85.7,71.9,14.1,109.0,10.55,9.73,62.5,104.0,20.55,75.0,19.6,274.0,323.0,215.0,66.4,285.0,50.8,81.1,12.6,119.0,107.5,273.0,40.85,26.8,202.5,44.85,30.35,32.55,82.5,298.5,12.6,31.5,334.0,117.0,4140.0,74.3,298.5,126.5,97.8,99.9,24.95,116.0,57.5,28.55,94.0,108.5,10.25,43.0
138.5,325.0,403.0,69.7,17.55,36.85,12.1,529.0,19.55,37.4,52.1,16.05,38.1,17.6,23.75,37.0,28.45,84.5,88.1,10.05,39.9,35.6,108.5,87.5,103.5,23.7,26.15,23.5,407.0,48.35,38.1,273.0,31.05,136.5,281.5,39.6,127.5,131.0,91.7,67.0,165.5,74.5,45.2,124.5,111.5,32.6,89.6,16.65,16.75,38.5,9.99,39.6,35.6,14.3,139.5,222.0,38.5,30.1,39.85,22.25,522.0,93.3,454.5,684.0,316.5,8.38,21.0,98.4,50.1,77.4,412.5,238.5,9.61,44.9,15.5,57.7,24.9,116.0,74.0,42.0,103.5,21.45,24.3,84.6,16.35,24.4,277.0,87.5,408.0,165.5,197.5,16.9,51.3,54.8,19.95,10.15,19.25,13.9,24.4,57.0,85.7,72.1,14.1,109.0,10.55,9.73,62.5,103.5,20.55,75.0,19.55,274.5,323.0,215.5,66.3,285.0,50.8,81.1,12.6,119.0,107.5,273.5,40.9,26.8,202.5,44.95,30.35,32.5,82.3,298.5,12.6,31.5,334.5,116.5,4145.0,74.3,299.5,126.5,97.8,99.2,24.95,115.5,57.5,28.5,93.9,108.5,10.25,42.9
138.5,325.0,403.0,69.7,17.55,36.85,12.1,529.0,19.5,37.4,52.1,16.0,38.05,17.65,23.75,36.95,28.45,84.4,88.1,10.05,39.9,35.45,108.5,87.7,103.0,23.7,26.15,23.5,407.0,48.2,38.1,273.5,31.05,136.5,281.5,39.6,127.5,131.0,91.7,66.9,165.5,74.5,45.2,124.5,111.0,32.55,89.6,16.6,16.75,38.45,9.99,39.65,35.6,14.25,139.5,222.0,38.55,30.05,39.8,22.2,522.0,93.2,454.5,684.0,316.5,8.38,21.0,98.3,50.1,77.4,413.0,238.5,9.6,44.9,15.5,57.7,24.85,116.0,74.1,42.0,104.0,21.45,24.4,84.8,16.3,24.45,276.0,87.8,408.0,165.5,197.0,16.9,51.2,54.5,19.9,10.1,19.3,13.9,24.45,56.8,85.5,72.1,14.1,109.0,10.5,9.72,62.9,103.5,20.55,74.9,19.6,275.0,323.5,215.5,66.3,285.0,50.8,80.9,12.6,118.5,107.5,274.0,40.9,26.7,203.0,44.9,30.3,32.5,82.3,299.0,12.65,31.45,334.5,116.5,4150.0,74.2,301.5,126.5,97.8,99.5,24.95,115.0,57.5,28.5,93.8,108.5,10.25,42.85
139.5,324.5,403.0,69.7,17.5,36.8,12.1,529.0,19.45,37.3,52.0,15.95,38.05,17.6,23.75,36.9,28.4,84.1,88.2,10.0,39.9,35.45,108.5,87.7,103.5,23.7,26.2,23.5,407.0,48.15,38.1,273.5,31.05,136.5,281.0,39.5,127.0,131.0,91.7,67.0,165.5,74.5,45.05,124.5,111.0,32.45,89.7,16.6,16.7,38.45,9.99,39.6,35.6,14.25,139.0,220.5,38.55,30.1,39.8,22.15,522.0,93.0,454.5,684.0,316.5,8.38,20.95,98.3,50.1,77.4,412.0,238.0,9.61,44.9,15.45,57.6,24.8,116.0,74.0,42.0,103.5,21.4,24.4,84.8,16.3,24.35,275.5,87.3,407.5,165.5,198.0,16.9,51.3,54.7,19.9,10.1,19.25,13.9,24.4,56.4,84.8,72.1,14.1,109.0,10.55,9.72,62.7,103.5,20.55,74.9,19.55,275.0,323.5,215.5,66.2,284.5,50.7,80.9,12.6,119.0,107.5,275.0,40.95,26.75,203.0,44.9,30.3,32.5,82.3,299.5,12.65,31.45,334.5,116.5,4165.0,74.2,304.0,126.5,97.8,99.6,24.95,115.0,57.5,28.5,93.8,108.0,10.25,42.8
139.5,324.5,403.0,69.7,17.45,36.8,12.1,529.0,19.45,37.25,52.1,15.95,38.0,17.65,23.75,36.85,28.45,84.2,88.2,10.05,39.85,35.45,109.0,87.7,103.0,23.7,26.15,23.5,407.0,48.0,38.05,273.5,31.05,136.5,281.0,39.6,127.0,131.0,91.7,66.9,165.5,74.3,45.05,124.5,111.0,32.45,89.6,16.65,16.75,38.45,9.99,39.6,35.6,14.3,139.5,219.5,38.6,30.05,39.75,22.1,522.0,93.1,454.0,684.0,316.0,8.38,20.95,98.3,50.2,77.4,414.0,238.0,9.61,44.85,15.45,57.7,24.85,116.5,74.1,42.0,104.0,21.35,24.35,84.7,16.3,24.35,275.5,87.2,407.5,166.0,198.5,16.9,51.3,54.6,19.9,10.15,19.2,13.9,24.4,56.2,85.5,72.0,14.05,109.5,10.55,9.72,62.7,103.5,20.55,74.8,19.55,275.5,322.5,215.0,66.4,284.5,50.7,80.9,12.6,118.5,107.5,274.5,40.95,26.75,202.5,44.85,30.3,32.5,82.3,299.5,12.6,31.45,334.0,116.5,4170.0,74.2,302.5,127.0,97.9,99.8,24.95,115.0,57.5,28.5,93.7,108.5,10.3,42.8
139.0,325.5,403.0,69.6,17.5,36.8,12.05,529.0,19.45,37.35,52.0,15.95,38.0,17.6,23.7,36.9,28.45,84.2,88.2,10.05,39.9,35.4,109.5,87.6,103.0,23.7,26.15,23.45,406.5,48.0,38.05,273.5,31.05,136.5,281.0,39.5,127.0,131.0,91.7,67.0,165.5,74.3,45.05,125.0,111.0,32.45,89.5,16.6,16.75,38.45,10.0,39.65,35.6,14.3,139.5,219.5,38.65,30.1,39.75,22.1,522.0,93.3,453.5,684.0,316.0,8.38,21.0,98.3,50.2,77.5,413.0,237.5,9.61,44.9,15.45,57.7,24.85,116.5,74.1,42.0,103.5,21.35,24.25,84.8,16.3,24.25,275.5,87.1,407.5,167.0,198.0,16.9,51.2,54.6,19.95,10.1,19.2,13.9,24.35,56.7,85.4,72.1,14.05,109.5,10.55,9.72,62.7,103.5,20.55,74.8,19.55,276.5,325.5,215.0,66.3,284.5,50.6,80.8,12.6,118.5,107.5,275.5,40.95,26.75,202.0,44.95,30.25,32.5,82.3,299.5,12.6,31.45,334.0,116.5,4170.0,74.3,303.5,127.5,98.2,100.0,24.95,115.5,57.4,28.45,93.8,108.5,10.25,42.8
139.5,325.0,403.0,69.6,17.55,36.8,12.05,529.0,19.35,37.3,52.0,15.95,38.0,17.65,23.75,36.95,28.45,84.2,88.2,10.05,39.9,35.45,109.5,87.4,103.5,23.7,26.15,23.45,408.0,48.0,38.1,273.5,31.05,136.5,281.5,39.5,127.0,131.0,91.7,66.9,165.5,74.5,45.05,125.0,111.0,32.4,89.5,16.65,16.75,38.35,10.0,39.65,35.6,14.3,139.5,219.5,38.75,30.05,39.75,22.05,522.0,93.5,453.0,684.0,316.0,8.38,20.95,98.3,50.2,77.8,414.0,237.0,9.6,44.95,15.45,57.7,24.85,116.0,74.1,42.05,104.0,21.35,24.3,84.7,16.35,24.3,275.0,86.9,408.0,167.0,198.5,16.9,51.3,54.8,19.95,10.15,19.2,13.9,24.4,56.7,85.4,72.0,14.1,109.5,10.55,9.72,62.7,103.5,20.55,74.8,19.6,278.0,326.5,214.5,66.3,285.0,50.6,81.0,12.6,118.5,107.5,275.5,40.95,26.75,202.5,45.0,30.25,32.5,82.3,299.0,12.6,31.45,334.0,116.5,4165.0,74.3,306.0,128.0,98.3,101.0,24.9,115.5,57.4,28.5,93.7,108.5,10.3,42.8
139.0,325.0,403.0,69.6,17.55,36.85,12.05,529.0,19.4,37.35,52.0,15.9,38.0,17.6,23.75,37.05,28.5,84.4,88.2,10.05,39.85,35.45,109.5,87.4,103.0,23.7,26.15,23.45,409.0,48.05,38.1,273.5,31.05,136.5,281.5,39.45,127.0,131.0,91.7,67.0,165.5,74.5,45.05,125.0,111.0,32.4,89.8,16.65,16.75,38.4,10.0,39.65,35.6,14.3,139.5,219.5,38.75,30.05,39.75,22.05,522.0,93.3,453.0,684.0,316.0,8.39,20.95,98.3,50.2,77.8,413.5,237.0,9.6,44.9,15.5,58.0,24.85,116.0,74.1,42.05,104.0,21.4,24.3,84.8,16.35,24.3,275.0,87.1,408.0,167.0,198.5,16.9,51.3,54.8,19.95,10.15,19.2,13.9,24.35,56.6,85.3,71.9,14.05,109.5,10.55,9.73,62.7,103.0,20.55,74.9,19.6,277.5,326.5,215.0,66.3,285.0,50.6,80.9,12.6,118.5,107.5,274.5,40.95,26.75,202.5,45.0,30.25,32.5,82.3,298.5,12.6,31.45,334.0,116.5,4165.0,74.4,304.0,131.0,98.4,101.0,24.95,115.5,57.4,28.5,93.7,108.5,10.3,42.85
139.5,325.0,403.0,69.7,17.6,36.85,12.0,527.0,19.4,37.35,52.1,15.9,38.0,17.6,23.75,37.15,28.5,84.3,88.2,10.05,39.9,35.45,109.0,87.5,103.0,23.7,26.15,23.45,409.0,48.0,38.1,273.5,31.05,136.5,281.5,39.45,127.0,131.0,91.7,67.0,165.5,74.5,45.1,124.0,111.0,32.35,89.8,16.6,16.75,38.3,9.99,39.65,35.6,14.35,139.0,219.5,38.9,30.05,39.7,22.0,522.0,93.2,454.5,684.0,316.5,8.39,21.0,98.4,50.2,77.8,413.0,237.0,9.61,44.9,15.5,58.1,24.85,115.5,74.2,42.1,103.5,21.4,24.3,84.7,16.35,24.3,275.0,86.9,407.5,167.0,198.0,16.9,51.3,54.8,19.95,10.15,19.25,13.85,24.4,56.6,85.1,72.0,14.1,109.5,10.55,9.73,62.6,103.5,20.55,74.9,19.6,277.0,326.0,215.0,66.4,285.0,50.6,80.9,12.6,118.5,108.0,274.0,40.95,26.8,202.5,45.0,30.25,32.45,82.3,299.0,12.6,31.45,333.5,116.0,4170.0,74.5,305.5,130.0,98.3,100.5,24.9,115.5,57.4,28.45,93.7,108.5,10.3,42.85
140.0,325.5,402.0,69.6,17.6,36.9,12.05,525.0,19.4,37.4,52.1,15.95,38.0,17.6,23.75,37.15,28.5,84.3,88.2,10.0,39.9,35.5,109.0,87.5,103.0,23.7,26.15,23.55,409.0,48.0,38.15,273.5,31.0,136.5,281.5,39.4,127.5,131.0,91.8,67.0,165.0,74.5,45.1,124.0,111.0,32.35,89.7,16.6,16.75,38.35,10.0,39.85,35.6,14.35,139.0,220.0,38.9,30.05,39.8,22.0,522.0,93.3,455.0,684.0,317.0,8.38,21.0,98.4,50.1,77.9,413.5,238.0,9.61,44.9,15.5,58.1,24.85,115.5,74.2,42.1,104.0,21.4,24.4,84.8,16.3,24.35,275.0,86.9,407.5,166.5,197.5,16.9,51.4,54.7,20.0,10.15,19.2,13.85,24.4,56.5,85.4,72.0,14.1,109.5,10.55,9.71,62.6,103.5,20.6,74.9,19.6,276.5,329.0,214.5,66.4,285.0,50.6,81.0,12.6,119.0,107.5,275.0,40.85,26.8,203.0,45.05,30.25,32.45,82.4,299.0,12.6,31.5,334.5,116.0,4175.0,74.4,307.0,129.0,98.4,100.5,24.95,115.5,57.4,28.45,93.7,108.5,10.25,42.85
140.5,326.5,402.0,69.6,17.65,36.9,12.05,525.0,19.4,37.45,52.0,15.9,38.0,17.6,23.7,37.2,28.5,84.4,88.2,10.05,39.9,35.45,109.5,87.6,103.5,23.7,26.15,23.5,409.0,48.1,38.1,273.5,31.05,136.5,281.5,39.35,127.0,131.0,91.8,66.9,165.0,74.5,45.2,124.0,111.0,32.4,89.7,16.6,16.75,38.3,10.0,39.8,35.6,14.35,139.0,220.0,38.85,30.05,39.85,22.0,522.0,93.2,459.5,684.0,316.5,8.38,20.95,98.5,50.2,77.9,416.5,238.0,9.61,45.0,15.55,58.1,24.85,116.0,74.3,42.1,104.0,21.4,24.35,84.7,16.3,24.35,275.0,86.9,407.0,167.0,198.0,16.9,51.4,54.9,19.95,10.15,19.25,13.85,24.35,57.0,85.6,72.1,14.1,109.5,10.55,9.72,62.6,103.5,20.55,74.8,19.55,277.0,326.5,214.5,66.4,285.0,50.6,80.9,12.6,119.0,107.5,275.0,40.85,26.75,203.5,45.2,30.25,32.45,82.4,299.0,12.65,31.5,334.5,116.0,4175.0,74.4,306.0,130.0,98.4,100.5,24.9,115.5,57.4,28.45,93.7,108.5,10.3,42.85
140.5,327.5,402.0,69.8,17.55,36.9,12.05,527.0,19.4,37.45,52.1,15.95,38.05,17.6,23.75,37.2,28.5,84.4,88.3,10.05,39.9,35.45,109.5,87.6,103.0,23.65,26.15,23.5,409.0,48.25,38.15,273.5,31.05,136.5,281.5,39.4,127.0,131.0,91.8,67.0,165.0,74.5,45.05,124.0,111.0,32.4,89.5,16.65,16.75,38.35,10.0,39.85,35.6,14.35,139.0,220.0,38.85,30.05,39.9,22.0,522.0,93.2,460.5,686.0,316.5,8.39,21.0,98.6,50.1,78.1,418.0,237.5,9.61,45.15,15.5,58.1,24.85,116.0,74.3,42.05,103.5,21.4,24.35,84.8,16.3,24.4,275.0,86.9,407.0,167.5,198.0,16.9,51.5,54.8,20.0,10.1,19.2,13.9,24.4,57.1,86.0,72.1,14.05,109.5,10.5,9.73,62.5,103.5,20.55,74.9,19.6,277.0,327.0,214.5,66.4,285.0,50.6,81.0,12.6,119.0,107.5,274.5,40.85,26.8,203.5,45.25,30.3,32.45,82.3,299.5,12.6,31.5,334.0,116.5,4165.0,74.5,306.0,129.5,98.5,101.0,24.9,115.5,57.4,28.45,93.7,108.5,10.3,42.9
140.5,327.5,402.0,69.6,17.55,36.9,12.0,527.0,19.4,37.45,52.0,15.9,38.1,17.65,23.75,37.15,28.5,84.5,88.3,10.05,39.9,35.45,109.0,87.7,103.5,23.65,26.2,23.5,408.5,48.15,38.05,273.5,31.05,136.5,281.5,39.4,127.0,131.0,91.8,67.1,165.5,74.5,45.05,124.5,111.0,32.45,89.5,16.65,16.8,38.3,10.0,39.85,35.6,14.4,139.0,220.0,38.8,30.05,39.9,21.95,522.0,93.3,459.5,686.0,316.5,8.39,21.0,98.6,50.1,78.0,417.0,237.5,9.61,45.2,15.55,58.1,24.8,116.5,74.3,42.1,103.5,21.4,24.35,84.7,16.35,24.4,275.0,86.9,407.0,168.0,198.0,16.9,51.5,54.9,19.95,10.1,19.2,13.85,24.4,57.1,86.1,72.0,14.1,109.5,10.55,9.73,62.6,103.0,20.55,74.9,19.6,277.0,326.5,214.5,66.4,285.0,50.6,81.0,12.65,118.5,108.0,275.0,40.85,26.8,203.5,45.2,30.25,32.45,82.3,299.5,12.6,31.5,334.0,116.5,4160.0,74.5,305.5,129.0,98.7,100.5,24.9,115.5,57.4,28.45,93.7,108.5,10.25,42.9
140.5,329.5,402.0,69.7,17.55,36.9,12.0,527.0,19.4,37.4,52.0,15.85,38.1,17.6,23.75,37.05,28.55,84.6,88.3,10.0,39.9,35.45,109.5,87.6,103.5,23.7,26.2,23.5,408.5,48.2,38.05,273.5,31.05,136.5,281.5,39.35,127.0,131.0,91.8,67.0,165.0,74.5,45.05,124.0,111.0,32.4,89.6,16.65,16.75,38.35,10.0,39.85,35.65,14.4,139.0,220.0,38.8,30.05,39.85,22.0,522.0,93.2,458.0,686.0,316.5,8.39,21.0,98.6,50.1,78.0,417.0,237.5,9.61,45.1,15.55,58.0,24.8,117.0,74.4,42.1,103.5,21.4,24.3,84.7,16.35,24.4,275.0,86.9,407.0,166.5,198.0,16.9,51.5,54.9,19.95,10.1,19.25,13.85,24.4,56.7,86.2,72.1,14.1,109.5,10.5,9.73,62.8,103.5,20.6,74.8,19.6,277.0,325.0,214.5,66.5,285.0,50.6,81.0,12.6,119.0,108.0,275.0,40.85,26.75,203.5,45.1,30.25,32.45,82.3,299.5,12.6,31.5,335.0,117.0,4160.0,74.5,304.5,129.5,98.6,101.0,24.9,115.5,57.4,28.45,93.7,108.0,10.3,42.85
140.0,328.5,402.0,69.7,17.6,36.95,12.05,527.0,19.45,37.45,52.0,15.9,38.0,17.6,23.75,37.1,28.7,84.6,88.3,10.05,39.95,35.5,109.5,87.4,103.0,23.7,26.2,23.5,408.0,48.2,38.1,273.5,31.05,136.5,281.5,39.35,127.5,130.5,91.8,67.1,165.0,74.5,45.0,124.0,111.0,32.4,89.5,16.65,16.8,38.35,10.0,39.7,35.65,14.35,139.5,218.5,38.7,30.05,39.85,22.0,522.0,93.2,461.0,686.0,316.0,8.39,21.0,98.6,50.2,78.1,416.5,237.5,9.61,45.05,15.55,58.0,24.8,117.5,74.4,42.15,104.0,21.45,24.3,84.7,16.35,24.35,275.5,86.9,407.0,167.0,198.0,16.9,51.6,54.8,19.95,10.15,19.2,13.85,24.4,56.6,86.3,72.1,14.05,109.5,10.5,9.73,62.8,103.5,20.6,74.8,19.55,277.0,324.5,214.0,66.5,285.0,50.6,81.2,12.55,118.5,107.5,275.5,40.85,26.7,203.0,45.1,30.25,32.45,82.3,299.5,12.6,31.5,334.5,116.5,4175.0,74.5,303.5,129.5,98.6,101.0,25.0,115.5,57.4,28.45,93.6,108.0,10.3,42.85
140.5,328.5,402.0,69.7,17.65,36.95,12.0,527.0,19.45,37.45,52.1,15.9,38.0,17.6,23.7,37.15,28.75,84.5,88.3,10.1,39.95,35.45,109.5,87.4,103.5,23.65,26.2,23.4,408.5,48.1,38.1,274.0,31.05,136.5,281.5,39.4,127.5,129.0,91.8,67.1,165.0,74.5,45.0,124.0,111.0,32.4,89.5,16.6,16.8,38.4,10.0,39.7,35.65,14.4,139.5,218.5,38.75,30.05,39.9,22.0,522.0,93.2,460.0,685.0,316.0,8.39,20.95,98.5,50.1,77.9,416.5,237.5,9.61,45.1,15.6,58.0,24.8,118.0,74.5,42.2,104.0,21.4,24.3,84.7,16.35,24.35,275.5,86.9,409.0,166.5,198.5,16.9,51.6,54.9,19.95,10.1,19.2,13.85,24.4,56.8,86.2,72.2,14.05,109.5,10.5,9.73,62.7,103.5,20.55,74.8,19.6,277.0,325.0,214.0,66.5,285.0,50.6,81.2,12.6,119.0,107.5,275.5,40.8,26.8,203.0,45.15,30.25,32.45,82.3,300.0,12.6,31.45,334.5,116.0,4175.0,74.6,304.0,129.5,98.7,100.5,24.95,115.5,57.4,28.45,93.7,108.0,10.25,42.85
140.5,328.0,402.0,69.7,17.65,37.0,12.05,528.0,19.45,37.45,52.1,15.85,38.05,17.6,23.7,37.15,28.75,84.6,88.3,10.1,39.95,35.45,109.0,87.4,103.5,23.65,26.2,23.4,408.5,48.1,38.05,274.0,31.05,136.5,281.0,39.4,127.5,130.0,91.8,67.0,165.0,74.5,45.0,124.0,111.5,32.4,89.5,16.65,16.8,38.4,10.0,39.65,35.6,14.4,139.0,218.0,38.8,30.1,39.9,21.95,522.0,93.2,459.5,685.0,316.0,8.39,21.0,98.5,50.1,78.0,417.5,237.5,9.61,45.05,15.6,58.0,24.75,118.0,74.5,42.3,104.0,21.45,24.3,84.8,16.35,24.35,275.5,86.9,409.0,166.5,198.5,16.9,51.6,54.8,19.95,10.15,19.25,13.85,24.4,56.8,86.1,72.3,14.1,109.5,10.55,9.73,62.5,103.5,20.55,74.8,19.6,278.0,325.5,214.0,66.5,284.5,50.7,81.4,12.6,118.5,108.0,277.5,40.85,26.75,203.5,45.2,30.25,32.4,82.4,300.0,12.6,31.45,334.0,116.5,4175.0,74.5,304.5,129.0,98.7,100.0,24.95,115.5,57.4,28.45,93.7,108.0,10.25,42.85
140.0,328.0,402.0,69.8,17.6,37.05,12.05,528.0,19.45,37.5,52.1,15.9,38.05,17.6,23.75,37.15,28.8,84.5,88.6,10.05,39.95,35.45,109.5,87.5,103.5,23.65,26.2,23.4,408.5,48.1,38.05,274.0,31.05,136.5,281.0,39.35,127.5,130.0,91.8,67.1,165.0,74.4,45.0,124.0,111.5,32.4,89.6,16.65,16.75,38.4,9.99,39.65,35.6,14.4,139.0,218.0,38.85,30.05,39.85,21.95,522.0,93.1,459.5,685.0,315.5,8.39,21.0,98.5,50.1,78.0,419.0,238.0,9.61,45.05,15.6,58.0,24.7,117.5,74.5,42.35,103.5,21.5,24.3,84.9,16.35,24.4,276.0,87.0,409.0,166.5,198.5,16.9,51.6,54.8,19.95,10.1,19.2,13.85,24.4,56.8,86.1,72.4,14.1,110.0,10.5,9.73,62.5,103.5,20.55,74.8,19.55,278.0,325.0,214.0,66.6,285.0,50.6,81.3,12.65,119.0,108.0,279.5,40.8,26.7,203.5,45.15,30.25,32.4,82.4,299.5,12.6,31.5,334.0,116.5,4175.0,74.5,305.0,129.0,98.7,100.0,25.0,115.5,57.4,28.45,93.7,108.0,10.3,42.9
140.0,327.5,401.0,69.7,17.6,37.05,12.05,528.0,19.4,37.45,52.1,15.9,38.05,17.65,23.75,37.2,28.85,84.5,88.6,10.05,39.95,35.45,109.5,87.5,103.5,23.65,26.2,23.45,408.5,48.1,38.05,274.0,31.05,136.5,281.0,39.4,127.5,130.0,92.0,67.1,165.5,74.5,45.0,125.0,111.5,32.35,89.7,16.65,16.75,38.35,10.0,39.65,35.6,14.4,139.0,217.0,38.9,30.1,39.85,21.95,522.0,93.1,459.5,685.0,315.5,8.39,21.0,98.6,50.2,78.0,419.0,238.0,9.61,45.05,15.55,58.0,24.8,117.5,74.5,42.4,104.0,21.6,24.3,84.8,16.3,24.4,276.0,86.9,410.0,166.5,198.5,16.9,51.5,54.9,20.0,10.1,19.2,13.85,24.35,56.8,86.0,72.1,14.1,110.0,10.5,9.72,62.5,104.0,20.55,75.0,19.6,278.5,324.5,214.0,66.5,285.0,50.6,81.3,12.6,118.5,107.5,278.5,40.85,26.75,203.5,45.2,30.25,32.4,82.4,300.0,12.6,31.5,334.5,116.0,4175.0,74.4,303.5,129.0,98.9,100.0,25.0,115.5,57.4,28.45,93.7,108.0,10.3,42.85
139.5,327.0,402.5,69.7,17.6,37.05,12.05,529.0,19.4,37.45,52.1,15.95,38.0,17.75,23.75,37.15,28.85,84.5,88.4,10.1,39.95,35.45,109.0,87.7,103.5,23.65,26.2,23.45,409.0,48.1,38.1,274.0,31.05,136.5,281.0,39.45,127.5,130.5,92.0,67.0,165.5,74.4,45.0,124.0,111.5,32.35,89.7,16.65,16.75,38.4,10.0,39.7,35.65,14.4,139.5,217.0,38.9,30.05,39.8,22.05,522.0,93.1,461.0,685.0,315.5,8.39,21.0,98.6,50.3,78.0,418.0,238.0,9.61,45.05,15.55,58.1,24.8,117.5,74.5,42.45,104.0,21.6,24.35,84.9,16.3,24.4,276.0,86.9,410.0,166.0,199.0,16.9,51.5,54.9,20.0,10.1,19.2,13.85,24.4,56.9,86.1,72.1,14.1,110.0,10.5,9.72,62.5,104.5,20.6,74.8,19.55,278.5,324.5,213.5,66.7,285.5,50.6,81.3,12.6,118.5,107.5,281.0,40.85,26.7,203.5,45.3,30.25,32.35,82.4,299.5,12.65,31.5,334.5,116.5,4180.0,74.4,303.5,129.5,98.9,100.5,24.95,115.5,57.4,28.45,93.8,108.0,10.25,42.85
140.0,327.0,402.5,69.7,17.55,37.1,12.0,529.0,19.4,37.5,52.0,15.95,38.0,17.75,23.7,37.2,28.85,84.5,88.4,10.1,39.95,35.45,109.0,87.6,103.0,23.65,26.2,23.45,411.5,48.1,38.05,274.0,31.05,136.5,281.0,39.5,127.5,130.5,92.0,67.0,165.5,74.4,45.0,125.0,111.5,32.4,89.6,16.65,16.75,38.45,10.0,39.65,35.65,14.35,139.5,217.0,38.95,30.05,39.8,22.0,522.0,93.1,461.0,686.0,315.5,8.39,21.0,98.5,50.1,78.0,417.5,238.0,9.61,45.0,15.5,58.1,24.8,117.5,74.4,42.45,103.5,21.5,24.35,84.7,16.35,24.35,276.0,86.6,410.0,165.5,199.0,16.9,51.4,54.9,20.0,10.1,19.25,13.85,24.35,56.9,86.0,72.1,14.05,110.0,10.55,9.73,62.5,104.5,20.55,74.8,19.55,278.5,325.0,213.5,66.6,285.5,50.6,81.3,12.6,118.5,108.0,279.5,40.8,26.75,203.0,45.3,30.2,32.4,82.4,299.5,12.65,31.5,334.5,116.5,4180.0,74.4,304.0,129.5,99.0,100.0,24.95,115.0,57.4,28.45,93.7,108.0,10.25,42.9
139.5,327.0,401.0,70.2,17.6,37.1,12.0,529.0,19.4,37.5,51.9,15.95,38.0,17.7,23.7,37.25,28.85,84.5,88.4,10.1,39.95,35.45,109.5,87.6,103.0,23.65,26.2,23.45,412.0,48.1,38.05,274.0,31.05,136.5,281.0,39.4,127.5,130.5,92.0,67.0,165.5,74.4,45.0,124.0,111.5,32.4,89.7,16.6,16.75,38.45,10.0,39.65,35.7,14.35,139.5,217.0,38.9,30.1,39.85,22.0,522.0,93.1,460.0,687.0,315.5,8.39,21.0,98.5,50.1,78.0,417.5,238.0,9.6,45.05,15.55,58.1,24.85,117.5,74.4,42.5,104.0,21.5,24.4,84.7,16.35,24.4,276.0,86.7,410.0,166.0,199.0,16.9,51.5,54.9,20.0,10.1,19.25,13.85,24.4,57.1,85.9,72.1,14.1,110.0,10.55,9.72,62.6,105.0,20.55,74.9,19.55,278.5,324.5,213.5,66.7,285.5,50.7,81.1,12.6,119.0,107.5,279.5,40.8,26.8,203.0,45.3,30.2,32.35,82.4,299.5,12.65,31.5,334.5,115.5,4165.0,74.4,303.5,129.5,99.0,100.5,24.95,115.0,57.3,28.5,93.8,108.0,10.3,42.9
140.0,326.5,401.0,70.2,17.55,37.15,12.05,529.0,19.4,37.5,51.9,15.9,38.05,17.75,23.7,37.15,28.8,84.4,88.4,10.1,39.95,35.45,109.5,87.7,103.0,23.65,26.2,23.45,413.0,48.1,38.05,274.0,31.05,136.5,281.0,39.45,127.0,130.5,92.0,67.0,165.5,74.4,45.05,125.0,111.5,32.4,89.6,16.65,16.75,38.4,10.0,39.65,35.7,14.35,139.0,217.0,38.9,30.1,39.85,22.0,522.0,93.1,461.0,685.0,315.5,8.4,21.0,98.4,50.1,77.9,416.5,237.5,9.6,45.0,15.55,58.0,24.8,117.5,74.5,42.45,103.5,21.5,24.35,84.8,16.35,24.4,275.5,86.7,410.0,165.5,199.0,16.9,51.5,54.9,20.0,10.1,19.2,13.85,24.4,57.1,85.9,72.1,14.1,110.0,10.55,9.71,62.5,105.0,20.55,74.8,19.55,278.0,324.5,214.0,66.7,285.5,50.6,80.9,12.6,118.5,107.5,279.5,40.75,26.75,203.0,45.3,30.2,32.35,82.4,299.5,12.6,31.5,334.5,115.5,4160.0,74.4,304.0,130.0,98.8,101.0,24.95,115.0,57.3,28.5,93.8,108.0,10.25,42.85
140.0,326.0,401.0,70.2,17.65,37.15,12.05,529.0,19.45,37.55,51.9,15.9,38.05,17.75,23.7,37.15,28.8,84.4,88.4,10.05,39.95,35.45,109.5,87.8,103.5,23.65,26.2,23.5,413.0,48.15,38.05,274.0,31.0,136.5,281.0,39.4,127.0,130.5,92.0,67.0,165.5,74.4,45.0,125.0,111.5,32.4,89.6,16.6,16.75,38.4,10.0,39.65,35.7,14.35,139.0,217.0,38.9,30.1,39.85,22.0,522.0,93.1,460.0,685.0,315.5,8.4,20.95,98.4,50.1,77.9,418.0,238.0,9.61,45.0,15.5,58.0,24.8,119.5,74.5,42.4,103.5,21.55,24.35,84.7,16.35,24.35,275.5,86.7,410.0,166.0,199.0,16.9,51.4,54.7,19.95,10.1,19.2,13.85,24.4,57.0,85.9,72.1,14.1,109.5,10.55,9.71,62.7,105.0,20.55,74.8,19.55,277.5,324.5,214.0,66.6,285.5,50.6,81.0,12.6,118.5,107.5,279.5,40.75,26.7,203.0,45.2,30.2,32.35,82.4,299.5,12.6,31.5,334.5,116.0,4160.0,74.3,304.0,130.0,98.8,100.5,24.95,115.0,57.2,28.5,93.8,108.5,10.3,42.85
139.5,327.0,401.0,70.2,17.7,37.1,12.05,529.0,19.45,37.55,51.8,15.95,38.0,17.7,23.65,37.2,28.8,84.4,88.5,10.05,40.0,35.45,110.0,88.0,103.5,23.65,26.2,23.45,413.0,48.15,38.05,274.0,31.0,136.5,280.0,39.35,127.5,130.5,92.0,67.0,165.5,74.4,45.05,125.0,111.5,32.4,89.6,16.65,16.75,38.45,10.05,39.65,35.7,14.3,139.5,217.5,38.9,30.15,39.85,22.0,522.0,93.2,461.0,685.0,315.5,8.4,20.95,98.4,50.2,77.9,418.0,237.5,9.61,45.0,15.55,58.0,24.75,119.0,74.4,42.4,103.5,21.55,24.35,84.7,16.3,24.35,275.5,86.7,410.0,166.0,198.5,16.9,51.4,54.8,20.0,10.15,19.2,13.85,24.4,57.0,86.1,72.0,14.1,110.0,10.55,9.72,62.6,105.0,20.55,74.8,19.6,278.0,323.0,213.5,66.7,285.5,50.6,81.1,12.6,118.5,108.0,280.5,40.65,26.7,203.0,45.25,30.25,32.35,82.4,299.0,12.65,31.5,334.5,116.0,4160.0,74.3,303.5,129.5,98.6,100.5,24.95,115.5,57.1,28.5,93.8,108.0,10.25,42.85
139.5,327.5,401.0,70.2,17.65,37.1,12.05,529.0,19.45,37.55,51.8,15.9,38.0,17.75,23.65,37.2,28.75,84.4,88.5,10.05,40.0,35.45,109.5,88.0,103.0,23.6,26.25,23.45,413.0,48.15,38.05,274.0,31.0,136.5,280.0,39.4,127.5,130.5,92.0,67.1,165.5,74.4,45.05,124.5,111.5,32.4,89.6,16.65,16.75,38.45,10.05,39.65,35.7,14.3,139.0,217.5,39.0,30.15,39.85,21.95,522.0,93.1,461.0,685.0,315.5,8.4,21.0,98.4,50.1,77.9,417.5,237.5,9.61,45.0,15.55,58.0,24.75,119.0,74.5,42.35,103.5,21.55,24.35,84.7,16.3,24.3,276.0,86.9,410.0,166.0,198.0,16.9,51.5,54.8,20.0,10.1,19.25,13.85,24.4,56.9,86.4,72.0,14.05,110.0,10.55,9.72,62.6,105.0,20.55,74.8,19.55,278.5,323.0,213.5,66.6,286.0,50.7,80.9,12.6,118.5,108.0,282.0,40.65,26.75,203.0,45.25,30.2,32.35,82.5,299.0,12.6,31.5,334.5,116.0,4170.0,74.3,302.0,129.5,98.6,100.5,24.9,115.5,57.1,28.5,93.9,108.5,10.3,42.85
139.5,327.0,401.0,70.2,17.65,37.1,12.05,529.0,19.45,37.55,51.9,15.9,38.0,17.7,23.7,37.2,28.8,84.4,88.6,10.05,40.0,35.5,110.0,88.1,103.0,23.6,26.25,23.45,412.0,48.15,38.05,274.0,31.0,136.5,280.0,39.45,127.5,130.5,92.0,67.1,165.5,74.4,45.1,125.0,111.5,32.4,89.5,16.6,16.75,38.45,10.05,39.65,35.7,14.3,139.0,217.5,38.95,30.15,39.9,21.95,522.0,93.1,461.0,685.0,315.5,8.4,21.0,98.4,50.1,77.9,417.0,238.0,9.61,45.05,15.5,57.9,24.7,119.0,74.5,42.35,103.5,21.55,24.4,84.8,16.35,24.3,276.0,87.0,410.0,166.0,198.0,16.9,51.5,54.9,20.0,10.1,19.2,13.85,24.4,56.9,86.4,72.0,14.05,110.0,10.55,9.72,62.5,105.0,20.55,74.8,19.6,278.5,323.5,213.5,66.7,286.0,50.6,80.9,12.65,118.0,108.0,281.5,40.75,26.75,203.0,45.3,30.2,32.35,82.5,299.5,12.65,31.5,334.5,116.0,4170.0,74.3,303.0,129.5,98.8,101.0,24.9,115.0,57.2,28.5,93.9,108.0,10.3,42.8
139.5,327.0,401.0,70.2,17.75,37.1,12.05,529.0,19.5,37.6,51.8,15.9,38.0,17.75,23.7,37.3,28.75,84.4,88.6,10.05,40.0,35.45,109.5,88.0,103.0,23.6,26.25,23.45,412.0,48.2,38.1,274.0,31.05,136.5,280.0,39.5,127.5,130.5,92.0,67.1,165.5,74.4,45.1,124.5,111.5,32.4,89.6,16.65,16.75,38.4,10.0,39.65,35.7,14.3,139.0,218.5,38.95,30.15,39.95,22.0,522.0,93.2,460.5,685.0,315.5,8.4,21.0,98.4,50.1,77.9,417.5,238.0,9.61,45.05,15.55,58.0,24.7,119.5,74.5,42.35,103.5,21.55,24.35,84.8,16.35,24.3,276.0,87.0,410.0,166.5,198.0,16.9,51.5,54.8,20.0,10.1,19.25,13.85,24.4,57.1,86.4,72.0,14.05,110.0,10.55,9.73,62.5,105.0,20.55,74.8,19.6,279.0,324.0,214.0,66.7,286.0,50.6,80.9,12.6,118.5,108.0,281.5,40.7,26.8,203.0,45.45,30.15,32.35,82.5,299.5,12.65,31.5,335.0,116.5,4160.0,74.3,303.5,129.5,98.8,101.0,24.9,115.0,57.2,28.5,93.9,108.0,10.3,42.8
139.5,327.0,401.0,70.2,17.7,37.1,12.05,529.0,19.5,37.55,51.8,15.95,38.05,17.7,23.7,37.2,28.8,84.4,88.6,10.05,40.0,35.45,109.5,88.0,103.0,23.6,26.25,23.45,411.0,48.1,38.05,274.0,31.05,136.5,280.5,39.5,127.5,130.5,92.0,67.1,165.5,74.4,45.05,125.0,111.5,32.4,89.4,16.65,16.7,38.45,10.05,39.65,35.7,14.3,139.0,219.0,39.1,30.15,40.0,22.05,522.0,93.0,461.5,685.0,315.5,8.4,20.95,98.4,50.1,77.8,418.5,238.0,9.6,45.05,15.55,57.9,24.75,119.5,74.6,42.35,103.5,21.55,24.4,84.9,16.3,24.3,276.0,86.8,410.0,166.5,198.0,16.9,51.5,54.9,19.95,10.1,19.2,13.85,24.4,57.1,86.3,72.0,14.05,110.0,10.55,9.73,62.6,105.0,20.6,74.8,19.55,280.5,325.0,214.5,66.8,286.0,50.6,80.9,12.65,118.5,108.0,280.5,40.75,26.8,203.0,45.55,30.15,32.35,82.5,299.5,12.7,31.55,334.5,116.5,4160.0,74.2,303.0,129.5,98.9,101.0,24.9,115.0,57.2,28.5,93.9,108.5,10.25,42.8
139.5,327.0,401.0,70.2,17.7,37.1,12.05,529.0,19.5,37.55,51.7,15.9,38.0,17.7,23.7,37.2,28.8,84.5,88.6,10.05,40.0,35.5,109.5,88.2,103.0,23.6,26.25,23.45,411.0,48.2,38.0,273.0,31.05,136.5,281.0,39.45,127.5,130.5,92.0,67.0,165.5,74.4,45.05,125.0,111.5,32.4,89.6,16.6,16.75,38.45,10.0,39.6,35.7,14.35,139.0,219.0,39.1,30.15,40.2,22.2,522.0,93.0,462.0,687.0,315.5,8.4,20.95,98.4,50.1,77.9,419.0,238.0,9.6,45.05,15.55,57.9,24.75,119.5,74.6,42.3,104.0,21.55,24.35,84.9,16.3,24.3,276.0,86.9,410.0,166.5,198.0,16.9,51.4,55.0,20.0,10.1,19.2,13.85,24.4,57.1,86.2,71.8,14.1,110.0,10.55,9.73,62.6,105.0,20.65,74.8,19.55,279.5,326.0,214.5,66.7,286.0,50.6,80.9,12.6,118.5,108.0,280.0,40.8,26.75,203.0,45.6,30.2,32.35,82.5,299.0,12.7,31.5,334.5,116.0,4160.0,74.3,304.0,130.0,99.3,101.0,24.9,115.0,57.2,28.45,94.0,108.5,10.3,42.85
139.5,327.0,401.0,70.2,17.7,37.1,12.05,529.0,19.5,37.6,51.7,15.95,38.05,17.7,23.7,37.25,28.8,84.6,88.6,10.05,39.95,35.5,109.5,88.3,103.5,23.6,26.2,23.45,410.5,48.2,38.0,273.0,31.05,136.5,281.5,39.4,127.5,130.5,92.0,67.1,165.5,74.4,45.05,125.0,111.5,32.4,89.5,16.6,16.75,38.45,10.0,39.6,35.7,14.3,139.0,219.0,39.1,30.15,40.15,22.2,522.0,93.0,462.0,685.0,315.5,8.39,20.95,98.5,50.2,78.0,419.5,238.0,9.61,45.05,15.55,57.9,24.75,121.0,74.6,42.3,103.5,21.55,24.4,84.9,16.3,24.3,276.5,87.0,410.0,167.0,198.5,16.9,51.5,54.9,20.05,10.1,19.25,13.85,24.4,57.3,86.2,71.8,14.05,110.0,10.55,9.72,62.6,104.5,20.65,74.8,19.55,279.5,324.5,214.5,66.6,286.0,50.7,80.9,12.6,118.0,108.0,280.0,40.85,26.75,203.0,45.55,30.2,32.35,82.5,299.5,12.65,31.5,334.5,116.5,4160.0,74.5,302.5,130.0,100.5,101.0,24.95,115.5,57.1,28.45,94.0,108.5,10.25,42.8
139.5,327.5,401.0,70.2,17.75,37.1,12.05,529.0,19.45,37.6,51.7,15.95,38.05,17.65,23.7,37.2,28.85,84.6,88.7,10.05,40.0,35.5,109.5,88.2,103.5,23.6,26.2,23.45,410.5,48.25,38.0,273.0,31.05,136.5,282.0,39.45,127.5,130.5,92.0,67.0,166.0,74.4,45.0,125.0,111.5,32.4,89.5,16.6,16.75,38.4,10.0,39.65,35.7,14.3,139.0,219.0,39.15,30.15,40.0,22.25,522.0,93.0,462.0,685.0,315.5,8.4,21.0,98.5,50.1,78.0,418.0,238.0,9.61,45.05,15.6,58.0,24.75,121.5,74.6,42.35,104.0,21.55,24.4,84.8,16.3,24.3,276.5,87.1,410.0,167.0,198.5,16.9,51.5,54.9,20.1,10.1,19.25,13.9,24.4,57.2,86.2,71.8,14.1,110.0,10.55,9.72,62.7,104.5,20.6,74.7,19.6,279.0,323.5,214.0,66.7,286.0,50.6,80.9,12.65,118.0,107.5,280.0,40.9,26.7,203.0,45.5,30.2,32.35,82.5,299.5,12.65,31.55,334.5,117.0,4160.0,74.5,303.5,130.0,100.0,101.0,24.95,115.5,57.1,28.5,94.0,108.0,10.3,42.8
139.5,327.5,401.0,70.1,17.8,37.1,12.05,527.0,19.5,37.55,51.8,15.9,38.05,17.65,23.7,37.25,28.85,84.6,88.5,10.05,40.0,35.5,109.5,88.1,103.5,23.6,26.2,23.45,411.0,48.25,38.0,273.0,31.05,136.5,282.0,39.45,127.5,130.5,92.0,67.0,165.5,74.5,45.0,125.0,111.5,32.4,89.3,16.6,16.75,38.45,10.05,39.65,35.7,14.35,139.0,219.0,39.1,30.15,40.1,22.25,522.0,93.1,462.5,685.0,315.5,8.4,20.95,98.4,50.2,78.0,418.5,238.0,9.61,45.05,15.55,58.0,24.7,122.0,74.6,42.4,104.0,21.55,24.35,84.9,16.3,24.3,276.5,87.1,410.0,167.0,199.0,16.9,51.5,54.9,20.05,10.1,19.25,13.85,24.4,57.2,86.4,71.9,14.05,109.5,10.55,9.73,62.6,104.5,20.6,74.8,19.55,279.0,323.5,214.0,66.7,286.0,50.6,80.9,12.6,118.0,107.5,280.0,40.9,26.7,203.0,45.55,30.2,32.35,82.5,300.0,12.65,31.55,334.5,117.0,4155.0,74.5,302.5,129.5,100.5,100.5,24.95,115.0,57.1,28.5,94.0,108.5,10.25,42.8
139.5,327.0,401.0,70.1,17.8,37.1,12.05,527.0,19.5,37.55,51.8,15.95,38.05,17.65,23.65,37.25,28.9,84.5,88.5,10.05,40.0,35.5,109.5,88.2,103.5,23.6,26.25,23.45,411.5,48.25,38.0,273.0,31.05,136.5,281.5,39.4,127.5,130.5,92.0,67.0,165.5,74.5,45.0,125.0,111.5,32.4,89.4,16.65,16.75,38.45,10.0,39.65,35.7,14.35,139.0,219.0,39.15,30.15,40.0,22.25,522.0,92.9,462.0,684.0,315.5,8.4,20.95,98.4,50.1,78.1,417.0,238.0,9.61,45.0,15.55,58.0,24.75,122.0,74.6,42.35,103.5,21.55,24.35,84.9,16.3,24.3,276.5,87.2,410.0,167.0,199.0,16.9,51.5,55.0,20.1,10.15,19.25,13.85,24.4,57.3,86.3,71.8,14.05,109.5,10.55,9.73,62.6,104.5,20.6,74.8,19.55,279.0,323.5,215.0,66.7,286.0,50.7,80.9,12.6,118.0,108.0,280.5,40.85,26.7,203.0,45.55,30.2,32.35,82.5,300.0,12.65,31.5,334.5,117.0,4150.0,74.5,302.0,129.5,101.0,100.5,24.95,115.0,57.0,28.5,94.0,108.5,10.25,42.8
139.5,327.0,401.0,70.0,17.75,37.15,12.05,527.0,19.5,37.55,51.8,15.95,38.0,17.65,23.6,37.25,28.85,84.5,88.5,10.1,40.0,35.5,109.0,88.2,103.5,23.6,26.25,23.45,414.0,48.25,38.0,273.0,31.05,136.5,281.5,39.4,127.5,130.5,92.0,67.1,165.0,74.5,45.0,125.0,111.5,32.4,89.5,16.6,16.75,38.45,10.0,39.65,35.7,14.3,139.0,219.0,39.1,30.1,40.1,22.3,522.0,92.8,462.0,684.0,315.5,8.4,20.95,98.3,50.2,78.1,417.5,238.0,9.61,45.0,15.55,58.0,24.8,121.5,74.6,42.35,103.5,21.55,24.3,84.7,16.3,24.3,276.5,87.5,410.0,166.5,199.0,16.9,51.4,54.9,20.1,10.1,19.25,13.85,24.4,57.6,86.2,71.8,14.1,110.0,10.55,9.73,62.6,104.5,20.65,74.7,19.55,279.5,322.5,214.0,66.6,286.0,50.7,80.8,12.65,118.0,107.5,280.0,40.85,26.75,203.0,45.65,30.2,32.35,82.5,300.0,12.65,31.55,334.5,118.0,4150.0,74.5,302.0,129.5,100.5,100.5,24.95,115.0,57.0,28.5,94.1,108.5,10.3,42.75
139.5,327.0,401.0,70.0,17.75,37.15,12.05,527.0,19.5,37.5,51.7,15.9,38.0,17.6,23.65,37.3,28.85,84.6,88.5,10.1,40.0,35.5,108.5,88.3,103.5,23.6,26.25,23.45,414.5,48.3,38.05,272.5,31.05,136.0,281.5,39.35,127.5,130.5,92.0,67.0,165.0,74.5,45.0,125.5,111.0,32.4,89.4,16.65,16.75,38.45,10.05,39.7,35.7,14.35,139.0,219.0,39.1,30.1,40.0,22.1,522.0,92.7,462.0,684.0,315.5,8.4,21.0,98.4,50.1,78.1,417.0,237.5,9.6,45.0,15.55,58.0,24.75,121.0,74.6,42.3,103.5,21.55,24.35,84.7,16.35,24.25,276.5,87.8,410.0,167.0,198.5,16.9,51.4,55.0,20.05,10.1,19.25,13.85,24.4,57.7,86.3,71.9,14.05,110.0,10.55,9.73,62.7,104.0,20.7,74.7,19.55,279.5,320.0,214.5,66.6,285.0,50.6,80.9,12.6,118.0,107.5,279.5,40.85,26.7,203.0,45.6,30.2,32.35,82.5,299.5,12.65,31.5,334.5,117.5,4150.0,74.6,302.0,129.5,100.0,100.5,24.95,115.0,57.0,28.5,94.1,108.0,10.25,42.75
139.5,327.5,401.0,70.0,17.7,37.2,12.05,527.0,19.5,37.5,51.7,15.9,38.0,17.6,23.65,37.3,28.85,84.6,88.5,10.1,40.0,35.5,108.5,88.7,103.5,23.6,26.25,23.45,414.5,48.3,38.05,272.5,31.05,136.5,281.5,39.35,127.5,130.5,92.0,67.1,165.0,74.5,45.0,125.0,111.0,32.35,89.2,16.6,16.75,38.45,10.05,39.8,35.7,14.3,139.0,219.0,39.1,30.15,39.95,22.15,522.0,92.8,461.0,684.0,315.5,8.4,20.95,98.4,50.2,78.1,416.5,238.0,9.6,45.0,15.5,58.0,24.75,120.5,74.6,42.35,103.5,21.5,24.35,84.8,16.35,24.25,276.5,87.8,410.0,167.0,198.5,16.9,51.5,55.0,19.95,10.1,19.2,13.85,24.45,57.4,86.4,71.9,14.05,109.5,10.55,9.73,62.7,105.0,20.65,74.7,19.55,278.5,321.5,215.0,66.6,285.0,50.6,81.0,12.6,118.0,107.5,280.0,40.75,26.65,202.5,45.55,30.2,32.35,82.5,300.0,12.7,31.5,334.5,118.0,4145.0,74.5,302.0,129.5,100.0,100.5,24.95,115.0,56.9,28.5,94.2,108.0,10.25,42.75
139.5,327.5,401.0,70.1,17.75,37.2,12.05,527.0,19.5,37.55,51.8,15.9,38.0,17.65,23.65,37.35,28.85,84.6,88.5,10.1,40.05,35.5,109.0,88.7,103.5,23.6,26.2,23.5,413.0,48.3,38.0,272.5,31.05,136.5,281.0,39.35,127.5,130.5,92.0,67.0,165.0,74.6,45.0,125.0,111.5,32.4,89.1,16.6,16.75,38.45,10.05,39.8,35.7,14.3,139.0,219.0,39.1,30.1,40.0,22.2,522.0,93.0,461.0,682.0,315.5,8.4,20.95,98.4,50.1,78.1,416.0,238.0,9.6,45.05,15.55,58.0,24.75,120.0,74.7,42.4,103.5,21.55,24.3,84.7,16.3,24.3,276.5,87.5,409.5,166.5,198.5,16.9,51.5,54.9,19.95,10.1,19.25,13.85,24.5,57.4,86.4,72.0,14.05,109.5,10.55,9.73,62.7,104.5,20.65,74.7,19.55,278.5,323.0,215.5,66.7,285.0,50.6,80.9,12.6,118.0,108.0,284.5,40.8,26.65,202.5,45.55,30.25,32.35,82.5,299.5,12.65,31.5,335.0,118.5,4150.0,74.5,302.0,129.5,100.0,100.5,24.95,115.5,57.0,28.5,94.2,108.0,10.25,42.75
139.5,327.5,401.0,70.1,17.7,37.25,12.05,526.0,19.5,37.55,51.8,15.9,38.0,17.7,23.65,37.35,28.85,84.7,88.5,10.1,40.05,35.65,109.5,88.7,103.5,23.6,26.25,23.45,413.5,48.35,38.0,272.5,31.05,136.5,281.0,39.35,127.5,130.5,92.0,67.1,165.0,74.6,44.95,125.0,111.5,32.35,89.3,16.65,16.75,38.45,10.05,39.8,35.7,14.3,139.5,219.0,39.15,30.1,40.05,22.2,522.0,93.1,462.0,682.0,315.5,8.4,21.0,98.4,50.1,78.1,415.5,238.5,9.6,45.0,15.55,57.9,24.8,120.5,74.7,42.35,103.5,21.5,24.35,84.8,16.3,24.3,276.5,87.4,409.5,166.5,198.5,16.9,51.5,55.1,20.0,10.1,19.25,13.85,24.45,57.5,86.4,72.0,14.1,109.5,10.55,9.73,62.8,104.5,20.7,74.7,19.55,278.5,321.0,215.0,66.7,285.0,50.6,80.9,12.6,117.5,108.0,284.0,40.75,26.7,203.0,45.6,30.2,32.35,82.5,300.0,12.65,31.45,335.0,118.5,4150.0,74.5,302.0,129.0,100.0,100.5,24.95,115.5,57.0,28.5,94.2,108.5,10.25,42.8
139.0,327.5,401.0,70.0,17.65,37.2,12.1,526.0,19.45,37.5,51.8,15.9,37.95,17.65,23.65,37.35,28.85,84.6,88.5,10.1,40.1,35.65,109.5,88.6,103.5,23.6,26.25,23.45,413.0,48.35,38.0,272.5,31.05,136.5,281.0,39.3,127.5,130.5,92.0,67.1,165.0,74.5,45.0,125.0,111.5,32.4,89.4,16.65,16.75,38.4,10.05,39.85,35.7,14.3,139.5,220.0,39.1,30.1,40.05,22.15,522.0,93.1,462.0,682.0,315.5,8.4,20.95,98.5,50.1,78.1,413.0,238.0,9.6,45.05,15.55,58.0,24.85,120.5,74.7,42.4,103.5,21.5,24.35,84.9,16.3,24.35,276.5,87.4,409.5,167.0,198.5,16.9,51.5,55.1,20.05,10.1,19.25,13.85,24.5,57.6,86.4,71.9,14.05,110.0,10.55,9.72,62.8,104.5,20.7,74.7,19.55,278.0,322.0,214.5,66.7,285.0,50.6,81.0,12.6,118.0,108.0,285.0,40.7,26.7,202.5,45.85,30.2,32.35,82.5,300.0,12.65,31.45,335.0,118.0,4150.0,74.6,302.0,129.0,100.0,100.5,24.95,115.5,57.0,28.5,94.0,108.5,10.25,42.75
139.5,327.5,401.0,69.9,17.7,37.2,12.1,527.0,19.45,37.55,51.7,15.9,37.95,17.65,23.65,37.3,28.8,84.6,88.5,10.1,40.1,35.65,109.0,88.5,103.5,23.6,26.25,23.45,413.0,48.35,38.0,273.0,31.05,136.5,281.0,39.3,127.5,130.5,92.0,67.1,165.0,74.6,45.05,125.5,111.5,32.4,89.4,16.65,16.75,38.35,10.05,39.85,35.7,14.3,139.5,220.0,39.15,30.1,39.95,22.15,522.0,93.2,461.0,682.0,315.5,8.39,20.95,98.4,50.1,78.1,414.5,238.5,9.61,45.0,15.55,58.1,24.9,120.0,74.7,42.4,103.5,21.55,24.35,84.8,16.3,24.35,276.5,87.4,409.5,167.5,198.5,16.9,51.5,55.1,20.05,10.1,19.25,13.9,24.5,57.4,86.5,72.0,14.05,109.5,10.5,9.73,62.8,105.0,20.7,74.7,19.6,277.5,321.5,214.5,66.7,284.5,50.7,81.0,12.6,118.0,108.0,285.5,40.7,26.65,203.0,45.8,30.25,32.35,82.5,300.0,12.7,31.45,336.0,117.5,4140.0,74.6,302.5,129.0,100.0,100.0,24.95,115.5,56.9,28.45,94.2,108.0,10.25,42.75
139.5,328.0,401.0,69.9,17.65,37.2,12.1,530.0,19.45,37.55,51.7,15.9,37.95,17.7,23.65,37.4,28.8,84.6,88.5,10.0,40.1,35.7,109.5,88.4,103.5,23.6,26.25,23.45,413.0,48.35,38.0,273.0,31.05,136.5,281.0,39.3,127.5,130.5,91.8,67.1,165.5,74.6,45.0,125.0,111.0,32.4,89.3,16.65,16.75,38.45,10.0,39.85,35.7,14.3,139.5,220.0,39.1,30.15,40.0,22.15,522.0,93.1,461.5,677.0,315.5,8.39,21.0,98.3,50.1,78.1,415.0,238.0,9.61,45.0,15.55,58.1,24.95,120.0,74.7,42.4,103.5,21.55,24.3,85.0,16.3,24.3,276.5,87.5,409.5,167.5,199.0,16.9,51.6,55.0,20.05,10.1,19.25,13.85,24.5,57.7,86.5,72.0,14.05,110.0,10.55,9.73,62.7,105.0,20.7,74.7,19.6,278.0,321.0,214.5,66.7,284.5,50.7,81.0,12.65,118.0,107.5,285.0,40.7,26.7,203.5,45.8,30.2,32.35,82.5,299.5,12.7,31.5,335.5,117.0,4140.0,74.6,302.0,129.5,100.0,100.5,24.95,115.5,57.0,28.45,94.2,108.5,10.3,42.75
139.5,327.5,401.0,69.9,17.7,37.15,12.1,530.0,19.45,37.55,51.8,15.95,37.95,17.7,23.65,37.35,28.8,84.6,88.5,10.05,40.1,35.7,109.0,88.5,103.5,23.6,26.25,23.45,413.0,48.35,37.95,273.0,31.05,136.5,281.0,39.25,127.5,130.5,91.8,67.0,165.5,74.7,45.0,125.0,111.5,32.4,89.4,16.6,16.8,38.45,10.05,39.85,35.7,14.3,139.0,220.0,39.1,30.15,40.0,22.15,522.0,93.0,461.0,677.0,315.5,8.39,20.95,98.4,50.1,78.1,413.0,238.5,9.61,45.0,15.55,58.1,24.9,119.5,74.7,42.35,103.5,21.5,24.35,85.0,16.25,24.35,276.5,87.5,409.5,167.0,199.0,16.9,51.6,55.1,20.0,10.15,19.25,13.85,24.5,57.7,86.4,71.9,14.1,109.5,10.55,9.73,62.7,106.0,20.65,74.8,19.6,278.0,321.0,214.5,66.7,284.5,50.7,81.0,12.65,117.5,108.0,284.5,40.75,26.65,203.0,45.8,30.2,32.3,82.5,300.0,12.65,31.5,335.5,117.5,4140.0,74.6,302.0,129.5,100.0,100.5,24.95,115.5,57.0,28.5,94.2,108.5,10.25,42.75
139.5,327.5,401.0,69.9,17.7,37.15,12.1,530.0,19.4,37.55,51.9,15.9,38.0,17.65,23.65,37.3,28.8,84.6,88.4,10.05,40.1,35.65,109.0,88.5,103.5,23.6,26.25,23.45,412.0,48.35,37.95,273.0,31.1,136.5,280.5,39.25,127.0,131.0,91.8,67.0,165.0,74.7,44.95,125.0,111.5,32.4,89.3,16.65,16.8,38.45,10.0,39.85,35.7,14.3,139.0,220.0,39.05,30.15,40.05,22.1,522.0,93.0,461.0,679.0,315.5,8.39,21.0,98.3,50.1,78.1,410.0,238.5,9.61,45.0,15.55,58.1,24.8,119.5,74.7,42.35,103.5,21.5,24.35,84.8,16.25,24.35,276.0,87.6,409.5,167.0,199.0,16.9,51.6,55.0,20.0,10.1,19.3,13.9,24.45,57.7,86.4,71.8,14.05,109.5,10.55,9.73,62.7,105.5,20.7,74.7,19.6,278.0,321.0,214.5,66.6,284.5,50.7,81.0,12.65,117.5,108.0,284.0,40.75,26.65,203.0,45.75,30.2,32.3,82.6,299.5,12.65,31.5,335.5,117.0,4130.0,74.6,302.5,129.5,100.0,100.5,24.95,115.5,57.1,28.5,94.2,108.5,10.25,42.75
139.5,328.0,401.0,69.8,17.7,37.2,12.1,530.0,19.45,37.55,51.9,15.9,37.9,17.7,23.65,37.35,28.8,84.6,88.5,10.1,40.15,35.65,109.5,88.5,103.5,23.55,26.25,23.45,412.0,48.35,37.95,273.0,31.1,136.5,280.5,39.25,127.5,131.0,91.8,67.0,165.0,74.7,45.2,125.0,111.5,32.4,89.3,16.65,16.8,38.45,10.0,39.85,35.7,14.3,139.0,220.0,39.05,30.2,40.05,22.15,522.0,92.9,461.0,679.0,315.5,8.38,20.95,98.3,50.1,78.0,409.5,238.0,9.61,45.0,15.55,58.1,24.8,119.5,74.7,42.35,103.5,21.5,24.35,84.8,16.3,24.35,276.5,87.4,409.5,166.5,198.5,16.9,51.5,55.1,20.0,10.1,19.25,13.9,24.5,57.6,86.3,71.7,14.1,109.5,10.5,9.73,62.9,105.5,20.7,74.7,19.6,277.5,320.5,214.5,66.5,285.0,50.7,80.9,12.65,118.0,108.0,283.5,40.7,26.7,203.0,45.6,30.2,32.3,82.6,299.5,12.7,31.45,335.0,117.0,4130.0,74.6,302.5,129.5,100.0,100.5,25.0,115.5,57.1,28.45,94.2,108.5,10.25,42.75
139.5,328.5,401.0,69.8,17.7,37.2,12.1,530.0,19.45,37.55,51.8,15.9,37.9,17.7,23.6,37.35,28.85,84.4,88.5,10.05,40.15,35.6,109.5,88.3,103.5,23.6,26.25,23.45,412.0,48.4,37.9,273.0,31.05,136.5,280.0,39.25,127.5,131.0,91.8,67.0,165.5,74.7,45.0,125.0,111.5,32.4,89.3,16.65,16.8,38.45,10.05,39.85,35.65,14.3,139.5,220.0,39.05,30.2,40.0,22.15,522.0,93.0,461.0,680.0,315.5,8.39,20.95,98.4,50.1,78.2,408.0,238.5,9.61,45.05,15.55,58.1,24.8,119.5,74.7,42.4,104.0,21.45,24.35,84.9,16.25,24.35,276.5,87.5,409.5,167.0,198.5,16.9,51.6,55.1,20.0,10.15,19.25,13.85,24.55,57.5,86.3,71.7,14.1,109.5,10.55,9.73,62.9,105.5,20.65,74.7,19.6,277.5,320.0,214.5,66.4,284.5,50.6,80.8,12.65,118.0,108.0,284.5,40.7,26.65,203.0,45.7,30.2,32.3,82.6,300.0,12.65,31.45,335.5,116.5,4130.0,74.5,302.0,130.0,100.0,101.0,25.0,115.5,57.1,28.45,94.2,108.5,10.3,42.75
139.5,328.0,401.0,69.9,17.7,37.2,12.05,529.0,19.45,37.55,51.9,15.9,37.9,17.65,23.6,37.35,28.85,84.5,88.5,10.05,40.15,35.6,109.5,88.3,103.5,23.55,26.25,23.45,412.0,48.45,37.9,273.0,31.05,136.5,280.0,39.25,127.5,131.0,91.8,67.0,165.0,74.8,45.0,125.0,111.0,32.4,89.4,16.6,16.8,38.4,10.0,39.8,35.65,14.3,139.5,220.0,39.0,30.15,40.05,22.05,522.0,92.9,459.5,680.0,313.0,8.39,20.95,98.4,50.1,78.2,405.5,238.5,9.6,45.0,15.55,58.1,24.8,120.5,74.7,42.4,103.5,21.45,24.35,84.9,16.25,24.3,276.5,87.5,409.5,166.5,198.5,16.9,51.6,55.0,20.05,10.1,19.25,13.85,24.55,57.2,86.3,71.7,14.05,109.5,10.55,9.73,62.9,105.5,20.65,74.7,19.6,277.5,321.0,214.5,66.4,285.0,50.7,80.8,12.6,118.0,107.5,284.5,40.7,26.65,202.5,45.6,30.15,32.3,82.6,299.5,12.65,31.45,335.5,116.5,4140.0,74.5,302.0,129.5,99.9,101.0,24.95,115.5,56.9,28.45,94.2,108.0,10.3,42.8
139.5,328.0,401.0,69.9,17.65,37.2,12.1,529.0,19.45,37.5,51.8,15.9,37.9,17.65,23.65,37.3,28.8,84.6,88.5,10.05,40.1,35.6,109.5,88.1,103.5,23.55,26.25,23.45,412.0,48.4,37.9,273.0,31.05,136.5,281.0,39.25,127.5,131.0,91.8,67.0,165.0,74.8,45.0,125.5,111.5,32.4,89.4,16.6,16.8,38.4,10.0,39.8,35.65,14.3,139.5,220.0,39.0,30.15,40.05,22.0,522.0,93.0,459.5,677.0,313.0,8.39,20.95,98.3,50.1,78.1,403.5,238.5,9.6,45.05,15.55,58.1,24.8,120.5,74.6,42.4,103.5,21.5,24.35,84.9,16.25,24.3,276.5,87.5,409.5,166.5,198.0,16.9,51.6,55.0,20.0,10.1,19.25,13.85,24.55,57.3,86.4,71.7,14.05,109.5,10.55,9.73,62.9,105.5,20.65,74.7,19.6,277.5,322.0,214.5,66.4,285.0,50.6,80.8,12.6,117.5,107.5,284.5,40.7,26.7,203.0,45.7,30.15,32.35,82.6,299.5,12.7,31.45,335.0,116.5,4145.0,74.5,302.0,129.5,99.9,101.0,24.95,115.5,56.9,28.45,94.3,108.0,10.3,42.75
140.0,328.0,401.0,69.9,17.65,37.15,12.1,529.0,19.45,37.5,51.8,15.9,37.9,17.65,23.65,37.35,28.8,84.5,88.5,10.1,40.1,35.6,109.0,88.1,103.5,23.55,26.25,23.45,412.0,48.45,37.9,273.0,31.05,136.5,281.0,39.25,127.0,131.0,91.8,67.0,165.0,74.8,45.05,125.5,111.5,32.4,89.3,16.6,16.8,38.4,10.0,39.7,35.65,14.3,139.0,220.0,39.0,30.15,40.05,21.95,522.0,92.9,459.5,677.0,313.0,8.39,20.95,98.2,50.1,78.2,402.0,238.0,9.6,45.1,15.55,58.0,24.8,120.5,74.7,42.4,103.5,21.5,24.35,84.9,16.25,24.35,276.5,87.5,409.5,166.5,198.0,16.9,51.6,55.0,20.05,10.1,19.3,13.85,24.55,57.3,86.4,71.7,14.05,109.5,10.5,9.72,62.9,105.5,20.7,74.7,19.55,278.0,321.0,214.5,66.4,285.0,50.6,80.9,12.6,117.5,108.0,283.5,40.7,26.65,203.0,45.7,30.2,32.35,82.6,299.5,12.65,31.5,335.5,116.0,4145.0,74.6,302.0,129.5,99.8,100.5,24.95,115.5,56.9,28.4,94.3,108.5,10.3,42.75
139.5,328.0,401.0,69.8,17.65,37.2,12.1,529.0,19.45,37.55,51.8,15.9,37.9,17.65,23.6,37.35,28.8,84.4,88.4,10.1,40.1,35.6,109.5,88.2,103.5,23.55,26.25,23.45,412.0,48.45,37.95,273.0,31.05,136.5,281.0,39.25,127.0,131.0,91.8,67.0,165.0,74.8,45.2,125.0,111.0,32.45,89.3,16.6,16.75,38.35,10.0,39.75,35.65,14.35,139.5,220.0,39.0,30.2,40.05,21.95,522.0,92.9,459.5,677.0,315.5,8.39,21.0,98.2,50.1,78.1,400.0,238.0,9.6,45.05,15.55,58.1,24.75,120.0,74.7,42.4,103.5,21.45,24.6,84.9,16.25,24.35,276.0,87.5,409.5,166.0,198.0,16.9,51.5,55.1,20.05,10.1,19.25,13.85,24.55,57.3,86.3,71.7,14.05,109.5,10.55,9.72,62.9,105.5,20.65,74.7,19.6,278.0,321.0,214.0,66.4,284.5,50.6,80.8,12.65,118.0,108.0,282.0,40.7,26.65,203.0,45.75,30.15,32.35,82.6,299.5,12.65,31.5,335.5,115.5,4140.0,74.6,302.0,129.5,99.7,101.0,24.95,115.5,57.0,28.4,94.3,108.0,10.3,42.75
139.5,328.0,401.0,69.8,17.65,37.05,12.05,529.0,19.45,37.5,51.8,15.9,37.9,17.6,23.6,37.35,28.8,84.4,88.4,10.05,40.1,35.6,109.0,88.1,103.5,23.55,26.2,23.45,412.0,48.4,37.9,273.0,31.05,136.5,280.5,39.25,127.0,131.0,91.8,67.0,165.0,74.8,45.1,125.5,111.0,32.45,89.3,16.6,16.8,38.4,10.0,39.7,35.65,14.3,139.0,220.0,39.0,30.1,40.05,22.0,522.0,92.9,460.0,677.0,315.5,8.38,20.95,98.2,50.1,78.1,397.0,238.0,9.6,44.9,15.55,58.1,24.8,120.0,74.7,42.4,103.5,21.45,24.6,84.8,16.25,24.35,276.0,87.6,409.5,166.0,198.0,16.9,51.5,55.0,20.0,10.1,19.25,13.85,24.55,57.2,86.4,71.6,14.05,109.5,10.5,9.72,62.8,105.5,20.6,74.7,19.6,277.5,320.5,214.0,66.5,284.5,50.6,80.8,12.65,118.0,108.0,282.0,40.7,26.6,203.0,45.7,30.15,32.3,82.6,299.5,12.65,31.5,335.5,114.5,4140.0,74.5,302.0,129.5,99.7,100.5,24.95,115.5,56.9,28.4,94.3,108.0,10.3,42.75
140.0,327.5,401.0,69.7,17.7,37.2,12.1,529.0,19.45,37.55,51.8,15.9,37.9,17.6,23.65,37.35,28.8,84.3,88.3,10.05,40.1,35.6,109.0,87.9,103.5,23.55,26.2,23.4,412.0,48.45,37.9,273.0,31.05,136.5,280.5,39.3,127.0,131.0,91.8,66.9,165.0,74.7,45.05,125.5,111.0,32.45,89.2,16.6,16.75,38.4,10.0,39.7,35.65,14.3,139.0,219.5,39.0,30.1,40.0,22.0,522.0,92.9,459.5,677.0,316.0,8.38,20.95,98.2,50.1,78.1,398.5,238.0,9.6,44.9,15.55,58.0,24.8,119.5,74.7,42.4,103.0,21.45,24.55,84.7,16.25,24.35,276.0,87.7,409.0,165.5,198.0,16.85,51.4,55.1,20.05,10.1,19.25,13.85,24.55,56.7,86.4,71.7,14.05,109.5,10.55,9.72,62.8,105.5,20.65,74.7,19.55,277.0,319.0,214.0,66.4,284.5,50.6,80.8,12.65,117.5,108.0,282.0,40.7,26.6,203.0,45.6,30.15,32.3,82.6,299.0,12.6,31.5,335.0,114.5,4130.0,74.5,301.5,129.5,99.6,100.5,24.9,115.0,56.9,28.4,94.3,108.5,10.25,42.75
139.5,327.5,402.0,69.8,17.65,37.2,12.1,529.0,19.45,37.55,51.8,15.9,37.9,17.65,23.65,37.35,28.8,84.2,88.3,10.05,40.1,35.65,109.5,87.9,103.5,23.55,26.2,23.45,412.0,48.45,37.95,273.0,31.05,136.0,280.5,39.25,127.5,130.5,91.7,66.7,165.0,74.7,45.0,125.5,110.5,32.45,89.3,16.65,16.75,38.4,10.0,39.7,35.65,14.3,139.0,219.5,39.05,30.1,39.95,22.0,522.0,92.9,460.0,677.0,316.0,8.38,20.95,98.1,50.1,78.1,401.0,237.5,9.6,44.9,15.55,58.0,24.8,119.5,74.7,42.35,103.0,21.45,24.55,84.7,16.25,24.35,276.0,87.3,409.0,166.0,197.5,16.9,51.4,55.0,20.0,10.15,19.25,13.85,24.5,56.6,86.3,71.8,14.05,109.5,10.55,9.72,62.8,105.0,20.65,74.7,19.55,277.0,320.0,214.0,66.5,284.5,50.6,80.8,12.6,117.5,107.5,282.0,40.7,26.65,202.5,45.5,30.1,32.3,82.6,299.0,12.65,31.5,334.5,115.0,4130.0,74.5,301.5,129.0,99.5,100.5,24.9,115.0,56.8,28.4,94.3,108.5,10.25,42.75
139.5,327.5,402.0,69.8,17.65,37.2,12.1,529.0,19.4,37.55,51.8,15.9,37.9,17.6,23.65,37.35,28.75,84.3,88.3,10.05,40.1,35.65,109.0,88.0,103.0,23.55,26.2,23.4,412.0,48.4,37.9,273.0,31.05,136.0,280.5,39.25,127.5,131.0,91.8,66.9,165.0,74.7,45.0,126.0,110.5,32.45,89.1,16.6,16.8,38.45,10.0,39.7,35.65,14.3,139.0,219.5,39.0,30.1,40.0,22.05,522.0,92.9,460.0,675.0,317.0,8.38,21.0,98.1,50.1,78.0,399.5,237.5,9.6,44.9,15.55,58.0,24.8,119.5,74.7,42.35,103.5,21.45,24.5,84.7,16.25,24.35,276.0,87.4,409.0,165.5,198.0,16.9,51.4,55.0,20.0,10.1,19.3,13.85,24.5,56.9,86.3,71.9,14.05,109.5,10.55,9.72,62.8,105.5,20.6,74.7,19.55,276.0,320.5,214.0,66.5,285.0,50.5,80.8,12.65,118.0,107.5,281.0,40.7,26.6,201.5,45.5,30.1,32.3,82.6,299.5,12.6,31.5,335.0,115.0,4130.0,74.4,301.5,129.0,99.5,100.5,24.95,115.0,56.9,28.4,94.0,108.5,10.25,42.8
139.5,327.5,402.5,69.8,17.65,37.2,12.1,529.0,19.4,37.5,51.8,15.9,37.9,17.6,23.65,37.35,28.75,84.3,88.3,10.05,40.1,35.65,109.0,88.0,103.0,23.5,26.2,23.45,412.0,48.45,37.9,273.0,31.05,136.0,280.0,39.2,127.5,131.0,91.8,66.9,165.5,74.5,45.2,125.5,110.5,32.45,89.2,16.6,16.8,38.4,10.0,39.7,35.65,14.3,139.0,220.0,39.05,30.1,40.0,22.0,522.0,93.0,459.0,675.0,318.0,8.38,21.0,98.1,50.1,78.1,400.5,237.5,9.6,44.85,15.5,58.0,24.8,119.5,74.7,42.4,103.0,21.45,24.5,84.7,16.25,24.35,276.0,87.4,409.0,166.0,198.0,16.9,51.4,54.9,20.0,10.1,19.25,13.85,24.5,57.3,86.3,71.8,14.05,109.5,10.55,9.72,62.7,105.5,20.65,74.7,19.55,276.0,319.0,214.0,66.5,284.5,50.5,80.8,12.6,118.0,107.5,280.5,40.7,26.6,202.0,45.45,30.1,32.3,82.6,299.0,12.6,31.5,335.0,115.5,4130.0,74.4,301.5,129.0,99.4,100.5,24.95,115.0,56.8,28.4,94.1,108.5,10.25,42.8
139.5,328.0,402.5,69.8,17.7,37.2,12.1,529.0,19.4,37.5,51.8,15.9,37.9,17.6,23.6,37.3,28.75,84.3,88.3,10.05,40.1,35.65,109.5,88.1,103.5,23.5,26.2,23.45,411.5,48.45,37.95,272.5,31.05,136.0,280.0,39.25,127.5,131.0,91.8,66.9,165.0,74.5,45.15,125.0,110.5,32.4,89.2,16.6,16.8,38.45,10.0,39.75,35.65,14.3,139.0,220.0,39.05,30.1,40.05,21.9,522.0,92.9,460.0,675.0,317.0,8.38,21.0,98.1,50.1,78.1,399.5,237.5,9.6,44.85,15.55,58.0,24.75,119.5,74.7,42.35,104.0,21.45,24.5,84.9,16.25,24.35,276.0,87.5,408.0,166.0,198.0,16.9,51.3,54.9,20.0,10.1,19.3,13.85,24.55,57.1,86.3,71.8,14.1,109.5,10.5,9.71,62.8,105.0,20.6,74.7,19.55,276.0,319.0,214.0,66.5,284.5,50.5,80.8,12.6,117.5,107.5,280.5,40.7,26.6,201.5,45.45,30.05,32.3,82.6,299.0,12.65,31.5,334.5,115.0,4125.0,74.4,301.5,129.0,99.4,100.5,24.9,115.5,56.8,28.4,94.2,108.5,10.25,42.75
140.5,328.0,402.5,69.8,17.7,37.2,12.1,529.0,19.4,37.5,51.8,15.9,37.9,17.6,23.6,37.3,28.75,84.3,88.3,10.05,40.05,35.65,109.0,88.0,103.5,23.55,26.2,23.4,411.5,48.4,37.95,272.5,31.05,136.0,280.0,39.25,127.5,131.0,91.8,66.9,165.0,74.5,45.05,125.0,110.5,32.4,89.1,16.6,16.75,38.45,10.0,39.7,35.65,14.3,139.0,220.0,39.0,30.1,39.95,21.85,522.0,92.9,460.0,675.0,316.5,8.39,21.0,98.2,50.1,78.1,398.0,237.5,9.6,44.85,15.55,58.0,24.75,120.0,74.6,42.4,103.5,21.45,24.45,84.7,16.25,24.35,276.0,87.4,408.0,165.5,197.5,16.9,51.4,55.0,20.0,10.15,19.25,13.85,24.5,57.2,86.3,71.8,14.05,109.5,10.55,9.71,62.7,105.0,20.6,74.7,19.55,276.5,320.0,214.0,66.5,284.5,50.5,80.9,12.6,117.5,107.5,280.0,40.65,26.65,201.0,45.55,30.05,32.3,82.6,299.0,12.6,31.45,334.5,115.0,4110.0,74.4,301.5,129.0,99.3,100.5,24.9,116.0,56.8,28.4,94.0,108.5,10.25,42.75
140.0,328.0,402.5,69.8,17.75,37.2,12.1,529.0,19.4,37.5,51.7,15.9,38.0,17.6,23.65,37.3,28.75,84.2,88.3,10.1,40.05,35.65,109.0,88.2,103.5,23.55,26.2,23.4,411.5,48.45,37.9,272.5,31.05,136.0,280.0,39.3,127.5,131.0,91.8,66.9,165.5,74.6,45.05,125.0,111.0,32.45,89.3,16.6,16.8,38.45,10.0,39.7,35.65,14.35,139.0,220.0,39.0,30.1,39.95,21.9,522.0,92.9,460.5,676.0,316.5,8.39,20.95,98.2,50.1,78.1,398.5,238.0,9.6,44.85,15.55,58.0,24.75,120.5,74.7,42.35,104.0,21.5,24.5,84.9,16.25,24.3,276.5,87.5,408.0,166.0,198.0,16.9,51.5,54.9,19.95,10.1,19.25,13.85,24.55,57.2,86.3,71.8,14.05,109.5,10.55,9.72,62.7,105.0,20.65,74.7,19.55,276.5,319.0,214.0,66.5,284.5,50.5,80.7,12.6,117.5,107.5,280.5,40.65,26.6,201.5,45.6,30.05,32.3,82.6,299.0,12.65,31.45,334.0,115.0,4110.0,74.4,301.5,129.0,99.3,100.5,24.9,116.0,56.8,28.4,94.1,108.0,10.25,42.75
140.0,328.0,402.5,69.8,17.75,37.2,12.1,529.0,19.4,37.5,51.7,15.9,38.0,17.6,23.65,37.3,28.75,84.3,88.3,10.05,40.05,35.65,109.0,88.0,103.5,23.55,26.2,23.4,410.5,48.35,37.95,272.5,31.05,136.0,280.0,39.3,127.5,131.0,91.8,67.0,165.0,74.6,45.05,125.0,111.0,32.4,89.3,16.6,16.8,38.4,10.0,39.7,35.65,14.35,139.0,220.0,39.0,30.1,40.0,21.95,522.0,92.9,460.5,675.0,316.5,8.39,20.95,98.1,50.1,78.0,395.0,238.0,9.59,44.85,15.5,58.0,24.8,120.5,74.7,42.35,103.5,21.45,24.45,84.9,16.25,24.3,276.5,87.5,408.0,166.5,198.0,16.9,51.4,55.0,19.95,10.1,19.25,13.85,24.55,57.1,86.1,71.8,14.05,109.5,10.55,9.72,62.7,104.5,20.65,74.7,19.55,277.0,318.5,214.0,66.6,284.5,50.5,80.8,12.6,117.5,108.0,279.5,40.65,26.65,201.5,45.55,30.05,32.35,82.6,299.0,12.6,31.5,334.5,114.5,4120.0,74.4,302.0,128.5,99.3,100.5,24.9,116.0,56.7,28.4,94.1,108.0,10.25,42.7
140.0,327.5,402.5,69.8,17.75,37.2,12.1,529.0,19.4,37.5,51.7,15.85,37.9,17.6,23.65,37.3,28.8,84.4,88.3,10.05,40.05,35.65,109.0,88.1,103.5,23.5,26.2,23.4,410.5,48.35,37.95,272.5,31.05,136.0,280.0,39.3,127.5,131.0,91.8,67.0,165.0,74.6,45.0,125.5,111.0,32.45,89.4,16.6,16.8,38.4,10.0,39.7,35.65,14.3,139.0,220.0,39.05,30.1,40.0,22.0,522.0,92.8,461.0,675.0,316.5,8.39,21.0,98.3,50.1,78.0,396.0,238.0,9.6,44.9,15.55,57.9,24.8,120.5,74.6,42.35,104.0,21.45,24.45,84.9,16.25,24.3,275.5,87.5,408.5,166.0,198.0,16.9,51.4,55.0,19.95,10.1,19.25,13.85,24.5,57.1,86.1,71.8,14.05,109.5,10.5,9.72,62.7,105.0,20.65,74.7,19.55,277.5,318.0,213.5,66.6,285.0,50.5,80.6,12.65,117.5,107.5,279.5,40.7,26.6,202.0,45.55,30.05,32.35,82.6,299.0,12.6,31.5,334.5,115.0,4120.0,74.4,301.5,129.0,99.3,100.5,24.95,115.5,56.8,28.4,94.2,108.5,10.25,42.65
140.5,328.0,402.5,70.0,17.7,37.15,12.1,529.0,19.4,37.5,51.8,15.9,37.9,17.65,23.65,37.25,28.75,84.3,88.2,10.05,40.05,35.65,109.0,88.1,103.5,23.5,26.2,23.4,410.0,48.35,37.9,272.5,31.05,136.0,280.0,39.3,127.5,131.0,91.8,67.0,165.0,74.6,45.0,125.0,111.0,32.5,89.4,16.6,16.8,38.4,10.0,39.65,35.65,14.3,139.0,220.0,39.05,30.1,40.0,22.0,522.0,92.8,461.0,675.0,316.5,8.39,20.95,98.1,50.1,78.1,397.0,238.0,9.6,44.9,15.55,57.9,24.75,120.5,74.7,42.35,103.5,21.45,24.5,84.9,16.25,24.3,275.0,87.6,408.5,165.5,198.0,16.9,51.4,54.9,19.95,10.1,19.25,13.8,24.55,57.2,86.0,71.8,14.05,109.5,10.55,9.72,62.7,105.5,20.65,74.7,19.55,277.5,317.0,213.5,66.6,285.0,50.5,80.6,12.6,117.5,107.5,279.5,40.65,26.55,202.0,45.65,30.05,32.35,82.6,298.5,12.6,31.5,335.0,115.0,4120.0,74.4,301.5,128.5,99.5,100.5,24.9,115.5,56.7,28.4,94.3,108.0,10.25,42.65
140.0,328.0,402.5,70.0,17.7,37.15,12.1,529.0,19.4,37.5,51.7,15.9,37.9,17.65,23.65,37.3,28.75,84.3,88.2,10.05,40.0,35.6,109.0,88.1,103.5,23.5,26.2,23.4,410.0,48.35,37.95,272.5,31.05,136.0,280.0,39.25,127.5,131.0,91.8,67.0,165.0,74.6,45.05,125.0,111.0,32.45,89.3,16.6,16.8,38.45,10.0,39.65,35.65,14.3,139.0,220.0,39.0,30.1,40.0,21.95,522.0,92.9,461.0,675.0,316.5,8.39,20.95,98.1,50.1,78.1,397.5,237.5,9.6,44.9,15.55,57.9,24.75,120.5,74.8,42.3,103.0,21.45,24.5,84.9,16.25,24.3,275.0,87.5,408.5,165.5,198.0,16.9,51.4,55.0,19.95,10.1,19.25,13.8,24.5,57.2,86.0,72.0,14.05,109.5,10.55,9.72,62.7,105.5,20.6,74.7,19.55,277.5,317.0,213.5,66.6,285.0,50.5,80.6,12.6,118.0,108.0,279.5,40.65,26.6,202.5,45.65,30.05,32.3,82.6,299.0,12.6,31.5,335.0,115.0,4120.0,74.4,301.5,128.5,99.6,100.5,24.95,115.5,56.7,28.4,94.4,108.5,10.25,42.7
140.0,327.5,402.5,69.9,17.75,37.2,12.1,529.0,19.4,37.5,51.8,15.85,37.9,17.6,23.65,37.25,28.8,84.3,88.2,10.05,40.05,35.6,109.0,88.1,103.5,23.5,26.2,23.45,410.0,48.35,37.95,272.5,31.05,136.0,279.5,39.25,127.5,131.0,91.7,67.1,165.0,74.6,45.05,125.5,111.0,32.5,89.3,16.6,16.75,38.4,10.0,39.65,35.65,14.3,139.0,220.0,39.0,30.1,39.95,21.95,522.0,92.8,460.5,675.0,316.5,8.39,20.95,98.1,50.1,78.1,395.0,238.0,9.59,44.85,15.55,57.9,24.75,120.0,74.8,42.35,103.5,21.45,24.5,84.8,16.25,24.3,275.0,87.5,408.5,166.0,198.0,16.9,51.5,55.0,19.95,10.1,19.25,13.8,24.55,57.3,86.0,72.1,14.05,109.5,10.55,9.72,62.7,105.0,20.6,74.7,19.55,277.5,317.0,214.0,66.6,285.0,50.5,80.6,12.6,117.5,107.5,280.0,40.65,26.6,202.5,45.65,30.05,32.3,82.6,299.5,12.65,31.5,335.0,115.0,4120.0,74.4,301.5,128.5,99.7,100.5,24.9,115.5,56.7,28.4,94.2,108.0,10.25,42.65
140.0,328.0,402.5,69.9,17.7,37.2,12.1,529.0,19.4,37.5,51.8,15.85,37.9,17.65,23.65,37.25,28.75,84.3,88.1,10.05,40.05,35.6,109.0,88.1,103.5,23.5,26.2,23.4,410.0,48.35,37.95,272.5,31.05,136.0,280.5,39.25,127.5,131.0,91.7,67.1,165.0,74.6,45.05,125.0,111.0,32.5,89.4,16.6,16.8,38.4,10.0,39.65,35.65,14.3,139.0,220.0,39.0,30.1,40.0,21.95,520.0,92.8,461.5,676.0,316.5,8.39,20.95,98.1,50.1,78.1,396.0,238.0,9.59,44.85,15.6,57.9,24.75,120.0,74.7,42.35,103.0,21.45,24.45,84.8,16.25,24.3,275.0,87.4,408.5,166.5,198.0,16.9,51.4,54.9,19.95,10.15,19.25,13.8,24.5,57.2,86.0,72.0,14.05,109.5,10.55,9.72,62.7,104.5,20.6,74.7,19.55,277.0,317.0,214.0,66.6,285.0,50.5,80.6,12.6,117.5,107.5,280.0,40.65,26.55,202.0,45.65,30.1,32.3,82.6,299.5,12.6,31.5,334.5,115.0,4130.0,74.4,301.5,128.5,99.7,100.5,24.95,115.5,56.7,28.4,94.2,108.5,10.25,42.65
140.5,328.5,402.5,69.9,17.75,37.2,12.1,528.0,19.45,37.5,51.8,15.85,37.9,17.65,23.65,37.3,28.75,84.3,88.1,10.05,40.0,35.6,109.0,88.2,103.5,23.5,26.2,23.4,410.0,48.35,37.9,273.0,31.05,136.0,280.5,39.25,127.5,131.0,91.7,67.0,165.5,74.6,45.05,125.0,111.0,32.5,89.4,16.65,16.8,38.4,10.05,39.65,35.6,14.25,139.0,220.0,39.0,30.15,39.95,22.0,521.0,92.8,461.5,677.0,316.0,8.39,20.95,98.1,50.1,78.0,397.0,237.5,9.59,44.85,15.55,57.9,24.75,120.0,74.9,42.3,103.0,21.45,24.45,84.8,16.25,24.25,275.0,87.4,408.5,166.0,198.0,16.9,51.5,54.9,19.95,10.1,19.25,13.9,24.5,57.2,86.0,72.0,14.05,109.5,10.55,9.72,62.7,105.0,20.6,74.7,19.55,277.0,316.5,214.0,66.5,285.0,50.5,80.7,12.6,118.0,107.5,279.5,40.65,26.5,201.5,45.55,30.0,32.35,82.6,299.5,12.65,31.5,335.0,115.0,4130.0,74.4,301.5,128.5,99.7,100.0,24.9,115.5,56.7,28.4,94.3,108.5,10.25,42.65
140.0,329.5,402.5,69.9,17.7,37.1,12.1,528.0,19.45,37.5,51.7,15.85,37.9,17.55,23.65,37.25,28.8,84.3,88.1,10.05,40.05,35.6,109.0,88.2,103.5,23.5,26.2,23.45,410.0,48.35,37.9,273.0,31.05,136.0,279.5,39.2,127.5,131.0,91.7,67.0,165.5,74.6,45.05,125.0,111.0,32.4,89.5,16.6,16.8,38.4,10.0,39.7,35.65,14.25,139.0,220.0,39.0,30.15,39.95,21.9,521.0,92.8,461.5,677.0,316.0,8.39,20.95,98.1,50.1,78.1,397.5,238.0,9.59,44.85,15.5,57.9,24.75,120.5,75.0,42.3,103.5,21.45,24.45,84.8,16.25,24.25,275.0,87.5,408.5,166.0,198.0,16.9,51.4,54.9,19.9,10.1,19.25,13.85,24.5,57.1,85.9,72.0,14.05,109.5,10.55,9.72,62.7,105.0,20.65,74.7,19.55,277.0,318.5,213.5,66.6,285.0,50.5,80.6,12.6,118.0,108.0,280.0,40.6,26.45,202.5,45.55,30.0,32.35,82.6,299.0,12.6,31.45,335.0,115.5,4130.0,74.4,301.5,128.5,99.7,100.0,24.9,115.5,56.8,28.4,94.3,108.5,10.25,42.65
140.0,329.5,402.5,69.9,17.7,37.2,12.05,528.0,19.45,37.5,51.8,15.85,37.9,17.6,23.65,37.25,28.8,84.4,88.1,10.05,40.05,35.6,109.0,88.2,103.5,23.5,26.2,23.4,410.0,48.3,37.95,273.0,31.05,136.0,279.5,39.2,127.5,131.0,91.7,67.0,165.5,74.6,45.05,126.0,111.0,32.4,89.5,16.6,16.75,38.4,10.0,39.65,35.65,14.3,139.0,220.0,39.0,30.15,39.95,21.95,521.0,92.8,461.5,678.0,316.0,8.39,20.95,98.1,50.1,78.1,399.5,237.5,9.59,44.85,15.55,57.9,24.7,120.5,74.9,42.3,103.5,21.45,24.45,84.7,16.25,24.25,275.0,87.5,408.5,166.5,198.0,16.9,51.5,54.9,19.9,10.1,19.25,13.8,24.55,57.1,86.0,72.0,14.05,109.5,10.5,9.73,62.7,105.0,20.65,74.7,19.55,277.0,318.0,213.5,66.6,285.0,50.5,80.6,12.6,117.5,107.5,280.5,40.65,26.5,202.5,45.6,30.05,32.35,82.6,300.0,12.6,31.45,335.0,115.0,4130.0,74.4,301.5,128.5,99.7,100.0,24.95,115.5,56.8,28.4,94.3,108.5,10.2,42.7
140.0,330.0,402.0,69.9,17.75,37.2,12.1,528.0,19.45,37.5,51.8,15.9,37.9,17.6,23.65,37.25,28.75,84.5,88.1,10.05,40.0,35.6,109.0,88.0,104.0,23.5,26.2,23.4,410.0,48.45,37.9,273.0,31.05,136.0,279.5,39.2,127.5,131.0,91.7,67.1,166.0,74.5,45.05,125.0,111.0,32.45,89.5,16.6,16.8,38.4,10.0,39.65,35.7,14.25,139.0,220.0,39.0,30.15,39.95,21.95,521.0,92.8,462.0,676.0,316.5,8.39,20.95,98.1,50.1,78.1,398.5,238.0,9.59,44.9,15.55,58.0,24.75,120.5,75.0,42.3,103.5,21.4,24.45,84.7,16.25,24.3,275.5,87.4,408.5,166.0,198.0,16.9,51.6,54.9,19.9,10.1,19.25,13.8,24.5,57.1,86.1,72.0,14.05,109.5,10.55,9.73,62.7,105.0,20.6,74.7,19.55,277.5,319.5,213.5,66.6,285.0,50.5,80.6,12.6,117.5,108.0,280.0,40.65,26.45,202.5,45.65,30.1,32.35,82.6,299.0,12.65,31.45,335.0,115.0,4135.0,74.4,301.5,128.5,99.6,100.0,24.9,115.5,56.9,28.4,94.2,108.5,10.25,42.7
139.5,330.0,402.0,69.9,17.7,37.1,12.1,528.0,19.4,37.5,51.7,15.85,38.0,17.55,23.65,37.25,28.75,84.6,88.1,10.05,40.05,35.6,109.0,88.2,104.0,23.5,26.2,23.4,410.0,48.45,37.9,272.5,31.05,136.0,279.5,39.25,127.5,131.0,91.7,66.9,165.5,74.5,45.05,125.0,111.0,32.45,89.4,16.6,16.8,38.45,10.0,39.7,35.7,14.3,139.0,220.0,39.0,30.15,39.9,21.9,521.0,92.8,462.5,677.0,316.5,8.39,20.95,98.1,50.1,78.1,399.5,238.0,9.59,44.9,15.5,58.0,24.75,120.5,75.0,42.25,103.5,21.45,24.45,84.9,16.3,24.3,275.0,87.3,408.5,166.0,198.5,16.9,51.4,55.0,19.9,10.1,19.3,13.8,24.55,57.2,86.2,72.0,14.05,109.5,10.55,9.73,62.7,105.0,20.6,74.7,19.55,277.5,321.5,213.5,66.6,285.0,50.5,80.5,12.6,117.5,107.5,282.0,40.65,26.5,202.5,45.7,30.15,32.35,82.6,299.5,12.6,31.45,335.0,115.5,4135.0,74.4,301.5,128.5,99.7,101.0,24.9,115.5,56.9,28.4,94.2,108.5,10.25,42.65
140.0,329.5,402.0,70.0,17.75,37.2,12.1,528.0,19.4,37.55,51.7,15.9,37.9,17.6,23.65,37.25,28.75,84.5,88.1,10.05,40.05,35.6,109.0,88.2,103.5,23.5,26.2,23.4,409.5,48.4,37.9,272.5,31.05,136.0,279.5,39.25,127.5,131.0,91.7,66.9,165.5,74.5,45.05,126.0,111.0,32.5,89.5,16.65,16.75,38.45,10.0,39.65,35.7,14.3,139.0,220.0,39.0,30.15,39.9,21.9,521.0,92.8,462.5,677.0,316.5,8.4,20.95,98.2,50.1,78.1,400.5,238.0,9.59,44.85,15.55,58.0,24.75,120.5,74.9,42.25,103.0,21.45,24.5,84.8,16.25,24.25,275.0,87.2,408.0,165.5,198.5,16.9,51.5,55.0,19.95,10.1,19.25,13.8,24.5,57.1,86.2,72.0,14.05,110.0,10.5,9.73,62.7,105.0,20.6,74.7,19.55,277.0,320.5,213.5,66.7,285.0,50.5,80.5,12.6,118.0,108.0,282.0,40.65,26.45,202.0,45.65,30.1,32.35,82.6,299.5,12.65,31.45,335.0,115.5,4135.0,74.4,301.5,128.5,99.7,100.5,24.95,115.5,56.8,28.4,94.4,108.5,10.25,42.65
140.0,329.5,402.0,70.0,17.75,37.2,12.1,528.0,19.4,37.6,51.7,15.9,37.9,17.5,23.65,37.3,28.7,84.4,88.2,10.05,40.0,35.6,109.0,88.1,104.0,23.5,26.2,23.4,409.5,48.4,37.9,272.5,31.05,136.0,279.5,39.25,127.5,130.5,91.7,66.9,166.0,74.5,45.05,126.0,111.0,32.5,89.5,16.65,16.8,38.5,10.0,39.7,35.7,14.3,139.0,220.0,39.0,30.2,39.9,21.9,521.0,92.8,462.5,677.0,316.5,8.39,20.95,98.1,50.1,78.1,400.0,238.0,9.59,44.9,15.5,58.0,24.7,120.5,75.0,42.25,103.0,21.45,24.45,84.8,16.3,24.25,275.0,87.2,407.5,165.5,198.0,16.9,51.5,55.0,19.95,10.1,19.25,13.8,24.5,57.2,86.2,72.0,14.05,110.0,10.55,9.73,62.7,105.0,20.6,74.7,19.55,277.0,318.5,213.5,66.7,285.5,50.5,80.6,12.6,117.5,108.0,282.0,40.65,26.45,202.0,45.65,30.1,32.3,82.6,300.0,12.65,31.45,335.0,115.5,4135.0,74.4,301.5,128.5,99.7,100.0,24.9,115.5,56.8,28.4,94.1,109.0,10.25,42.65
139.5,331.5,402.0,69.9,17.7,37.25,12.05,528.0,19.4,37.6,51.9,15.9,37.9,17.55,23.65,37.25,28.7,84.7,88.1,10.05,40.0,35.6,109.0,88.1,104.0,23.5,26.2,23.45,409.5,48.3,37.9,272.5,31.05,136.5,279.5,39.25,127.5,130.5,91.7,67.0,166.0,74.5,45.05,126.0,111.0,32.5,89.5,16.65,16.75,38.45,10.0,39.8,35.7,14.3,139.0,220.0,39.0,30.15,39.95,21.9,521.0,92.8,463.0,677.0,316.5,8.39,20.9,98.1,50.1,78.1,398.5,237.5,9.6,44.9,15.5,58.0,24.7,120.5,75.0,42.25,103.0,21.45,24.5,84.7,16.3,24.25,275.0,87.3,407.5,165.5,198.5,16.9,51.4,55.0,19.95,10.1,19.25,13.85,24.55,57.0,86.1,72.1,14.05,110.0,10.55,9.73,62.7,104.5,20.65,74.7,19.55,277.0,319.0,213.5,66.7,285.0,50.5,80.6,12.65,117.5,107.5,281.5,40.65,26.45,202.0,45.65,30.1,32.3,82.6,299.0,12.65,31.45,335.0,115.0,4135.0,74.5,301.0,128.5,99.6,100.0,24.95,115.5,57.0,28.4,94.1,108.5,10.25,42.65
140.0,331.5,401.0,69.9,17.7,37.15,12.1,528.0,19.45,37.55,51.8,15.9,37.9,17.6,23.65,37.25,28.8,84.7,88.1,10.05,40.05,35.6,109.0,88.1,104.0,23.5,26.2,23.4,409.5,48.3,37.9,272.5,31.05,136.5,279.5,39.25,127.5,130.5,91.7,66.9,166.0,74.5,45.05,126.0,111.0,32.5,89.5,16.65,16.8,38.5,10.0,39.8,35.65,14.25,139.0,220.0,39.0,30.2,39.9,21.9,521.0,92.8,464.0,677.0,316.5,8.4,20.9,98.1,50.1,78.1,399.5,237.5,9.59,44.95,15.5,58.0,24.7,120.5,75.0,42.25,104.0,21.45,24.45,84.8,16.25,24.25,275.0,87.3,407.5,165.5,198.5,16.9,51.5,55.0,19.95,10.1,19.25,13.85,24.5,57.2,86.2,72.1,14.05,110.0,10.55,9.73,62.7,105.0,20.6,74.7,19.55,277.0,319.0,213.5,66.7,285.0,50.5,80.6,12.6,117.0,107.5,281.0,40.65,26.45,201.5,45.7,30.15,32.3,82.6,299.0,12.6,31.45,335.5,115.0,4135.0,74.4,301.0,128.5,99.6,100.0,24.9,115.5,56.9,28.4,94.4,108.5,10.25,42.7
140.0,332.5,400.0,69.9,17.75,37.25,12.15,528.0,19.45,37.6,51.8,15.9,37.9,17.55,23.65,37.25,28.75,84.7,88.2,10.05,40.05,35.6,109.0,88.3,104.0,23.5,26.2,23.4,409.5,48.25,37.9,272.5,31.05,137.0,279.5,39.25,127.5,130.5,91.7,66.9,165.5,74.5,45.05,125.0,111.0,32.45,89.4,16.65,16.75,38.5,10.0,39.8,35.65,14.25,139.5,219.5,39.0,30.15,39.95,21.95,521.0,92.7,463.5,677.0,316.5,8.39,20.9,98.1,50.1,78.1,400.0,238.0,9.59,45.0,15.5,58.0,24.75,120.5,74.9,42.25,103.5,21.45,24.5,84.8,16.25,24.25,275.5,87.2,407.5,165.5,198.5,16.9,51.4,55.1,19.95,10.1,19.25,13.8,24.55,57.3,86.3,72.0,14.05,110.0,10.5,9.73,62.7,105.0,20.6,74.7,19.55,277.5,319.0,213.5,66.7,285.0,50.5,80.7,12.6,117.0,108.0,280.5,40.65,26.45,202.0,45.7,30.1,32.3,82.6,299.0,12.6,31.5,335.5,115.5,4135.0,74.4,301.5,128.0,99.6,100.0,24.9,115.5,56.9,28.4,94.4,108.5,10.2,42.7
140.0,332.0,400.0,69.9,17.7,37.1,12.1,528.0,19.4,37.6,51.8,15.9,37.9,17.55,23.65,37.25,28.75,84.6,88.1,10.05,40.05,35.6,109.0,88.3,104.0,23.5,26.2,23.45,409.5,48.4,37.9,272.5,31.05,137.0,279.5,39.3,127.5,130.5,91.7,66.9,165.5,74.5,45.0,126.0,111.0,32.4,89.5,16.6,16.8,38.45,10.0,39.85,35.65,14.3,139.0,219.5,39.05,30.15,39.95,21.9,521.0,92.7,464.0,677.0,316.5,8.39,20.9,98.1,50.1,78.1,399.0,237.5,9.59,45.0,15.5,58.0,24.7,120.5,74.9,42.25,103.5,21.5,24.45,84.7,16.25,24.25,275.0,87.3,408.0,166.0,198.5,16.9,51.5,55.0,19.95,10.1,19.25,13.8,24.55,57.2,86.3,72.0,14.05,110.0,10.55,9.72,62.7,105.0,20.6,74.7,19.6,277.0,319.0,213.5,66.7,285.0,50.5,80.8,12.65,117.0,108.0,280.0,40.7,26.45,202.0,45.75,30.15,32.35,82.6,299.5,12.65,31.5,335.5,116.0,4135.0,74.4,301.5,128.0,99.6,100.0,24.9,115.5,57.1,28.4,94.4,109.0,10.3,42.7
140.0,332.0,400.0,69.8,17.7,37.2,12.1,528.0,19.4,37.55,51.8,15.9,37.95,17.6,23.65,37.25,28.8,84.7,88.1,10.05,40.05,35.6,109.0,88.5,104.0,23.5,26.2,23.45,409.5,48.25,37.9,272.5,31.05,137.0,279.5,39.3,127.5,130.5,91.7,66.9,165.5,74.5,45.0,126.0,111.0,32.45,89.4,16.6,16.8,38.45,10.05,39.85,35.65,14.3,139.0,219.5,39.05,30.15,39.95,21.9,521.0,92.7,464.0,677.0,316.5,8.39,20.9,98.1,50.1,78.1,397.5,238.0,9.6,44.95,15.5,58.0,24.7,120.5,75.0,42.3,103.5,21.5,24.45,84.6,16.3,24.25,275.0,87.3,408.0,165.5,198.0,16.95,51.5,55.1,19.9,10.1,19.25,13.8,24.55,57.5,86.4,72.1,14.05,110.0,10.5,9.72,62.7,105.0,20.6,74.7,19.6,277.0,319.0,213.5,66.7,285.0,50.5,80.7,12.6,117.0,108.0,280.0,40.6,26.4,202.0,45.75,30.15,32.35,82.6,299.5,12.6,31.5,335.5,115.5,4135.0,74.3,301.5,128.0,99.5,100.0,24.9,115.5,56.8,28.4,94.5,108.5,10.25,42.65
139.5,331.5,400.0,69.9,17.7,37.1,12.1,528.0,19.4,37.6,51.8,15.85,37.95,17.55,23.65,37.25,28.7,84.6,88.1,10.05,40.05,35.6,109.0,88.3,104.0,23.5,26.2,23.45,409.5,48.35,37.9,272.5,31.1,137.0,279.5,39.2,127.5,130.5,91.7,66.9,165.5,74.5,45.0,125.5,111.0,32.5,89.4,16.6,16.8,38.5,10.0,39.85,35.7,14.25,139.0,219.5,39.0,30.15,40.0,21.95,521.0,92.7,464.5,677.0,316.5,8.39,20.9,98.1,50.1,78.1,398.5,238.0,9.6,44.95,15.5,58.0,24.7,120.5,75.0,42.3,104.0,21.45,24.45,84.8,16.25,24.25,275.0,87.2,407.0,165.5,198.0,16.9,51.4,55.1,19.9,10.1,19.25,13.8,24.55,57.6,86.4,72.0,14.1,110.0,10.55,9.72,62.7,105.0,20.6,74.7,19.55,277.5,319.0,213.5,66.7,285.0,50.5,80.5,12.65,117.0,107.5,280.5,40.6,26.45,202.0,45.8,30.15,32.3,82.6,300.0,12.6,31.5,335.5,115.5,4135.0,74.4,301.5,128.0,99.4,100.5,24.95,115.5,56.8,28.4,94.4,108.5,10.3,42.65
140.0,331.0,400.0,69.9,17.7,37.2,12.15,528.0,19.45,37.6,51.9,15.9,37.95,17.55,23.65,37.25,28.7,84.7,88.2,10.05,40.05,35.6,109.0,88.4,104.0,23.5,26.2,23.4,408.5,48.4,37.9,272.5,31.1,136.5,279.5,39.2,127.5,131.0,91.7,67.0,166.0,74.6,45.0,125.0,111.0,32.45,89.5,16.6,16.75,38.5,10.0,39.85,35.65,14.3,139.0,219.5,39.05,30.15,39.95,21.9,521.0,92.7,464.5,677.0,317.0,8.39,20.9,98.2,50.1,78.1,399.5,238.0,9.6,45.0,15.5,58.0,24.75,121.0,75.0,42.3,103.5,21.45,24.45,84.6,16.25,24.25,275.0,87.2,407.0,165.5,198.0,16.95,51.4,55.1,19.85,10.1,19.25,13.8,24.5,57.6,86.4,72.0,14.1,109.5,10.55,9.72,62.7,105.0,20.6,74.7,19.55,277.5,319.5,213.5,66.8,285.5,50.4,80.5,12.6,117.5,107.5,280.5,40.7,26.4,201.5,45.7,30.15,32.3,82.6,299.5,12.6,31.45,335.5,115.0,4130.0,74.5,301.5,128.0,99.3,100.5,24.9,116.0,56.8,28.4,94.5,108.5,10.3,42.7
139.5,330.5,400.0,69.8,17.65,37.05,12.15,529.0,19.4,37.6,51.8,15.85,37.95,17.5,23.65,37.25,28.75,84.7,88.2,10.05,40.05,35.6,109.0,88.4,104.0,23.5,26.2,23.4,408.5,48.25,37.85,272.5,31.05,136.5,279.5,39.2,128.0,131.0,91.7,66.9,165.5,74.6,45.0,125.5,111.0,32.45,89.5,16.6,16.75,38.5,10.0,39.85,35.65,14.25,139.0,219.5,39.05,30.25,39.95,21.9,521.0,92.7,464.0,677.0,316.5,8.39,20.85,98.1,50.1,78.1,399.5,238.0,9.59,44.95,15.5,58.0,24.75,120.5,74.9,42.3,103.0,21.45,24.45,84.7,16.3,24.3,275.0,87.1,409.5,165.5,198.0,16.95,51.4,55.1,19.9,10.1,19.25,13.8,24.5,57.5,86.4,72.0,14.05,109.5,10.55,9.72,62.7,105.5,20.6,74.7,19.55,277.5,320.5,213.5,66.8,285.5,50.4,80.5,12.6,117.0,107.5,281.0,40.7,26.4,202.0,45.75,30.15,32.3,82.6,300.0,12.65,31.45,335.5,115.5,4130.0,74.5,301.0,128.0,99.4,100.5,24.9,115.5,56.8,28.4,94.5,108.5,10.3,42.7
139.5,331.0,400.0,69.9,17.65,37.2,12.15,529.0,19.4,37.6,51.8,15.85,37.9,17.5,23.65,37.25,28.8,84.7,88.1,10.05,40.0,35.6,109.0,88.2,104.0,23.5,26.2,23.4,408.5,48.25,37.9,272.5,31.05,136.5,279.0,39.2,127.5,131.0,91.7,67.0,165.5,74.7,45.0,125.0,111.0,32.45,89.3,16.6,16.75,38.5,10.05,39.85,35.6,14.3,139.5,219.5,39.0,30.2,39.95,21.95,521.0,92.7,464.0,677.0,316.5,8.39,20.9,98.1,50.1,78.1,399.0,238.0,9.6,44.95,15.5,58.0,24.75,120.5,75.0,42.3,103.5,21.5,24.45,84.6,16.25,24.25,275.0,87.3,409.5,165.5,198.0,16.95,51.5,55.1,19.85,10.1,19.2,13.8,24.55,57.6,86.3,72.0,14.05,109.5,10.55,9.72,62.7,105.5,20.65,74.7,19.55,277.0,321.0,213.5,66.8,285.0,50.4,80.5,12.6,117.0,107.5,281.0,40.65,26.4,202.0,45.7,30.2,32.3,82.6,300.0,12.65,31.45,335.5,115.0,4130.0,74.6,301.5,128.0,99.6,100.5,24.95,115.5,56.8,28.4,94.2,108.5,10.3,42.65
139.5,331.0,400.0,69.8,17.7,37.05,12.15,529.0,19.4,37.6,51.9,15.9,37.9,17.55,23.6,37.25,28.75,84.7,88.1,10.05,40.05,35.6,109.0,88.2,104.0,23.5,26.2,23.4,409.5,48.25,37.9,272.5,31.05,136.5,279.0,39.2,127.5,131.0,91.7,67.0,166.0,74.8,45.0,125.0,111.0,32.45,89.5,16.6,16.8,38.5,10.05,39.85,35.6,14.25,139.0,220.0,38.95,30.25,39.95,21.9,521.0,92.7,464.0,677.0,316.5,8.4,20.85,98.2,50.1,78.1,399.0,238.0,9.6,44.95,15.5,58.0,24.75,121.0,75.2,42.3,103.0,21.45,24.45,84.7,16.25,24.3,275.0,87.3,408.0,166.0,198.0,16.95,51.4,55.1,19.85,10.15,19.25,13.8,24.5,57.6,86.3,72.0,14.05,109.5,10.5,9.72,62.7,105.0,20.65,74.8,19.55,277.0,318.5,213.5,66.8,285.0,50.4,80.6,12.6,117.0,107.5,281.0,40.65,26.3,202.0,45.7,30.2,32.3,82.6,300.0,12.65,31.45,335.5,115.0,4130.0,74.6,301.5,128.0,99.5,100.5,24.95,115.5,56.8,28.4,94.3,108.5,10.25,42.7
139.5,330.5,400.0,69.9,17.65,37.2,12.15,529.0,19.4,37.6,51.8,15.9,37.9,17.5,23.6,37.3,28.75,84.7,88.1,10.05,40.05,35.6,109.0,88.2,104.0,23.5,26.2,23.4,409.0,48.25,37.85,272.5,31.05,136.5,279.0,39.25,127.5,131.0,91.7,66.9,166.0,74.8,45.0,125.5,111.0,32.45,89.5,16.6,16.75,38.5,10.05,39.85,35.6,14.25,139.0,220.0,38.9,30.2,39.95,21.9,521.0,92.7,463.5,678.0,316.5,8.39,20.9,98.2,50.1,78.1,398.5,238.0,9.59,44.95,15.5,58.0,24.75,120.5,75.2,42.3,103.0,21.45,24.45,84.7,16.25,24.25,275.0,87.1,408.0,165.5,198.0,16.9,51.5,55.2,19.85,10.1,19.2,13.8,24.5,57.5,86.3,71.9,14.05,109.5,10.55,9.72,62.7,105.0,20.65,74.7,19.55,277.5,318.5,213.5,66.7,285.5,50.4,80.5,12.6,117.5,107.5,281.0,40.65,26.4,201.5,45.75,30.25,32.3,82.6,299.5,12.6,31.45,335.0,115.5,4130.0,74.6,301.0,128.0,99.6,100.5,24.95,115.5,56.8,28.4,94.3,108.5,10.25,42.7
139.5,330.5,400.0,69.8,17.7,37.05,12.15,529.0,19.4,37.6,51.8,15.9,37.9,17.5,23.6,37.25,28.75,84.6,88.1,10.05,40.05,35.6,109.0,88.3,104.0,23.5,26.2,23.4,409.0,48.25,37.85,272.5,31.05,136.5,279.0,39.2,127.5,131.0,91.7,67.0,166.0,74.9,45.0,125.0,111.0,32.4,89.5,16.6,16.75,38.45,10.0,39.85,35.65,14.25,139.0,220.0,38.9,30.2,39.9,21.9,521.0,92.6,463.0,677.0,316.5,8.39,20.9,98.1,50.1,78.1,398.5,238.0,9.59,44.95,15.5,58.0,24.8,120.5,75.2,42.35,103.5,21.45,24.4,84.6,16.25,24.25,275.0,87.4,408.0,165.5,198.0,16.9,51.5,55.2,19.9,10.15,19.2,13.8,24.55,57.5,86.1,71.9,14.05,110.0,10.55,9.72,62.6,105.5,20.65,74.7,19.55,277.5,317.0,213.5,66.7,285.5,50.4,80.6,12.6,117.0,108.0,282.0,40.65,26.4,201.0,45.75,30.2,32.3,82.6,300.0,12.65,31.5,335.0,115.5,4130.0,74.9,301.0,128.5,99.6,100.5,24.95,115.5,56.8,28.4,94.1,108.5,10.25,42.7
139.5,331.5,400.0,69.8,17.65,37.2,12.15,528.0,19.4,37.6,51.8,15.9,37.95,17.5,23.65,37.25,28.75,84.6,88.1,10.05,40.05,35.6,108.5,88.3,103.5,23.5,26.2,23.35,409.0,48.25,37.85,272.0,31.05,136.5,279.0,39.2,127.5,131.0,91.7,67.0,166.0,74.9,45.0,125.0,111.0,32.4,89.6,16.6,16.8,38.5,10.0,39.8,35.65,14.25,139.0,220.0,38.95,30.2,39.95,21.9,521.0,92.6,463.0,677.0,316.5,8.39,20.9,98.1,50.1,78.1,399.5,238.0,9.59,44.95,15.5,58.0,24.75,120.5,75.2,42.35,103.0,21.45,24.4,84.7,16.25,24.25,275.5,87.3,408.0,165.5,198.0,16.9,51.5,55.1,19.9,10.1,19.2,13.8,24.55,57.4,86.2,72.0,14.05,110.0,10.55,9.72,62.6,105.0,20.7,74.7,19.55,277.5,317.5,213.5,66.7,285.5,50.4,80.6,12.6,117.5,108.0,282.0,40.65,26.4,200.5,45.7,30.2,32.3,82.6,300.0,12.6,31.5,335.0,115.5,4130.0,75.3,301.5,128.5,99.6,100.5,24.95,115.5,56.8,28.4,94.3,109.0,10.25,42.7
140.0,330.5,400.0,69.7,17.65,37.2,12.15,529.0,19.4,37.65,51.8,15.9,37.9,17.55,23.6,37.25,28.7,84.5,88.1,10.05,40.0,35.6,108.5,88.4,103.5,23.5,26.15,23.35,409.0,48.25,37.85,272.0,31.0,136.5,280.0,39.25,127.5,131.0,91.7,67.0,166.0,74.9,45.0,125.5,111.0,32.45,89.5,16.65,16.8,38.5,10.0,39.8,35.65,14.25,139.5,220.0,38.9,30.2,39.9,21.9,521.0,92.7,463.0,677.0,316.5,8.4,20.85,98.2,50.1,78.1,400.0,238.0,9.59,44.9,15.55,58.0,24.75,120.5,75.1,42.35,103.5,21.45,24.45,84.6,16.25,24.25,275.5,87.3,408.0,165.5,198.0,16.95,51.5,55.2,19.9,10.1,19.2,13.8,24.55,57.4,86.1,71.9,14.05,109.5,10.5,9.72,62.6,105.5,20.65,74.7,19.55,277.5,318.0,213.5,66.7,285.5,50.5,80.6,12.6,117.5,107.5,281.0,40.7,26.4,200.5,45.7,30.2,32.3,82.6,299.5,12.65,31.45,334.5,115.5,4135.0,75.4,301.5,128.5,99.5,100.5,24.95,115.5,56.9,28.4,94.3,109.0,10.3,42.75
140.0,331.0,400.0,69.8,17.7,37.2,12.2,529.0,19.4,37.7,51.8,15.9,37.9,17.5,23.6,37.25,28.75,84.5,88.1,10.05,40.05,35.6,109.0,88.4,104.0,23.5,26.15,23.4,408.5,48.2,37.85,272.0,31.0,136.5,280.0,39.25,127.5,131.0,91.7,67.0,166.0,74.8,45.05,125.0,111.0,32.45,89.5,16.65,16.8,38.5,10.0,39.8,35.65,14.25,139.0,219.5,38.95,30.25,39.9,21.9,521.0,92.6,463.0,677.0,316.5,8.4,20.85,98.1,50.1,78.1,401.0,237.5,9.59,44.85,15.5,58.0,24.75,120.5,75.0,42.35,103.0,21.5,24.5,84.6,16.25,24.3,275.5,87.3,408.0,165.5,198.0,16.95,51.5,55.2,19.9,10.1,19.25,13.8,24.55,57.4,86.3,71.9,14.05,109.5,10.55,9.72,62.6,105.0,20.65,74.7,19.55,277.5,318.5,213.5,66.7,285.5,50.3,80.5,12.6,117.5,107.5,281.0,40.75,26.35,201.0,45.75,30.2,32.3,82.6,299.5,12.6,31.5,335.0,115.5,4135.0,75.5,301.0,128.5,99.5,100.5,25.0,115.5,56.9,28.4,94.2,109.0,10.3,42.7
140.5,331.5,400.0,69.8,17.65,37.15,12.15,528.0,19.4,37.8,51.8,15.95,37.9,17.5,23.6,37.25,28.75,84.5,88.1,10.05,40.05,35.6,109.0,88.3,103.5,23.5,26.15,23.35,408.5,48.25,37.85,272.0,31.05,136.5,280.0,39.2,127.5,131.0,91.7,66.9,166.0,74.8,45.05,125.0,111.0,32.4,89.5,16.65,16.8,38.5,10.0,39.8,35.65,14.25,139.0,220.0,38.95,30.2,39.9,21.9,521.0,92.6,463.0,677.0,316.5,8.4,20.85,98.2,50.1,78.1,401.0,238.0,9.59,44.85,15.5,58.0,24.75,120.5,75.1,42.3,103.5,21.5,24.45,84.6,16.25,24.3,275.0,87.3,408.0,165.5,198.0,16.95,51.5,55.3,19.85,10.1,19.25,13.8,24.55,57.1,86.3,71.8,14.05,109.5,10.55,9.72,62.6,105.5,20.7,74.7,19.55,277.5,318.5,213.5,66.7,285.5,50.4,80.5,12.6,117.5,107.5,281.0,40.75,26.4,201.5,45.75,30.2,32.3,82.6,300.0,12.6,31.5,334.5,116.0,4135.0,75.6,301.0,128.5,99.5,100.5,24.95,115.5,56.9,28.4,94.2,108.5,10.25,42.7
140.0,332.0,400.0,69.8,17.7,37.15,12.15,528.0,19.4,37.95,51.7,15.95,37.95,17.55,23.65,37.25,28.7,84.5,88.2,10.05,40.0,35.6,109.0,88.4,103.5,23.45,26.15,23.35,408.5,48.45,37.9,272.0,31.05,136.0,280.0,39.2,127.5,131.0,91.7,67.0,166.0,74.8,45.0,125.0,110.5,32.4,89.5,16.6,16.8,38.5,10.0,39.8,35.65,14.3,139.0,220.0,38.95,30.2,39.95,21.85,521.0,92.6,463.5,677.0,316.5,8.4,20.85,98.2,50.1,78.1,401.5,237.5,9.59,44.85,15.55,58.0,24.75,120.5,75.0,42.3,103.5,21.5,24.5,84.7,16.25,24.3,275.0,87.3,407.5,165.0,198.0,16.95,51.5,55.2,19.85,10.1,19.2,13.8,24.5,57.2,86.3,71.8,14.05,109.5,10.55,9.72,62.6,105.5,20.65,74.7,19.55,277.5,318.5,213.5,66.7,285.5,50.4,80.5,12.6,117.5,107.5,281.0,40.7,26.4,201.5,45.75,30.2,32.3,82.6,300.0,12.6,31.5,335.0,116.5,4135.0,75.8,301.0,128.5,99.5,101.0,24.95,115.5,56.9,28.4,94.3,108.5,10.3,42.7
140.5,332.0,400.0,69.8,17.7,37.2,12.2,528.0,19.4,37.85,51.7,15.95,37.95,17.55,23.65,37.25,28.75,84.5,88.1,10.05,40.0,35.6,109.0,88.4,103.5,23.45,26.2,23.4,407.5,48.45,37.9,272.0,31.05,136.0,280.0,39.2,127.5,131.0,91.8,67.0,166.0,74.8,45.0,125.5,110.5,32.45,89.5,16.6,16.8,38.5,10.0,39.85,35.65,14.3,139.0,220.0,38.9,30.2,39.9,21.9,521.0,92.6,463.0,678.0,316.5,8.4,20.85,98.2,50.1,78.1,401.5,237.5,9.59,44.9,15.6,58.0,24.75,120.5,75.0,42.3,103.5,21.45,24.45,84.8,16.25,24.3,275.0,87.4,407.5,165.5,198.5,16.95,51.5,55.3,19.85,10.1,19.2,13.8,24.5,57.2,86.2,71.9,14.05,109.5,10.55,9.72,62.6,105.5,20.65,74.7,19.55,277.5,318.0,213.0,66.5,285.0,50.4,80.5,12.6,117.5,107.5,281.5,40.7,26.35,200.5,45.75,30.2,32.3,82.6,300.0,12.6,31.5,335.0,116.0,4135.0,76.3,301.0,128.0,99.5,101.0,25.0,115.5,56.9,28.4,94.2,108.5,10.25,42.75
140.5,332.5,400.0,69.9,17.7,37.15,12.15,527.0,19.4,37.7,51.7,15.9,37.95,17.55,23.65,37.25,28.7,84.5,88.1,10.05,40.05,35.6,109.0,88.4,103.5,23.5,26.15,23.35,407.5,48.45,37.9,272.0,31.05,136.0,280.0,39.2,127.5,131.0,91.8,67.0,166.0,74.8,45.0,125.5,110.5,32.45,89.5,16.6,16.8,38.55,10.0,39.8,35.65,14.3,139.0,220.0,38.95,30.2,39.9,21.9,521.0,92.6,463.0,675.0,316.5,8.39,20.85,98.1,50.1,78.1,401.0,238.0,9.59,44.9,15.55,58.0,24.8,120.5,74.9,42.25,103.5,21.45,24.6,84.6,16.25,24.25,275.0,87.4,407.5,165.5,198.5,16.9,51.5,55.2,19.9,10.1,19.25,13.8,24.55,57.1,86.2,71.8,14.05,109.5,10.55,9.72,62.6,105.5,20.65,74.7,19.55,277.0,319.0,213.0,66.5,285.0,50.4,80.5,12.6,117.5,107.5,281.5,40.7,26.4,201.5,45.7,30.2,32.3,82.6,300.0,12.6,31.5,335.0,116.0,4135.0,76.2,301.0,128.0,99.5,100.5,24.95,115.5,56.9,28.4,94.3,108.5,10.3,42.75
140.0,332.5,400.0,69.9,17.75,37.15,12.2,527.0,19.4,37.75,51.7,15.95,37.95,17.55,23.6,37.25,28.7,84.6,88.2,10.05,40.05,35.6,109.0,88.5,103.5,23.45,26.2,23.35,408.0,48.35,37.85,272.0,31.05,136.0,280.0,39.25,127.5,131.0,91.8,66.9,166.0,74.8,45.0,125.0,110.5,32.45,89.5,16.65,16.8,38.55,10.0,39.8,35.65,14.3,139.0,220.0,38.85,30.2,39.9,21.9,521.0,92.6,463.0,675.0,316.5,8.4,20.85,98.2,50.1,78.1,400.5,238.0,9.6,44.9,15.55,58.0,24.75,120.5,75.0,42.3,104.0,21.45,24.6,84.6,16.25,24.25,275.0,87.2,407.5,165.5,198.0,16.9,51.5,55.2,19.9,10.1,19.25,13.8,24.55,57.1,86.2,71.8,14.05,109.5,10.55,9.73,62.6,105.5,20.65,74.6,19.6,278.0,319.0,213.0,66.5,285.0,50.4,80.5,12.6,117.5,108.0,282.0,40.7,26.4,201.5,45.75,30.25,32.3,82.6,300.0,12.65,31.5,335.5,116.0,4140.0,76.2,301.5,128.0,99.5,101.0,25.0,115.5,56.9,28.4,94.3,108.5,10.3,42.8
140.0,332.5,400.0,70.0,17.7,37.2,12.2,527.0,19.4,37.7,51.8,15.9,37.95,17.55,23.6,37.25,28.75,84.6,88.1,10.05,40.05,35.6,109.0,88.5,104.0,23.5,26.2,23.35,407.5,48.3,37.9,272.0,31.05,136.0,280.0,39.2,127.5,131.0,91.8,67.0,166.0,74.7,45.0,125.0,110.5,32.45,89.4,16.6,16.75,38.55,10.0,39.8,35.65,14.3,139.0,219.5,38.9,30.2,39.95,21.9,521.0,92.6,463.0,675.0,316.5,8.39,20.85,98.2,50.1,78.1,400.0,238.0,9.6,44.9,15.6,58.0,24.75,121.0,75.0,42.25,103.5,21.45,24.55,84.8,16.25,24.25,275.0,87.3,407.5,165.5,199.0,16.9,51.6,55.3,19.85,10.15,19.2,13.8,24.5,57.3,86.3,71.9,14.05,109.5,10.55,9.73,62.6,105.5,20.65,74.6,19.55,278.0,318.5,213.0,66.7,285.0,50.5,80.5,12.6,117.5,108.0,281.5,40.7,26.4,201.5,45.75,30.2,32.3,82.6,300.0,12.6,31.45,334.5,116.0,4140.0,76.8,301.5,128.0,99.6,101.0,24.95,115.5,56.9,28.35,94.4,108.5,10.25,42.8
140.0,332.5,400.0,69.9,17.75,37.2,12.15,527.0,19.4,37.7,51.7,15.95,37.95,17.5,23.6,37.25,28.75,84.6,88.2,10.05,40.05,35.6,109.0,88.4,103.5,23.45,26.15,23.35,407.5,48.4,37.85,272.0,31.05,136.0,280.0,39.25,127.5,131.0,91.8,67.0,166.5,74.7,45.05,125.0,110.5,32.45,89.5,16.6,16.8,38.5,10.0,39.8,35.65,14.3,139.0,219.5,38.9,30.2,39.95,21.9,521.0,92.6,462.5,677.0,316.5,8.4,20.85,98.1,50.1,78.1,401.0,238.0,9.6,44.9,15.55,58.0,24.75,121.0,75.0,42.25,104.0,21.45,24.55,84.8,16.25,24.25,275.5,87.3,407.5,166.0,199.0,16.9,51.6,55.3,19.9,10.1,19.2,13.8,24.55,57.1,86.2,72.0,14.05,110.0,10.55,9.73,62.6,105.0,20.65,74.6,19.55,277.5,318.5,213.0,66.7,285.0,50.5,80.5,12.65,117.5,107.5,281.5,40.75,26.4,201.5,45.75,30.25,32.3,82.6,300.0,12.6,31.45,335.0,115.5,4135.0,76.5,301.5,128.0,99.5,100.5,24.95,115.5,56.9,28.35,94.5,109.0,10.3,42.8
140.0,334.0,400.0,70.0,17.75,37.15,12.2,527.0,19.4,37.7,51.7,15.95,37.95,17.55,23.6,37.25,28.7,84.7,88.1,10.05,40.05,35.65,109.0,88.4,103.5,23.45,26.15,23.35,407.5,48.4,37.85,272.0,31.05,136.0,280.0,39.2,127.5,130.5,91.8,67.0,166.5,74.7,45.05,125.5,110.5,32.45,89.5,16.6,16.8,38.5,10.0,39.8,35.65,14.25,139.5,220.0,38.9,30.25,39.95,21.9,521.0,92.5,462.5,677.0,316.5,8.39,20.85,98.2,50.1,78.2,400.5,237.5,9.6,44.9,15.5,58.0,24.75,121.5,75.0,42.2,103.5,21.45,24.5,84.7,16.25,24.3,275.0,87.4,407.5,166.0,199.0,16.9,51.7,55.3,19.9,10.15,19.2,13.8,24.5,57.2,86.2,72.0,14.05,110.0,10.55,9.73,62.6,105.5,20.65,74.6,19.55,277.5,318.5,213.5,66.7,285.0,50.5,80.5,12.6,117.5,108.0,281.5,40.75,26.4,201.0,45.8,30.2,32.3,82.6,300.0,12.6,31.45,335.0,116.0,4135.0,76.4,301.0,128.0,99.6,100.5,24.95,115.5,56.9,28.3,94.6,109.0,10.25,42.75
140.0,334.0,400.0,69.9,17.75,37.2,12.2,527.0,19.4,37.7,51.7,15.95,37.95,17.5,23.6,37.25,28.7,84.7,88.2,10.05,40.0,35.6,109.0,88.4,103.5,23.45,26.15,23.35,406.0,48.3,37.9,272.0,31.05,136.0,280.0,39.2,127.5,130.5,91.8,67.0,166.0,74.7,45.05,125.5,110.5,32.45,89.5,16.6,16.8,38.5,10.05,39.8,35.65,14.25,139.5,220.0,38.9,30.2,40.0,21.95,521.0,92.6,462.5,675.0,315.5,8.39,20.85,98.3,50.1,78.1,401.0,238.0,9.59,44.9,15.55,58.0,24.75,121.0,75.0,42.2,103.5,21.45,24.5,84.7,16.25,24.25,275.0,87.4,407.5,165.5,199.0,16.9,51.6,55.3,19.85,10.15,19.2,13.8,24.55,57.2,86.3,72.0,14.05,109.5,10.55,9.72,62.6,105.0,20.7,74.6,19.55,277.5,318.5,213.0,66.7,285.0,50.4,80.5,12.6,117.5,108.0,281.0,40.75,26.4,201.0,45.8,30.2,32.3,82.6,300.0,12.65,31.5,335.5,116.0,4135.0,76.5,301.5,128.0,99.6,100.5,24.95,115.5,56.9,28.3,94.6,108.5,10.25,42.75
139.5,333.5,400.0,69.9,17.7,37.2,12.2,528.0,19.4,37.65,51.7,15.9,37.95,17.55,23.6,37.25,28.75,84.8,88.2,10.05,40.05,35.6,109.0,88.4,103.5,23.45,26.15,23.35,405.0,48.3,37.9,272.0,31.05,136.0,279.5,39.2,127.5,130.5,91.8,67.0,166.5,74.7,45.05,125.0,110.5,32.5,89.6,16.6,16.8,38.55,10.0,39.75,35.7,14.3,139.5,220.5,38.85,30.2,40.0,22.0,522.0,92.7,462.5,675.0,315.0,8.39,20.85,98.2,50.1,78.1,400.5,238.0,9.6,44.9,15.55,58.1,24.7,121.0,74.9,42.2,103.5,21.45,24.5,84.7,16.25,24.3,275.0,87.4,407.5,165.5,199.0,16.95,51.6,55.4,19.9,10.1,19.2,13.8,24.55,57.5,86.3,71.9,14.05,110.0,10.55,9.72,62.6,105.5,20.7,74.6,19.55,278.0,319.0,213.5,66.6,285.0,50.4,80.5,12.6,118.0,108.0,281.5,40.75,26.4,201.0,45.75,30.2,32.35,82.6,300.0,12.6,31.5,335.0,116.5,4135.0,76.6,301.5,128.0,99.7,100.5,24.95,115.5,56.9,28.35,94.6,108.5,10.25,42.75
139.5,333.5,400.0,69.9,17.7,37.15,12.2,528.0,19.4,37.65,51.7,15.95,37.95,17.5,23.6,37.25,28.7,84.9,88.1,10.05,40.0,35.6,109.0,88.5,103.5,23.45,26.15,23.35,403.5,48.45,37.9,272.0,31.05,136.0,279.0,39.15,127.5,130.5,91.8,67.0,166.5,74.7,45.05,125.5,110.5,32.5,89.6,16.6,16.8,38.55,10.0,39.75,35.65,14.25,139.0,220.5,38.85,30.25,40.0,21.95,522.0,92.7,462.5,675.0,315.0,8.39,20.85,98.2,50.1,78.1,401.0,238.0,9.6,44.85,15.55,58.1,24.7,121.0,75.0,42.15,104.0,21.45,24.5,84.7,16.25,24.3,275.0,87.4,407.5,165.5,198.5,16.95,51.7,55.3,19.9,10.15,19.25,13.8,24.55,57.8,86.2,72.0,14.1,110.0,10.55,9.72,62.6,105.0,20.7,74.6,19.55,278.5,319.5,213.5,66.7,285.5,50.5,80.6,12.6,117.5,107.5,282.5,40.75,26.4,201.5,45.75,30.2,32.35,82.6,300.0,12.6,31.5,335.5,115.5,4135.0,76.4,301.5,128.0,99.6,100.5,25.0,115.5,56.9,28.35,94.6,109.0,10.25,42.75
139.5,334.0,400.0,69.9,17.7,37.2,12.2,528.0,19.4,37.7,51.7,15.9,37.95,17.5,23.6,37.3,28.75,84.9,88.1,10.05,40.05,35.6,109.0,88.4,103.5,23.45,26.15,23.35,405.0,48.3,37.9,272.0,31.05,136.0,279.0,39.2,127.5,130.5,91.8,66.9,166.5,74.7,45.05,125.5,110.5,32.5,89.6,16.6,16.8,38.55,10.0,39.8,35.65,14.3,139.0,220.5,38.9,30.2,40.0,21.95,522.0,92.7,462.5,677.0,315.0,8.39,20.85,98.3,50.1,78.1,402.5,238.5,9.59,44.85,15.55,58.1,24.7,121.0,75.0,42.15,103.5,21.45,24.55,84.6,16.25,24.25,275.0,87.0,408.0,165.0,198.5,16.9,51.6,55.4,19.9,10.1,19.2,13.8,24.5,57.9,86.2,71.9,14.05,110.0,10.55,9.72,62.6,105.5,20.7,74.6,19.6,278.0,320.0,213.5,66.7,285.0,50.4,80.5,12.6,117.5,108.0,283.0,40.75,26.4,201.0,45.8,30.25,32.3,82.5,300.0,12.6,31.5,335.5,116.5,4135.0,76.4,301.5,128.0,99.7,100.5,25.0,115.5,57.0,28.35,94.6,109.0,10.2,42.75
140.0,333.5,399.5,69.9,17.7,37.2,12.2,528.0,19.4,37.7,51.7,15.95,37.95,17.55,23.6,37.25,28.75,84.8,88.2,10.05,39.95,35.6,109.0,88.4,103.5,23.45,26.15,23.35,406.0,48.3,37.95,272.0,31.05,136.0,279.0,39.15,127.5,130.5,91.8,67.0,166.0,74.7,45.1,125.0,111.0,32.45,89.5,16.6,16.8,38.55,10.0,39.8,35.65,14.25,139.0,220.5,38.85,30.2,39.95,22.0,522.0,92.7,462.5,677.0,315.0,8.39,20.85,98.4,50.1,78.1,402.5,238.0,9.59,44.9,15.55,58.1,24.75,121.0,75.0,42.15,103.5,21.45,24.5,84.7,16.25,24.25,275.0,87.4,409.5,165.0,198.5,16.9,51.5,55.4,19.9,10.15,19.2,13.8,24.5,58.0,86.2,72.0,14.05,110.0,10.55,9.71,62.6,105.0,20.7,74.6,19.6,278.0,320.0,213.5,66.7,285.0,50.4,80.5,12.6,117.5,108.0,282.0,40.75,26.4,201.5,45.75,30.25,32.3,82.5,300.0,12.6,31.5,335.5,116.0,4135.0,76.3,301.5,128.0,99.6,100.5,24.95,115.5,57.0,28.4,94.7,108.5,10.25,42.75
140.0,334.0,399.5,69.9,17.7,37.15,12.2,528.0,19.4,37.7,51.7,15.9,37.95,17.5,23.6,37.25,28.75,84.8,88.1,10.1,39.95,35.6,109.0,88.4,103.5,23.45,26.15,23.4,406.0,48.25,37.9,272.0,31.05,136.0,279.0,39.2,127.5,130.5,91.8,66.9,165.5,74.6,45.1,125.0,111.0,32.45,89.5,16.6,16.8,38.5,10.0,39.75,35.65,14.25,139.0,220.5,38.9,30.2,39.95,22.0,522.0,92.8,462.0,675.0,315.0,8.39,20.85,98.4,50.1,78.1,401.5,238.5,9.59,44.9,15.55,58.1,24.75,121.0,74.9,42.15,103.5,21.45,24.5,84.7,16.25,24.3,275.0,87.1,409.5,165.0,198.5,16.95,51.5,55.3,19.95,10.1,19.25,13.85,24.5,57.9,86.3,71.9,14.1,110.0,10.55,9.72,62.6,105.0,20.7,74.6,19.6,278.0,319.0,213.5,66.7,285.0,50.4,80.5,12.6,118.0,107.5,282.0,40.75,26.4,201.5,45.8,30.2,32.3,82.5,300.0,12.65,31.45,335.0,116.0,4145.0,76.2,302.0,128.0,99.6,100.5,25.0,115.5,56.9,28.4,94.8,108.5,10.25,42.75
140.0,334.0,399.5,69.9,17.75,37.2,12.2,528.0,19.4,37.7,51.7,15.95,37.95,17.5,23.6,37.25,28.7,84.8,88.1,10.1,40.05,35.6,109.0,88.4,103.5,23.45,26.15,23.35,406.0,48.25,37.9,272.0,31.05,136.0,279.0,39.2,127.5,130.5,91.8,67.0,166.0,74.6,45.1,125.5,111.0,32.45,89.6,16.6,16.8,38.5,10.05,39.8,35.7,14.3,139.0,220.5,38.9,30.15,40.0,22.0,521.0,92.8,462.0,676.0,315.0,8.4,20.85,98.3,50.1,78.1,402.0,238.5,9.59,44.95,15.55,58.1,24.7,121.5,75.0,42.15,103.0,21.45,24.5,84.8,16.25,24.25,275.0,87.3,409.5,165.0,198.5,16.95,51.6,55.3,19.95,10.1,19.25,13.8,24.55,57.7,86.3,72.0,14.05,110.0,10.55,9.72,62.6,105.0,20.75,74.6,19.6,278.0,319.0,213.5,66.7,285.5,50.5,80.6,12.6,118.0,108.0,281.5,40.75,26.35,201.5,45.9,30.2,32.3,82.6,300.0,12.6,31.45,335.5,116.0,4145.0,76.0,302.0,128.5,99.7,100.5,24.95,115.5,56.8,28.35,94.8,109.0,10.3,42.75
140.0,334.0,399.5,69.9,17.75,37.1,12.2,528.0,19.45,37.65,51.7,15.9,37.95,17.55,23.6,37.1,28.7,84.9,88.2,10.1,40.05,35.6,109.0,88.3,103.5,23.45,26.15,23.4,406.0,48.45,37.9,272.0,31.05,136.0,279.0,39.15,127.5,130.5,91.8,66.9,166.0,74.6,45.1,125.0,111.0,32.45,89.5,16.65,16.8,38.55,10.0,39.75,35.7,14.3,139.0,220.5,38.9,30.15,39.95,22.0,521.0,92.8,462.0,676.0,315.5,8.4,20.85,98.3,50.1,78.1,402.0,238.5,9.59,44.9,15.55,58.1,24.7,121.0,75.0,42.15,103.5,21.45,24.5,84.8,16.25,24.25,275.0,87.3,409.5,165.5,198.5,16.95,51.6,55.3,19.95,10.15,19.2,13.8,24.55,57.7,86.3,71.9,14.05,109.5,10.55,9.72,62.6,105.0,20.75,74.6,19.6,278.0,318.5,213.5,66.7,285.5,50.5,80.6,12.6,117.5,107.5,283.0,40.9,26.35,202.0,45.9,30.2,32.3,82.6,300.0,12.65,31.5,335.5,116.5,4145.0,76.1,302.0,128.5,99.7,100.5,24.95,115.5,56.8,28.35,94.8,108.5,10.3,42.75
140.0,334.0,399.5,69.9,17.7,37.15,12.2,527.0,19.45,37.65,51.7,15.95,37.95,17.6,23.6,37.1,28.7,84.9,88.2,10.1,39.95,35.6,109.0,88.3,103.5,23.45,26.15,23.4,406.0,48.6,37.95,271.5,31.05,136.5,279.0,39.2,127.5,130.5,91.8,67.0,166.0,74.6,45.1,125.0,111.0,32.45,89.5,16.6,16.8,38.5,10.0,39.8,35.7,14.3,139.0,221.0,38.85,30.2,39.95,22.0,523.0,92.7,462.0,676.0,315.5,8.4,20.85,98.4,50.1,78.1,402.0,238.0,9.59,44.9,15.55,58.0,24.75,121.5,74.9,42.15,103.0,21.45,24.5,84.7,16.25,24.3,275.0,87.4,410.0,165.5,198.5,16.9,51.5,55.2,19.95,10.1,19.2,13.8,24.55,57.6,86.4,72.0,14.05,109.5,10.55,9.71,62.6,105.0,20.65,74.6,19.6,278.0,319.5,213.5,66.7,285.5,50.4,80.6,12.6,117.5,108.0,283.0,40.9,26.35,202.0,45.85,30.2,32.3,82.6,300.0,12.6,31.45,335.0,115.5,4145.0,76.1,302.0,128.5,99.7,100.5,24.95,116.0,56.8,28.35,94.5,109.0,10.3,42.7
140.0,334.0,399.5,70.0,17.7,37.15,12.2,527.0,19.45,37.65,51.8,15.95,37.95,17.55,23.6,37.2,28.7,85.0,88.1,10.1,40.0,35.6,109.0,88.3,104.0,23.45,26.15,23.4,404.0,48.55,37.9,271.5,31.0,136.5,279.0,39.15,127.5,130.5,91.8,66.9,166.0,74.6,45.1,125.5,111.0,32.45,89.5,16.6,16.8,38.5,10.0,39.8,35.7,14.25,139.0,221.0,38.9,30.2,40.0,22.0,523.0,92.7,462.0,676.0,315.0,8.4,20.85,98.3,50.1,78.1,404.0,238.5,9.59,44.95,15.6,58.0,24.8,121.5,75.0,42.15,103.0,21.5,24.5,84.8,16.25,24.25,275.5,87.3,410.0,165.0,198.5,16.9,51.5,55.2,19.95,10.1,19.2,13.8,24.55,57.6,86.3,72.0,14.1,109.5,10.55,9.72,62.6,104.5,20.65,74.6,19.55,278.0,319.5,213.5,66.7,285.5,50.4,80.5,12.6,117.5,107.5,283.0,40.85,26.35,202.0,45.8,30.25,32.3,82.6,300.0,12.6,31.45,335.0,116.0,4145.0,76.2,302.0,128.5,99.6,101.5,24.95,116.0,56.8,28.35,94.6,108.5,10.3,42.7
140.0,334.5,399.5,70.0,17.8,37.05,12.2,527.0,19.45,37.7,51.7,15.95,37.95,17.6,23.6,37.2,28.7,84.9,88.2,10.05,40.0,35.6,109.0,88.3,104.0,23.45,26.15,23.4,404.0,48.5,37.85,271.5,31.0,136.5,280.0,39.15,127.5,130.5,91.8,67.0,165.5,74.6,45.1,125.0,111.0,32.45,89.6,16.6,16.8,38.5,10.0,39.8,35.7,14.3,139.0,221.0,38.9,30.2,40.0,22.0,522.0,92.7,462.0,676.0,315.0,8.4,20.85,98.4,50.1,78.1,403.0,238.5,9.59,44.9,15.55,58.0,24.8,121.0,75.0,42.15,103.5,21.5,24.55,84.6,16.25,24.25,275.5,87.3,410.0,165.0,198.5,16.9,51.5,55.3,19.95,10.1,19.2,13.8,24.5,57.6,86.4,72.0,14.05,109.5,10.55,9.72,62.6,105.0,20.7,74.6,19.55,278.0,319.0,213.5,66.7,285.5,50.5,80.5,12.6,117.5,107.5,283.0,40.7,26.35,202.0,45.85,30.2,32.3,82.6,300.0,12.65,31.45,335.5,116.5,4145.0,76.2,302.0,128.0,99.7,101.5,24.95,115.5,56.8,28.35,94.6,108.5,10.25,42.7
140.0,335.0,399.5,69.9,17.8,37.0,12.15,528.0,19.4,37.7,51.7,15.9,37.95,17.55,23.6,37.2,28.65,84.9,88.2,10.05,39.95,35.6,109.0,88.3,104.0,23.45,26.2,23.35,405.0,48.5,37.9,271.5,31.0,136.0,279.0,39.15,127.5,130.5,91.8,67.0,166.0,74.6,45.15,125.0,111.0,32.45,89.5,16.65,16.75,38.45,10.0,39.75,35.7,14.25,139.0,221.0,38.9,30.2,40.05,22.0,522.0,92.6,462.5,676.0,315.0,8.4,20.85,98.3,50.1,78.1,403.0,238.0,9.59,44.95,15.55,58.0,24.75,121.5,74.9,42.2,103.5,21.55,24.5,84.8,16.25,24.25,275.0,87.3,410.0,165.5,198.5,16.95,51.6,55.3,19.95,10.1,19.25,13.8,24.55,57.5,86.3,71.9,14.05,110.0,10.5,9.72,62.6,105.0,20.65,74.6,19.6,278.0,319.5,213.5,66.8,285.0,50.5,80.5,12.6,117.5,107.5,283.0,40.7,26.35,201.5,46.05,30.2,32.3,82.6,300.0,12.6,31.45,335.5,116.0,4145.0,76.4,302.0,128.0,99.7,101.5,24.95,115.5,56.8,28.35,94.5,108.5,10.25,42.7
140.0,334.5,399.5,69.9,17.8,37.0,12.2,528.0,19.4,37.7,51.7,15.95,37.95,17.55,23.6,37.2,28.65,85.0,88.2,10.05,40.05,35.6,109.5,88.2,104.0,23.45,26.2,23.35,405.0,48.55,37.85,271.5,31.0,136.0,279.5,39.2,127.5,130.5,91.8,66.9,166.0,74.6,45.15,125.0,111.0,32.45,89.5,16.6,16.8,38.5,10.0,39.8,35.7,14.3,139.5,221.0,38.85,30.2,40.0,22.0,522.0,92.7,462.5,676.0,315.0,8.4,20.85,98.3,50.1,78.1,403.0,238.5,9.59,44.95,15.55,58.0,24.75,121.0,75.0,42.2,103.5,21.55,24.5,84.8,16.25,24.3,275.5,87.3,410.0,165.0,198.5,16.95,51.5,55.4,19.95,10.15,19.2,13.8,24.5,57.5,86.4,71.9,14.05,110.0,10.55,9.72,62.6,105.0,20.7,74.6,19.6,278.0,318.5,213.5,66.7,285.0,50.5,80.5,12.55,117.5,107.5,284.0,40.8,26.4,202.0,46.15,30.2,32.3,82.6,300.5,12.6,31.45,335.0,115.5,4145.0,76.2,302.0,128.0,99.7,101.0,25.0,115.5,56.8,28.35,94.7,108.5,10.25,42.7
140.0,334.0,399.5,69.9,17.75,37.0,12.2,528.0,19.4,37.75,51.7,15.95,37.95,17.55,23.6,37.2,28.65,84.9,88.2,10.05,40.05,35.6,109.5,88.1,104.0,23.45,26.2,23.35,405.0,48.55,37.9,271.5,31.0,136.0,279.5,39.2,127.5,130.5,91.8,67.0,166.0,74.6,45.15,125.0,111.0,32.45,89.6,16.6,16.8,38.5,10.0,39.75,35.65,14.25,139.0,221.0,38.9,30.2,40.0,22.0,522.0,92.7,462.5,676.0,315.0,8.4,20.85,98.3,50.1,78.2,403.5,238.0,9.59,44.9,15.55,58.0,24.75,121.0,75.0,42.15,103.5,21.55,24.5,84.7,16.25,24.25,275.5,87.3,410.0,165.5,198.5,16.9,51.5,55.3,19.95,10.1,19.25,13.8,24.55,57.5,86.3,71.9,14.1,110.0,10.5,9.72,62.6,105.0,20.75,74.6,19.55,278.0,318.5,213.5,66.7,285.5,50.5,80.5,12.6,117.5,108.0,285.0,40.75,26.4,202.0,46.1,30.2,32.3,82.6,300.0,12.6,31.45,335.5,116.0,4145.0,76.2,302.0,128.0,99.7,101.5,24.95,115.5,56.8,28.35,94.7,108.5,10.25,42.7
140.0,334.5,399.5,69.9,17.8,37.0,12.2,528.0,19.4,37.75,51.7,15.95,37.95,17.6,23.65,37.2,28.7,84.9,88.3,10.05,39.95,35.6,109.0,88.0,104.0,23.45,26.15,23.4,405.0,48.5,37.85,271.5,31.0,136.0,279.5,39.15,127.5,130.5,91.8,67.0,166.0,74.6,45.15,125.0,111.0,32.45,89.5,16.6,16.8,38.5,10.0,39.75,35.7,14.3,139.0,221.0,38.85,30.2,40.05,22.05,522.0,92.7,462.0,676.0,315.0,8.4,20.85,98.3,50.1,78.1,403.5,238.5,9.59,44.9,15.6,58.0,24.75,121.0,74.9,42.15,103.0,21.55,24.5,84.7,16.2,24.3,275.5,87.3,410.0,166.0,199.5,16.9,51.5,55.1,19.95,10.15,19.25,13.8,24.55,57.5,86.3,72.0,14.05,110.0,10.55,9.72,62.6,105.0,20.75,74.7,19.55,278.0,318.0,213.5,66.7,285.5,50.5,80.6,12.55,117.5,107.5,284.0,40.75,26.4,202.0,46.0,30.2,32.3,82.6,300.0,12.65,31.45,335.5,116.0,4145.0,76.1,302.0,128.0,99.7,102.0,24.95,115.5,56.8,28.35,94.6,108.5,10.3,42.7
140.0,334.0,399.5,69.9,17.75,37.1,12.2,528.0,19.4,37.75,51.7,15.95,37.95,17.55,23.6,37.2,28.65,84.8,88.4,10.05,40.05,35.6,109.5,88.0,104.0,23.45,26.2,23.35,405.0,48.45,37.9,271.5,31.0,136.0,280.0,39.2,127.5,130.5,91.8,67.0,166.0,74.6,45.15,125.0,111.0,32.45,89.6,16.6,16.8,38.5,10.0,39.8,35.7,14.25,139.0,221.0,38.9,30.2,40.0,22.1,523.0,92.7,462.0,676.0,315.5,8.4,20.85,98.4,50.1,78.2,404.0,238.0,9.59,44.9,15.6,58.0,24.7,121.0,75.0,42.2,103.5,21.5,24.55,84.7,16.2,24.3,275.5,87.3,409.0,165.5,199.0,16.9,51.5,55.1,19.95,10.1,19.25,13.8,24.55,57.5,86.3,72.0,14.05,109.5,10.55,9.72,62.6,105.0,20.7,74.7,19.55,278.0,318.0,213.5,66.7,285.5,50.5,80.6,12.6,118.0,108.0,284.0,40.75,26.4,202.0,45.95,30.2,32.35,82.6,300.0,12.6,31.45,335.5,116.0,4140.0,76.0,302.0,128.0,99.8,102.5,24.95,115.5,56.8,28.35,94.6,108.5,10.3,42.7
140.0,334.5,399.5,69.9,17.75,37.1,12.15,528.0,19.4,37.75,51.7,15.95,37.95,17.55,23.6,37.2,28.65,84.9,88.4,10.05,40.05,35.55,109.0,87.9,104.0,23.45,26.2,23.35,405.0,48.5,37.9,271.5,31.0,136.0,280.0,39.2,127.5,130.5,91.8,67.1,165.5,74.6,45.15,126.0,111.0,32.45,89.5,16.6,16.8,38.5,10.0,39.8,35.7,14.3,139.0,221.0,38.85,30.2,40.0,22.1,523.0,92.7,462.0,676.0,315.0,8.4,20.85,98.3,50.1,78.2,404.0,238.5,9.59,44.95,15.6,57.9,24.75,120.5,75.0,42.2,103.0,21.55,24.5,84.7,16.2,24.3,275.5,87.2,409.0,165.5,199.0,16.9,51.5,55.3,19.95,10.1,19.2,13.85,24.55,57.5,86.3,72.0,14.05,109.5,10.55,9.72,62.6,105.0,20.7,74.7,19.55,278.0,318.5,213.5,66.8,285.0,50.5,80.6,12.6,118.0,107.5,283.0,40.75,26.4,202.0,45.95,30.2,32.35,82.6,300.0,12.6,31.45,335.5,116.0,4140.0,75.9,302.0,128.0,99.9,103.0,24.95,115.5,56.8,28.35,94.7,109.0,10.3,42.7
140.0,334.0,399.5,69.9,17.75,37.1,12.2,528.0,19.4,37.7,51.7,15.9,37.95,17.6,23.6,37.2,28.7,84.9,88.4,10.05,39.95,35.55,109.5,87.9,104.0,23.45,26.2,23.4,405.0,48.5,37.9,271.5,31.0,136.0,280.0,39.15,127.5,130.5,91.8,67.1,165.5,74.6,45.15,125.5,111.0,32.4,89.5,16.65,16.8,38.5,10.0,39.8,35.7,14.25,139.0,221.0,38.9,30.2,40.0,22.1,525.0,92.8,462.0,677.0,315.0,8.39,20.85,98.3,50.1,78.1,404.5,238.5,9.59,44.95,15.55,57.9,24.7,120.5,74.9,42.2,103.0,21.55,24.55,84.8,16.2,24.3,275.0,87.2,409.0,165.5,199.0,16.9,51.6,55.2,19.95,10.15,19.2,13.85,24.55,57.6,86.4,72.0,14.05,109.5,10.55,9.72,62.6,105.0,20.7,74.7,19.6,278.0,318.5,213.5,66.8,285.0,50.5,80.6,12.6,117.5,107.5,283.5,40.75,26.4,202.0,45.95,30.2,32.35,82.6,300.0,12.6,31.45,335.0,116.0,4145.0,75.9,302.0,128.0,100.0,102.0,24.9,115.5,56.8,28.4,94.6,109.0,10.25,42.7
140.0,332.5,399.5,69.9,17.8,37.1,12.2,528.0,19.4,37.7,51.8,15.95,37.95,17.55,23.6,37.25,28.65,84.9,88.4,10.05,40.05,35.55,109.0,87.9,104.0,23.45,26.2,23.4,405.0,48.5,37.95,271.5,31.0,136.0,280.0,39.15,127.5,130.5,91.8,67.1,166.5,74.5,45.15,125.5,111.0,32.45,89.6,16.65,16.8,38.5,10.0,39.75,35.7,14.25,139.0,221.0,38.9,30.2,40.05,22.1,525.0,92.7,462.0,676.0,315.0,8.39,20.85,98.3,50.1,78.1,404.5,238.0,9.59,44.95,15.55,57.9,24.7,120.5,75.0,42.2,103.0,21.55,24.5,84.8,16.2,24.3,275.0,87.3,409.0,165.5,199.0,16.9,51.6,55.3,19.95,10.1,19.2,13.85,24.55,57.4,86.4,71.9,14.05,109.5,10.5,9.71,62.6,105.5,20.7,74.7,19.55,278.0,318.5,213.5,66.7,285.5,50.5,80.5,12.55,117.5,107.5,283.5,40.75,26.4,202.0,46.0,30.2,32.35,82.6,300.0,12.6,31.45,335.0,116.0,4145.0,76.0,302.0,128.0,100.0,102.0,24.95,115.5,56.8,28.4,94.7,108.5,10.25,42.7
140.0,332.0,399.5,69.9,17.75,37.1,12.2,528.0,19.4,37.7,51.7,15.95,37.95,17.55,23.65,37.25,28.6,84.8,88.4,10.05,40.05,35.55,109.0,87.9,104.0,23.45,26.2,23.35,405.0,48.55,37.9,271.5,31.0,136.0,280.0,39.15,127.5,130.5,91.8,67.1,166.0,74.5,45.15,126.0,111.5,32.45,89.5,16.65,16.8,38.5,10.0,39.8,35.7,14.3,139.5,221.0,38.85,30.2,40.0,22.05,525.0,92.8,462.0,676.0,315.0,8.4,20.85,98.3,50.1,78.2,404.5,238.0,9.59,44.9,15.55,57.9,24.7,120.5,74.9,42.25,103.5,21.6,24.5,84.6,16.2,24.3,275.0,87.8,409.0,165.0,199.5,16.9,51.5,55.3,19.95,10.1,19.25,13.85,24.55,57.5,86.3,72.0,14.1,110.0,10.55,9.71,62.6,105.0,20.7,74.7,19.55,278.0,318.0,213.5,66.7,285.5,50.5,80.5,12.55,117.5,107.5,283.5,40.8,26.4,202.0,46.0,30.2,32.35,82.6,300.0,12.65,31.45,335.0,116.0,4145.0,75.9,302.0,128.0,100.0,102.5,24.9,115.5,56.9,28.4,94.8,109.0,10.25,42.7
140.0,333.5,399.5,69.9,17.75,37.1,12.2,528.0,19.35,37.7,51.8,15.95,37.95,17.55,23.6,37.25,28.55,84.9,88.4,10.05,40.0,35.55,109.0,87.9,104.0,23.45,26.2,23.4,405.0,48.45,37.9,271.5,31.0,136.0,280.0,39.15,127.5,130.5,91.8,67.0,166.0,74.5,45.15,125.5,111.5,32.45,89.5,16.65,16.75,38.5,10.0,39.75,35.7,14.3,139.0,221.0,38.9,30.2,40.0,22.1,525.0,92.7,462.0,676.0,315.5,8.4,20.8,98.5,50.1,78.1,404.0,238.5,9.59,44.95,15.55,58.0,24.7,120.0,75.0,42.25,103.5,21.55,24.5,84.7,16.25,24.3,275.5,87.7,409.0,165.0,199.0,16.9,51.6,55.2,19.9,10.1,19.2,13.85,24.5,57.5,86.3,71.9,14.05,110.0,10.55,9.72,62.6,105.0,20.7,74.7,19.55,278.0,316.5,214.0,66.8,285.0,50.5,80.6,12.55,117.5,107.5,283.5,40.8,26.3,202.0,46.05,30.2,32.35,82.6,300.0,12.6,31.45,335.0,116.0,4150.0,75.9,302.0,128.0,100.0,102.5,24.95,115.5,57.0,28.4,94.8,109.0,10.25,42.7
140.0,332.0,399.5,69.8,17.75,37.1,12.2,528.0,19.4,37.65,51.7,15.95,37.95,17.55,23.6,37.2,28.6,84.8,88.4,10.05,40.0,35.55,109.0,87.9,104.0,23.45,26.2,23.4,405.0,48.3,37.9,271.5,31.0,136.0,280.0,39.2,127.5,130.5,91.8,67.0,166.0,74.5,45.2,125.5,111.5,32.5,89.6,16.6,16.75,38.5,10.0,39.8,35.75,14.25,139.5,221.0,38.9,30.2,40.0,22.1,525.0,92.8,462.0,676.0,315.0,8.39,20.85,98.5,50.1,78.1,404.5,238.5,9.59,44.9,15.55,57.9,24.7,120.0,75.0,42.15,103.5,21.55,24.5,84.7,16.25,24.3,275.0,87.6,409.0,165.0,199.0,16.9,51.6,55.2,19.95,10.1,19.2,13.85,24.5,57.5,86.3,71.9,14.05,110.0,10.55,9.72,62.6,105.5,20.7,74.7,19.55,278.0,317.0,213.5,66.8,285.0,50.5,80.6,12.6,117.5,107.5,284.0,40.8,26.4,201.5,46.0,30.2,32.35,82.6,299.5,12.65,31.45,335.0,116.0,4150.0,75.9,302.0,128.0,99.9,102.5,24.9,115.5,56.9,28.4,94.8,109.0,10.25,42.7
140.0,332.0,399.5,69.8,17.75,37.05,12.2,528.0,19.4,37.65,51.7,15.95,37.95,17.55,23.6,37.2,28.55,84.8,88.4,10.05,40.05,35.55,109.0,87.9,104.0,23.45,26.2,23.4,404.5,48.3,37.95,271.5,31.0,136.0,281.0,39.2,127.5,130.5,91.8,67.1,166.0,74.4,45.2,126.0,111.5,32.5,89.4,16.6,16.8,38.5,10.0,39.8,35.7,14.3,139.0,221.0,38.9,30.2,40.0,22.05,525.0,92.7,462.5,676.0,315.0,8.39,20.8,98.5,50.1,78.1,403.0,238.5,9.59,44.95,15.55,57.9,24.7,121.0,75.0,42.15,104.0,21.55,24.5,84.7,16.25,24.25,275.0,87.8,409.0,165.0,199.0,16.9,51.5,55.3,19.95,10.1,19.2,13.85,24.5,57.6,86.2,71.9,14.1,109.5,10.55,9.72,62.7,105.5,20.7,74.7,19.55,278.0,316.5,213.5,66.8,285.0,50.5,80.6,12.55,117.5,108.0,284.0,40.8,26.4,202.0,45.95,30.2,32.35,82.6,300.0,12.6,31.4,335.5,115.5,4150.0,75.9,302.5,128.0,99.9,102.0,24.95,115.5,56.9,28.4,94.8,108.5,10.25,42.7
139.5,332.0,399.5,69.9,17.8,37.1,12.2,528.0,19.4,37.65,51.7,15.95,37.95,17.5,23.6,37.15,28.6,84.8,88.4,10.05,40.0,35.55,109.0,87.9,103.5,23.45,26.2,23.4,405.0,48.3,37.9,271.5,31.0,136.0,280.0,39.15,127.5,130.5,91.8,67.0,166.5,74.5,45.2,126.0,111.5,32.5,89.5,16.65,16.8,38.5,10.0,39.8,35.7,14.25,139.0,221.0,38.9,30.2,39.95,22.1,525.0,92.7,462.5,676.0,315.0,8.39,20.85,98.4,50.1,78.1,402.0,238.5,9.59,44.95,15.55,57.9,24.7,121.0,75.0,42.25,103.0,21.55,24.5,84.7,16.25,24.3,275.5,87.8,409.0,165.0,199.0,16.9,51.6,55.4,19.95,10.1,19.2,13.85,24.55,57.8,86.3,71.9,14.05,110.0,10.55,9.72,62.6,105.5,20.65,74.7,19.55,278.5,316.0,213.5,66.8,285.0,50.5,80.6,12.55,117.5,107.5,284.5,40.75,26.4,202.0,46.0,30.25,32.35,82.6,300.0,12.6,31.4,335.0,116.0,4150.0,76.0,302.5,128.0,99.9,102.5,24.9,115.5,56.9,28.4,94.7,108.5,10.25,42.7
140.0,332.0,399.5,69.9,17.75,37.0,12.2,528.0,19.35,37.65,51.7,15.95,37.95,17.55,23.6,37.15,28.6,84.8,88.4,10.05,40.05,35.55,109.0,88.0,103.5,23.45,26.2,23.4,405.0,48.45,37.9,271.5,31.0,136.0,280.0,39.15,127.5,130.5,91.8,67.0,166.0,74.5,45.2,126.0,111.5,32.45,89.5,16.65,16.75,38.5,10.0,39.8,35.7,14.3,139.0,221.0,38.9,30.2,39.95,22.1,525.0,92.8,462.5,676.0,315.0,8.39,20.85,98.4,50.1,78.1,401.5,238.0,9.59,44.95,15.55,57.9,24.7,121.0,75.0,42.2,103.5,21.55,24.5,84.7,16.25,24.3,275.0,87.5,409.5,165.0,198.5,16.9,51.6,55.2,19.95,10.1,19.25,13.85,24.55,57.7,86.2,71.9,14.05,110.0,10.5,9.73,62.6,105.5,20.65,74.7,19.55,278.5,315.5,213.5,66.8,285.0,50.5,80.6,12.6,117.5,108.0,284.0,40.75,26.35,202.0,46.1,30.2,32.35,82.6,300.0,12.6,31.4,335.0,116.0,4150.0,76.1,303.0,128.0,99.9,102.0,24.9,115.5,56.9,28.4,94.7,108.5,10.25,42.7
139.5,333.0,399.5,69.9,17.75,37.1,12.2,528.0,19.35,37.65,51.7,15.9,37.95,17.6,23.6,37.2,28.65,84.8,88.4,10.05,40.05,35.55,109.0,87.9,103.5,23.45,26.2,23.4,404.5,48.35,37.9,271.5,31.0,136.0,280.0,39.15,127.5,130.5,91.8,67.0,166.5,74.4,45.2,125.5,110.5,32.45,89.4,16.65,16.8,38.45,10.0,39.75,35.7,14.3,139.0,221.0,38.9,30.2,39.95,22.05,525.0,92.7,462.5,676.0,315.0,8.39,20.85,98.5,50.1,78.2,402.0,238.0,9.59,45.0,15.55,57.9,24.7,120.5,75.0,42.15,103.0,21.55,24.45,84.7,16.25,24.3,275.0,87.6,409.5,165.5,198.5,16.9,51.7,55.3,19.95,10.1,19.25,13.85,24.55,57.6,86.2,71.9,14.1,110.0,10.55,9.73,62.6,105.5,20.7,74.7,19.55,278.0,315.5,213.5,66.6,285.0,50.5,80.6,12.6,117.5,108.0,284.5,40.8,26.4,202.0,46.0,30.2,32.35,82.6,300.0,12.6,31.4,335.0,116.5,4150.0,76.3,303.0,128.0,99.9,102.0,24.9,116.0,56.8,28.4,94.7,108.5,10.25,42.7
139.5,333.5,399.5,69.9,17.8,37.05,12.2,528.0,19.35,37.65,51.7,15.95,37.95,17.55,23.6,37.15,28.55,84.8,88.3,10.05,39.95,35.55,109.0,87.9,103.5,23.45,26.2,23.4,404.5,48.3,37.9,271.5,31.0,136.5,280.0,39.15,127.5,130.5,91.8,67.0,166.5,74.5,45.15,125.0,110.5,32.45,89.5,16.6,16.75,38.45,10.0,39.8,35.7,14.25,138.5,220.5,38.85,30.2,39.95,22.05,525.0,92.6,462.0,676.0,315.5,8.39,20.85,98.4,50.1,78.3,402.0,238.5,9.59,45.0,15.55,58.0,24.65,121.0,75.0,42.2,103.5,21.55,24.5,84.8,16.25,24.35,275.0,87.6,409.5,165.0,199.0,16.9,51.7,55.2,19.9,10.1,19.25,13.85,24.55,57.6,86.2,71.9,14.05,109.5,10.55,9.72,62.6,105.0,20.7,74.7,19.55,278.0,316.5,213.5,66.6,285.0,50.4,80.5,12.55,118.0,108.0,284.5,40.8,26.4,202.0,46.05,30.2,32.3,82.6,300.0,12.6,31.4,335.0,116.0,4150.0,76.5,302.0,128.0,99.9,102.5,24.9,115.5,56.8,28.4,94.7,108.5,10.25,42.7
140.0,333.0,399.5,69.9,17.75,37.15,12.3,528.0,19.4,37.6,51.8,15.95,37.95,17.55,23.65,37.2,28.55,84.8,88.3,10.05,40.05,35.55,109.0,87.9,104.0,23.45,26.2,23.4,404.5,48.3,37.9,271.5,31.0,136.5,279.5,39.15,127.5,131.0,91.8,67.0,166.5,74.5,45.2,126.0,111.0,32.45,89.4,16.6,16.8,38.45,10.0,39.75,35.7,14.3,138.5,220.5,38.9,30.2,39.9,22.05,525.0,92.7,462.0,676.0,315.5,8.39,20.85,98.4,50.1,78.2,402.5,238.0,9.59,45.15,15.55,58.0,24.65,120.5,75.0,42.2,103.5,21.55,24.5,84.8,16.25,24.35,275.0,87.6,409.5,165.5,199.0,16.9,51.7,55.2,19.95,10.1,19.2,13.85,24.5,57.6,86.1,71.9,14.05,109.5,10.55,9.72,62.6,105.5,20.7,74.8,19.55,278.0,316.0,213.0,66.6,285.0,50.4,80.5,12.6,117.5,108.0,284.5,40.8,26.35,202.0,46.0,30.2,32.3,82.6,300.0,12.6,31.4,335.0,115.5,4150.0,76.5,302.0,128.0,99.9,102.5,24.9,115.5,56.8,28.4,94.8,108.5,10.25,42.7
140.0,333.0,399.5,69.8,17.8,37.05,12.25,528.0,19.35,37.6,51.7,15.95,37.95,17.5,23.65,37.15,28.65,84.6,88.4,10.05,40.0,35.6,109.0,88.0,104.0,23.45,26.2,23.4,404.5,48.3,37.9,271.5,31.0,136.5,279.5,39.15,127.5,131.0,91.8,67.0,166.5,74.5,45.2,126.0,111.0,32.5,89.5,16.65,16.8,38.45,10.0,39.75,35.7,14.25,138.5,220.5,38.85,30.2,39.95,22.05,525.0,92.6,462.0,676.0,315.5,8.39,20.85,98.4,50.1,78.2,401.5,238.5,9.59,45.2,15.55,58.1,24.6,120.5,75.0,42.15,103.0,21.55,24.5,84.7,16.25,24.3,275.0,87.5,409.5,165.0,199.0,16.9,51.6,55.2,19.95,10.1,19.2,13.85,24.55,57.6,86.1,71.9,14.05,109.5,10.5,9.72,62.6,105.0,20.7,74.8,19.6,278.0,315.5,213.0,66.6,285.0,50.5,80.5,12.55,117.5,107.5,284.0,40.8,26.35,202.0,46.05,30.2,32.3,82.6,300.0,12.6,31.4,335.0,116.0,4150.0,76.5,302.0,128.0,99.8,102.5,24.9,115.5,56.8,28.4,94.8,108.5,10.25,42.75
139.5,333.5,399.5,69.8,17.75,37.1,12.3,528.0,19.4,37.65,51.7,15.9,37.95,17.55,23.65,37.15,28.55,84.6,88.3,10.05,39.95,35.6,109.0,88.0,104.0,23.45,26.2,23.4,404.5,48.25,37.9,271.5,31.0,136.5,279.5,39.15,127.5,131.0,91.8,67.0,166.5,74.5,45.2,125.0,111.0,32.45,89.5,16.65,16.8,38.4,10.0,39.75,35.7,14.25,138.5,220.5,38.85,30.2,39.9,22.05,525.0,92.7,462.0,676.0,315.0,8.39,20.85,98.4,50.1,78.2,402.0,238.5,9.59,45.1,15.55,58.1,24.6,120.5,75.0,42.15,103.0,21.55,24.5,84.7,16.25,24.3,275.0,87.5,409.5,165.0,199.0,16.95,51.7,55.3,19.9,10.1,19.2,13.85,24.55,57.7,86.1,71.9,14.05,109.5,10.55,9.72,62.7,104.5,20.7,74.7,19.55,278.0,316.0,213.0,66.7,284.5,50.5,80.5,12.55,117.5,107.5,284.0,40.75,26.35,202.0,46.05,30.2,32.3,82.6,300.0,12.6,31.4,335.0,116.0,4150.0,76.3,302.0,128.0,99.8,102.5,24.9,115.5,56.8,28.35,94.8,108.5,10.25,42.7
139.5,333.0,399.5,69.8,17.75,37.1,12.3,527.0,19.4,37.65,51.7,15.95,37.95,17.6,23.65,37.15,28.6,84.6,88.3,10.05,40.05,35.6,109.0,87.9,103.5,23.45,26.2,23.4,404.5,48.25,37.9,271.0,31.0,136.5,279.5,39.15,127.5,131.0,91.8,67.0,166.5,74.4,45.2,126.0,111.0,32.45,89.5,16.65,16.75,38.4,10.0,39.8,35.75,14.3,139.0,220.5,38.85,30.2,39.9,22.05,525.0,92.8,462.0,676.0,315.5,8.4,20.85,98.4,50.1,78.2,401.5,238.0,9.59,45.0,15.55,58.0,24.6,120.5,75.0,42.15,103.0,21.5,24.5,84.7,16.25,24.3,275.5,87.5,409.5,165.5,198.5,16.9,51.7,55.2,19.95,10.1,19.2,13.85,24.55,57.7,86.2,72.0,14.05,109.5,10.55,9.72,62.6,105.0,20.7,74.7,19.55,277.5,316.5,213.0,66.7,284.5,50.5,80.4,12.6,117.5,107.5,283.5,40.75,26.35,202.0,46.05,30.2,32.3,82.6,300.0,12.6,31.45,335.0,116.0,4145.0,76.2,302.0,128.0,99.8,102.0,24.9,115.5,56.8,28.4,94.8,109.0,10.25,42.7
139.5,333.5,399.5,69.9,17.8,37.15,12.3,527.0,19.4,37.65,51.7,15.95,37.95,17.5,23.65,37.15,28.6,84.7,88.3,10.05,40.0,35.5,109.0,87.9,104.0,23.45,26.2,23.4,405.0,48.2,37.9,270.5,31.05,136.5,279.5,39.15,127.5,131.0,91.8,67.1,166.5,74.4,45.3,126.0,111.0,32.45,89.5,16.6,16.8,38.4,10.0,39.8,35.75,14.25,138.5,220.5,38.85,30.2,39.9,22.0,525.0,92.8,462.5,676.0,315.5,8.4,20.8,98.4,50.1,78.2,401.5,238.5,9.59,45.05,15.55,58.0,24.6,120.5,75.0,42.15,103.5,21.55,24.5,84.6,16.25,24.3,275.5,87.5,409.5,165.0,199.0,16.9,51.7,55.3,19.9,10.1,19.2,13.85,24.5,57.7,86.2,71.9,14.05,109.5,10.55,9.72,62.6,104.5,20.7,74.7,19.55,277.5,316.5,213.0,66.7,285.0,50.5,80.5,12.55,117.5,107.5,283.5,40.75,26.35,202.0,46.1,30.2,32.3,82.6,300.0,12.65,31.4,335.0,116.0,4140.0,76.1,302.0,128.0,99.7,102.5,24.9,115.5,56.8,28.4,94.8,109.0,10.25,42.7
139.5,333.0,399.5,69.9,17.8,37.15,12.3,527.0,19.4,37.65,51.7,15.9,37.95,17.55,23.6,37.15,28.55,84.6,88.3,10.05,40.0,35.5,109.0,87.9,104.0,23.45,26.2,23.4,405.0,48.2,37.9,270.0,31.05,136.5,279.5,39.15,127.5,131.0,91.8,67.1,166.0,74.4,45.25,125.5,111.0,32.45,89.6,16.65,16.8,38.4,10.0,39.75,35.75,14.25,138.5,220.5,38.9,30.2,39.9,22.05,525.0,92.7,462.5,677.0,315.0,8.4,20.8,98.4,50.1,78.2,401.0,238.5,9.59,45.05,15.55,58.0,24.6,120.5,75.0,42.2,103.5,21.55,24.5,84.6,16.25,24.3,275.0,87.6,409.0,165.0,199.0,16.95,51.8,55.2,19.9,10.1,19.2,13.85,24.5,57.7,86.1,71.9,14.05,109.5,10.55,9.72,62.6,105.0,20.7,74.9,19.55,278.0,317.0,213.0,66.6,285.0,50.5,80.5,12.55,117.5,108.0,284.0,40.7,26.35,202.0,46.05,30.2,32.3,82.6,300.0,12.6,31.45,334.5,116.0,4140.0,76.0,302.0,128.0,99.7,102.0,24.9,115.5,56.8,28.4,94.7,109.0,10.25,42.7
139.5,332.5,399.5,69.9,17.8,37.15,12.25,527.0,19.4,37.65,51.7,15.95,37.95,17.55,23.6,37.2,28.55,84.5,88.4,10.1,39.95,35.6,109.0,87.9,103.5,23.45,26.2,23.4,405.0,48.2,37.9,270.0,31.05,136.5,279.5,39.15,127.5,131.0,91.8,67.0,166.5,74.4,45.25,126.0,111.0,32.5,89.5,16.6,16.8,38.4,10.0,39.75,35.75,14.3,138.5,220.5,38.9,30.2,39.9,22.05,525.0,92.7,463.0,676.0,314.5,8.4,20.8,98.5,50.1,78.2,399.5,238.0,9.59,45.05,15.55,57.9,24.6,120.5,75.0,42.15,103.0,21.55,24.55,84.7,16.25,24.3,275.0,87.5,409.0,165.5,198.5,16.9,51.7,55.3,19.9,10.1,19.25,13.85,24.55,57.6,86.1,71.9,14.05,109.5,10.55,9.72,62.6,105.0,20.7,74.9,19.55,277.5,317.0,214.0,66.5,284.5,50.5,80.5,12.55,117.5,107.5,283.5,40.7,26.35,202.0,46.0,30.2,32.3,82.6,300.0,12.6,31.45,335.0,115.5,4135.0,76.0,301.5,128.0,99.7,102.5,24.9,115.5,56.8,28.4,94.8,109.0,10.25,42.7
139.5,332.0,399.5,69.8,17.75,37.15,12.2,528.0,19.4,37.65,51.7,15.9,37.95,17.55,23.65,37.2,28.6,84.6,88.4,10.1,40.0,35.6,109.0,87.9,103.5,23.45,26.2,23.4,405.0,48.2,37.9,269.5,31.05,136.5,279.5,39.15,127.0,130.5,91.8,67.0,166.5,74.4,45.25,125.5,111.0,32.45,89.6,16.65,16.8,38.4,10.0,39.75,35.8,14.25,138.5,220.5,38.85,30.2,39.9,22.05,525.0,92.7,463.0,676.0,314.5,8.4,20.8,98.4,50.1,78.3,398.0,238.5,9.59,45.05,15.55,57.9,24.6,121.0,75.0,42.15,103.0,21.55,24.55,84.7,16.25,24.3,275.5,87.5,409.0,165.5,198.5,16.9,51.8,55.3,19.9,10.1,19.2,13.85,24.5,57.6,86.1,71.9,14.05,109.5,10.55,9.72,62.7,105.0,20.7,74.8,19.55,278.0,316.0,213.5,66.5,284.5,50.4,80.5,12.6,117.5,107.5,283.5,40.7,26.35,202.0,46.0,30.2,32.35,82.6,300.0,12.6,31.45,335.0,116.0,4135.0,76.0,301.5,128.0,99.7,102.0,24.9,115.5,56.8,28.4,94.7,108.5,10.25,42.7
139.5,331.5,399.5,69.9,17.75,37.15,12.15,528.0,19.35,37.65,51.7,15.9,38.0,17.55,23.65,37.2,28.55,84.6,88.3,10.1,40.0,35.6,109.0,87.9,103.5,23.45,26.2,23.4,404.5,48.2,37.9,269.5,31.05,136.5,279.5,39.15,127.0,131.0,91.8,67.0,166.5,74.4,45.25,125.0,111.0,32.45,89.6,16.6,16.8,38.4,10.0,39.8,35.85,14.3,138.5,220.5,38.9,30.2,39.9,22.05,525.0,92.8,462.5,676.0,314.5,8.4,20.8,98.4,50.1,78.2,397.0,238.5,9.59,45.05,15.55,57.8,24.6,120.5,74.9,42.2,103.5,21.55,24.55,84.6,16.25,24.3,275.5,87.3,409.0,165.0,198.5,16.9,51.7,55.2,19.9,10.1,19.2,13.85,24.55,57.7,86.1,71.9,14.05,109.5,10.55,9.72,62.8,104.5,20.7,74.8,19.55,277.5,316.5,213.5,66.5,284.5,50.5,80.5,12.55,117.5,107.5,283.0,40.7,26.3,202.0,46.0,30.2,32.35,82.6,300.0,12.6,31.45,335.0,116.0,4135.0,75.9,301.5,128.0,99.8,102.0,24.9,115.5,56.8,28.35,94.7,108.5,10.2,42.7
139.5,331.5,399.5,69.9,17.8,37.1,12.2,528.0,19.35,37.65,51.7,15.9,38.0,17.55,23.65,37.2,28.55,84.6,88.3,10.1,40.0,35.6,109.0,87.9,103.5,23.45,26.2,23.4,404.5,48.2,37.9,269.5,31.05,136.5,279.5,39.15,127.0,130.5,91.8,67.0,166.5,74.4,45.3,125.0,111.0,32.45,89.6,16.6,16.8,38.45,10.0,39.75,35.9,14.25,138.5,220.5,38.9,30.2,39.95,22.05,525.0,92.7,462.5,676.0,314.5,8.4,20.8,98.4,50.1,78.3,397.0,238.0,9.59,45.05,15.55,57.8,24.6,120.5,75.0,42.15,103.5,21.55,24.55,84.6,16.25,24.3,275.0,87.5,409.5,164.0,198.5,16.9,51.8,55.3,19.9,10.1,19.25,13.85,24.5,57.7,86.2,71.9,14.05,109.5,10.55,9.72,62.7,104.5,20.7,74.8,19.55,277.0,317.0,213.5,66.5,284.5,50.4,80.5,12.55,117.5,107.5,283.0,40.7,26.35,202.0,46.05,30.2,32.3,82.6,299.5,12.55,31.4,335.0,116.0,4130.0,75.8,301.5,128.0,99.8,102.0,24.9,115.5,56.8,28.35,94.6,108.5,10.25,42.7
139.5,331.5,399.5,69.8,17.8,37.15,12.2,528.0,19.4,37.65,51.7,15.95,38.0,17.55,23.65,37.25,28.6,84.7,88.3,10.05,40.0,35.6,109.0,87.9,103.5,23.45,26.2,23.4,404.5,48.2,37.9,269.5,31.05,136.5,279.5,39.15,127.0,130.5,91.8,67.0,166.0,74.2,45.3,125.5,111.0,32.45,89.6,16.6,16.8,38.45,10.0,39.75,35.85,14.3,138.5,220.5,38.9,30.25,39.95,22.0,525.0,92.7,462.5,676.0,315.0,8.4,20.85,98.4,50.1,78.2,397.0,238.5,9.59,45.05,15.55,57.8,24.7,120.5,74.9,42.15,103.5,21.6,24.55,84.7,16.25,24.3,275.5,87.5,409.0,164.0,199.0,16.9,51.8,55.2,19.9,10.1,19.2,13.85,24.55,57.5,86.2,71.8,14.05,109.5,10.55,9.72,62.7,105.0,20.7,74.8,19.55,277.0,316.5,213.5,66.6,285.0,50.4,80.5,12.55,117.5,107.5,283.5,40.75,26.35,202.0,46.05,30.2,32.3,82.5,299.5,12.55,31.45,335.0,115.5,4130.0,75.8,301.5,128.0,99.7,102.0,24.95,116.0,56.9,28.3,94.6,108.5,10.25,42.65
139.5,332.0,399.5,69.9,17.8,37.15,12.25,528.0,19.4,37.7,51.7,15.9,38.0,17.6,23.65,37.2,28.6,84.7,88.3,10.05,39.95,35.6,109.0,87.9,103.5,23.45,26.2,23.4,404.5,48.2,37.9,269.5,31.05,136.5,279.5,39.15,127.0,130.5,91.7,67.0,166.5,74.2,45.3,125.0,111.0,32.5,89.8,16.65,16.8,38.45,10.0,39.75,35.85,14.25,138.5,220.5,38.9,30.2,39.95,22.0,525.0,92.7,463.0,676.0,315.0,8.4,20.8,98.4,50.1,78.3,397.5,238.5,9.58,45.05,15.55,57.8,24.7,120.5,75.0,42.15,103.5,21.5,24.55,84.8,16.25,24.3,275.5,87.5,409.0,164.0,199.0,16.9,51.7,55.3,19.95,10.1,19.25,13.85,24.55,57.5,86.2,71.8,14.05,110.0,10.55,9.72,62.7,104.5,20.7,74.8,19.55,277.5,317.0,213.5,66.6,285.0,50.4,80.5,12.55,118.0,107.5,283.5,40.75,26.4,202.0,46.05,30.2,32.3,82.5,299.5,12.55,31.45,335.0,115.5,4130.0,75.9,301.0,128.0,99.8,102.0,24.9,115.5,56.9,28.35,94.6,108.5,10.25,42.65
140.0,332.0,400.0,69.8,17.8,37.15,12.25,528.0,19.4,37.6,51.7,15.85,38.0,17.55,23.65,37.2,28.6,84.7,88.3,10.05,40.0,35.6,108.5,87.9,103.5,23.45,26.2,23.4,404.5,48.2,37.9,269.5,31.0,136.5,279.5,39.15,127.0,130.5,91.7,67.0,166.5,74.3,45.3,125.0,111.0,32.45,89.9,16.6,16.8,38.45,10.0,39.8,35.85,14.25,138.5,220.0,38.9,30.2,40.0,22.0,525.0,92.7,463.0,676.0,315.0,8.4,20.8,98.5,50.1,78.2,398.5,238.5,9.58,45.05,15.55,57.8,24.65,120.5,75.0,42.15,103.5,21.55,24.5,84.8,16.25,24.3,275.5,87.5,409.0,163.5,199.0,16.95,51.7,55.1,19.9,10.1,19.2,13.85,24.55,57.5,86.3,71.9,14.05,110.0,10.5,9.72,62.7,105.0,20.65,74.7,19.6,277.5,317.0,213.5,66.6,285.0,50.4,80.5,12.55,117.5,107.5,283.5,40.75,26.4,202.0,46.15,30.2,32.35,82.5,299.5,12.55,31.45,334.5,116.0,4130.0,75.9,301.0,128.0,99.8,102.0,24.9,115.5,57.0,28.35,94.6,109.0,10.25,42.7
139.5,331.5,400.0,69.8,17.8,37.15,12.25,528.0,19.4,37.6,51.7,15.9,37.95,17.55,23.65,37.2,28.6,84.6,88.4,10.05,40.0,35.6,109.0,87.9,103.5,23.45,26.2,23.4,403.5,48.2,37.9,269.5,31.0,136.5,279.0,39.2,127.5,130.5,91.7,66.9,166.5,74.3,45.3,125.5,111.0,32.45,89.8,16.6,16.8,38.45,10.0,39.75,35.85,14.3,139.0,220.0,38.85,30.2,39.95,22.0,525.0,92.7,463.5,676.0,315.0,8.4,20.8,98.5,50.1,78.2,399.0,238.5,9.58,45.05,15.55,57.8,24.65,120.5,75.0,42.15,103.0,21.55,24.45,84.7,16.25,24.35,275.0,87.5,409.0,163.5,199.0,16.9,51.6,55.1,19.95,10.15,19.2,13.85,24.55,57.8,86.3,71.8,14.05,110.0,10.5,9.73,62.7,105.0,20.7,74.7,19.55,277.5,316.5,213.0,66.6,285.5,50.3,80.6,12.6,117.5,107.5,283.0,40.75,26.35,202.0,46.3,30.2,32.35,82.5,299.5,12.6,31.5,334.5,116.0,4130.0,75.9,301.0,128.0,99.7,102.0,24.95,115.5,56.9,28.35,94.6,109.0,10.25,42.65
139.5,332.0,400.0,69.9,17.8,37.15,12.2,528.0,19.4,37.6,51.8,15.95,37.95,17.55,23.65,37.2,28.65,84.6,88.3,10.05,39.95,35.65,109.0,87.9,103.5,23.45,26.2,23.4,403.5,48.2,37.9,269.5,31.05,136.5,279.0,39.2,127.5,130.5,91.7,66.9,166.5,74.3,45.3,125.0,111.0,32.45,89.8,16.65,16.8,38.45,10.05,39.75,35.85,14.3,138.5,220.0,38.9,30.15,40.0,22.0,525.0,92.8,462.5,676.0,315.0,8.4,20.8,98.4,50.1,78.2,399.5,238.5,9.59,45.05,15.55,57.8,24.6,120.5,75.0,42.1,103.5,21.55,24.5,84.8,16.2,24.3,275.5,87.5,409.0,164.0,199.0,16.9,51.6,55.1,19.95,10.1,19.2,13.9,24.55,57.7,86.3,71.8,14.0,110.0,10.55,9.73,62.7,105.0,20.7,74.8,19.6,277.5,316.5,213.0,66.6,285.5,50.3,80.5,12.55,118.0,108.0,283.5,40.75,26.4,202.5,46.35,30.2,32.35,82.5,299.5,12.6,31.5,334.5,116.0,4130.0,76.0,301.0,128.0,99.7,102.0,24.9,116.0,57.0,28.3,94.6,108.5,10.25,42.65
139.5,331.5,400.0,69.9,17.8,37.15,12.2,528.0,19.4,37.6,51.7,15.95,37.95,17.55,23.65,37.2,28.55,84.7,88.3,10.05,40.0,35.65,109.0,87.9,104.0,23.45,26.2,23.4,403.5,48.15,37.9,269.5,31.05,136.0,279.0,39.2,127.5,130.5,91.7,67.0,166.5,74.3,45.3,125.0,111.0,32.45,89.7,16.65,16.8,38.45,10.05,39.75,35.85,14.3,139.0,220.0,38.9,30.15,39.95,22.0,525.0,92.7,463.0,676.0,315.0,8.39,20.85,98.4,50.1,78.2,400.0,238.5,9.59,45.05,15.55,57.8,24.65,120.5,75.0,41.9,103.0,21.55,24.45,84.7,16.2,24.35,275.0,87.6,409.0,164.0,199.0,16.95,51.6,55.1,19.95,10.1,19.2,13.8,24.55,57.6,86.3,71.8,14.05,110.0,10.55,9.73,62.8,105.0,20.7,74.8,19.55,277.5,315.5,213.5,66.6,285.0,50.3,80.5,12.55,118.0,108.0,284.0,40.75,26.35,202.0,46.35,30.2,32.3,82.6,299.5,12.55,31.5,335.0,116.0,4130.0,75.9,301.0,128.0,99.7,102.0,24.9,116.0,57.1,28.3,94.7,109.0,10.25,42.65
139.5,332.0,400.0,69.8,17.8,37.15,12.2,528.0,19.4,37.6,51.8,15.9,37.95,17.55,23.65,37.2,28.55,84.7,88.3,10.05,39.95,35.65,109.0,87.9,104.0,23.45,26.2,23.4,403.0,48.15,37.95,269.5,31.05,136.0,279.0,39.2,127.0,130.5,91.7,67.0,166.5,74.5,45.3,125.0,111.0,32.45,89.7,16.6,16.8,38.45,10.0,39.75,35.85,14.25,138.5,220.0,38.9,30.15,39.95,22.0,525.0,92.8,463.0,678.0,315.5,8.4,20.8,98.4,50.1,78.2,399.0,238.0,9.59,45.0,15.55,57.8,24.6,120.5,74.9,41.9,103.0,21.55,24.45,84.8,16.2,24.3,275.0,87.6,409.0,164.0,199.0,16.95,51.6,55.3,19.95,10.15,19.25,13.8,24.55,57.7,86.3,71.8,14.0,110.0,10.55,9.73,62.8,105.0,20.7,74.7,19.6,277.5,315.5,213.5,66.6,285.0,50.4,80.5,12.6,117.5,107.5,284.0,40.75,26.35,202.0,46.35,30.2,32.3,82.7,299.5,12.6,31.5,335.0,116.0,4130.0,75.8,300.5,127.5,99.8,102.5,24.9,115.5,57.1,28.35,94.5,109.0,10.25,42.7
139.5,332.5,400.0,69.8,17.8,37.15,12.25,528.0,19.35,37.6,51.7,15.95,37.95,17.5,23.65,37.2,28.6,84.7,88.3,10.05,39.95,35.65,109.0,87.9,104.0,23.45,26.2,23.4,403.0,48.15,37.9,269.0,31.0,136.5,279.0,39.2,127.0,131.0,91.7,67.0,166.5,74.6,45.3,126.0,111.5,32.45,89.8,16.6,16.75,38.4,10.0,39.8,35.85,14.25,138.5,220.0,38.9,30.2,39.95,22.0,525.0,92.7,463.0,678.0,315.5,8.39,20.8,98.4,50.1,78.2,398.5,238.0,9.59,45.0,15.5,57.8,24.6,120.5,74.9,41.9,103.5,21.55,24.45,84.8,16.2,24.3,275.0,87.6,409.0,164.5,199.0,16.95,51.7,55.3,19.9,10.1,19.25,13.8,24.55,57.6,86.2,71.9,14.0,110.0,10.55,9.72,62.7,104.5,20.65,74.7,19.55,277.5,315.5,213.0,66.6,285.0,50.4,80.5,12.55,117.5,107.5,284.0,40.75,26.35,202.5,46.6,30.2,32.3,82.6,300.0,12.6,31.5,335.0,115.5,4130.0,75.8,301.0,127.5,99.8,102.0,24.9,115.5,57.1,28.35,94.7,108.5,10.25,42.65
139.5,332.0,400.0,69.9,17.8,37.15,12.25,528.0,19.35,37.6,51.7,15.95,37.95,17.5,23.65,37.2,28.6,84.7,88.3,10.05,40.0,35.65,109.0,88.0,103.5,23.45,26.2,23.45,403.0,48.15,37.95,269.0,31.0,136.5,279.0,39.2,127.5,130.5,91.7,66.9,167.0,74.6,45.25,125.0,111.5,32.45,89.7,16.65,16.8,38.35,10.05,39.8,35.85,14.25,138.5,220.0,38.9,30.15,40.0,22.0,525.0,92.8,463.5,676.0,315.5,8.4,20.8,98.4,50.2,78.3,398.0,238.5,9.58,45.05,15.5,57.7,24.6,120.5,75.0,41.9,103.5,21.55,24.5,84.9,16.2,24.35,274.5,87.6,409.0,164.0,199.0,16.9,51.7,55.3,19.95,10.1,19.2,13.8,24.5,57.7,86.2,71.8,14.05,110.0,10.55,9.73,62.7,104.5,20.7,74.7,19.55,277.0,315.0,213.0,66.7,285.5,50.3,80.6,12.55,117.5,108.0,286.0,40.75,26.3,202.5,46.6,30.2,32.3,82.6,300.0,12.6,31.45,335.0,116.0,4130.0,75.9,300.5,127.5,99.7,101.5,24.95,115.5,57.0,28.3,94.6,108.5,10.25,42.65
139.5,332.0,399.5,69.8,17.85,37.15,12.25,528.0,19.35,37.6,51.7,15.9,37.95,17.5,23.65,37.2,28.55,84.7,88.3,10.05,40.0,35.6,108.5,88.2,103.5,23.45,26.2,23.4,403.0,48.2,37.9,269.0,31.05,136.0,279.0,39.15,127.5,130.5,91.7,66.9,167.0,74.6,45.3,125.0,111.0,32.45,89.7,16.65,16.75,38.4,10.05,39.8,35.85,14.25,138.5,220.5,38.9,30.15,39.95,21.95,525.0,92.7,463.0,676.0,315.5,8.4,20.85,98.4,50.2,78.3,398.0,238.0,9.59,45.05,15.55,57.7,24.6,120.5,75.0,41.9,103.5,21.55,24.45,84.9,16.2,24.3,275.0,87.4,409.0,164.0,198.5,16.95,51.6,55.3,19.9,10.15,19.2,13.8,24.55,57.6,86.3,71.8,14.0,110.0,10.55,9.73,62.8,105.0,20.7,74.8,19.6,277.0,315.0,213.0,66.6,285.5,50.3,80.5,12.55,117.5,107.5,287.0,40.75,26.35,202.5,46.6,30.2,32.35,82.6,300.0,12.55,31.45,335.0,115.5,4130.0,75.9,301.0,127.5,99.7,101.5,24.95,116.0,57.0,28.35,94.7,109.0,10.25,42.65
139.5,333.0,399.5,69.8,17.8,37.2,12.25,528.0,19.35,37.6,51.7,15.9,37.95,17.5,23.65,37.25,28.6,84.7,88.3,10.1,40.0,35.6,109.0,88.2,103.5,23.45,26.2,23.4,403.5,48.15,37.9,269.0,31.05,136.5,279.0,39.15,127.5,130.5,91.7,66.9,167.0,74.6,45.25,125.5,111.0,32.5,89.7,16.65,16.8,38.4,10.0,39.8,35.85,14.3,139.0,220.5,38.9,30.15,40.0,22.0,525.0,92.7,463.0,676.0,315.5,8.4,20.8,98.4,50.2,78.3,399.0,238.5,9.59,45.0,15.5,57.8,24.6,120.5,75.0,41.9,103.5,21.55,24.5,84.9,16.2,24.3,275.0,87.6,409.0,164.0,198.5,16.9,51.6,55.2,19.9,10.1,19.2,13.8,24.55,57.6,86.3,71.8,14.0,110.0,10.55,9.73,62.7,104.5,20.65,74.8,19.55,277.0,315.0,213.0,66.7,286.0,50.3,80.5,12.55,117.0,107.5,286.5,40.75,26.35,202.5,46.55,30.2,32.35,82.6,300.0,12.55,31.5,335.5,116.0,4130.0,75.8,301.0,127.5,99.7,101.5,24.9,115.5,57.0,28.35,94.7,109.0,10.25,42.7
139.0,332.5,399.5,69.8,17.8,37.2,12.25,528.0,19.35,37.6,51.7,15.9,37.95,17.5,23.6,37.2,28.55,84.8,88.4,10.1,40.0,35.6,109.0,88.2,104.0,23.45,26.2,23.4,403.5,48.15,37.95,269.0,31.05,136.5,279.0,39.15,127.5,130.5,91.7,67.0,166.0,74.6,45.2,125.0,111.0,32.5,89.8,16.6,16.8,38.3,10.0,39.75,35.85,14.3,138.5,220.5,38.85,30.15,40.0,21.95,525.0,92.7,463.0,677.0,315.5,8.4,20.8,98.5,50.1,78.2,398.5,238.0,9.58,45.0,15.55,57.8,24.6,120.5,75.1,41.9,103.5,21.55,24.5,84.7,16.2,24.35,275.0,87.5,409.0,164.5,198.5,16.95,51.7,55.3,19.9,10.1,19.25,13.8,24.55,57.6,86.2,71.8,14.0,110.0,10.5,9.73,62.8,104.0,20.65,74.8,19.6,277.0,316.0,213.0,66.6,286.0,50.3,80.7,12.55,117.0,107.5,287.0,40.7,26.35,202.0,46.45,30.2,32.3,82.7,300.0,12.55,31.5,335.5,116.0,4125.0,75.6,301.0,128.0,99.7,101.5,24.9,116.0,57.0,28.35,94.5,108.5,10.25,42.65
139.0,332.5,399.5,69.9,17.8,37.2,12.25,528.0,19.4,37.6,51.7,15.95,37.95,17.55,23.6,37.2,28.55,84.8,88.4,10.1,40.0,35.6,108.5,88.1,104.0,23.45,26.15,23.4,403.5,48.15,37.9,269.0,31.05,136.5,279.0,39.2,127.5,131.0,91.7,66.9,166.0,74.5,45.25,125.0,111.0,32.5,89.8,16.6,16.8,38.3,10.0,39.75,35.85,14.3,139.0,220.5,38.9,30.15,39.95,22.0,525.0,92.6,463.5,676.0,315.5,8.4,20.8,98.4,50.1,78.2,398.5,238.5,9.58,44.95,15.5,57.8,24.55,120.5,75.1,41.95,103.5,21.55,24.5,84.7,16.2,24.3,275.0,87.5,409.0,164.5,198.5,16.9,51.6,55.2,19.95,10.05,19.25,13.8,24.5,57.6,86.2,71.9,14.0,110.0,10.55,9.73,62.7,104.5,20.65,74.8,19.55,277.0,316.0,213.5,66.6,285.5,50.4,80.7,12.55,117.0,108.0,287.0,40.7,26.35,202.5,46.6,30.2,32.35,82.7,300.0,12.55,31.5,335.5,115.5,4125.0,75.7,301.0,128.0,99.6,101.5,24.95,116.0,57.0,28.35,94.6,108.5,10.25,42.65
139.0,332.0,399.5,69.9,17.8,37.2,12.25,528.0,19.35,37.6,51.7,15.9,38.0,17.5,23.6,37.2,28.6,84.8,88.3,10.1,40.05,35.6,109.0,88.2,104.0,23.45,26.2,23.4,404.5,48.1,37.9,269.0,31.05,136.5,279.0,39.15,127.0,131.0,91.7,67.0,167.0,74.6,45.3,126.0,111.0,32.5,89.7,16.6,16.8,38.4,10.0,39.75,35.9,14.3,139.0,220.5,38.85,30.15,40.0,22.0,525.0,92.6,463.5,676.0,316.5,8.4,20.8,98.5,50.2,78.2,399.5,238.0,9.58,45.0,15.55,57.8,24.55,120.5,75.0,41.85,103.0,21.55,24.5,84.8,16.2,24.3,275.0,87.8,409.0,165.0,199.0,16.95,51.6,55.2,19.95,10.05,19.25,13.85,24.5,57.6,86.3,71.9,14.0,110.0,10.5,9.73,62.8,104.5,20.65,74.8,19.6,276.5,316.0,213.0,66.6,286.0,50.4,80.7,12.55,117.0,107.5,286.0,40.7,26.3,202.5,46.7,30.2,32.35,82.8,300.0,12.6,31.45,335.5,115.5,4125.0,75.8,300.5,128.0,99.6,102.0,24.95,115.5,57.0,28.35,94.6,109.0,10.25,42.65
139.0,332.5,399.5,69.9,17.85,37.15,12.25,528.0,19.35,37.6,51.7,15.95,38.0,17.5,23.6,37.2,28.6,84.8,88.3,10.1,40.05,35.6,108.5,88.1,104.0,23.4,26.15,23.4,404.5,48.1,37.9,269.0,31.05,136.5,279.0,39.2,127.5,131.0,91.7,66.9,167.0,74.6,45.3,125.5,111.0,32.5,89.8,16.65,16.8,38.4,10.0,39.75,35.9,14.3,138.5,220.5,38.9,30.15,39.95,22.0,525.0,92.7,464.0,676.0,316.5,8.4,20.85,98.4,50.1,78.2,400.0,238.5,9.59,45.0,15.55,57.8,24.55,120.5,75.0,41.95,103.0,21.55,24.5,84.8,16.25,24.3,275.5,87.9,409.0,165.0,198.5,16.95,51.6,55.3,19.95,10.05,19.25,13.8,24.5,57.6,86.2,71.8,14.0,110.0,10.55,9.73,62.8,104.5,20.65,74.7,19.55,276.5,317.0,213.0,66.6,285.5,50.4,80.7,12.6,118.0,108.0,286.5,40.65,26.3,202.0,46.6,30.2,32.35,82.8,300.0,12.55,31.5,335.0,116.0,4125.0,75.7,301.0,128.0,99.7,101.5,24.95,116.0,57.0,28.35,94.6,108.5,10.25,42.65
139.0,332.0,399.5,69.9,17.8,37.15,12.25,528.0,19.4,37.6,51.8,15.9,38.0,17.5,23.6,37.2,28.55,84.7,88.3,10.1,40.05,35.6,108.5,88.1,104.0,23.4,26.15,23.4,404.5,48.1,37.95,269.0,31.05,136.5,279.0,39.2,127.5,131.0,91.7,67.1,167.0,74.6,45.3,126.0,111.0,32.45,89.8,16.6,16.8,38.4,10.05,39.8,35.85,14.3,138.5,220.5,38.9,30.15,39.95,22.0,525.0,92.6,464.0,676.0,316.5,8.4,20.85,98.4,50.1,78.2,399.5,238.0,9.58,44.95,15.5,57.8,24.55,121.0,75.0,41.75,103.5,21.55,24.5,84.8,16.2,24.35,274.5,87.9,409.0,164.5,198.5,16.95,51.7,55.2,19.95,10.05,19.2,13.8,24.5,57.5,86.2,71.8,14.0,110.0,10.55,9.73,62.8,104.0,20.65,74.7,19.55,276.5,317.0,213.0,66.6,285.5,50.4,80.7,12.55,117.5,108.0,286.5,40.65,26.35,202.0,46.55,30.2,32.35,82.8,300.0,12.55,31.5,335.5,116.0,4130.0,75.7,300.0,128.0,99.7,101.5,24.95,116.0,57.0,28.35,94.6,109.0,10.25,42.65
139.0,332.5,399.5,69.9,17.85,37.15,12.25,528.0,19.4,37.6,51.7,15.95,37.95,17.55,23.6,37.2,28.55,84.7,88.3,10.1,40.0,35.55,108.5,88.1,104.0,23.45,26.2,23.4,404.5,48.1,37.9,269.0,31.05,136.5,279.0,39.15,127.5,131.0,91.7,67.0,166.5,74.6,45.3,126.5,111.5,32.5,89.8,16.6,16.8,38.4,10.0,39.75,35.85,14.25,138.5,220.5,38.9,30.15,40.0,22.0,525.0,92.7,464.5,676.0,316.0,8.4,20.8,98.5,50.1,78.2,400.0,238.0,9.59,44.95,15.55,57.8,24.55,120.5,75.0,41.75,103.5,21.55,24.45,84.8,16.2,24.3,274.5,87.9,409.0,165.0,198.5,16.95,51.6,55.3,19.95,10.05,19.2,13.8,24.5,57.5,86.3,71.8,14.0,110.0,10.55,9.73,62.7,105.0,20.65,74.7,19.55,277.0,317.5,213.0,66.6,285.5,50.4,80.7,12.55,118.0,108.0,286.5,40.65,26.35,202.0,46.65,30.2,32.3,82.8,300.0,12.55,31.5,335.5,116.0,4125.0,75.8,300.0,128.0,99.6,101.5,24.95,116.5,57.0,28.35,94.6,108.5,10.25,42.65
139.0,333.0,399.0,69.9,17.8,37.2,12.25,528.0,19.4,37.6,51.7,15.95,37.95,17.6,23.6,37.2,28.6,84.7,88.3,10.1,40.0,35.55,109.0,88.2,104.0,23.45,26.2,23.4,404.5,48.2,37.9,269.0,31.05,136.5,279.0,39.2,127.5,130.5,91.7,67.1,167.0,74.6,45.35,126.0,111.5,32.5,89.8,16.65,16.8,38.4,10.0,39.75,35.85,14.3,139.0,220.5,38.85,30.2,39.95,21.95,525.0,92.6,465.0,676.0,316.0,8.4,20.85,98.4,50.2,78.2,400.0,238.5,9.59,45.0,15.55,57.8,24.55,120.5,75.1,41.8,103.5,21.55,24.5,84.8,16.2,24.35,274.5,87.8,409.0,164.5,198.5,16.9,51.6,55.2,19.9,10.1,19.25,13.85,24.55,57.6,86.3,71.9,14.0,110.0,10.55,9.73,62.7,104.5,20.6,74.7,19.6,277.0,318.0,213.0,66.7,285.5,50.4,80.7,12.55,117.5,108.0,286.5,40.65,26.35,202.0,46.8,30.15,32.35,82.8,300.5,12.6,31.5,335.5,115.5,4125.0,75.7,300.0,128.0,99.6,101.5,24.9,116.5,57.0,28.35,94.7,108.5,10.25,42.65
139.0,332.5,399.0,69.9,17.8,37.2,12.25,528.0,19.4,37.6,51.8,15.95,37.95,17.55,23.6,37.2,28.55,84.7,88.3,10.1,40.0,35.6,109.0,88.0,104.0,23.45,26.2,23.4,404.0,48.1,37.95,269.0,31.05,136.5,279.0,39.2,127.5,131.0,91.7,67.0,167.0,74.6,45.3,126.5,111.5,32.45,89.8,16.65,16.8,38.45,10.05,39.75,35.9,14.25,138.5,220.5,38.9,30.15,39.95,22.0,525.0,92.7,466.0,676.0,316.0,8.4,20.8,98.5,50.1,78.2,400.5,238.5,9.58,44.95,15.55,57.8,24.55,120.5,75.0,41.8,103.0,21.55,24.5,84.8,16.2,24.35,274.5,87.8,409.0,165.0,198.5,16.9,51.7,55.2,19.95,10.05,19.2,13.8,24.5,57.6,86.3,71.8,14.05,110.0,10.55,9.73,62.7,105.0,20.65,74.7,19.55,277.0,317.5,213.0,66.7,285.0,50.3,80.7,12.55,117.5,107.5,289.0,40.6,26.3,202.0,46.75,30.15,32.35,82.8,300.0,12.55,31.5,335.0,115.5,4125.0,75.8,300.0,128.0,99.6,102.0,24.9,116.5,56.9,28.35,94.7,108.5,10.3,42.65
139.5,333.0,399.0,70.0,17.8,37.2,12.25,528.0,19.35,37.6,51.7,15.9,37.95,17.55,23.65,37.2,28.55,84.6,88.3,10.1,40.0,35.6,109.0,88.0,104.0,23.4,26.2,23.4,404.5,48.1,37.95,269.0,31.05,136.0,279.0,39.2,127.5,131.0,91.7,67.1,167.0,74.6,45.3,126.0,111.5,32.45,89.8,16.65,16.8,38.45,10.05,39.75,35.85,14.25,139.0,220.5,38.85,30.15,39.95,22.0,525.0,92.6,467.0,676.0,316.0,8.4,20.85,98.4,50.1,78.2,401.0,238.0,9.58,45.0,15.55,57.8,24.55,120.5,75.1,41.75,103.0,21.55,24.45,84.8,16.2,24.3,274.5,87.8,409.0,165.0,198.5,16.95,51.6,55.3,19.95,10.05,19.2,13.8,24.55,57.7,86.8,71.8,14.0,110.0,10.55,9.72,62.6,105.0,20.6,74.7,19.55,277.0,317.0,212.5,66.7,285.0,50.3,80.7,12.55,117.5,107.5,288.5,40.65,26.3,202.0,46.85,30.15,32.3,82.9,300.0,12.55,31.5,335.0,116.0,4125.0,75.8,300.0,128.0,99.5,101.5,24.9,116.5,56.9,28.35,94.8,108.5,10.25,42.65
139.0,333.5,399.0,70.0,17.8,37.2,12.25,528.0,19.4,37.6,51.7,15.95,37.95,17.55,23.65,37.2,28.6,84.8,88.2,10.1,40.0,35.6,108.5,88.0,103.5,23.45,26.15,23.4,404.5,48.2,37.95,269.0,31.05,137.0,279.0,39.2,127.5,131.0,91.7,67.0,167.5,74.6,45.3,126.0,111.5,32.45,89.7,16.65,16.8,38.5,10.0,39.75,35.85,14.25,138.5,220.5,38.9,30.2,39.95,22.0,525.0,92.7,467.0,676.0,316.0,8.4,20.8,98.5,50.1,78.2,400.0,238.0,9.59,44.95,15.55,57.8,24.5,121.0,75.0,41.7,103.0,21.55,24.5,84.9,16.2,24.35,274.5,87.6,409.0,164.5,198.5,16.9,51.7,55.2,19.9,10.1,19.25,13.85,24.5,57.7,87.2,71.8,14.05,110.0,10.55,9.73,62.6,105.0,20.65,74.7,19.55,277.0,317.0,212.5,66.6,285.0,50.3,80.8,12.55,117.5,108.0,289.0,40.65,26.35,202.0,46.8,30.15,32.3,82.9,300.0,12.6,31.55,335.0,116.0,4120.0,75.8,299.5,128.0,99.5,101.5,24.9,116.0,57.0,28.4,94.6,109.0,10.3,42.65
139.0,333.5,398.5,70.0,17.8,37.15,12.25,528.0,19.4,37.6,51.7,15.95,37.95,17.55,23.6,37.15,28.6,84.8,88.2,10.1,40.0,35.6,109.0,88.0,103.5,23.45,26.15,23.4,404.5,48.1,37.95,269.0,31.05,137.0,279.0,39.2,127.0,131.0,91.7,67.0,167.5,74.7,45.35,126.5,111.5,32.5,89.8,16.65,16.8,38.5,10.0,39.75,35.85,14.25,138.5,220.5,38.9,30.2,39.95,22.0,525.0,92.6,466.0,676.0,316.0,8.4,20.8,98.4,50.1,78.2,400.0,238.5,9.59,45.0,15.5,57.8,24.5,120.5,75.0,41.75,103.5,21.55,24.5,84.8,16.2,24.3,274.5,87.8,409.0,164.5,198.0,16.9,51.6,55.2,19.95,10.1,19.25,13.8,24.55,57.6,87.0,71.8,14.0,109.5,10.55,9.73,62.6,105.0,20.65,74.7,19.55,277.0,316.5,212.5,66.7,285.5,50.3,80.8,12.55,117.5,108.0,289.0,40.7,26.35,202.0,46.95,30.15,32.3,82.9,300.0,12.55,31.5,335.5,115.5,4120.0,75.9,299.5,128.0,99.5,101.5,24.9,116.0,57.0,28.4,94.7,108.5,10.3,42.65
139.0,334.0,399.0,70.0,17.85,37.2,12.25,528.0,19.4,37.6,51.7,15.9,37.95,17.55,23.65,37.15,28.55,84.8,88.2,10.1,40.0,35.55,108.5,88.0,103.5,23.4,26.15,23.4,404.5,48.1,37.95,269.0,31.05,137.0,279.0,39.15,127.0,131.0,91.7,67.0,167.5,74.7,45.35,126.0,111.5,32.45,89.7,16.65,16.8,38.5,10.05,39.75,35.85,14.3,138.5,220.5,38.9,30.2,39.95,21.95,525.0,92.6,467.0,676.0,316.0,8.4,20.8,98.5,50.1,78.2,400.5,238.5,9.59,45.0,15.55,57.7,24.55,121.0,75.0,41.7,103.0,21.55,24.45,84.7,16.2,24.3,274.5,87.8,409.0,165.0,198.0,16.95,51.6,55.2,19.95,10.05,19.2,13.8,24.5,57.7,87.0,71.8,14.0,110.0,10.55,9.72,62.7,104.5,20.6,74.7,19.55,276.5,317.0,213.0,66.7,285.0,50.4,80.8,12.55,117.5,107.5,290.0,40.7,26.3,202.0,47.15,30.15,32.35,82.9,300.0,12.55,31.5,335.0,116.0,4120.0,75.9,299.0,128.0,99.6,101.5,24.9,116.0,57.0,28.4,94.7,109.0,10.3,42.65
139.0,333.5,399.0,70.0,17.85,37.15,12.25,528.0,19.4,37.55,51.7,15.95,37.95,17.6,23.65,37.15,28.6,84.8,88.2,10.1,40.0,35.55,109.0,88.0,103.5,23.4,26.15,23.4,404.5,48.15,37.9,269.0,31.05,137.0,279.0,39.2,127.0,131.0,91.7,67.1,168.0,74.6,45.35,126.0,111.5,32.4,89.5,16.6,16.8,38.45,10.05,39.7,35.85,14.25,139.0,220.5,38.85,30.2,39.95,21.95,525.0,92.6,467.5,676.0,316.0,8.4,20.8,98.4,50.1,78.2,400.0,238.0,9.59,45.0,15.55,57.8,24.55,120.5,75.0,41.7,103.5,21.55,24.45,84.8,16.25,24.35,275.0,87.8,409.0,165.0,198.0,16.95,51.6,55.1,19.95,10.05,19.25,13.8,24.5,57.8,87.0,71.8,14.05,110.0,10.55,9.73,62.6,105.0,20.6,74.7,19.6,276.5,316.5,212.5,66.7,285.0,50.3,80.8,12.55,117.5,108.0,290.0,40.65,26.3,201.5,47.2,30.15,32.35,82.9,300.0,12.55,31.5,335.5,115.5,4120.0,75.9,299.0,128.0,99.5,102.0,24.9,116.0,57.0,28.4,94.6,109.0,10.3,42.65
139.0,333.5,397.5,70.0,17.8,37.2,12.25,528.0,19.4,37.55,51.7,15.9,37.95,17.55,23.6,37.15,28.55,84.8,88.2,10.1,40.0,35.6,109.0,88.0,103.5,23.4,26.2,23.4,404.5,48.1,37.9,269.0,31.05,136.5,279.0,39.2,127.0,131.0,91.7,67.1,168.0,74.6,45.35,126.5,111.5,32.4,89.6,16.65,16.8,38.45,10.05,39.7,35.85,14.25,138.5,220.5,38.9,30.2,39.95,21.95,525.0,92.6,467.5,676.0,316.0,8.4,20.8,98.5,50.1,78.2,398.5,238.5,9.59,44.95,15.55,57.7,24.5,120.5,75.0,41.65,103.5,21.5,24.45,84.8,16.2,24.3,274.5,87.9,409.0,165.0,198.0,16.9,51.6,55.1,19.95,10.05,19.25,13.8,24.55,57.8,87.1,71.8,14.0,110.0,10.5,9.73,62.6,105.0,20.65,74.7,19.55,276.5,316.5,212.5,66.7,285.5,50.3,80.8,12.5,117.5,108.0,290.5,40.65,26.35,202.0,47.25,30.15,32.35,82.9,300.0,12.55,31.55,335.5,115.5,4120.0,75.9,299.0,128.0,99.5,101.5,24.9,116.0,56.9,28.4,94.7,108.5,10.3,42.65
139.0,333.5,399.0,70.0,17.8,37.2,12.25,528.0,19.4,37.55,51.8,15.95,37.95,17.6,23.65,37.2,28.55,84.8,88.2,10.1,39.95,35.6,108.5,88.0,103.5,23.45,26.15,23.4,404.5,48.15,37.95,269.0,31.05,136.5,279.0,39.2,127.0,131.0,91.7,67.1,168.0,74.6,45.35,126.0,111.0,32.4,89.5,16.65,16.8,38.45,10.05,39.75,35.85,14.25,139.0,220.5,38.85,30.2,39.95,21.9,525.0,92.7,468.0,676.0,316.0,8.4,20.8,98.4,50.2,78.3,398.5,238.0,9.59,44.95,15.55,57.8,24.5,121.0,75.0,41.6,103.0,21.55,24.5,84.8,16.25,24.3,274.5,87.8,409.0,165.0,198.5,16.95,51.6,55.1,19.9,10.05,19.2,13.8,24.5,57.7,87.1,71.9,14.0,110.0,10.55,9.73,62.6,104.5,20.65,74.9,19.6,277.0,316.5,212.5,66.7,285.5,50.3,80.8,12.5,117.5,107.5,290.5,40.65,26.35,202.0,47.25,30.15,32.35,82.9,300.0,12.55,31.55,335.0,115.5,4125.0,75.9,299.0,128.0,99.5,101.5,24.9,116.0,56.9,28.4,94.7,109.0,10.3,42.6
139.0,333.5,399.0,70.0,17.8,37.2,12.25,528.0,19.4,37.5,51.8,15.95,37.95,17.6,23.65,37.15,28.6,84.9,88.2,10.1,39.95,35.6,109.0,88.0,104.0,23.45,26.15,23.4,404.5,48.1,37.9,269.0,31.05,137.0,279.0,39.2,127.5,131.0,91.7,67.1,168.0,74.6,45.35,126.0,111.0,32.4,89.5,16.65,16.8,38.4,10.05,39.75,35.85,14.25,139.0,220.5,38.9,30.2,39.95,21.9,525.0,92.7,469.0,676.0,316.0,8.4,20.8,98.5,50.1,78.3,399.0,238.5,9.59,45.0,15.5,57.7,24.5,120.5,75.0,41.6,103.5,21.55,24.45,84.7,16.25,24.35,274.5,87.8,409.0,165.0,198.5,16.95,51.6,55.2,19.95,10.1,19.25,13.8,24.5,57.7,87.2,71.8,14.0,110.0,10.55,9.72,62.6,104.5,20.6,74.8,19.55,277.0,316.5,212.5,66.7,285.5,50.3,80.8,12.5,118.0,108.0,290.0,40.65,26.3,202.0,47.25,30.15,32.35,82.9,300.5,12.6,31.5,335.5,115.0,4125.0,75.9,299.0,128.0,99.5,101.5,24.95,116.5,56.9,28.4,94.7,108.5,10.3,42.6
139.0,333.5,399.0,70.0,17.8,37.2,12.25,528.0,19.4,37.55,51.8,15.95,37.9,17.55,23.65,37.15,28.55,84.9,88.2,10.1,39.9,35.6,108.5,88.0,104.0,23.4,26.2,23.4,404.5,48.05,37.9,269.0,31.05,137.0,279.0,39.2,127.5,131.0,91.8,67.1,167.5,74.6,45.35,126.0,111.0,32.4,89.3,16.65,16.75,38.45,10.0,39.75,35.85,14.25,139.0,220.5,38.9,30.2,39.95,21.95,525.0,92.6,469.5,677.0,316.0,8.4,20.8,98.5,50.2,78.2,398.5,238.5,9.59,45.0,15.55,57.8,24.45,120.5,75.0,41.65,103.0,21.55,24.45,84.7,16.2,24.3,274.5,87.8,409.0,164.5,198.5,16.95,51.6,55.1,19.95,10.05,19.25,13.8,24.55,57.6,87.1,71.9,14.0,110.0,10.55,9.73,62.7,105.0,20.6,74.8,19.6,277.0,317.0,212.5,66.6,285.0,50.4,80.8,12.5,117.5,107.5,290.0,40.6,26.3,202.0,47.5,30.15,32.3,82.9,300.0,12.6,31.5,336.0,115.0,4120.0,75.8,299.0,128.0,99.5,102.0,24.9,116.5,56.9,28.35,94.7,108.5,10.3,42.6
139.0,332.5,399.0,70.0,17.8,37.2,12.25,528.0,19.4,37.55,51.7,15.9,37.9,17.55,23.65,37.15,28.55,84.9,88.3,10.1,39.95,35.6,109.0,88.0,104.0,23.45,26.15,23.4,404.5,48.1,37.9,269.0,31.05,137.0,279.0,39.2,127.5,131.0,91.7,67.1,168.0,74.6,45.35,126.0,111.0,32.45,89.4,16.65,16.75,38.45,10.05,39.75,35.85,14.25,139.0,220.5,38.85,30.25,39.95,21.95,525.0,92.6,468.0,676.0,316.5,8.4,20.8,98.4,50.2,78.2,399.0,238.0,9.59,44.95,15.55,57.8,24.5,121.0,75.0,41.55,103.5,21.55,24.5,84.7,16.2,24.3,274.0,87.8,409.0,164.5,198.5,16.9,51.5,55.1,19.95,10.1,19.25,13.8,24.5,57.8,87.1,71.8,14.0,110.0,10.55,9.72,62.6,105.0,20.6,74.7,19.55,277.0,317.0,212.5,66.8,285.5,50.5,80.9,12.55,117.5,107.5,290.0,40.65,26.25,201.5,47.5,30.15,32.3,82.9,300.0,12.6,31.5,336.0,115.0,4120.0,75.7,299.5,128.0,99.5,102.5,24.9,116.0,57.0,28.35,94.8,108.5,10.3,42.6
139.5,332.5,399.0,70.1,17.8,37.2,12.25,528.0,19.4,37.55,51.7,15.95,37.9,17.6,23.6,37.15,28.55,84.8,88.3,10.1,39.95,35.55,109.0,88.0,104.0,23.45,26.15,23.4,404.5,48.1,37.9,269.0,31.05,137.0,279.0,39.2,127.5,131.0,91.7,67.0,168.0,74.6,45.3,126.0,111.0,32.4,89.4,16.65,16.8,38.45,10.05,39.75,35.85,14.3,138.5,220.5,38.85,30.2,39.95,21.9,525.0,92.6,467.0,676.0,316.0,8.4,20.8,98.5,50.1,78.2,399.0,238.0,9.59,44.95,15.5,57.8,24.45,120.5,75.1,41.5,103.5,21.5,24.45,84.7,16.2,24.35,274.0,88.0,409.0,165.0,198.5,16.95,51.6,55.2,19.95,10.1,19.25,13.8,24.55,57.7,87.0,71.8,14.0,110.0,10.55,9.73,62.6,105.0,20.6,74.9,19.6,277.5,317.0,212.5,66.7,285.0,50.4,80.9,12.5,117.5,107.5,289.5,40.6,26.3,202.0,47.4,30.15,32.3,82.9,300.0,12.6,31.5,335.5,115.5,4120.0,75.6,299.5,128.0,99.6,102.0,24.9,116.0,57.0,28.35,94.7,108.5,10.25,42.6
139.5,332.5,399.0,70.1,17.8,37.2,12.25,528.0,19.35,37.55,51.7,15.9,37.9,17.55,23.6,37.15,28.55,84.8,88.3,10.15,39.95,35.55,109.5,88.0,104.0,23.4,26.15,23.35,404.0,48.1,37.9,269.0,31.05,136.5,279.0,39.2,127.5,130.5,91.7,67.0,168.0,74.6,45.35,126.5,110.5,32.4,89.2,16.65,16.8,38.45,10.0,39.8,35.8,14.3,138.5,220.5,38.85,30.2,39.95,21.95,525.0,92.6,467.0,676.0,315.5,8.41,20.8,98.4,50.1,78.2,399.0,238.5,9.59,44.95,15.55,57.8,24.45,120.5,75.0,41.5,103.0,21.5,24.45,84.7,16.2,24.3,274.0,88.3,409.0,165.0,198.0,16.95,51.5,55.1,19.95,10.05,19.2,13.8,24.5,57.6,87.1,71.8,14.05,110.0,10.55,9.73,62.6,104.5,20.6,74.9,19.55,277.5,317.0,212.5,66.7,285.0,50.4,80.9,12.5,117.5,107.5,290.0,40.6,26.25,202.0,47.3,30.2,32.35,82.9,299.5,12.55,31.5,335.5,115.0,4120.0,75.8,299.5,128.0,99.6,102.0,24.9,116.5,57.0,28.35,94.7,108.5,10.3,42.6
139.0,333.0,399.0,70.0,17.8,37.1,12.25,528.0,19.35,37.55,51.8,15.95,37.95,17.6,23.6,37.15,28.55,84.8,88.2,10.15,39.95,35.55,109.0,88.0,103.5,23.45,26.15,23.35,404.0,48.05,37.95,269.5,31.05,136.5,279.0,39.2,127.5,130.5,91.7,67.1,168.0,74.5,45.35,126.0,110.5,32.45,89.2,16.6,16.8,38.45,10.05,39.8,35.85,14.3,139.0,220.5,38.9,30.2,39.9,21.95,525.0,92.6,466.5,676.0,315.5,8.41,20.8,98.5,50.1,78.2,399.0,238.0,9.6,44.95,15.5,57.8,24.45,120.5,75.0,41.55,103.5,21.5,24.5,84.7,16.2,24.35,274.0,88.3,409.0,165.0,198.5,16.9,51.5,55.2,19.95,10.1,19.25,13.8,24.55,57.7,87.1,71.8,14.0,110.0,10.55,9.72,62.6,104.5,20.6,74.9,19.6,277.5,316.5,213.0,66.7,285.0,50.4,80.9,12.5,117.0,107.5,288.5,40.6,26.25,202.0,47.4,30.15,32.35,82.9,299.5,12.55,31.5,335.5,114.5,4120.0,75.6,299.5,128.5,99.6,102.0,24.9,116.5,56.9,28.35,94.8,109.0,10.3,42.65
139.5,332.0,399.0,70.0,17.85,37.2,12.25,528.0,19.35,37.55,51.7,15.9,37.95,17.55,23.65,37.15,28.55,84.8,88.2,10.15,39.95,35.55,109.0,88.0,103.5,23.45,26.15,23.35,404.0,48.1,37.9,269.5,31.05,136.5,279.0,39.2,127.5,131.0,91.7,67.0,167.5,74.6,45.35,126.0,111.0,32.45,89.4,16.65,16.8,38.45,10.05,39.8,35.85,14.3,138.5,220.5,38.9,30.25,39.95,21.95,525.0,92.7,467.5,676.0,315.5,8.41,20.8,98.5,50.1,78.2,397.5,238.0,9.6,44.95,15.5,57.7,24.5,120.5,75.0,41.5,103.5,21.55,24.45,84.7,16.2,24.3,274.0,88.1,409.0,165.0,198.5,16.95,51.5,55.2,19.95,10.1,19.25,13.8,24.5,57.7,87.2,71.8,14.0,110.0,10.55,9.73,62.6,104.5,20.6,74.9,19.55,277.5,316.5,212.5,66.7,285.0,50.4,80.9,12.5,117.5,107.5,288.0,40.65,26.2,201.5,47.3,30.15,32.35,82.9,300.0,12.55,31.5,335.0,114.5,4115.0,75.6,299.5,128.5,99.6,102.0,24.9,116.5,56.9,28.35,94.7,109.0,10.3,42.6
139.0,332.0,399.0,70.0,17.8,37.2,12.25,528.0,19.35,37.55,51.7,15.95,37.95,17.55,23.6,37.15,28.6,84.8,88.2,10.15,39.95,35.6,109.5,88.0,103.5,23.45,26.15,23.35,404.0,48.1,37.9,269.0,31.0,137.0,279.5,39.2,127.5,131.0,91.7,67.1,168.0,74.6,45.35,126.0,111.0,32.45,89.4,16.65,16.8,38.45,10.05,39.8,35.85,14.3,139.0,220.5,38.9,30.2,39.9,21.9,526.0,92.6,467.5,676.0,315.5,8.41,20.8,98.5,50.2,78.2,396.5,238.5,9.6,44.95,15.55,57.7,24.45,120.5,75.0,41.6,103.5,21.5,24.45,84.8,16.25,24.3,274.0,88.1,409.0,165.0,198.5,16.9,51.5,55.2,19.95,10.05,19.25,13.8,24.5,57.7,87.0,71.8,14.05,110.0,10.55,9.73,62.6,104.5,20.65,74.9,19.55,277.0,316.5,213.0,66.7,285.0,50.4,81.0,12.55,117.0,107.5,287.5,40.6,26.25,202.0,47.15,30.2,32.35,82.9,300.0,12.55,31.55,335.0,114.5,4110.0,75.7,299.5,128.5,99.6,102.0,24.9,116.5,56.9,28.4,94.7,109.0,10.3,42.6
139.0,333.0,399.0,70.0,17.8,37.2,12.25,528.0,19.35,37.5,51.7,15.95,37.95,17.55,23.65,37.15,28.55,84.8,88.2,10.15,39.95,35.6,108.5,88.0,104.0,23.45,26.15,23.35,404.0,48.05,37.9,268.5,31.0,137.0,279.5,39.2,127.5,131.0,91.7,67.0,168.5,74.6,45.35,126.5,111.0,32.4,89.4,16.65,16.8,38.4,10.05,39.75,35.85,14.25,139.0,220.5,38.9,30.25,39.9,21.9,526.0,92.6,468.0,676.0,315.5,8.41,20.8,98.4,50.1,78.2,397.0,238.5,9.59,44.95,15.55,57.7,24.5,120.5,74.9,41.65,103.0,21.5,24.45,84.8,16.2,24.3,274.0,88.1,409.0,165.0,198.5,16.95,51.5,55.2,19.9,10.05,19.25,13.8,24.5,57.5,87.1,71.8,14.05,110.0,10.55,9.73,62.6,105.0,20.6,74.7,19.55,277.0,316.0,213.0,66.6,285.5,50.4,81.0,12.55,117.5,108.0,287.0,40.65,26.3,201.5,47.2,30.15,32.35,82.9,300.0,12.6,31.55,335.5,114.5,4105.0,75.7,299.5,128.5,99.5,102.0,24.9,116.5,57.0,28.4,94.6,108.5,10.25,42.6
139.0,333.0,399.0,70.1,17.8,37.2,12.3,528.0,19.35,37.3,51.7,15.9,37.9,17.55,23.65,37.15,28.55,84.8,88.2,10.15,39.95,35.6,109.0,88.0,104.0,23.45,26.2,23.35,404.0,48.05,37.85,268.5,31.0,137.0,279.5,39.2,127.5,131.0,91.7,67.1,168.5,74.6,45.35,126.0,111.0,32.45,89.3,16.6,16.8,38.4,10.05,39.75,35.85,14.3,139.0,220.5,38.85,30.2,39.9,21.9,526.0,92.6,468.0,676.0,315.5,8.41,20.8,98.4,50.2,78.2,398.0,238.0,9.59,45.0,15.55,57.7,24.6,120.5,75.0,41.6,103.5,21.5,24.45,84.8,16.25,24.3,274.0,88.0,409.0,164.5,198.5,16.9,51.5,55.1,19.95,10.05,19.25,13.8,24.5,57.5,87.1,71.8,14.0,110.0,10.55,9.73,62.6,105.0,20.65,74.7,19.55,277.0,316.0,212.5,66.7,285.5,50.4,80.9,12.55,117.5,107.5,288.0,40.65,26.3,202.0,47.25,30.15,32.35,82.9,300.0,12.6,31.55,335.5,114.5,4100.0,75.7,299.0,128.5,99.5,102.0,24.9,116.0,56.9,28.4,94.7,109.0,10.3,42.6
139.0,331.5,399.0,70.0,17.75,37.2,12.25,528.0,19.35,37.4,51.7,15.95,37.95,17.55,23.65,37.15,28.55,84.8,88.2,10.1,39.95,35.6,109.0,88.0,104.0,23.45,26.2,23.35,404.0,48.2,37.85,268.5,31.0,137.0,279.0,39.2,127.5,131.0,91.8,67.1,168.5,74.6,45.35,126.0,111.0,32.5,89.3,16.6,16.8,38.4,10.05,39.8,35.85,14.25,139.0,220.5,38.85,30.2,39.9,21.9,526.0,92.7,468.0,676.0,315.5,8.4,20.8,98.4,50.1,78.2,397.5,238.0,9.59,44.95,15.55,57.8,24.6,120.0,75.0,41.6,103.0,21.55,24.45,84.8,16.2,24.3,274.0,88.2,409.0,165.0,198.5,16.9,51.5,55.1,19.9,10.05,19.25,13.8,24.55,57.5,87.1,71.9,14.0,109.5,10.55,9.72,62.6,105.0,20.65,74.8,19.6,277.0,316.0,212.5,66.7,285.5,50.4,80.9,12.5,117.0,108.0,288.0,40.6,26.3,201.5,47.25,30.2,32.35,82.9,300.0,12.55,31.5,335.0,115.0,4095.0,75.7,299.0,128.5,99.5,101.5,24.9,116.5,57.0,28.4,94.7,109.0,10.3,42.6
139.0,331.5,397.5,70.1,17.8,37.2,12.3,528.0,19.35,37.4,51.7,15.95,37.95,17.55,23.65,37.15,28.55,84.8,88.2,10.15,39.95,35.6,109.0,88.0,104.0,23.45,26.2,23.35,404.0,48.2,37.85,268.5,31.0,136.5,279.0,39.2,127.5,131.0,91.8,67.1,168.0,74.6,45.35,126.0,111.0,32.45,89.3,16.6,16.8,38.45,10.0,39.8,35.85,14.25,138.5,220.5,38.9,30.2,39.9,21.95,526.0,92.6,467.5,676.0,315.5,8.4,20.8,98.5,50.1,78.2,397.5,238.5,9.59,45.0,15.55,57.8,24.6,120.5,75.0,41.55,103.5,21.55,24.4,84.7,16.25,24.35,274.5,88.2,409.0,165.0,198.5,16.95,51.6,55.1,19.95,10.1,19.2,13.8,24.55,57.5,87.0,71.8,14.05,109.5,10.55,9.72,62.6,105.0,20.6,74.7,19.55,277.0,316.5,212.5,66.7,285.5,50.4,80.9,12.5,117.5,107.5,287.0,40.65,26.3,202.0,47.3,30.2,32.3,82.9,300.0,12.55,31.5,335.0,115.0,4085.0,75.7,299.5,128.5,99.5,101.5,24.9,116.5,57.0,28.4,94.6,108.5,10.3,42.6
139.0,332.0,398.0,70.1,17.8,37.2,12.3,528.0,19.4,37.4,51.7,15.95,37.95,17.55,23.65,37.15,28.55,84.6,88.2,10.15,39.95,35.6,109.0,88.0,104.0,23.4,26.2,23.35,404.0,48.1,37.85,268.5,31.05,136.5,279.0,39.2,127.5,131.0,91.8,67.0,168.5,74.6,45.35,126.0,111.0,32.45,89.3,16.65,16.8,38.45,10.05,39.8,35.85,14.25,138.5,220.5,38.85,30.2,39.85,21.95,526.0,92.7,468.0,676.0,315.5,8.4,20.8,98.5,50.1,78.2,397.0,238.0,9.6,45.0,15.55,57.7,24.5,120.0,75.0,41.55,103.5,21.55,24.45,84.7,16.2,24.3,274.0,88.1,409.0,165.0,198.5,16.95,51.5,55.2,19.95,10.1,19.25,13.85,24.55,57.5,86.9,71.8,14.0,110.0,10.55,9.72,62.6,105.0,20.65,74.7,19.55,276.5,316.5,212.5,66.7,285.5,50.4,80.9,12.55,117.0,107.5,287.0,40.65,26.3,201.5,47.2,30.2,32.3,82.9,300.0,12.55,31.5,335.5,115.0,4100.0,75.8,299.5,128.5,99.4,102.0,24.9,116.0,57.0,28.4,94.7,108.5,10.3,42.6
139.0,331.5,398.5,70.1,17.8,37.1,12.3,528.0,19.4,37.4,51.7,15.95,37.95,17.5,23.6,37.15,28.6,84.9,88.2,10.15,39.95,35.55,109.0,88.0,104.0,23.45,26.15,23.4,403.0,48.1,37.9,268.5,31.05,137.0,279.0,39.2,127.5,131.0,91.8,67.1,168.5,74.6,45.3,126.0,111.0,32.5,89.3,16.65,16.8,38.4,10.05,39.8,35.85,14.25,138.5,220.5,38.85,30.2,39.85,21.95,526.0,92.6,468.0,675.0,315.5,8.4,20.8,98.4,50.1,78.2,396.5,238.5,9.6,44.95,15.55,57.7,24.5,120.5,75.0,41.6,103.0,21.55,24.45,84.6,16.2,24.3,274.0,88.1,409.0,164.5,198.5,16.9,51.6,55.2,20.0,10.1,19.25,13.85,24.5,57.5,86.6,71.9,14.05,110.0,10.55,9.72,62.6,104.5,20.6,74.7,19.55,276.5,316.5,213.0,66.7,285.0,50.3,80.9,12.55,117.0,108.0,288.0,40.65,26.3,202.0,47.1,30.15,32.35,82.9,300.0,12.55,31.5,335.5,115.0,4105.0,75.8,299.5,128.5,99.4,101.5,24.9,116.0,56.9,28.35,94.7,108.5,10.25,42.6
139.0,331.5,398.5,70.1,17.8,37.2,12.3,528.0,19.4,37.4,51.7,15.9,37.95,17.5,23.6,37.15,28.55,84.9,88.2,10.15,39.9,35.6,109.0,88.0,104.0,23.45,26.15,23.35,403.0,48.2,37.9,268.5,31.05,137.0,279.0,39.2,127.5,131.0,91.8,67.0,168.5,74.5,45.35,126.0,111.0,32.5,89.1,16.65,16.8,38.45,10.05,39.8,35.85,14.3,138.5,220.5,38.85,30.2,39.85,21.95,526.0,92.6,468.0,675.0,315.5,8.4,20.8,98.5,50.1,78.2,397.0,238.5,9.6,44.95,15.55,57.8,24.5,120.0,75.0,41.5,103.5,21.5,24.45,84.7,16.25,24.3,274.0,88.1,409.0,164.5,198.5,16.95,51.5,55.2,19.95,10.1,19.2,13.8,24.5,57.4,86.5,71.8,14.05,110.0,10.55,9.72,62.7,105.0,20.6,74.7,19.55,276.5,317.5,213.0,66.7,285.5,50.3,80.9,12.5,117.0,107.5,287.0,40.65,26.3,201.5,47.05,30.15,32.35,82.9,300.0,12.6,31.55,335.5,114.5,4110.0,75.8,299.5,128.5,99.3,101.5,24.9,116.0,56.9,28.35,94.7,108.5,10.3,42.6
139.0,331.0,398.5,70.0,17.8,37.2,12.3,528.0,19.4,37.4,51.7,15.95,37.95,17.55,23.6,37.15,28.55,84.7,88.2,10.1,39.95,35.55,109.0,88.0,104.0,23.45,26.15,23.35,401.0,48.15,37.9,268.5,31.05,137.0,279.0,39.2,127.5,130.5,91.8,67.1,168.5,74.5,45.35,126.0,111.5,32.5,89.2,16.6,16.8,38.45,10.05,39.75,35.9,14.3,139.0,220.5,38.85,30.2,39.9,21.9,526.0,92.6,468.0,675.0,316.0,8.4,20.8,98.5,50.1,78.2,397.0,238.5,9.6,45.0,15.55,57.7,24.5,120.0,75.0,41.55,103.5,21.5,24.45,84.6,16.2,24.35,274.0,88.2,409.0,165.5,198.5,16.9,51.5,55.2,20.0,10.05,19.2,13.8,24.55,57.4,86.5,71.8,14.05,110.0,10.55,9.72,62.7,105.0,20.6,74.7,19.55,277.0,319.0,212.5,66.7,285.5,50.3,80.9,12.55,117.5,108.0,286.5,40.65,26.3,202.0,47.1,30.15,32.35,82.9,300.0,12.55,31.55,335.0,115.0,4110.0,75.7,299.5,128.5,99.2,101.5,24.9,116.5,56.9,28.35,94.7,109.0,10.3,42.55
139.0,331.5,398.5,70.0,17.8,37.2,12.3,528.0,19.4,37.4,51.6,15.95,37.95,17.55,23.6,37.15,28.55,84.9,88.2,10.1,39.95,35.55,109.0,88.0,104.0,23.45,26.15,23.35,400.0,48.1,37.85,269.5,31.05,137.0,279.0,39.25,127.5,131.0,91.8,67.1,168.0,74.5,45.35,126.0,111.5,32.5,89.2,16.65,16.8,38.45,10.05,39.8,35.85,14.25,138.5,220.5,38.85,30.2,39.9,22.0,526.0,92.6,467.5,676.0,316.0,8.4,20.8,98.5,50.1,78.3,396.5,238.5,9.6,44.95,15.55,57.7,24.55,119.5,75.0,41.5,103.5,21.55,24.5,84.6,16.2,24.35,274.5,88.3,409.0,164.5,198.5,16.95,51.6,55.1,20.0,10.1,19.2,13.8,24.55,57.5,86.6,71.9,14.0,110.0,10.55,9.72,62.6,105.0,20.6,74.7,19.55,277.0,321.5,212.5,66.7,285.5,50.3,81.0,12.55,117.5,107.5,287.0,40.65,26.3,201.5,47.05,30.15,32.35,82.9,300.0,12.55,31.55,335.5,114.5,4110.0,75.8,299.5,128.5,99.2,101.5,24.9,116.5,56.9,28.35,94.7,108.5,10.25,42.6
139.0,331.0,398.5,70.0,17.75,37.1,12.3,528.0,19.4,37.4,51.6,15.95,37.95,17.5,23.6,37.15,28.6,84.9,88.3,10.1,39.95,35.55,109.0,88.0,104.0,23.5,26.15,23.35,400.0,48.2,37.9,269.5,31.0,137.0,279.0,39.2,127.5,131.0,91.8,67.1,168.0,74.5,45.35,126.0,111.5,32.5,89.1,16.65,16.8,38.45,10.0,39.8,35.85,14.25,139.0,220.0,38.85,30.2,39.9,22.0,526.0,92.6,467.5,676.0,316.0,8.4,20.8,98.4,50.1,78.2,397.0,238.5,9.6,44.95,15.55,57.7,24.6,119.5,75.0,41.5,103.5,21.5,24.5,84.7,16.2,24.3,274.0,88.3,409.0,164.5,198.5,16.95,51.5,55.2,20.0,10.05,19.2,13.8,24.5,57.4,86.5,71.9,14.05,110.0,10.55,9.72,62.6,105.0,20.6,74.7,19.55,276.5,320.0,212.5,66.7,285.0,50.4,80.9,12.55,117.5,108.0,287.5,40.65,26.25,202.0,47.05,30.15,32.35,82.9,300.0,12.55,31.55,335.5,116.0,4110.0,75.7,299.5,128.5,99.3,101.5,24.9,116.5,56.9,28.35,94.6,109.0,10.3,42.55
139.0,331.5,398.5,70.0,17.75,37.2,12.3,528.0,19.4,37.4,51.6,15.95,37.95,17.5,23.6,37.15,28.6,84.9,88.3,10.15,39.95,35.55,109.0,87.9,104.0,23.45,26.15,23.35,399.5,48.1,37.85,269.5,31.0,137.0,279.0,39.2,127.5,130.5,91.8,67.0,168.0,74.5,45.35,126.0,111.5,32.5,89.2,16.65,16.75,38.45,10.05,39.8,35.85,14.25,138.5,220.0,38.85,30.2,39.9,22.0,526.0,92.6,468.0,677.0,315.5,8.41,20.75,98.4,50.2,78.2,398.0,238.5,9.6,44.95,15.5,57.7,24.6,119.0,74.9,41.5,103.5,21.55,24.45,84.6,16.2,24.3,274.0,88.1,409.0,165.0,198.5,16.95,51.5,55.2,20.0,10.1,19.25,13.8,24.5,57.5,86.7,71.8,14.05,110.0,10.55,9.72,62.6,104.5,20.65,74.7,19.55,276.5,321.5,212.5,66.7,285.0,50.4,80.9,12.5,117.5,108.0,287.5,40.6,26.3,201.5,47.05,30.2,32.35,82.9,300.0,12.55,31.55,335.5,115.5,4105.0,75.3,299.5,128.0,99.4,101.5,24.95,116.5,56.9,28.35,94.6,109.0,10.25,42.55
139.0,331.5,398.5,69.9,17.8,37.1,12.3,528.0,19.4,37.4,51.6,15.9,37.95,17.55,23.65,37.15,28.55,84.9,88.2,10.15,39.95,35.55,109.0,87.9,104.0,23.45,26.15,23.35,401.0,48.2,37.9,269.5,31.0,136.5,278.5,39.2,127.5,130.5,91.8,67.1,168.5,74.5,45.35,126.0,111.0,32.5,89.2,16.65,16.8,38.45,10.05,39.75,35.85,14.3,138.5,220.0,38.85,30.2,39.9,22.0,526.0,92.6,467.0,676.0,315.5,8.41,20.75,98.5,50.1,78.2,398.0,238.5,9.59,44.95,15.6,57.8,24.55,119.5,75.0,41.5,103.5,21.55,24.45,84.7,16.2,24.3,274.0,88.2,409.0,164.5,198.5,16.9,51.6,55.1,20.0,10.1,19.25,13.8,24.5,57.5,86.7,71.8,14.0,110.0,10.55,9.73,62.6,105.0,20.6,74.6,19.55,276.5,320.5,212.5,66.6,285.0,50.3,80.9,12.5,117.5,108.0,287.5,40.6,26.3,202.0,47.0,30.25,32.3,82.9,300.5,12.6,31.5,335.0,116.0,4105.0,75.5,299.5,128.0,99.5,101.5,24.9,116.0,56.9,28.35,94.7,109.0,10.3,42.55
139.0,331.0,398.5,70.0,17.8,37.15,12.35,528.0,19.4,37.4,51.7,15.95,37.95,17.5,23.65,37.15,28.55,84.9,88.2,10.15,39.95,35.6,109.0,87.9,104.0,23.45,26.15,23.35,401.0,48.1,37.9,269.5,31.05,136.5,279.0,39.15,127.5,131.0,91.8,67.1,169.0,74.6,45.35,126.0,111.5,32.5,89.4,16.65,16.8,38.4,10.05,39.75,35.85,14.3,138.5,220.0,38.85,30.25,39.9,22.0,526.0,92.6,467.0,676.0,315.5,8.4,20.75,98.5,50.1,78.2,399.5,238.0,9.6,44.95,15.5,57.8,24.6,119.0,74.9,41.5,103.5,21.55,24.4,84.7,16.2,24.3,274.0,88.0,409.0,165.0,198.5,16.9,51.6,55.2,20.0,10.05,19.25,13.8,24.5,57.5,86.7,71.8,14.05,109.5,10.55,9.73,62.7,105.0,20.6,74.6,19.55,277.0,321.0,213.0,66.7,285.0,50.2,80.9,12.55,117.5,108.0,288.5,40.65,26.25,202.0,46.95,30.25,32.35,82.9,300.5,12.55,31.5,335.0,116.0,4105.0,75.6,299.5,128.0,99.5,102.0,24.9,116.0,56.9,28.35,94.6,108.5,10.3,42.55
139.0,331.0,397.5,70.0,17.8,37.2,12.3,528.0,19.35,37.4,51.7,15.9,37.95,17.55,23.65,37.15,28.5,84.9,88.1,10.15,39.95,35.6,109.0,87.9,104.0,23.4,26.15,23.35,401.0,48.1,37.9,269.0,31.05,136.5,279.5,39.15,127.5,131.0,91.8,67.1,169.0,74.5,45.35,126.0,111.5,32.5,89.4,16.65,16.8,38.4,10.05,39.75,35.85,14.25,138.5,220.0,38.9,30.15,39.85,22.0,526.0,92.6,467.0,676.0,315.5,8.41,20.75,98.5,50.1,78.2,399.0,238.5,9.6,44.95,15.5,57.8,24.55,118.5,75.0,41.5,103.0,21.55,24.45,84.6,16.25,24.3,274.0,88.1,409.0,165.5,198.5,16.9,51.6,55.1,20.0,10.1,19.25,13.8,24.5,57.5,86.6,71.8,14.05,110.0,10.55,9.73,62.6,105.0,20.6,74.6,19.55,277.0,320.0,212.5,66.7,285.0,50.2,80.9,12.5,117.0,107.5,288.5,40.65,26.3,202.0,46.95,30.2,32.35,82.9,300.5,12.6,31.55,335.5,115.5,4105.0,75.6,299.5,128.0,99.2,102.0,24.9,116.0,57.0,28.35,94.6,108.5,10.3,42.5
139.0,331.5,397.0,69.9,17.8,37.2,12.3,528.0,19.4,37.4,51.7,15.9,37.95,17.55,23.65,37.15,28.5,84.9,88.1,10.15,39.9,35.6,109.5,87.9,104.0,23.45,26.15,23.35,402.0,48.1,37.9,269.0,31.05,137.0,279.5,39.15,127.5,131.0,91.8,67.1,168.5,74.5,45.35,126.0,111.5,32.5,89.4,16.65,16.8,38.4,10.0,39.75,35.85,14.3,138.5,220.0,38.9,30.15,39.85,22.0,526.0,92.6,467.0,676.0,315.5,8.41,20.75,98.5,50.1,78.2,398.0,238.0,9.6,44.95,15.55,57.8,24.55,119.0,75.1,41.45,103.0,21.55,24.4,84.7,16.2,24.3,274.0,88.0,409.0,164.5,198.5,16.95,51.6,55.2,20.0,10.05,19.25,13.8,24.55,57.5,86.6,71.8,14.0,109.5,10.55,9.72,62.6,105.0,20.65,74.6,19.55,277.5,320.5,212.5,66.7,285.0,50.2,80.9,12.5,117.5,107.5,288.0,40.65,26.3,201.5,46.85,30.25,32.35,82.9,300.0,12.55,31.5,335.5,115.5,4100.0,75.5,299.5,128.0,99.4,102.5,24.85,116.0,56.9,28.35,94.6,108.5,10.25,42.55
139.0,331.5,397.0,69.9,17.8,37.15,12.3,528.0,19.35,37.4,51.6,15.95,37.95,17.5,23.6,37.15,28.55,84.9,88.1,10.15,39.95,35.6,109.5,87.9,103.5,23.45,26.15,23.4,402.0,48.1,37.9,269.0,31.05,137.0,280.0,39.15,127.5,131.0,92.0,67.1,168.5,74.5,45.3,126.0,111.5,32.5,89.5,16.65,16.8,38.4,10.05,39.8,35.85,14.3,138.5,220.0,38.85,30.15,39.85,22.0,526.0,92.5,467.0,676.0,315.5,8.41,20.75,98.4,50.1,78.2,398.0,238.5,9.6,45.0,15.55,57.8,24.55,119.0,75.0,41.4,103.0,21.55,24.45,84.7,16.25,24.3,274.0,87.9,409.0,164.5,198.5,16.9,51.5,55.2,19.95,10.05,19.25,13.8,24.5,57.5,86.7,71.7,14.05,109.5,10.5,9.72,62.6,105.0,20.6,74.6,19.6,277.5,321.5,212.5,66.7,285.0,50.2,80.9,12.55,117.5,107.5,289.0,40.6,26.3,202.0,46.95,30.2,32.35,82.9,300.0,12.55,31.5,335.5,116.0,4105.0,75.4,299.5,128.0,99.4,102.5,24.85,116.0,56.9,28.35,94.6,109.0,10.3,42.5
139.0,331.5,397.0,69.9,17.8,37.2,12.25,528.0,19.35,37.4,51.6,15.95,37.95,17.5,23.65,37.15,28.55,84.8,88.1,10.15,39.95,35.6,109.0,87.9,104.0,23.45,26.15,23.35,402.0,48.1,37.85,269.0,31.05,137.0,280.0,39.2,127.5,131.0,92.0,67.1,169.0,74.5,45.4,126.0,111.5,32.5,89.5,16.6,16.8,38.4,10.05,39.75,35.9,14.25,138.5,220.0,38.9,30.15,39.8,22.0,526.0,92.6,467.0,677.0,315.5,8.41,20.8,98.4,50.1,78.2,398.5,238.5,9.6,44.95,15.5,57.8,24.55,118.5,75.0,41.4,103.0,21.55,24.45,84.8,16.25,24.35,274.0,87.8,409.0,165.0,198.5,16.9,51.5,55.2,20.0,10.1,19.2,13.85,24.55,57.6,86.7,71.7,14.05,109.5,10.55,9.72,62.7,105.0,20.6,74.6,19.55,278.0,323.0,212.5,66.7,285.5,50.2,80.8,12.55,117.5,107.5,288.5,40.6,26.3,201.5,47.0,30.2,32.35,82.9,301.0,12.55,31.55,335.5,116.0,4110.0,75.3,299.5,128.0,99.4,102.0,24.85,116.0,56.9,28.35,94.6,109.0,10.25,42.5
139.0,331.5,397.0,69.9,17.85,37.2,12.3,528.0,19.35,37.45,51.6,15.95,37.95,17.5,23.65,37.15,28.55,84.9,88.2,10.15,39.95,35.6,109.5,88.0,104.5,23.45,26.2,23.4,402.0,48.05,37.9,270.0,31.05,136.5,280.0,39.15,127.5,130.5,92.0,67.1,169.0,74.5,45.35,126.0,111.0,32.5,89.3,16.6,16.75,38.4,10.05,39.75,35.85,14.3,138.5,220.5,38.85,30.15,39.8,21.95,526.0,92.5,467.0,677.0,315.5,8.41,20.75,98.4,50.2,78.2,399.0,238.5,9.6,45.0,15.5,57.8,24.55,118.5,74.9,41.35,103.5,21.55,24.4,84.9,16.25,24.3,273.5,87.7,409.0,165.0,198.5,16.95,51.6,55.2,20.0,10.1,19.2,13.85,24.55,57.5,86.6,71.7,14.0,109.5,10.55,9.72,62.6,104.5,20.6,74.7,19.6,278.0,322.5,212.5,66.8,285.5,50.4,80.9,12.5,117.0,107.5,289.0,40.65,26.3,202.0,47.05,30.25,32.35,82.9,301.0,12.55,31.55,335.5,116.0,4110.0,75.5,299.5,128.5,99.4,102.5,24.85,116.0,56.9,28.35,94.7,108.5,10.25,42.5
139.0,331.5,397.0,69.9,17.8,37.15,12.3,528.0,19.3,37.45,51.7,15.95,37.95,17.5,23.65,37.15,28.5,84.9,88.1,10.15,39.9,35.6,109.5,88.0,104.5,23.45,26.15,23.35,402.0,48.05,37.9,270.0,31.05,136.5,280.0,39.15,127.5,131.0,92.0,67.0,169.0,74.5,45.35,126.0,111.0,32.5,89.3,16.6,16.8,38.4,10.05,39.75,35.85,14.25,138.5,220.5,38.85,30.15,39.85,21.95,526.0,92.6,467.0,677.0,315.5,8.41,20.75,98.4,50.1,78.2,398.5,238.0,9.6,45.0,15.5,57.8,24.55,119.0,74.9,41.25,103.0,21.55,24.4,84.9,16.2,24.3,273.5,87.7,408.5,165.0,198.5,16.9,51.6,55.2,20.0,10.05,19.25,13.8,24.5,57.6,86.7,71.8,14.0,110.0,10.55,9.72,62.6,104.5,20.6,74.7,19.55,278.0,324.0,212.0,66.8,285.5,50.3,80.8,12.5,117.0,107.5,288.5,40.65,26.25,202.0,47.05,30.2,32.3,82.9,301.0,12.6,31.55,335.0,115.5,4110.0,75.5,299.5,128.5,99.4,102.0,24.85,116.0,57.0,28.35,94.6,109.0,10.3,42.6
139.0,332.5,397.0,70.0,17.85,37.2,12.3,528.0,19.3,37.45,51.6,15.9,37.95,17.55,23.65,37.2,28.55,84.8,88.2,10.1,39.95,35.6,109.0,87.9,105.0,23.45,26.15,23.35,402.0,48.1,37.9,270.0,31.05,136.5,280.0,39.2,127.5,131.0,92.0,67.1,169.0,74.5,45.35,125.5,111.0,32.55,89.2,16.65,16.75,38.45,10.05,39.75,35.85,14.3,139.0,220.5,38.9,30.15,39.8,21.95,526.0,92.5,467.0,677.0,315.5,8.41,20.8,98.4,50.2,78.1,399.0,238.5,9.6,44.95,15.5,57.8,24.6,118.5,75.0,41.4,103.0,21.55,24.45,84.8,16.2,24.35,273.5,87.7,408.5,165.0,199.0,16.9,51.5,55.2,20.05,10.1,19.25,13.8,24.5,57.6,86.7,71.8,14.0,110.0,10.55,9.72,62.6,104.5,20.65,74.6,19.55,277.5,322.0,212.0,66.7,285.0,50.3,80.8,12.5,117.5,107.5,288.5,40.65,26.25,202.0,47.15,30.2,32.3,82.9,301.0,12.55,31.55,335.5,115.5,4110.0,75.5,299.5,128.5,99.4,102.0,24.9,116.0,57.0,28.4,94.6,108.5,10.3,42.55
139.0,332.5,397.0,70.0,17.8,37.2,12.3,528.0,19.3,37.45,51.6,15.95,37.95,17.5,23.6,37.15,28.55,84.8,88.2,10.1,39.95,35.6,109.0,87.9,104.5,23.45,26.15,23.35,402.0,48.1,37.9,270.0,31.05,137.0,280.0,39.15,127.5,131.0,92.0,67.0,168.5,74.6,45.35,125.5,111.0,32.5,89.3,16.65,16.8,38.45,10.05,39.75,35.85,14.25,138.5,220.5,38.9,30.15,39.85,21.9,526.0,92.6,467.0,677.0,315.5,8.4,20.75,98.4,50.1,78.2,399.0,238.5,9.6,45.0,15.5,57.8,24.55,119.0,75.0,41.4,103.5,21.55,24.4,84.8,16.25,24.3,273.5,87.6,408.5,165.0,199.0,16.95,51.6,55.2,20.05,10.05,19.25,13.8,24.55,57.6,86.6,71.8,14.05,110.0,10.55,9.72,62.7,105.0,20.65,74.6,19.6,277.5,322.5,213.0,66.8,285.0,50.3,80.7,12.55,117.0,107.5,288.0,40.65,26.2,202.0,47.25,30.2,32.3,82.9,301.0,12.55,31.55,335.0,116.0,4110.0,75.5,300.0,128.0,99.4,102.0,24.9,116.0,57.0,28.35,94.7,109.0,10.25,42.55
139.5,332.5,397.0,70.0,17.8,37.1,12.25,528.0,19.3,37.45,51.6,15.9,37.95,17.55,23.6,37.15,28.5,84.9,88.2,10.1,39.9,35.6,109.0,87.9,104.5,23.45,26.2,23.35,402.0,48.1,37.9,270.0,31.05,137.0,280.0,39.15,127.5,131.0,92.0,67.1,169.0,74.6,45.35,125.5,111.0,32.5,89.1,16.65,16.75,38.45,10.05,39.7,35.85,14.3,138.5,220.5,38.95,30.15,39.8,21.95,526.0,92.5,467.0,677.0,315.5,8.4,20.75,98.4,50.1,78.2,399.0,238.5,9.6,44.95,15.5,57.8,24.6,119.5,75.0,41.3,103.0,21.55,24.4,84.8,16.25,24.3,273.5,87.7,408.0,165.0,198.5,16.95,51.6,55.1,20.05,10.05,19.25,13.8,24.5,57.7,86.7,71.7,14.0,109.5,10.55,9.72,62.7,105.0,20.6,74.6,19.6,277.5,322.0,213.0,66.8,285.0,50.2,80.7,12.55,117.5,107.5,287.5,40.65,26.3,202.0,47.3,30.25,32.3,82.9,301.5,12.55,31.55,335.5,116.0,4110.0,75.6,300.0,128.0,99.4,102.0,24.9,116.0,57.0,28.35,94.7,108.5,10.3,42.6
139.0,333.0,397.0,70.0,17.8,37.2,12.3,528.0,19.3,37.45,51.6,15.95,37.95,17.55,23.6,37.15,28.55,84.9,88.2,10.15,39.9,35.6,109.5,87.9,104.5,23.45,26.15,23.35,402.0,48.1,37.85,270.0,31.0,137.0,280.0,39.15,127.5,131.0,92.0,67.1,168.5,74.5,45.35,126.0,111.0,32.5,89.1,16.65,16.8,38.45,10.05,39.7,35.85,14.3,138.5,220.5,38.9,30.2,39.8,21.95,526.0,92.5,467.0,677.0,315.5,8.41,20.8,98.3,50.1,78.2,399.0,238.5,9.6,45.0,15.55,57.8,24.55,119.5,74.9,41.3,103.5,21.55,24.4,84.9,16.2,24.35,273.5,87.8,408.0,165.5,198.5,16.95,51.6,55.1,20.1,10.1,19.2,13.8,24.5,57.6,86.6,71.7,14.05,109.5,10.55,9.73,62.6,105.0,20.6,74.6,19.6,278.0,322.5,212.5,66.8,285.0,50.2,80.7,12.5,117.5,107.5,287.0,40.6,26.25,202.0,47.3,30.2,32.3,82.9,301.5,12.55,31.55,335.5,115.5,4105.0,75.7,300.0,128.5,99.5,102.0,24.9,116.0,57.0,28.35,94.6,108.5,10.3,42.6
139.0,333.5,397.0,69.9,17.85,37.15,12.3,528.0,19.3,37.45,51.7,15.95,38.0,17.55,23.65,37.15,28.55,84.9,88.2,10.1,39.9,35.6,109.5,87.9,104.5,23.45,26.15,23.35,402.0,48.1,37.85,270.0,31.0,137.0,279.5,39.15,128.0,130.5,92.0,67.1,168.5,74.5,45.4,126.0,111.0,32.5,89.2,16.65,16.75,38.45,10.0,39.75,35.85,14.25,138.5,220.5,38.9,30.15,39.85,21.9,526.0,92.5,467.0,677.0,315.0,8.4,20.75,98.4,50.1,78.1,398.5,238.0,9.6,44.95,15.55,57.8,24.6,119.0,75.0,41.35,103.5,21.55,24.45,84.9,16.25,24.35,273.5,87.8,408.0,165.5,198.5,16.95,51.5,55.1,20.05,10.05,19.25,13.8,24.5,57.7,86.6,71.8,14.05,109.5,10.55,9.72,62.7,105.0,20.6,74.7,19.55,278.0,324.0,212.5,66.7,285.5,50.3,80.7,12.5,117.0,107.5,287.0,40.6,26.3,202.0,47.2,30.2,32.3,82.9,302.5,12.55,31.5,335.5,116.0,4105.0,75.7,300.0,128.5,99.4,102.0,24.85,116.0,57.0,28.35,94.5,109.0,10.25,42.55
139.0,333.0,397.5,69.9,17.8,37.2,12.3,528.0,19.3,37.45,51.7,15.95,38.0,17.55,23.65,37.1,28.55,84.9,88.2,10.15,39.95,35.6,109.5,87.9,104.5,23.45,26.2,23.4,402.0,48.0,37.9,270.0,31.0,137.0,279.5,39.2,127.5,131.0,92.0,67.0,169.0,74.6,45.4,125.5,111.0,32.5,89.3,16.65,16.8,38.45,10.0,39.75,35.85,14.3,138.5,220.5,38.9,30.15,39.8,21.9,526.0,92.6,467.0,677.0,315.5,8.41,20.75,98.4,50.1,78.1,398.5,238.0,9.6,44.95,15.5,57.8,24.55,119.0,75.0,41.35,103.0,21.55,24.4,84.8,16.25,24.3,273.5,87.8,408.0,165.0,198.5,16.9,51.6,55.1,20.05,10.1,19.25,13.8,24.5,57.7,86.6,71.7,14.0,109.5,10.55,9.73,62.7,104.5,20.65,74.7,19.55,278.0,321.5,212.5,66.8,286.0,50.2,80.8,12.5,117.5,107.5,287.0,40.6,26.3,201.5,47.1,30.2,32.35,82.9,302.0,12.55,31.55,335.5,116.0,4105.0,75.5,300.0,128.5,99.4,102.0,24.9,116.0,56.9,28.35,94.5,109.0,10.3,42.55
139.0,333.5,397.5,69.9,17.85,37.1,12.35,528.0,19.35,37.45,51.6,15.95,38.0,17.5,23.65,37.1,28.6,84.9,88.2,10.15,39.95,35.6,109.0,88.0,105.0,23.45,26.2,23.4,402.0,48.1,37.9,270.0,31.0,137.0,279.5,39.15,127.5,131.0,92.0,67.0,168.5,74.5,45.4,126.0,111.0,32.5,89.4,16.6,16.75,38.4,10.0,39.75,35.85,14.25,138.5,220.5,38.9,30.15,39.8,21.85,526.0,92.5,467.0,677.0,315.5,8.41,20.75,98.4,50.1,78.1,397.5,238.5,9.6,44.95,15.55,57.7,24.55,119.5,75.1,41.35,103.5,21.5,24.45,84.9,16.25,24.3,273.5,87.9,408.0,165.5,198.5,16.95,51.5,55.0,20.05,10.05,19.25,13.8,24.5,57.7,86.7,71.7,14.05,109.5,10.55,9.72,62.8,105.0,20.6,74.7,19.55,278.0,322.0,212.5,66.7,285.5,50.2,80.8,12.5,117.5,108.0,287.0,40.6,26.25,202.0,47.15,30.2,32.3,82.9,302.0,12.55,31.5,334.5,115.5,4105.0,75.6,300.5,128.5,99.4,102.0,24.9,116.0,56.9,28.4,94.6,108.5,10.25,42.55
139.0,333.0,397.5,69.9,17.8,37.2,12.35,528.0,19.3,37.45,51.6,15.95,38.0,17.5,23.65,37.15,28.6,84.9,88.3,10.15,39.95,35.55,109.0,88.0,104.5,23.45,26.2,23.35,402.0,48.1,37.85,270.0,31.0,137.0,279.5,39.15,127.5,131.0,92.0,67.1,168.5,74.5,45.4,125.5,111.0,32.5,89.3,16.6,16.8,38.45,10.05,39.8,35.85,14.25,138.5,220.5,38.95,30.15,39.8,21.9,526.0,92.5,467.0,678.0,316.0,8.4,20.75,98.4,50.1,78.1,397.0,238.5,9.58,45.0,15.55,57.8,24.6,119.5,75.1,41.35,103.5,21.55,24.4,84.7,16.25,24.3,273.5,87.9,408.0,165.0,198.5,16.9,51.5,55.1,20.05,10.05,19.2,13.8,24.5,58.0,86.7,71.8,14.05,110.0,10.55,9.72,62.8,105.0,20.6,74.7,19.55,277.5,323.0,212.5,66.7,285.5,50.3,80.8,12.5,117.5,108.0,287.0,40.6,26.3,202.0,47.2,30.25,32.35,82.9,302.5,12.55,31.5,334.5,115.0,4100.0,75.5,300.0,128.5,99.4,102.0,24.9,116.0,56.9,28.4,94.5,109.0,10.25,42.55
139.0,333.5,397.0,69.9,17.85,37.2,12.3,528.0,19.3,37.4,51.7,15.9,38.0,17.55,23.65,37.1,28.55,84.9,88.3,10.1,39.95,35.6,109.5,88.0,105.5,23.45,26.15,23.4,402.0,48.0,37.9,270.0,31.05,137.0,279.5,39.15,127.5,131.0,92.0,67.1,168.5,74.5,45.4,125.0,111.0,32.5,89.4,16.6,16.75,38.45,10.05,39.8,35.85,14.3,138.5,220.5,38.95,30.15,39.8,21.85,526.0,92.5,466.5,677.0,316.0,8.4,20.75,98.4,50.1,78.1,398.0,238.5,9.58,44.95,15.55,57.8,24.55,119.5,75.0,41.4,103.0,21.55,24.45,84.8,16.2,24.3,274.0,87.9,408.0,165.0,198.5,16.95,51.6,55.1,20.1,10.1,19.25,13.8,24.5,57.9,86.7,71.8,14.0,110.0,10.55,9.72,62.7,104.5,20.65,74.7,19.6,277.5,322.5,212.5,66.7,286.0,50.3,80.8,12.55,117.5,107.5,287.5,40.6,26.3,202.0,47.3,30.25,32.4,82.9,302.5,12.55,31.5,335.0,115.5,4095.0,75.6,300.0,128.5,99.4,101.5,24.9,116.0,56.9,28.4,94.6,108.5,10.25,42.6
139.0,333.0,396.0,69.9,17.8,37.2,12.3,528.0,19.3,37.45,51.6,15.95,38.0,17.5,23.65,37.1,28.6,84.9,88.3,10.15,39.95,35.55,109.0,88.0,105.0,23.4,26.2,23.35,402.0,48.0,37.85,270.0,31.0,137.0,279.5,39.15,127.5,131.0,92.0,67.1,168.5,74.5,45.4,126.0,111.0,32.5,89.5,16.65,16.8,38.4,10.05,39.8,35.85,14.3,138.5,220.5,38.95,30.15,39.8,21.9,526.0,92.5,466.5,677.0,315.5,8.4,20.75,98.4,50.1,78.1,398.0,238.5,9.58,44.95,15.55,57.8,24.55,119.5,75.1,41.35,103.0,21.55,24.45,84.7,16.2,24.3,273.5,87.8,408.0,165.0,198.5,16.9,51.5,55.0,20.05,10.1,19.2,13.8,24.5,57.8,86.5,71.9,14.05,110.0,10.55,9.72,62.7,104.5,20.6,74.7,19.55,277.5,322.5,213.0,66.7,285.5,50.3,80.8,12.55,117.5,107.5,287.5,40.6,26.3,202.5,47.3,30.25,32.4,82.9,302.5,12.55,31.5,335.0,115.5,4095.0,75.6,300.0,128.5,99.4,102.0,24.9,116.0,57.0,28.4,94.5,108.5,10.25,42.6
139.0,333.5,396.0,70.0,17.8,37.05,12.35,528.0,19.3,37.45,51.6,15.95,37.95,17.5,23.65,37.1,28.55,84.9,88.3,10.1,39.9,35.55,109.5,88.0,105.0,23.4,26.2,23.35,402.0,48.0,37.9,270.0,31.05,137.0,279.5,39.2,128.0,130.5,91.8,67.1,168.5,74.5,45.35,126.0,111.5,32.55,89.7,16.65,16.8,38.45,10.05,39.8,35.85,14.3,139.0,220.5,38.9,30.2,39.8,21.85,526.0,92.5,466.5,677.0,315.5,8.4,20.75,98.3,50.1,78.1,398.0,238.5,9.58,45.0,15.5,57.8,24.55,119.0,75.1,41.3,102.5,21.55,24.4,84.8,16.2,24.35,273.5,87.7,408.0,165.5,198.5,16.9,51.6,55.1,20.05,10.05,19.2,13.8,24.55,57.9,86.6,71.8,14.0,110.0,10.55,9.72,62.7,104.5,20.65,74.7,19.55,277.5,322.5,212.5,66.6,285.5,50.2,80.8,12.5,118.0,107.5,288.5,40.6,26.3,202.5,47.25,30.2,32.4,82.9,302.5,12.6,31.5,334.5,115.5,4095.0,75.7,300.0,128.5,99.4,102.5,24.9,116.0,57.0,28.4,94.5,108.5,10.25,42.55
139.5,333.5,396.0,70.0,17.8,37.15,12.35,528.0,19.3,37.45,51.6,16.0,37.9,17.5,23.6,37.1,28.55,85.0,88.3,10.15,39.95,35.55,109.5,88.0,105.0,23.45,26.15,23.35,402.0,48.05,37.85,270.0,31.05,137.0,279.5,39.15,128.0,131.0,91.8,67.1,168.5,74.5,45.35,125.0,111.5,32.5,89.7,16.65,16.8,38.45,10.05,39.8,35.85,14.25,138.5,220.5,38.9,30.2,39.8,21.85,526.0,92.6,466.5,677.0,315.5,8.4,20.75,98.4,50.1,78.1,398.5,238.5,9.59,45.0,15.5,57.8,24.6,119.5,75.0,41.3,103.0,21.55,24.4,84.8,16.2,24.35,273.5,87.8,408.0,165.5,198.5,16.95,51.6,55.0,20.0,10.1,19.25,13.8,24.5,58.0,86.6,71.8,14.05,110.0,10.55,9.72,62.8,105.0,20.6,74.6,19.6,277.5,320.5,213.0,66.6,286.0,50.2,80.9,12.5,118.0,108.0,288.0,40.55,26.25,202.0,47.25,30.45,32.4,82.8,302.0,12.55,31.5,335.0,115.5,4090.0,75.6,300.0,128.5,99.3,102.0,24.9,116.5,56.9,28.4,94.6,108.5,10.25,42.6
139.0,333.0,396.0,69.9,17.8,37.15,12.35,528.0,19.3,37.4,51.7,16.0,37.9,17.5,23.6,37.15,28.55,85.0,88.2,10.15,39.95,35.5,109.5,88.0,105.0,23.45,26.2,23.35,402.0,48.0,37.9,270.0,31.05,136.5,279.5,39.2,128.0,131.0,91.8,67.1,169.0,74.6,45.4,125.0,111.0,32.5,89.7,16.6,16.8,38.45,10.05,39.8,35.85,14.3,138.5,220.5,38.95,30.2,39.8,21.85,526.0,92.5,466.5,677.0,315.5,8.4,20.75,98.3,50.1,78.2,399.0,238.0,9.59,44.95,15.5,57.8,24.6,119.0,74.9,41.35,103.0,21.55,24.45,84.7,16.2,24.3,273.5,87.8,408.0,165.5,199.0,16.95,51.6,55.1,20.0,10.1,19.2,13.8,24.5,57.8,86.6,71.8,14.0,110.0,10.55,9.72,62.8,105.0,20.6,74.6,19.6,277.0,320.0,212.5,66.7,286.0,50.3,80.8,12.5,118.0,107.5,287.0,40.55,26.25,202.5,47.3,30.5,32.4,82.8,302.0,12.55,31.5,334.5,115.0,4090.0,75.6,300.0,129.0,99.3,102.0,24.9,116.0,56.9,28.4,94.5,109.0,10.25,42.55
139.0,333.0,396.0,69.9,17.8,37.15,12.35,528.0,19.35,37.4,51.6,16.0,37.9,17.45,23.65,37.1,28.6,85.0,88.2,10.15,39.95,35.55,109.0,88.0,105.5,23.45,26.2,23.35,402.0,48.05,37.9,270.0,31.0,136.5,279.0,39.15,128.0,131.0,91.8,67.0,169.0,74.5,45.4,125.0,111.5,32.5,89.7,16.65,16.8,38.4,10.05,39.8,35.85,14.3,138.5,220.5,38.95,30.2,39.8,21.9,526.0,92.6,466.5,677.0,315.5,8.4,20.75,98.3,50.1,78.1,399.5,238.5,9.59,44.95,15.55,57.8,24.55,119.5,74.9,41.35,103.0,21.55,24.4,84.8,16.2,24.3,273.5,87.8,408.0,165.5,198.5,16.95,51.6,55.1,20.05,10.1,19.25,13.8,24.5,57.9,86.6,71.8,14.0,109.5,10.55,9.71,62.7,105.0,20.65,74.6,19.55,277.0,319.5,213.0,66.7,285.5,50.3,80.8,12.5,117.5,108.0,288.0,40.55,26.25,202.0,47.35,30.5,32.3,82.8,302.0,12.55,31.5,335.0,115.5,4090.0,75.5,300.5,129.0,99.2,102.0,24.9,116.0,56.9,28.4,94.5,109.0,10.25,42.55
139.0,333.0,396.0,69.8,17.8,37.15,12.3,528.0,19.35,37.45,51.6,15.95,37.9,17.45,23.65,37.1,28.55,84.9,88.3,10.15,39.95,35.55,109.0,88.0,105.0,23.45,26.2,23.35,402.0,48.0,37.85,270.0,31.0,136.5,279.0,39.15,128.0,131.0,91.8,67.1,169.0,74.5,45.4,126.0,111.5,32.5,89.7,16.65,16.8,38.35,10.0,39.8,35.85,14.3,138.5,220.5,38.95,30.2,39.8,21.9,526.0,92.5,466.0,677.0,315.5,8.4,20.75,98.2,50.1,78.2,399.5,238.0,9.59,44.95,15.5,57.8,24.55,119.5,74.9,41.35,103.0,21.55,24.5,84.8,16.2,24.3,273.5,87.8,408.0,165.0,198.0,16.95,51.6,55.1,20.05,10.05,19.25,13.8,24.5,57.8,86.6,71.9,14.0,110.0,10.55,9.72,62.7,104.5,20.65,74.6,19.55,277.0,320.0,213.0,66.7,285.5,50.3,80.9,12.5,118.0,107.5,288.0,40.6,26.25,202.0,47.35,30.55,32.35,82.8,302.0,12.55,31.5,335.0,115.5,4090.0,75.6,300.5,129.0,99.3,102.0,24.9,116.0,56.9,28.4,94.5,108.5,10.25,42.55
139.0,333.5,396.0,69.9,17.85,37.15,12.3,528.0,19.3,37.45,51.6,15.95,37.95,17.45,23.65,37.1,28.6,84.9,88.3,10.1,39.95,35.55,109.0,87.9,105.0,23.4,26.2,23.35,402.0,48.0,37.9,270.0,31.0,136.5,279.0,39.15,128.0,131.0,91.8,67.1,169.0,74.5,45.4,125.5,111.5,32.55,89.6,16.65,16.75,38.4,10.05,39.75,35.8,14.3,139.0,220.5,38.95,30.2,39.8,21.9,526.0,92.6,466.0,677.0,315.5,8.4,20.75,98.2,50.1,78.2,399.5,238.5,9.59,44.9,15.55,57.8,24.55,119.5,74.9,41.35,103.0,21.55,24.45,84.8,16.2,24.3,273.0,87.9,408.0,165.0,198.0,16.95,51.6,55.1,20.0,10.05,19.2,13.8,24.5,57.9,86.7,71.8,14.0,110.0,10.55,9.72,62.7,104.5,20.65,74.6,19.55,277.0,320.0,212.5,66.7,286.0,50.4,80.8,12.5,117.5,108.0,288.5,40.55,26.25,202.5,47.5,30.5,32.35,82.9,301.5,12.6,31.5,335.0,116.0,4090.0,75.6,300.5,129.0,99.3,102.0,24.9,116.0,56.9,28.4,94.4,109.0,10.25,42.55
139.0,333.5,396.0,69.9,17.8,37.05,12.35,528.0,19.3,37.45,51.6,15.95,37.95,17.5,23.65,37.1,28.6,84.9,88.3,10.1,39.9,35.55,108.5,87.9,105.0,23.45,26.2,23.35,402.0,48.05,37.9,270.0,31.05,136.5,279.0,39.2,128.0,131.0,91.8,67.1,168.5,74.5,45.4,125.0,111.0,32.55,89.7,16.65,16.75,38.4,10.05,39.75,35.8,14.25,138.5,220.5,38.95,30.25,39.8,21.9,525.0,92.5,466.5,677.0,315.5,8.4,20.75,98.3,50.1,78.1,399.5,238.0,9.59,44.9,15.5,57.8,24.6,119.0,75.0,41.35,103.0,21.5,24.5,84.8,16.2,24.3,273.0,87.9,408.0,165.0,198.0,16.95,51.6,55.1,20.0,10.05,19.2,13.8,24.5,58.0,86.5,71.8,14.0,110.0,10.55,9.72,62.8,104.5,20.6,74.6,19.55,277.0,320.0,212.5,66.7,286.0,50.3,80.8,12.5,117.5,107.5,288.5,40.55,26.25,202.5,47.65,30.55,32.35,82.9,301.5,12.55,31.5,335.0,115.5,4090.0,75.7,300.0,129.0,99.2,102.0,24.9,116.0,56.9,28.4,94.4,109.0,10.3,42.6
139.0,333.0,396.0,69.9,17.85,37.15,12.35,528.0,19.3,37.45,51.6,15.95,37.95,17.5,23.65,37.1,28.6,84.9,88.3,10.1,39.95,35.5,108.5,87.9,105.0,23.4,26.2,23.35,402.0,48.1,37.9,270.0,31.0,136.5,278.5,39.15,127.5,131.0,91.8,67.0,169.0,74.5,45.4,125.5,111.0,32.5,89.6,16.65,16.8,38.4,10.05,39.75,35.8,14.3,138.5,220.5,38.95,30.2,39.8,21.9,525.0,92.6,466.5,677.0,315.5,8.4,20.75,98.2,50.2,78.1,400.0,238.0,9.59,44.9,15.5,57.8,24.55,119.0,75.0,41.3,103.5,21.55,24.45,84.8,16.2,24.3,273.0,87.9,408.0,165.0,198.5,16.95,51.6,55.1,20.0,10.05,19.25,13.8,24.5,57.9,86.6,71.8,14.0,109.5,10.55,9.73,62.7,105.0,20.6,74.6,19.6,277.0,321.0,212.5,66.7,286.0,50.3,80.9,12.55,117.5,107.5,288.5,40.55,26.25,202.0,47.55,30.5,32.4,82.9,301.5,12.55,31.55,335.0,115.0,4085.0,75.6,300.0,129.0,99.3,102.5,24.9,116.5,56.9,28.4,94.4,108.5,10.3,42.6
139.5,333.0,396.0,69.9,17.8,37.1,12.35,528.0,19.3,37.45,51.6,16.0,37.95,17.45,23.65,37.1,28.5,84.9,88.2,10.1,39.95,35.55,109.0,87.9,104.5,23.4,26.2,23.35,402.0,48.05,37.85,270.0,31.0,137.0,278.5,39.15,127.5,131.0,91.8,67.1,168.5,74.4,45.4,125.5,111.0,32.5,89.6,16.65,16.8,38.4,10.0,39.75,35.85,14.3,139.0,220.5,39.0,30.2,39.8,21.9,525.0,92.6,466.5,678.0,315.5,8.4,20.75,98.3,50.1,78.1,400.5,238.5,9.59,44.9,15.5,57.8,24.55,119.5,75.0,41.35,103.0,21.5,24.4,84.7,16.25,24.3,273.5,87.9,408.0,165.0,198.5,16.9,51.6,55.1,20.05,10.05,19.25,13.8,24.55,58.5,86.6,71.8,14.0,109.5,10.55,9.73,62.8,105.0,20.6,74.6,19.55,277.0,320.0,212.5,66.6,286.0,50.4,80.9,12.55,117.5,108.0,288.0,40.5,26.25,201.5,47.6,30.55,32.4,82.9,301.5,12.55,31.55,334.5,115.5,4085.0,75.6,300.0,129.0,99.5,102.0,24.9,116.5,56.9,28.4,94.5,109.0,10.3,42.55
139.0,333.5,396.0,69.9,17.8,37.15,12.35,528.0,19.3,37.4,51.6,15.95,37.95,17.5,23.65,37.1,28.55,85.0,88.2,10.1,39.9,35.55,108.5,87.9,104.5,23.4,26.2,23.35,402.0,48.05,37.85,270.0,31.0,136.5,278.5,39.15,127.5,131.0,91.8,67.0,168.5,74.4,45.4,125.0,110.5,32.5,89.7,16.6,16.8,38.4,10.0,39.75,35.85,14.25,138.5,220.5,38.95,30.2,39.8,21.85,525.0,92.5,466.5,678.0,315.5,8.39,20.75,98.3,50.1,78.1,400.5,238.0,9.59,44.9,15.55,57.8,24.55,119.5,74.9,41.35,103.5,21.5,24.45,84.7,16.2,24.3,273.0,87.8,408.0,165.5,198.0,16.9,51.6,55.1,20.0,10.05,19.25,13.8,24.5,58.3,86.6,71.8,14.0,110.0,10.55,9.73,62.8,105.0,20.6,74.6,19.55,277.0,320.0,212.5,66.7,286.5,50.4,80.9,12.55,117.5,107.5,288.0,40.5,26.25,201.5,48.0,30.55,32.35,82.8,301.5,12.55,31.55,335.5,115.5,4080.0,75.6,300.0,129.0,99.6,102.0,24.9,116.5,57.0,28.35,94.4,108.5,10.25,42.55
139.0,333.0,396.0,69.9,17.8,37.1,12.35,528.0,19.3,37.45,51.6,16.0,37.95,17.45,23.6,37.1,28.55,84.9,88.2,10.15,39.9,35.55,109.0,87.9,104.5,23.4,26.25,23.4,402.0,48.0,37.9,270.0,31.0,136.5,278.5,39.15,128.0,131.0,91.8,67.1,168.5,74.5,45.4,125.5,110.5,32.5,89.6,16.6,16.8,38.35,10.0,39.75,35.85,14.3,139.0,220.5,38.95,30.2,39.8,21.85,525.0,92.6,466.5,678.0,315.0,8.4,20.8,98.3,50.1,78.1,400.5,238.0,9.59,44.9,15.5,57.7,24.55,119.5,75.0,41.3,103.5,21.5,24.4,84.9,16.2,24.3,273.0,87.8,408.0,165.5,198.0,16.95,51.6,55.2,20.0,10.05,19.2,13.8,24.55,58.3,86.6,71.8,14.0,110.0,10.5,9.73,62.8,105.0,20.6,74.8,19.55,277.0,320.0,212.5,66.7,286.5,50.4,80.9,12.55,117.5,107.5,287.0,40.5,26.25,202.0,48.0,30.55,32.35,82.8,301.0,12.55,31.5,335.5,115.5,4080.0,75.6,300.0,129.0,99.5,102.0,24.9,116.5,57.0,28.4,94.5,109.0,10.3,42.55
139.5,333.0,396.0,69.9,17.8,37.1,12.35,528.0,19.35,37.45,51.6,16.0,37.95,17.5,23.6,37.1,28.55,84.9,88.2,10.1,39.9,35.55,109.0,87.9,104.5,23.4,26.25,23.35,402.0,48.0,37.9,270.5,31.0,136.5,278.5,39.15,128.0,131.0,91.8,67.1,168.5,74.5,45.4,125.5,110.5,32.5,89.7,16.6,16.8,38.4,10.0,39.8,35.8,14.25,138.5,220.5,38.95,30.25,39.8,21.85,525.0,92.5,466.5,678.0,315.0,8.39,20.75,98.2,50.1,78.1,400.5,238.0,9.59,44.9,15.5,57.8,24.55,119.0,75.0,41.25,103.0,21.5,24.45,84.9,16.2,24.3,273.0,87.8,408.0,165.0,198.0,16.95,51.6,55.2,20.0,10.05,19.25,13.8,24.5,58.3,86.6,71.8,14.05,110.0,10.55,9.73,62.8,104.5,20.65,74.7,19.55,277.0,319.5,212.5,66.6,286.5,50.4,80.9,12.5,117.5,107.5,287.0,40.5,26.3,201.5,48.0,30.65,32.35,82.8,301.0,12.55,31.5,335.5,115.5,4085.0,75.6,299.5,129.0,99.6,102.0,24.9,116.5,56.9,28.35,94.5,108.5,10.3,42.55
139.5,333.5,396.0,69.9,17.85,37.1,12.35,528.0,19.3,37.45,51.7,16.0,37.95,17.45,23.6,37.1,28.6,84.8,88.2,10.15,39.9,35.5,109.0,87.9,104.5,23.4,26.25,23.4,402.5,48.05,37.9,270.5,31.0,136.5,278.5,39.15,128.0,131.0,91.8,67.0,168.5,74.5,45.4,125.0,110.5,32.55,89.5,16.6,16.8,38.4,10.05,39.8,35.85,14.35,138.5,220.5,38.95,30.25,39.8,21.85,525.0,92.6,467.0,678.0,315.5,8.39,20.75,98.2,50.2,78.1,400.0,238.5,9.59,44.9,15.5,57.7,24.6,120.0,74.9,41.3,103.0,21.55,24.45,84.8,16.25,24.3,273.0,87.8,408.0,165.0,198.5,16.9,51.6,55.1,20.0,10.1,19.2,13.85,24.5,58.5,86.5,71.8,14.05,110.0,10.55,9.73,62.8,105.0,20.6,74.7,19.55,277.0,320.0,212.0,66.7,286.0,50.5,80.9,12.5,117.5,107.5,287.0,40.5,26.3,202.0,48.05,30.7,32.35,82.8,301.0,12.55,31.55,335.5,115.5,4090.0,75.8,300.0,129.0,99.4,102.5,24.9,116.5,57.0,28.4,94.4,109.0,10.3,42.6
140.0,334.0,396.0,69.9,17.9,37.1,12.35,528.0,19.35,37.45,51.7,15.95,37.95,17.45,23.6,37.1,28.6,84.9,88.2,10.15,39.95,35.5,108.5,88.0,105.0,23.45,26.15,23.4,404.0,48.0,37.9,270.5,31.0,137.0,278.5,39.15,128.0,131.0,91.8,67.0,168.5,74.4,45.35,125.5,110.5,32.55,89.8,16.6,16.8,38.4,10.0,39.75,35.85,14.3,138.5,220.5,38.95,30.2,39.8,21.85,525.0,92.6,467.0,678.0,315.0,8.4,20.75,98.3,50.1,78.1,399.0,238.5,9.59,44.9,15.5,57.8,24.6,120.0,74.9,41.3,103.5,21.55,24.45,84.8,16.2,24.3,273.0,87.9,408.0,165.0,198.0,16.9,51.6,55.1,20.0,10.1,19.2,13.85,24.55,58.6,86.4,71.8,14.05,110.0,10.55,9.73,62.7,105.0,20.65,74.7,19.6,277.0,320.0,212.0,66.7,286.5,50.5,80.9,12.5,117.5,107.5,286.5,40.5,26.3,201.5,48.0,30.7,32.35,82.8,301.0,12.55,31.55,335.5,116.0,4095.0,75.7,300.0,129.0,99.6,102.5,24.9,116.0,57.0,28.35,94.5,109.0,10.25,42.6
139.5,334.0,396.0,69.9,17.95,37.0,12.35,527.0,19.35,37.45,51.6,16.0,37.9,17.45,23.65,37.1,28.55,84.9,88.2,10.1,39.95,35.5,109.0,88.0,105.0,23.45,26.15,23.4,404.0,48.0,37.9,270.5,31.0,137.0,278.5,39.2,128.0,131.0,91.8,67.1,169.0,74.4,45.35,125.0,110.5,32.5,89.8,16.6,16.75,38.4,10.0,39.75,35.85,14.3,138.5,220.5,38.95,30.2,39.8,21.85,525.0,92.5,467.0,678.0,315.0,8.39,20.75,98.2,50.1,78.2,399.0,238.5,9.59,44.9,15.55,57.8,24.6,120.0,75.0,41.3,103.0,21.55,24.5,84.9,16.2,24.3,273.0,88.0,408.0,165.0,198.0,16.95,51.6,55.2,20.0,10.05,19.25,13.85,24.5,58.5,86.4,71.9,14.0,110.0,10.55,9.73,62.8,105.0,20.6,74.6,19.55,277.0,320.5,212.5,66.6,286.5,50.4,81.0,12.55,117.5,108.0,286.0,40.55,26.25,201.5,48.15,30.7,32.35,82.8,301.0,12.55,31.5,335.0,115.5,4100.0,75.8,300.0,129.0,99.5,102.5,24.9,116.5,57.0,28.35,94.5,108.5,10.25,42.55
139.5,334.5,396.0,69.9,17.95,37.1,12.3,527.0,19.3,37.4,51.6,16.0,37.9,17.5,23.65,37.1,28.5,84.9,88.2,10.1,39.9,35.5,108.5,88.0,105.0,23.45,26.2,23.35,402.5,48.1,37.9,270.5,31.0,137.0,278.5,39.15,128.0,131.0,91.8,67.0,169.0,74.4,45.35,125.0,110.5,32.5,89.7,16.6,16.8,38.4,10.05,39.75,35.85,14.3,138.5,220.5,38.95,30.2,39.8,21.9,525.0,92.6,467.0,678.0,315.0,8.4,20.75,98.3,50.1,78.2,399.0,238.5,9.59,44.95,15.5,57.9,24.55,120.0,75.0,41.3,103.0,21.55,24.45,84.9,16.2,24.3,273.0,87.7,408.0,164.5,198.0,16.95,51.6,55.1,20.0,10.05,19.2,13.8,24.55,58.3,86.4,71.8,14.0,110.0,10.55,9.72,62.7,105.0,20.6,74.6,19.55,277.0,321.0,212.5,66.7,286.5,50.4,81.2,12.5,117.5,108.0,284.5,40.45,26.25,201.5,48.15,30.7,32.35,82.8,301.0,12.55,31.5,335.5,115.5,4100.0,75.7,300.0,129.0,99.5,103.0,24.9,116.5,57.0,28.35,94.4,108.5,10.3,42.55
139.5,334.5,396.0,69.9,17.95,37.1,12.35,528.0,19.4,37.45,51.7,16.0,37.95,17.45,23.6,37.1,28.6,85.0,88.2,10.15,39.95,35.5,108.5,88.1,105.0,23.45,26.2,23.35,402.5,48.0,37.85,270.5,31.0,137.0,278.5,39.2,127.5,131.0,91.8,67.0,169.0,74.4,45.35,125.5,110.5,32.5,89.7,16.6,16.8,38.4,10.0,39.75,35.85,14.35,138.5,220.5,38.95,30.2,39.8,21.85,525.0,92.6,467.0,678.0,315.0,8.4,20.75,98.3,50.1,78.1,399.0,238.5,9.6,44.9,15.55,57.8,24.55,120.0,75.0,41.35,103.0,21.55,24.45,84.9,16.2,24.3,273.5,88.0,408.0,165.0,198.5,16.95,51.5,55.1,20.0,10.05,19.25,13.8,24.55,58.4,86.2,71.8,14.0,110.0,10.5,9.73,62.8,105.0,20.6,74.7,19.6,277.5,320.5,212.5,66.7,286.5,50.5,81.4,12.5,117.5,108.0,285.0,40.45,26.3,202.0,48.1,30.7,32.35,82.8,301.0,12.5,31.55,335.0,115.5,4100.0,75.7,300.0,128.5,99.5,102.0,24.85,116.0,57.0,28.4,94.5,108.5,10.3,42.55
139.5,333.5,396.5,69.9,17.95,37.15,12.35,528.0,19.4,37.45,51.6,15.95,37.95,17.5,23.65,37.15,28.55,84.9,88.2,10.15,39.95,35.5,109.0,88.1,105.0,23.45,26.15,23.4,403.5,48.0,37.85,270.5,31.05,137.0,279.0,39.2,127.5,131.0,91.8,67.1,169.0,74.4,45.3,125.0,110.5,32.55,89.7,16.6,16.8,38.4,10.05,39.75,35.85,14.3,138.5,220.5,39.0,30.2,39.8,21.85,525.0,92.6,467.0,678.0,315.0,8.4,20.75,98.2,50.2,78.1,399.0,238.5,9.6,44.95,15.55,57.8,24.55,120.0,75.0,41.35,103.5,21.5,24.5,84.8,16.2,24.3,273.0,88.0,408.0,165.0,198.0,16.9,51.5,55.2,20.0,10.1,19.2,13.8,24.5,58.3,86.4,71.8,14.0,110.0,10.55,9.73,62.7,105.0,20.6,74.7,19.55,277.5,320.5,212.5,66.7,286.5,50.4,81.4,12.5,117.5,107.5,285.0,40.45,26.3,201.5,48.1,30.7,32.35,82.8,301.0,12.55,31.55,334.5,115.5,4105.0,75.8,300.5,128.5,99.5,102.5,24.9,116.0,57.0,28.4,94.5,109.0,10.3,42.6
139.5,334.0,396.5,70.0,17.95,37.05,12.35,528.0,19.4,37.45,51.5,16.0,37.95,17.5,23.65,37.2,28.5,85.0,88.2,10.15,39.9,35.55,109.0,88.2,105.0,23.45,26.2,23.45,403.5,48.0,37.85,270.0,31.05,137.0,279.0,39.15,127.5,131.0,91.8,67.0,168.5,74.5,45.3,125.0,110.5,32.55,89.8,16.6,16.75,38.35,10.05,39.75,35.85,14.3,139.0,220.5,38.95,30.2,39.8,21.85,525.0,92.7,467.5,678.0,315.5,8.4,20.75,98.3,50.2,78.2,398.5,238.0,9.6,44.95,15.55,57.7,24.55,120.0,75.0,41.35,103.0,21.5,24.45,85.0,16.2,24.3,273.0,87.8,408.0,165.5,198.0,16.95,51.5,55.1,20.05,10.1,19.25,13.8,24.5,58.3,86.3,71.9,14.0,110.0,10.5,9.73,62.8,105.0,20.65,74.7,19.55,277.5,321.0,212.5,66.7,287.0,50.4,81.4,12.55,117.5,107.5,286.0,40.35,26.25,202.0,48.3,30.7,32.35,82.9,301.5,12.5,31.55,334.5,115.5,4105.0,75.8,300.5,129.0,99.5,102.5,24.9,116.0,56.9,28.4,94.5,108.5,10.25,42.55
140.0,333.5,396.0,70.0,17.9,37.1,12.35,528.0,19.4,37.45,51.6,16.0,37.95,17.5,23.65,37.15,28.5,85.1,88.3,10.15,39.9,35.55,109.0,88.2,105.0,23.45,26.15,23.4,403.5,48.1,37.85,270.5,31.05,137.0,278.5,39.2,127.5,131.0,91.9,67.0,168.5,74.4,45.35,125.5,110.5,32.55,89.7,16.6,16.8,38.4,10.05,39.75,35.85,14.3,138.5,220.5,38.95,30.2,39.8,21.9,525.0,92.7,467.5,678.0,315.5,8.4,20.75,98.3,50.2,78.1,399.0,238.0,9.6,44.95,15.55,57.7,24.55,120.0,75.0,41.35,103.5,21.55,24.45,84.9,16.2,24.3,273.0,87.8,408.0,165.0,198.5,16.95,51.6,55.2,20.05,10.05,19.25,13.8,24.5,58.2,86.2,71.9,14.0,110.0,10.55,9.73,62.8,104.5,20.6,74.7,19.55,277.5,320.5,212.5,66.8,286.5,50.4,81.4,12.55,118.0,107.5,285.5,40.3,26.25,201.5,48.15,30.7,32.35,82.9,301.0,12.55,31.55,335.0,115.0,4105.0,75.9,300.5,128.5,99.5,102.0,24.9,116.0,57.0,28.35,94.5,108.5,10.3,42.55
139.5,334.0,398.0,70.0,17.9,37.0,12.4,528.0,19.4,37.45,51.5,16.0,38.0,17.5,23.6,37.15,28.5,85.1,88.2,10.15,39.95,35.6,109.0,88.2,105.0,23.45,26.15,23.4,403.5,48.05,37.85,270.5,31.05,137.0,278.5,39.2,127.5,130.5,91.9,67.1,169.0,74.4,45.35,125.0,110.5,32.55,89.7,16.55,16.8,38.4,10.05,39.75,35.85,14.3,139.0,220.5,38.95,30.2,39.8,21.85,525.0,92.6,468.0,678.0,315.5,8.4,20.75,98.3,50.2,78.2,398.5,238.5,9.6,44.95,15.55,57.8,24.55,120.0,74.9,41.35,103.0,21.55,24.45,85.0,16.2,24.3,273.0,87.3,408.0,164.5,198.5,16.95,51.6,55.2,20.05,10.1,19.25,13.8,24.55,58.2,86.3,71.8,14.0,109.5,10.55,9.73,62.7,105.0,20.6,74.7,19.6,277.5,320.5,213.0,66.7,287.0,50.5,81.4,12.55,118.0,107.5,284.5,40.25,26.3,202.0,48.25,30.7,32.4,82.9,301.5,12.5,31.55,334.5,115.5,4115.0,75.9,300.5,129.0,99.5,102.0,24.9,116.0,57.0,28.35,94.4,109.0,10.25,42.55
140.0,333.5,396.5,70.0,17.9,37.15,12.35,528.0,19.35,37.45,51.6,16.0,37.95,17.5,23.6,37.15,28.5,85.1,88.2,10.15,39.9,35.6,109.0,88.2,104.5,23.5,26.2,23.45,403.5,48.05,37.9,270.5,31.05,137.0,278.5,39.2,127.5,131.0,91.9,67.1,168.5,74.4,45.4,125.0,111.0,32.55,89.7,16.6,16.75,38.4,10.05,39.8,35.85,14.3,138.5,220.5,39.0,30.2,39.8,21.85,525.0,92.7,468.0,678.0,316.0,8.4,20.75,98.2,50.1,78.1,398.0,238.0,9.6,44.9,15.55,57.8,24.55,120.0,75.0,41.45,103.0,21.55,24.45,84.9,16.2,24.3,273.0,87.4,408.0,165.0,198.5,16.95,51.6,55.2,20.05,10.1,19.25,13.8,24.5,58.2,86.2,71.8,14.0,110.0,10.55,9.73,62.8,104.5,20.65,74.8,19.6,277.5,320.0,212.5,66.8,287.5,50.4,81.3,12.5,118.0,107.5,284.0,40.3,26.3,201.5,48.45,30.65,32.4,82.9,301.5,12.55,31.55,335.0,115.5,4120.0,75.9,300.5,129.0,99.5,102.5,24.9,116.0,56.9,28.35,94.5,108.5,10.25,42.55
140.0,334.0,396.0,70.0,17.9,37.05,12.3,528.0,19.35,37.45,51.6,15.95,37.95,17.55,23.6,37.15,28.5,85.1,88.3,10.1,39.9,35.55,109.0,88.2,104.5,23.45,26.2,23.45,404.0,48.05,37.85,270.5,31.05,137.0,278.5,39.2,127.5,131.0,91.9,67.1,168.5,74.4,45.4,125.5,111.0,32.55,89.7,16.6,16.8,38.4,10.0,39.75,35.85,14.3,139.0,220.5,39.0,30.2,39.9,21.85,525.0,92.6,467.5,679.0,316.0,8.4,20.75,98.3,50.2,78.1,398.5,238.5,9.6,44.95,15.55,57.8,24.55,120.5,75.0,41.45,103.5,21.55,24.45,84.9,16.2,24.3,273.0,87.3,408.0,165.0,198.5,16.95,51.6,55.2,20.05,10.05,19.25,13.85,24.55,58.2,86.2,71.9,14.05,110.0,10.55,9.73,62.8,105.0,20.6,74.7,19.6,278.5,320.0,212.5,66.8,287.0,50.5,81.4,12.55,118.5,107.5,284.5,40.6,26.3,202.0,48.75,30.7,32.4,82.9,301.5,12.5,31.55,335.0,115.5,4120.0,75.9,301.0,129.0,99.6,102.5,24.9,116.0,57.0,28.35,94.6,109.0,10.3,42.55
139.5,334.0,396.0,70.1,17.9,37.05,12.3,528.0,19.35,37.45,51.5,15.95,37.95,17.5,23.65,37.15,28.6,85.1,88.3,10.1,39.95,35.6,109.0,88.2,104.5,23.5,26.2,23.4,404.5,48.2,37.9,270.5,31.05,136.5,278.5,39.2,128.0,131.0,91.9,67.0,168.5,74.4,45.35,125.0,110.5,32.55,89.7,16.6,16.75,38.4,10.05,39.75,35.85,14.3,139.0,220.5,39.0,30.2,39.9,21.85,525.0,92.6,468.0,679.0,316.5,8.4,20.75,98.2,50.2,78.1,398.5,238.0,9.6,45.0,15.55,57.9,24.6,120.5,75.0,41.45,103.5,21.5,24.45,85.0,16.2,24.3,273.5,87.5,408.0,165.0,199.0,16.95,51.5,55.2,20.15,10.05,19.25,13.85,24.5,58.2,86.3,71.8,14.0,110.0,10.55,9.73,62.8,105.0,20.6,74.7,19.55,279.0,321.0,212.5,66.8,287.5,50.5,82.0,12.55,118.5,108.0,284.5,40.6,26.3,201.5,48.8,30.75,32.4,83.0,301.5,12.5,31.5,335.0,116.0,4120.0,75.9,300.5,129.0,99.7,102.0,24.9,116.0,56.9,28.4,94.5,109.0,10.3,42.55
140.0,334.0,396.5,70.1,17.9,37.1,12.35,528.0,19.4,37.45,51.6,15.95,38.0,17.5,23.65,37.15,28.55,85.0,88.2,10.15,39.9,35.6,109.0,88.2,104.5,23.5,26.2,23.45,404.5,48.2,37.85,270.5,31.05,136.5,278.5,39.2,128.0,131.0,91.9,67.0,169.0,74.4,45.4,125.0,110.5,32.55,89.7,16.6,16.8,38.4,10.05,39.75,35.85,14.35,138.5,220.5,38.95,30.2,39.9,21.9,525.0,92.6,468.5,678.0,316.5,8.4,20.75,98.3,50.2,78.1,399.0,238.5,9.6,45.0,15.55,57.8,24.6,120.5,75.0,41.5,103.5,21.55,24.45,84.9,16.2,24.35,273.0,87.6,408.0,165.0,198.5,16.9,51.6,55.2,20.2,10.05,19.25,13.8,24.55,58.2,86.3,71.8,14.0,110.0,10.55,9.72,62.8,105.0,20.6,74.8,19.6,279.5,321.5,213.5,66.7,287.5,50.4,81.9,12.5,118.0,107.5,284.5,40.55,26.25,201.5,48.85,30.9,32.4,83.0,301.5,12.5,31.5,335.0,115.5,4120.0,75.9,300.5,129.0,99.7,102.0,24.9,116.0,57.0,28.35,94.6,109.0,10.3,42.55
139.5,334.5,396.0,70.0,17.9,37.1,12.35,528.0,19.4,37.45,51.6,15.95,38.0,17.55,23.65,37.15,28.55,85.1,88.2,10.15,39.85,35.6,108.5,88.2,105.0,23.5,26.15,23.4,404.5,48.15,37.9,271.0,31.05,136.5,278.5,39.2,128.0,131.0,91.9,67.0,168.5,74.5,45.4,125.5,110.5,32.5,89.8,16.6,16.8,38.4,10.05,39.8,35.85,14.35,139.0,220.5,38.95,30.2,39.95,21.85,525.0,92.7,468.5,678.0,316.5,8.4,20.8,98.3,50.1,78.1,399.0,238.5,9.6,45.0,15.55,57.8,24.65,120.0,75.0,41.6,103.0,21.55,24.45,84.9,16.2,24.3,273.0,87.6,408.0,165.0,198.5,16.95,51.6,55.1,20.2,10.1,19.25,13.8,24.5,58.1,86.3,71.8,14.0,110.0,10.55,9.73,62.8,105.0,20.6,74.7,19.6,279.0,321.5,212.5,66.7,287.0,50.4,81.9,12.55,118.0,108.0,284.0,40.65,26.3,201.5,49.0,30.75,32.4,83.0,302.0,12.5,31.5,335.0,115.5,4120.0,75.9,300.5,129.0,99.8,102.0,24.85,116.0,57.0,28.4,94.6,109.0,10.25,42.55
139.5,334.5,397.5,70.0,17.85,37.05,12.4,528.0,19.4,37.45,51.5,15.95,38.0,17.55,23.65,37.15,28.6,85.8,88.3,10.1,39.9,35.6,109.0,88.1,105.0,23.45,26.15,23.4,404.0,48.15,37.9,271.0,31.05,137.0,278.5,39.2,127.5,131.0,91.9,67.1,168.5,74.5,45.4,125.5,110.5,32.55,89.8,16.6,16.8,38.4,10.0,39.75,35.85,14.35,139.0,220.5,38.95,30.2,39.95,21.85,525.0,92.6,469.0,679.0,316.5,8.4,20.75,98.3,50.1,78.2,400.0,238.5,9.6,44.95,15.55,57.8,24.65,120.0,75.0,41.6,103.5,21.55,24.45,84.9,16.25,24.4,273.5,87.7,408.0,165.0,198.5,16.9,51.6,55.2,20.2,10.05,19.25,13.8,24.55,58.1,86.2,71.8,14.05,110.0,10.55,9.73,62.8,104.5,20.6,74.8,19.6,278.5,322.0,213.0,66.6,287.5,50.4,81.7,12.55,118.0,108.0,284.5,40.8,26.25,202.0,49.45,30.75,32.4,83.0,301.5,12.5,31.5,335.0,115.5,4120.0,75.9,300.5,129.0,99.7,102.0,24.85,116.0,56.9,28.4,94.6,109.0,10.3,42.55
139.5,334.0,397.0,70.0,17.85,37.05,12.35,528.0,19.4,37.45,51.5,15.95,38.0,17.5,23.65,37.2,28.55,85.6,88.2,10.15,39.9,35.55,108.5,88.2,105.0,23.5,26.15,23.45,404.0,48.1,37.9,271.0,31.05,137.0,278.5,39.2,127.5,131.0,91.9,67.0,168.5,74.5,45.4,125.5,110.5,32.55,89.7,16.6,16.75,38.4,10.05,39.75,35.85,14.3,139.0,220.5,38.95,30.15,39.9,21.85,525.0,92.7,469.0,679.0,316.0,8.4,20.8,98.3,50.1,78.2,400.0,238.0,9.6,44.95,15.55,57.8,24.7,120.0,75.0,41.55,103.5,21.55,24.45,84.9,16.2,24.4,273.0,87.6,408.0,165.5,198.5,16.95,51.6,55.2,20.15,10.05,19.25,13.8,24.55,58.2,86.3,71.8,14.0,110.0,10.55,9.73,62.8,105.0,20.6,74.7,19.55,278.5,322.0,213.0,66.6,287.5,50.4,81.9,12.5,118.5,108.0,285.0,40.55,26.3,202.0,49.7,30.75,32.35,83.0,301.0,12.5,31.5,335.0,115.5,4120.0,76.0,300.5,129.0,99.7,102.5,24.85,116.0,56.9,28.4,94.6,109.0,10.25,42.55
139.5,334.0,397.0,70.1,17.95,37.05,12.35,528.0,19.4,37.4,51.6,15.95,38.0,17.5,23.7,37.2,28.55,85.5,88.3,10.15,39.9,35.55,109.0,88.3,105.0,23.5,26.15,23.4,404.0,48.2,37.85,271.0,31.0,137.0,278.5,39.2,127.5,130.5,91.9,67.1,168.0,74.7,45.4,125.0,110.5,32.55,89.8,16.6,16.8,38.4,10.0,39.75,35.85,14.35,139.0,220.5,38.95,30.2,39.95,21.85,525.0,92.6,468.5,678.0,316.0,8.4,20.8,98.4,50.1,78.2,399.0,238.0,9.6,45.0,15.6,57.8,24.65,120.0,75.0,41.4,103.0,21.55,24.45,84.9,16.2,24.4,273.0,87.6,408.0,165.0,198.5,16.95,51.6,55.2,20.15,10.05,19.25,13.8,24.55,58.2,86.3,71.8,14.0,110.0,10.55,9.73,62.7,105.0,20.6,74.7,19.55,278.0,321.5,213.5,66.7,287.0,50.4,81.8,12.55,118.0,108.0,283.5,40.6,26.3,201.5,49.6,30.75,32.35,83.1,301.0,12.5,31.5,335.0,116.0,4120.0,76.5,300.0,129.0,99.7,102.0,24.85,116.0,56.9,28.4,94.6,108.5,10.3,42.6
139.5,334.5,397.0,70.1,17.9,37.1,12.35,529.0,19.4,37.45,51.6,15.95,38.0,17.5,23.7,37.2,28.6,85.4,88.3,10.15,39.85,35.6,108.5,88.3,105.0,23.45,26.2,23.4,404.0,48.2,37.9,271.0,31.05,137.0,278.5,39.2,127.5,131.0,91.9,67.1,168.5,74.7,45.4,125.5,110.5,32.55,89.8,16.6,16.8,38.4,10.0,39.75,35.85,14.3,138.5,220.5,38.95,30.15,39.95,21.9,525.0,92.6,468.0,678.0,316.0,8.4,20.75,98.4,50.1,78.2,398.5,238.0,9.6,45.0,15.55,57.8,24.6,119.5,75.0,41.4,103.0,21.5,24.45,84.9,16.2,24.35,273.0,87.5,408.5,165.0,198.5,16.9,51.7,55.2,20.15,10.1,19.2,13.8,24.5,58.2,86.2,71.9,14.05,109.5,10.55,9.73,62.7,105.0,20.65,74.7,19.55,278.0,321.0,213.5,66.7,287.0,50.4,81.7,12.5,118.5,108.0,283.5,40.6,26.25,201.5,49.65,30.8,32.4,83.1,301.0,12.55,31.5,335.0,115.5,4120.0,76.4,301.0,129.0,99.7,102.0,24.85,116.5,57.0,28.4,94.6,109.0,10.25,42.6
140.0,334.0,397.5,70.1,17.9,37.05,12.4,529.0,19.4,37.45,51.7,16.0,37.95,17.55,23.65,37.2,28.55,85.5,88.2,10.15,39.9,35.6,109.0,88.2,104.5,23.45,26.15,23.4,404.0,48.1,37.85,271.0,31.05,137.0,278.5,39.2,127.5,131.0,91.9,67.1,167.5,74.6,45.4,125.5,111.0,32.55,89.9,16.6,16.8,38.4,10.05,39.8,35.85,14.3,139.0,220.5,38.95,30.15,39.9,21.9,525.0,92.6,468.0,678.0,316.0,8.4,20.8,98.5,50.1,78.1,398.5,238.0,9.6,45.0,15.55,57.8,24.6,120.0,75.0,41.35,103.0,21.55,24.4,84.9,16.2,24.35,273.0,87.6,408.5,165.5,198.5,16.95,51.6,55.1,20.15,10.05,19.25,13.8,24.55,58.2,86.3,71.9,14.05,109.5,10.5,9.73,62.8,105.0,20.65,74.7,19.55,278.0,321.0,213.0,66.8,287.5,50.4,81.7,12.55,118.0,108.0,283.5,40.65,26.25,202.0,49.7,30.75,32.35,83.0,301.5,12.5,31.5,335.0,115.5,4110.0,76.1,300.0,129.0,99.7,102.0,24.9,116.0,56.9,28.4,94.5,109.0,10.3,42.6
140.0,334.5,398.0,70.1,17.95,37.1,12.35,529.0,19.4,37.45,51.6,15.95,38.0,17.5,23.65,37.2,28.55,85.3,88.3,10.1,39.9,35.6,108.5,88.3,105.5,23.45,26.15,23.4,404.0,48.2,37.85,271.0,31.05,136.5,278.5,39.25,127.5,131.0,91.9,67.1,167.5,74.7,45.4,125.0,110.5,32.55,89.9,16.6,16.75,38.4,10.05,39.75,35.85,14.3,138.5,220.5,38.95,30.2,39.95,21.9,525.0,92.5,468.0,678.0,316.0,8.4,20.75,98.4,50.1,78.2,399.0,238.0,9.6,44.95,15.55,57.8,24.65,119.5,74.9,41.3,103.0,21.5,24.4,84.9,16.2,24.4,273.0,87.3,408.5,165.0,199.0,16.95,51.7,55.2,20.1,10.1,19.2,13.8,24.5,58.2,86.2,71.9,14.05,109.5,10.5,9.73,62.8,105.0,20.6,74.7,19.55,278.0,320.5,213.0,66.7,287.5,50.3,81.6,12.5,118.5,108.0,284.5,40.5,26.25,201.5,49.6,30.75,32.35,83.0,301.0,12.5,31.55,334.5,115.5,4100.0,76.0,301.0,129.0,99.7,102.5,24.85,116.0,56.9,28.4,94.6,108.5,10.3,42.55
140.0,334.0,399.0,70.1,17.85,37.1,12.35,529.0,19.4,37.4,51.7,15.95,37.95,17.55,23.65,37.2,28.55,85.4,88.3,10.15,39.85,35.6,109.0,88.3,105.0,23.45,26.2,23.4,404.5,48.1,37.9,271.0,31.05,137.0,278.5,39.2,127.5,131.0,91.9,67.1,167.5,74.7,45.4,125.5,110.5,32.55,89.8,16.6,16.8,38.4,10.05,39.8,35.85,14.3,138.5,220.5,38.95,30.25,39.95,21.9,525.0,92.6,467.5,678.0,316.5,8.4,20.8,98.4,50.1,78.1,398.5,238.0,9.59,44.95,15.55,57.9,24.65,120.0,75.0,41.35,103.0,21.5,24.4,85.0,16.2,24.35,272.5,87.4,408.0,165.0,199.0,16.95,51.7,55.2,20.1,10.1,19.2,13.8,24.5,58.1,85.8,71.8,14.0,109.5,10.55,9.73,62.7,105.0,20.6,74.8,19.6,278.0,321.0,213.0,66.8,287.5,50.3,81.7,12.55,118.0,107.5,283.5,40.45,26.25,202.0,49.45,30.75,32.35,83.0,301.0,12.55,31.5,334.5,115.5,4085.0,76.1,301.0,129.0,99.7,102.0,24.9,116.0,56.9,28.4,94.6,108.5,10.3,42.55
140.0,334.5,399.0,70.1,17.9,37.05,12.35,530.0,19.4,37.45,51.6,16.0,37.95,17.55,23.65,37.2,28.6,85.4,88.3,10.15,39.95,35.6,108.5,88.3,105.0,23.5,26.2,23.4,404.5,48.1,37.9,271.0,31.05,137.0,278.5,39.25,128.0,131.0,91.9,67.1,167.5,74.7,45.4,126.0,110.5,32.55,89.9,16.6,16.8,38.4,10.05,39.8,35.85,14.3,138.5,220.5,38.95,30.2,39.95,21.85,525.0,92.6,467.5,678.0,316.0,8.39,20.8,98.4,50.1,78.1,399.0,238.5,9.6,44.95,15.55,57.8,24.6,120.0,74.9,41.4,103.5,21.55,24.4,85.0,16.2,24.35,272.5,87.4,408.0,165.0,199.0,16.95,51.6,55.2,20.1,10.05,19.2,13.85,24.55,58.1,85.9,71.8,14.0,110.0,10.55,9.73,62.6,105.0,20.6,74.7,19.6,278.0,321.0,213.0,66.7,287.5,50.3,81.6,12.5,118.5,107.5,284.5,40.45,26.25,201.5,49.45,30.7,32.35,83.0,301.5,12.55,31.5,335.0,115.5,4085.0,76.2,300.5,129.0,99.7,102.0,24.9,116.0,56.9,28.4,94.6,109.0,10.25,42.6
140.0,334.5,399.0,70.1,17.9,37.1,12.35,530.0,19.4,37.45,51.6,16.0,38.0,17.55,23.7,37.25,28.6,85.6,88.3,10.1,39.95,35.6,108.5,88.4,105.0,23.45,26.2,23.4,404.5,48.05,37.85,271.0,31.05,137.0,278.5,39.2,128.0,131.0,91.9,67.1,167.5,74.7,45.4,125.0,111.0,32.6,89.8,16.6,16.8,38.4,10.05,39.75,35.85,14.35,138.5,220.5,38.95,30.15,39.95,21.9,525.0,92.6,467.0,678.0,316.0,8.4,20.75,98.4,50.1,78.1,398.5,238.5,9.59,45.0,15.55,57.9,24.6,119.5,74.9,41.4,103.0,21.55,24.45,85.0,16.2,24.35,272.5,87.4,408.0,165.5,199.0,16.95,51.6,55.2,20.1,10.05,19.2,13.8,24.55,58.1,85.8,71.9,14.0,110.0,10.55,9.73,62.6,105.0,20.6,74.7,19.6,278.0,320.5,213.0,66.7,287.0,50.4,81.5,12.55,118.5,107.5,284.5,40.4,26.2,202.0,49.65,30.7,32.35,83.0,302.0,12.55,31.55,334.5,115.0,4105.0,76.1,300.5,129.0,99.7,102.0,24.85,116.5,56.9,28.4,94.5,109.0,10.3,42.6
140.0,335.0,399.0,70.1,17.9,37.15,12.35,532.0,19.4,37.45,51.6,16.0,38.0,17.5,23.65,37.2,28.6,85.5,88.3,10.15,39.95,35.6,108.5,88.4,105.0,23.5,26.15,23.4,404.5,48.0,37.85,271.0,31.05,137.0,278.5,39.2,128.0,131.0,91.9,67.1,167.0,74.7,45.4,126.0,111.0,32.55,89.7,16.6,16.75,38.4,10.0,39.75,35.85,14.35,138.5,220.5,38.95,30.2,39.95,21.9,525.0,92.6,467.5,678.0,316.0,8.4,20.8,98.4,50.1,78.1,398.5,238.5,9.59,44.95,15.55,57.8,24.6,119.5,75.0,41.4,103.5,21.55,24.45,85.0,16.2,24.35,272.5,87.4,407.5,165.5,199.0,16.95,51.7,55.2,20.1,10.1,19.25,13.8,24.55,58.1,85.9,71.8,14.05,109.5,10.55,9.73,62.7,104.5,20.65,74.8,19.6,278.0,320.0,213.0,66.7,287.0,50.3,81.6,12.55,118.0,107.5,284.5,40.4,26.25,201.5,49.8,30.7,32.35,83.0,301.5,12.55,31.55,335.0,115.0,4110.0,76.3,300.5,129.0,99.6,102.0,24.9,116.5,56.8,28.4,94.5,108.5,10.25,42.55
140.0,335.0,399.0,70.1,17.9,37.1,12.3,531.0,19.4,37.45,51.7,16.0,38.0,17.55,23.7,37.2,28.6,85.6,88.2,10.15,39.95,35.6,108.0,88.4,105.0,23.5,26.15,23.4,404.5,48.05,37.85,271.0,31.05,137.0,278.5,39.2,128.0,130.5,91.9,67.0,167.0,74.7,45.4,125.0,110.5,32.55,89.6,16.6,16.8,38.4,10.0,39.75,35.85,14.3,139.0,220.5,39.0,30.2,39.95,21.95,525.0,92.6,466.5,678.0,316.0,8.4,20.75,98.4,50.1,78.1,399.0,238.0,9.6,45.0,15.55,57.8,24.6,120.0,75.0,41.4,103.5,21.5,24.45,85.0,16.2,24.35,272.5,87.5,407.5,165.5,199.0,16.95,51.6,55.1,20.15,10.1,19.2,13.8,24.5,58.3,86.3,71.8,14.0,110.0,10.55,9.73,62.6,105.0,20.65,74.7,19.6,278.5,319.5,213.0,66.7,287.0,50.4,81.6,12.5,118.0,107.5,284.0,40.4,26.2,202.0,49.7,30.65,32.4,83.0,302.0,12.5,31.55,334.5,115.0,4110.0,76.4,301.0,129.0,99.6,102.0,24.85,116.5,56.9,28.45,94.6,108.5,10.25,42.6
139.5,334.5,399.0,70.1,17.85,37.1,12.35,531.0,19.35,37.45,51.6,16.0,38.0,17.5,23.65,37.2,28.55,85.6,88.2,10.1,39.95,35.6,108.5,88.4,105.0,23.45,26.15,23.4,404.5,48.05,37.85,271.0,31.05,137.0,278.5,39.25,127.5,130.5,91.9,67.0,167.0,74.7,45.45,125.0,110.5,32.6,89.7,16.6,16.8,38.4,10.0,39.75,35.85,14.3,139.0,221.0,38.95,30.25,39.95,21.95,525.0,92.6,466.5,678.0,316.0,8.4,20.75,98.3,50.1,78.2,399.5,238.5,9.6,44.95,15.55,57.8,24.6,120.0,75.0,41.45,103.0,21.55,24.4,85.1,16.2,24.35,272.0,87.5,407.5,165.5,199.0,16.95,51.7,55.2,20.15,10.05,19.25,13.8,24.55,58.3,86.2,71.8,14.0,110.0,10.6,9.73,62.6,105.0,20.6,74.8,19.55,278.5,319.0,213.0,66.7,287.0,50.4,81.6,12.5,118.5,107.5,284.0,40.4,26.25,202.0,49.65,30.65,32.4,83.0,302.0,12.5,31.5,334.0,115.5,4110.0,76.2,300.5,129.0,99.7,101.5,24.85,116.5,56.9,28.45,94.5,108.5,10.25,42.6
139.5,333.5,399.0,70.1,17.9,37.1,12.35,533.0,19.4,37.45,51.6,16.0,38.0,17.5,23.7,37.15,28.55,85.6,88.2,10.15,39.95,35.6,108.5,88.4,105.0,23.45,26.15,23.4,404.5,48.0,37.85,271.5,31.05,137.0,278.5,39.2,128.0,130.5,91.9,67.1,167.0,74.7,45.4,126.0,110.5,32.6,89.7,16.6,16.8,38.4,10.0,39.8,35.85,14.3,138.5,221.0,38.95,30.2,39.95,22.0,525.0,92.6,467.5,678.0,316.0,8.4,20.75,98.3,50.1,78.2,399.5,238.5,9.61,44.95,15.55,57.8,24.6,120.0,75.0,41.45,103.5,21.55,24.35,85.0,16.2,24.4,272.0,87.5,407.5,165.0,199.5,16.95,51.7,55.3,20.15,10.1,19.25,13.8,24.5,58.1,86.3,71.8,14.05,109.5,10.6,9.73,62.6,105.0,20.6,74.8,19.6,278.5,319.0,213.0,66.7,287.5,50.4,81.5,12.55,118.5,107.5,283.5,40.45,26.25,202.0,49.6,30.65,32.4,83.0,302.0,12.5,31.55,334.0,115.5,4110.0,76.1,300.5,129.0,99.7,101.5,24.9,116.5,57.0,28.45,94.6,108.5,10.25,42.55
139.5,334.5,399.0,70.1,17.9,37.15,12.35,532.0,19.35,37.45,51.6,15.95,38.0,17.55,23.7,37.15,28.6,85.6,88.2,10.15,39.95,35.6,108.0,88.5,105.5,23.5,26.15,23.4,404.5,48.1,37.85,271.5,31.05,137.0,279.0,39.2,128.0,130.5,91.9,67.0,167.5,74.7,45.45,125.5,110.5,32.6,89.8,16.55,16.8,38.45,10.05,39.75,35.8,14.3,139.0,221.5,38.95,30.2,39.95,21.9,525.0,92.6,467.5,678.0,316.0,8.4,20.75,98.4,50.2,78.3,399.5,238.5,9.6,44.95,15.55,57.8,24.6,119.5,75.0,41.45,103.5,21.5,24.35,85.0,16.2,24.35,272.0,87.5,407.5,165.5,199.0,16.95,51.7,55.3,20.1,10.05,19.25,13.8,24.5,58.3,86.3,71.9,14.05,109.5,10.6,9.73,62.6,105.0,20.65,74.7,19.6,278.5,319.0,213.0,66.7,287.0,50.3,81.5,12.55,118.0,107.5,283.0,40.45,26.2,202.0,49.6,30.65,32.4,83.0,302.0,12.5,31.5,334.5,115.0,4100.0,75.9,300.5,129.0,99.6,101.5,24.85,116.5,57.0,28.5,94.6,109.0,10.25,42.55
139.5,334.0,399.0,70.1,17.9,37.15,12.35,533.0,19.4,37.45,51.6,15.95,38.0,17.55,23.7,37.15,28.6,85.5,88.3,10.15,39.95,35.6,108.5,88.5,105.5,23.55,26.15,23.4,404.5,48.1,37.9,271.5,31.05,137.5,278.5,39.25,128.0,130.5,91.9,67.0,167.5,74.8,45.45,125.5,110.5,32.6,89.7,16.6,16.8,38.45,10.05,39.75,35.85,14.3,138.5,221.5,38.95,30.2,39.95,21.9,525.0,92.6,467.5,678.0,316.0,8.39,20.75,98.4,50.2,78.3,399.0,238.5,9.61,44.95,15.55,57.8,24.65,119.5,74.9,41.4,103.0,21.55,24.35,85.0,16.2,24.35,272.5,87.6,408.0,165.0,199.0,16.9,51.6,55.3,20.1,10.05,19.25,13.8,24.5,58.2,86.3,71.8,14.05,110.0,10.55,9.72,62.6,104.5,20.6,74.8,19.6,278.5,319.0,213.0,66.8,286.5,50.3,81.5,12.55,118.0,107.5,283.0,40.4,26.25,202.5,49.45,30.65,32.4,83.1,302.5,12.5,31.5,335.0,115.5,4105.0,75.8,300.0,129.0,99.6,101.5,24.9,116.5,57.0,28.5,94.6,109.0,10.25,42.6
139.5,334.0,398.0,70.2,17.85,37.1,12.35,533.0,19.4,37.45,51.6,15.95,38.0,17.55,23.7,37.15,28.55,85.4,88.2,10.15,39.9,35.6,108.5,88.5,105.5,23.5,26.15,23.4,405.0,48.15,37.9,271.5,31.0,137.5,280.0,39.2,127.5,131.0,92.0,67.0,167.5,74.8,45.45,126.0,110.5,32.6,89.7,16.55,16.75,38.45,10.05,39.75,35.85,14.3,138.5,221.5,38.95,30.2,39.95,21.9,525.0,92.6,467.5,678.0,316.0,8.4,20.8,98.4,50.2,78.2,399.0,238.5,9.6,44.9,15.55,57.8,24.6,120.0,74.9,41.4,103.0,21.55,24.35,84.9,16.25,24.35,272.5,87.7,408.0,165.0,198.5,16.95,51.7,55.3,20.1,10.05,19.25,13.8,24.55,58.4,86.3,71.8,14.0,110.0,10.6,9.72,62.6,104.5,20.6,74.8,19.6,278.5,319.0,213.5,66.7,286.5,50.3,81.4,12.55,118.5,107.5,283.5,40.3,26.25,202.0,49.3,30.65,32.4,83.1,302.5,12.5,31.55,334.5,115.5,4105.0,75.7,300.0,129.0,99.6,101.5,24.85,116.5,56.9,28.5,94.6,108.5,10.25,42.6
139.5,334.0,398.0,70.1,17.85,37.05,12.35,533.0,19.4,37.45,51.6,15.95,38.0,17.55,23.7,37.15,28.6,85.4,88.2,10.1,39.95,35.55,108.5,88.5,105.0,23.5,26.15,23.4,405.0,48.2,37.85,271.0,31.0,137.5,280.0,39.2,127.5,131.0,92.0,67.0,167.0,74.8,45.4,125.5,110.5,32.6,89.7,16.6,16.75,38.5,10.0,39.7,35.85,14.3,138.5,221.5,38.95,30.2,39.9,21.9,525.0,92.6,467.0,678.0,316.0,8.4,20.75,98.5,50.1,78.2,398.0,238.5,9.6,44.9,15.6,57.8,24.6,120.0,75.0,41.45,103.0,21.55,24.35,84.9,16.2,24.4,272.5,87.5,408.0,165.0,198.5,16.9,51.7,55.2,20.1,10.1,19.25,13.8,24.55,58.5,86.2,71.8,14.0,110.0,10.55,9.73,62.6,105.0,20.6,74.7,19.6,278.5,319.5,213.0,66.7,285.5,50.4,81.5,12.5,118.0,107.5,284.0,40.3,26.3,202.5,49.35,30.65,32.4,83.1,302.0,12.5,31.5,335.0,115.5,4105.0,75.8,300.5,129.0,99.6,101.0,24.85,116.0,57.0,28.5,94.6,108.5,10.25,42.6
139.5,334.0,398.0,70.1,17.9,37.15,12.35,533.0,19.4,37.45,51.6,15.95,38.0,17.5,23.65,37.15,28.6,85.3,88.3,10.15,39.95,35.55,108.0,88.5,105.0,23.5,26.2,23.4,405.5,48.15,37.9,271.0,31.05,137.0,279.0,39.25,127.5,130.5,92.0,67.0,167.5,74.8,45.4,125.5,111.5,32.6,89.7,16.6,16.8,38.5,10.05,39.7,35.85,14.3,138.5,222.0,39.0,30.2,39.95,21.9,524.0,92.7,467.0,678.0,316.0,8.4,20.85,98.4,50.1,78.2,397.5,238.5,9.61,44.9,15.55,57.8,24.6,120.0,75.0,41.45,103.5,21.55,24.35,84.8,16.25,24.35,272.0,87.5,408.0,165.0,199.0,16.95,51.7,55.3,20.15,10.1,19.25,13.8,24.55,58.7,86.1,71.8,14.05,110.5,10.55,9.73,62.6,105.0,20.65,74.7,19.55,278.5,319.0,213.0,66.8,285.5,50.4,81.5,12.5,118.0,107.5,283.0,40.3,26.3,202.5,49.4,30.65,32.35,83.1,302.0,12.55,31.5,334.0,116.0,4115.0,75.8,300.5,129.5,99.5,101.0,24.9,116.0,57.0,28.5,94.6,109.0,10.3,42.6
140.0,334.5,398.0,70.1,17.9,37.15,12.35,533.0,19.4,37.5,51.6,15.9,38.0,17.55,23.7,37.15,28.55,85.4,88.2,10.1,39.95,35.55,108.5,88.4,105.0,23.55,26.2,23.4,405.5,48.15,37.85,271.0,31.05,137.0,279.0,39.2,127.5,130.5,92.0,67.0,167.5,74.8,45.35,126.0,111.5,32.6,89.6,16.55,16.8,38.5,10.0,39.7,35.85,14.3,138.5,222.0,38.95,30.2,39.9,21.95,526.0,92.6,467.0,678.0,316.0,8.4,20.85,98.4,50.2,78.2,396.5,238.5,9.61,44.95,15.55,57.8,24.55,119.5,75.0,41.45,103.5,21.55,24.35,84.8,16.25,24.35,272.0,87.5,408.0,165.5,199.0,16.9,51.8,55.2,20.1,10.05,19.25,13.8,24.55,58.6,86.0,71.8,14.0,110.5,10.55,9.73,62.7,105.0,20.6,74.7,19.55,278.5,319.0,213.0,66.7,285.5,50.3,81.4,12.5,118.0,107.5,283.0,40.35,26.25,202.5,49.5,30.65,32.4,83.1,302.0,12.5,31.5,334.5,115.5,4120.0,75.8,300.5,129.0,99.6,101.0,24.9,116.5,56.9,28.5,94.6,109.0,10.3,42.55
139.5,334.5,398.0,70.2,17.95,37.15,12.35,532.0,19.35,37.5,51.7,15.9,38.0,17.55,23.7,37.15,28.6,85.3,88.3,10.1,39.95,35.55,108.5,88.5,105.0,23.55,26.15,23.4,405.0,48.2,37.9,271.0,31.05,137.5,279.0,39.2,127.5,130.5,92.0,67.0,167.5,74.8,45.35,125.5,110.5,32.6,89.8,16.55,16.8,38.5,10.05,39.7,35.8,14.3,139.0,222.0,38.95,30.2,39.95,21.95,526.0,92.6,466.5,677.0,315.5,8.4,20.9,98.4,50.1,78.2,395.5,238.5,9.6,44.95,15.55,57.9,24.55,119.5,75.0,41.45,103.0,21.55,24.35,84.9,16.25,24.35,272.0,87.5,408.0,165.0,199.0,16.9,51.7,55.3,20.2,10.05,19.25,13.8,24.55,58.7,86.2,71.8,14.05,110.5,10.55,9.73,62.6,105.5,20.6,74.7,19.55,278.5,318.5,213.0,66.7,285.5,50.3,81.6,12.5,118.5,107.5,283.0,40.35,26.3,202.5,49.5,30.65,32.4,83.1,302.5,12.5,31.5,334.5,115.5,4120.0,75.9,300.0,129.0,99.6,101.0,24.85,116.0,56.9,28.5,94.6,108.5,10.25,42.55
139.5,335.0,398.0,70.2,18.0,37.1,12.35,532.0,19.4,37.5,51.6,15.95,37.95,17.55,23.65,37.15,28.6,85.3,88.2,10.15,39.95,35.55,108.5,88.5,105.0,23.5,26.2,23.4,405.0,48.15,37.9,271.0,31.05,137.5,279.0,39.2,127.5,131.0,92.0,67.0,167.0,74.8,45.4,125.5,110.5,32.6,89.7,16.6,16.8,38.5,10.05,39.7,35.8,14.3,139.0,222.0,38.95,30.2,39.95,21.9,526.0,92.6,466.5,677.0,315.5,8.4,20.9,98.4,50.1,78.1,397.0,238.5,9.61,44.95,15.55,57.8,24.55,120.0,75.0,41.45,103.5,21.55,24.35,84.9,16.2,24.35,272.5,87.5,407.5,165.5,199.0,16.95,51.8,55.3,20.15,10.1,19.25,13.8,24.5,58.8,86.0,71.8,14.0,110.5,10.6,9.73,62.7,105.0,20.6,74.8,19.6,278.5,319.0,213.0,66.6,285.5,50.3,81.6,12.5,118.5,107.5,282.5,40.4,26.3,202.5,49.4,30.65,32.35,83.0,303.0,12.5,31.5,334.5,115.5,4120.0,75.9,300.0,129.0,99.7,101.0,24.85,116.0,56.9,28.5,94.5,108.5,10.25,42.6
139.5,335.0,398.0,70.1,18.1,37.1,12.35,532.0,19.4,37.5,51.7,15.9,37.95,17.5,23.65,37.15,28.6,85.3,88.2,10.1,39.95,35.6,108.0,88.4,105.0,23.5,26.2,23.4,407.0,48.2,37.85,271.0,31.1,137.0,279.0,39.2,127.5,131.0,92.0,67.0,167.0,74.7,45.35,125.5,110.5,32.55,89.8,16.6,16.8,38.45,10.05,39.7,35.85,14.35,138.5,222.0,38.95,30.2,39.9,21.9,526.0,92.6,466.5,677.0,315.5,8.4,20.85,98.3,50.1,78.1,396.5,238.0,9.6,44.9,15.6,57.8,24.55,119.5,75.0,41.5,103.5,21.55,24.35,84.9,16.25,24.35,272.0,87.6,407.5,165.5,199.0,16.95,51.8,55.3,20.2,10.05,19.25,13.8,24.5,58.9,85.9,71.8,14.05,110.5,10.55,9.72,62.6,105.5,20.65,74.8,19.55,279.0,319.0,212.5,66.7,285.5,50.4,81.6,12.55,118.5,107.5,280.5,40.4,26.3,202.5,49.35,30.65,32.35,83.0,303.0,12.5,31.55,334.0,116.0,4120.0,75.8,300.0,129.0,99.7,101.0,24.85,116.0,56.9,28.5,94.6,109.0,10.3,42.6
140.0,335.0,398.0,70.2,18.05,37.1,12.35,530.0,19.4,37.5,51.7,15.95,38.0,17.55,23.65,37.15,28.6,85.3,88.2,10.15,39.95,35.55,108.5,88.4,105.0,23.55,26.15,23.4,407.0,48.15,37.9,271.0,31.05,137.0,279.5,39.15,127.5,131.0,92.0,67.1,167.0,74.8,45.35,125.5,110.5,32.6,89.9,16.55,16.8,38.45,10.05,39.7,35.85,14.3,139.0,222.0,38.95,30.2,39.85,21.9,526.0,92.6,466.5,677.0,316.0,8.4,20.9,98.4,50.1,78.1,397.0,238.5,9.61,44.9,15.6,57.8,24.55,120.0,75.0,41.55,103.5,21.55,24.35,84.9,16.25,24.3,271.5,87.5,407.5,165.0,199.0,16.95,51.8,55.2,20.15,10.1,19.25,13.8,24.5,59.1,85.8,71.8,14.05,110.5,10.55,9.73,62.7,105.5,20.6,74.7,19.6,278.5,318.5,212.5,66.7,285.5,50.3,81.6,12.55,118.5,107.5,281.5,40.4,26.3,202.5,49.4,30.7,32.35,83.0,304.0,12.5,31.5,334.5,115.5,4120.0,75.8,300.0,129.0,99.7,101.0,24.85,116.0,57.0,28.5,94.6,108.5,10.25,42.6
140.0,335.0,398.0,70.1,18.05,37.1,12.35,529.0,19.4,37.45,51.6,15.95,37.95,17.55,23.65,37.15,28.6,85.4,88.3,10.15,40.05,35.55,108.0,88.5,105.0,23.5,26.15,23.4,406.5,48.15,37.9,271.0,31.05,137.5,279.5,39.15,127.5,131.0,92.0,67.1,167.0,74.8,45.35,125.5,110.5,32.6,89.8,16.6,16.8,38.45,10.0,39.7,35.85,14.3,139.0,222.0,38.95,30.25,39.85,21.9,526.0,92.7,467.0,677.0,316.0,8.4,20.9,98.3,50.1,78.1,396.5,238.5,9.61,44.9,15.55,57.8,24.55,119.5,75.0,41.7,103.0,21.55,24.35,84.9,16.25,24.35,271.5,87.5,408.0,164.5,199.0,16.95,51.8,55.3,20.2,10.1,19.25,13.8,24.5,59.5,85.9,71.8,14.05,110.5,10.6,9.72,62.7,105.0,20.6,74.7,19.6,278.5,318.5,212.5,66.7,285.5,50.4,81.6,12.5,118.0,107.5,282.5,40.4,26.25,202.5,49.45,30.7,32.35,83.0,304.0,12.5,31.55,334.0,115.5,4125.0,75.9,300.0,129.0,99.5,100.5,24.85,116.0,56.9,28.5,94.6,108.5,10.25,42.55
140.0,335.0,398.0,70.1,18.1,37.1,12.4,529.0,19.4,37.45,51.6,15.95,37.95,17.55,23.7,37.15,28.6,85.4,88.2,10.1,40.05,35.55,108.0,88.5,105.0,23.5,26.15,23.4,407.0,48.15,37.85,271.0,31.05,137.5,279.5,39.15,127.5,131.0,92.0,67.1,167.5,74.8,45.35,125.5,110.5,32.55,89.7,16.6,16.8,38.45,10.0,39.7,35.85,14.3,139.0,222.0,38.95,30.25,39.85,21.95,526.0,92.6,467.0,677.0,315.5,8.4,20.9,98.3,50.1,78.1,396.0,238.0,9.61,44.9,15.55,57.8,24.5,119.0,75.0,41.6,103.5,21.55,24.35,84.8,16.25,24.35,272.0,87.5,408.0,165.0,198.5,16.95,51.8,55.2,20.2,10.1,19.25,13.8,24.55,59.0,85.9,71.8,14.05,110.5,10.6,9.72,62.7,105.0,20.6,74.8,19.55,278.5,317.0,212.5,66.7,285.5,50.4,81.6,12.55,118.5,107.5,281.5,40.4,26.25,202.5,49.45,30.7,32.4,83.1,304.0,12.55,31.5,334.5,116.0,4125.0,75.8,300.0,128.5,99.5,100.5,24.85,116.0,56.9,28.5,94.6,109.0,10.25,42.55
140.0,335.0,398.0,70.1,18.1,37.15,12.4,529.0,19.4,37.5,51.6,15.95,38.05,17.55,23.7,37.2,28.6,85.5,88.3,10.15,39.95,35.55,108.0,88.5,105.0,23.5,26.15,23.35,407.0,48.1,37.8,271.0,31.1,137.5,279.5,39.15,127.5,131.0,92.0,67.1,167.5,74.7,45.4,125.5,110.5,32.6,89.7,16.55,16.8,38.45,10.0,39.7,35.85,14.35,139.0,222.0,38.95,30.2,39.9,21.9,527.0,92.6,467.5,677.0,315.5,8.4,20.9,98.3,50.1,78.1,396.5,238.0,9.61,44.9,15.55,57.8,24.55,119.5,75.0,41.6,104.5,21.5,24.35,84.8,16.25,24.3,272.0,87.5,408.0,165.0,199.0,16.9,51.8,55.3,20.25,10.1,19.25,13.8,24.5,58.8,85.9,71.8,14.05,110.0,10.6,9.72,62.7,105.0,20.6,74.7,19.6,278.5,317.0,212.5,66.7,285.5,50.4,81.6,12.55,118.0,107.5,281.5,40.4,26.25,202.0,49.35,30.7,32.35,82.8,305.0,12.55,31.5,334.5,116.0,4125.0,75.8,300.5,129.0,99.5,100.5,24.85,116.5,56.9,28.45,94.6,109.0,10.3,42.6
140.0,335.0,398.0,70.1,18.15,37.15,12.4,529.0,19.4,37.5,51.6,16.0,38.05,17.5,23.65,37.2,28.6,85.5,88.3,10.1,39.95,35.5,108.0,88.4,105.0,23.5,26.15,23.4,406.0,48.25,37.85,271.0,31.05,137.5,279.5,39.15,127.5,131.0,92.0,67.1,167.5,74.7,45.35,126.0,110.5,32.55,89.7,16.6,16.8,38.45,10.0,39.7,35.9,14.35,139.0,222.0,38.95,30.25,39.85,21.9,527.0,92.6,467.5,677.0,315.5,8.4,20.9,98.4,50.1,78.2,396.0,238.5,9.61,44.9,15.55,57.9,24.55,120.0,75.0,41.6,104.5,21.55,24.3,84.9,16.25,24.3,271.5,87.5,408.0,165.0,198.5,16.9,51.8,55.3,20.2,10.1,19.25,13.8,24.55,58.9,85.9,71.8,14.0,110.5,10.55,9.73,62.7,105.0,20.6,74.7,19.55,278.5,317.5,212.5,66.6,286.0,50.4,81.6,12.5,118.5,107.5,281.5,40.45,26.3,202.5,49.35,30.65,32.4,82.8,304.5,12.5,31.55,334.5,115.5,4125.0,75.8,300.0,129.0,99.6,100.5,24.85,116.0,56.9,28.5,94.6,108.5,10.25,42.6
140.0,334.5,398.0,70.1,18.15,37.15,12.4,529.0,19.4,37.5,51.6,16.0,38.05,17.55,23.65,37.2,28.6,85.5,88.2,10.15,39.95,35.5,108.0,88.4,105.0,23.5,26.2,23.4,406.0,48.25,37.85,271.0,31.1,137.5,279.0,39.15,127.5,131.0,92.0,67.1,167.0,74.7,45.3,126.0,111.0,32.6,89.7,16.55,16.8,38.45,10.0,39.75,35.9,14.35,139.0,222.0,38.95,30.25,39.9,21.85,527.0,92.5,467.5,677.0,315.5,8.4,20.9,98.4,50.2,78.1,396.0,238.0,9.61,44.9,15.55,57.8,24.6,120.0,75.0,41.6,104.5,21.55,24.3,85.0,16.25,24.35,272.0,87.5,408.0,165.0,199.0,16.9,51.8,55.2,20.25,10.1,19.25,13.8,24.55,59.1,85.9,71.9,14.0,110.5,10.55,9.73,62.8,105.0,20.6,74.8,19.55,278.5,318.0,212.5,66.6,285.5,50.4,81.6,12.5,118.5,107.5,281.0,40.45,26.3,202.0,49.5,30.7,32.4,82.8,304.5,12.5,31.5,335.0,116.0,4125.0,75.8,299.5,129.0,99.5,100.5,24.85,116.0,56.9,28.5,94.5,108.5,10.25,42.6
140.0,334.5,397.5,70.2,18.1,37.1,12.4,528.0,19.4,37.5,51.7,16.0,38.05,17.5,23.7,37.1,28.6,85.4,88.3,10.1,39.95,35.55,107.5,88.5,105.0,23.5,26.2,23.4,408.0,48.35,37.85,271.0,31.1,137.5,279.0,39.2,127.0,130.5,91.9,67.1,167.5,74.8,45.25,125.5,111.0,32.6,89.8,16.6,16.75,38.45,10.0,39.7,35.9,14.3,139.0,222.5,38.95,30.25,39.9,21.9,527.0,92.5,467.5,677.0,315.5,8.4,20.9,98.5,50.1,78.1,396.5,238.0,9.61,44.9,15.55,57.8,24.55,120.0,75.0,41.55,104.5,21.55,24.3,84.9,16.25,24.35,272.0,87.4,407.5,165.5,198.5,16.95,51.8,55.2,20.25,10.1,19.25,13.8,24.55,59.2,85.9,71.8,14.05,110.5,10.6,9.72,62.7,105.0,20.6,74.9,19.6,278.0,316.5,212.5,66.7,284.5,50.4,81.7,12.5,118.5,107.5,280.0,40.4,26.2,202.0,49.7,30.65,32.4,82.8,304.0,12.5,31.55,335.0,116.0,4125.0,75.7,299.5,128.5,99.5,100.5,24.85,116.0,56.9,28.5,94.3,108.5,10.3,42.65
140.0,334.5,397.0,70.2,18.1,37.15,12.4,528.0,19.45,37.5,51.7,15.95,37.95,17.5,23.7,37.2,28.65,85.4,88.3,10.1,39.95,35.5,108.0,88.5,105.0,23.5,26.2,23.35,408.5,48.35,37.9,271.0,31.05,137.5,279.5,39.15,127.5,130.5,92.2,67.1,167.5,74.7,45.25,126.0,110.5,32.55,89.8,16.6,16.75,38.45,10.0,39.7,35.9,14.3,138.5,222.5,38.95,30.3,39.9,21.9,527.0,92.5,467.5,677.0,315.0,8.41,20.9,98.5,50.1,78.2,396.5,238.5,9.62,44.9,15.6,57.9,24.6,119.5,74.9,41.55,104.5,21.6,24.3,85.0,16.3,24.35,272.0,87.4,408.0,165.5,199.0,16.95,51.8,55.2,20.25,10.1,19.25,13.85,24.5,59.0,85.9,71.8,14.05,110.5,10.6,9.73,62.6,105.0,20.65,74.7,19.6,278.5,316.5,212.5,66.8,285.5,50.3,81.6,12.55,118.5,108.0,279.5,40.4,26.25,202.5,49.75,30.65,32.45,82.7,304.0,12.5,31.55,334.5,116.0,4125.0,75.7,299.5,129.0,99.6,100.5,24.85,116.0,57.0,28.5,94.3,109.0,10.25,42.7
140.0,334.5,397.0,70.2,18.1,37.15,12.4,528.0,19.45,37.5,51.7,15.95,37.95,17.5,23.7,37.2,28.65,85.4,88.3,10.1,39.95,35.5,108.0,88.5,105.0,23.5,26.2,23.35,408.5,48.35,37.9,271.0,31.05,137.5,279.5,39.15,127.5,130.5,92.2,67.1,167.5,74.7,45.25,126.0,110.5,32.55,89.8,16.6,16.75,38.45,10.0,39.7,35.9,14.3,138.5,222.5,38.95,30.3,39.9,21.9,527.0,92.5,467.5,677.0,315.0,8.41,20.9,98.5,50.1,78.2,396.5,238.5,9.62,44.9,15.6,57.9,24.6,119.5,74.9,41.55,104.5,21.6,24.3,85.0,16.3,24.35,272.0,87.4,408.0,165.5,199.0,16.95,51.8,55.2,20.25,10.1,19.25,13.85,24.5,59.0,85.9,71.8,14.05,110.5,10.6,9.73,62.6,105.0,20.65,74.7,19.6,278.5,316.5,212.5,66.8,285.5,50.3,81.6,12.55,118.5,108.0,279.5,40.4,26.25,202.5,49.75,30.65,32.45,82.7,304.0,12.5,31.55,334.5,116.0,4125.0,75.7,299.5,129.0,99.6,100.5,24.85,116.0,57.0,28.5,94.3,109.0,10.25,42.7
140.0,334.5,397.0,70.2,18.1,37.15,12.4,528.0,19.45,37.5,51.7,15.95,37.95,17.5,23.7,37.2,28.65,85.4,88.3,10.1,39.95,35.5,108.0,88.5,105.0,23.5,26.2,23.35,408.5,48.35,37.9,271.0,31.05,137.5,279.5,39.15,127.5,130.5,92.2,67.1,167.5,74.7,45.25,126.0,110.5,32.55,89.8,16.6,16.75,38.45,10.0,39.7,35.9,14.3,138.5,222.5,38.95,30.3,39.9,21.9,527.0,92.5,467.5,677.0,315.0,8.41,20.9,98.5,50.1,78.2,396.5,238.5,9.62,44.9,15.6,57.9,24.6,119.5,74.9,41.55,104.5,21.6,24.3,85.0,16.3,24.35,272.0,87.4,408.0,165.5,199.0,16.95,51.8,55.2,20.25,10.1,19.25,13.85,24.5,59.0,85.9,71.8,14.05,110.5,10.6,9.73,62.6,105.0,20.65,74.7,19.6,278.5,316.5,212.5,66.8,285.5,50.3,81.6,12.55,118.5,108.0,279.5,40.4,26.25,202.5,49.75,30.65,32.45,82.7,304.0,12.5,31.55,334.5,116.0,4125.0,75.7,299.5,129.0,99.6,100.5,24.85,116.0,57.0,28.5,94.3,109.0,10.25,42.7
140.0,334.5,397.0,70.2,18.1,37.15,12.4,528.0,19.45,37.5,51.7,15.95,37.95,17.5,23.7,37.2,28.65,85.4,88.3,10.1,39.95,35.5,108.0,88.5,105.0,23.5,26.2,23.35,408.5,48.35,37.9,271.0,31.05,137.5,279.5,39.15,127.5,130.5,92.2,67.1,167.5,74.7,45.25,126.0,110.5,32.55,89.8,16.6,16.75,38.45,10.0,39.7,35.9,14.3,138.5,222.5,38.95,30.3,39.9,21.9,527.0,92.5,467.5,677.0,315.0,8.41,20.9,98.5,50.1,78.2,396.5,238.5,9.62,44.9,15.6,57.9,24.6,119.5,74.9,41.55,104.5,21.6,24.3,85.0,16.3,24.35,272.0,87.4,408.0,165.5,199.0,16.95,51.8,55.2,20.25,10.1,19.25,13.85,24.5,59.0,85.9,71.8,14.05,110.5,10.6,9.73,62.6,105.0,20.65,74.7,19.6,278.5,316.5,212.5,66.8,285.5,50.3,81.6,12.55,118.5,108.0,279.5,40.4,26.25,202.5,49.75,30.65,32.45,82.7,304.0,12.5,31.55,334.5,116.0,4125.0,75.7,299.5,129.0,99.6,100.5,24.85,116.0,57.0,28.5,94.3,109.0,10.25,42.7
140.0,334.5,397.0,70.2,18.1,37.15,12.4,528.0,19.45,37.5,51.7,15.95,37.95,17.5,23.7,37.2,28.65,85.4,88.3,10.1,39.95,35.5,108.0,88.5,105.0,23.5,26.2,23.35,408.5,48.35,37.9,271.0,31.05,137.5,279.5,39.15,127.5,130.5,92.2,67.1,167.5,74.7,45.25,126.0,110.5,32.55,89.8,16.6,16.75,38.45,10.0,39.7,35.9,14.3,138.5,222.5,38.95,30.3,39.9,21.9,527.0,92.5,467.5,677.0,315.0,8.41,20.9,98.5,50.1,78.2,396.5,238.5,9.62,44.9,15.6,57.9,24.6,119.5,74.9,41.55,104.5,21.6,24.3,85.0,16.3,24.35,272.0,87.4,408.0,165.5,199.0,16.95,51.8,55.2,20.25,10.1,19.25,13.85,24.5,59.0,85.9,71.8,14.05,110.5,10.6,9.73,62.6,105.0,20.65,74.7,19.6,278.5,316.5,212.5,66.8,285.5,50.3,81.6,12.55,118.5,108.0,279.5,40.4,26.25,202.5,49.75,30.65,32.45,82.7,304.0,12.5,31.55,334.5,116.0,4125.0,75.7,299.5,129.0,99.6,100.5,24.85,116.0,57.0,28.5,94.3,109.0,10.25,42.7
140.0,334.5,397.0,70.2,18.1,37.15,12.4,528.0,19.45,37.5,51.7,15.95,37.95,17.5,23.7,37.2,28.65,85.4,88.3,10.1,39.95,35.5,108.0,88.5,105.0,23.5,26.2,23.35,408.5,48.35,37.9,271.0,31.05,137.5,279.5,39.15,127.5,130.5,92.2,67.1,167.5,74.7,45.25,126.0,110.5,32.55,89.8,16.6,16.75,38.45,10.0,39.7,35.9,14.3,138.5,222.5,38.95,30.3,39.9,21.9,527.0,92.5,467.5,677.0,315.0,8.41,20.9,98.5,50.1,78.2,396.5,238.5,9.62,44.9,15.6,57.9,24.6,119.5,74.9,41.55,104.5,21.6,24.3,85.0,16.3,24.35,272.0,87.4,408.0,165.5,199.0,16.95,51.8,55.2,20.25,10.1,19.25,13.85,24.5,59.0,85.9,71.8,14.05,110.5,10.6,9.73,62.6,105.0,20.65,74.7,19.6,278.5,316.5,212.5,66.8,285.5,50.3,81.6,12.55,118.5,108.0,279.5,40.4,26.25,202.5,49.75,30.65,32.45,82.7,304.0,12.5,31.55,334.5,116.0,4125.0,75.7,299.5,129.0,99.6,100.5,24.85,116.0,57.0,28.5,94.3,109.0,10.25,42.7
141.5,335.0,398.0,70.3,18.15,37.15,12.4,532.0,19.45,37.55,51.6,16.0,38.1,17.5,23.7,37.2,28.6,85.8,88.3,10.1,39.95,35.65,107.5,89.1,104.5,23.4,26.25,23.45,410.0,48.35,37.95,271.0,31.1,137.0,278.5,39.25,127.5,131.0,92.6,67.5,168.5,75.0,45.4,126.0,111.0,32.55,90.0,16.65,16.8,38.5,10.05,39.75,35.85,14.35,139.0,223.5,39.1,30.3,40.0,21.85,529.0,92.6,467.5,683.0,318.0,8.41,20.9,98.5,50.2,78.0,398.5,239.5,9.62,44.9,15.65,57.7,24.5,120.5,75.0,41.8,104.5,21.6,24.2,85.1,16.3,24.4,271.0,88.0,407.0,165.0,198.5,16.95,51.9,55.4,20.3,10.1,19.3,13.85,24.6,59.2,86.2,71.9,14.05,110.5,10.6,9.73,62.9,105.5,20.65,74.8,19.6,280.5,315.0,213.5,66.9,285.5,50.6,81.5,12.5,119.0,108.0,278.0,40.25,26.35,201.5,49.9,30.85,32.7,82.7,307.0,12.5,31.6,335.0,117.0,4135.0,75.6,301.0,129.5,99.7,100.0,24.8,116.5,56.9,28.6,93.9,108.5,10.25,42.65
