"1101","1102","1216","1301","1303","1326","1402","2002","2105","2207","2301","2303","2308","2311","2317","2324","2325","2330","2354","2357","2382","2395","2408","2409","2412","2454","2474","2633","2801","2823","2880","2881","2882","2883","2884","2885","2886","2887","2890","2891","2892","2912","3008","3045","3481","4904","4938","5880","6505","9904","1227","1314","1319","1434","1476","1477","1504","1536","1590","1605","1704","1717","1722","1723","1789","1802","1909","2015","2049","2059","2103","2106","2201","2204","2227","2231","2313","2327","2337","2344","2345","2347","2352","2353","2356","2360","2371","2376","2377","2379","2383","2385","2439","2448","2449","2451","2492","2498","2542","2603","2606","2610","2615","2618","2723","2809","2812","2834","2845","2867","2888","2915","3019","3034","3044","3189","3231","3406","3443","3532","3673","3682","3702","3706","4915","4943","4958","5264","5522","5871","6116","6176","6239","6269","6285","6409","6414","6415","6452","6456","8454","8464","9910","9914","9917","9921","9933","9938","9941","9945"
"33.85","27","65","93.5","74.7","94.2","24.8","24.7","60.5","354","43.8","16.00","149.5","38.1","109.0","21.6","48.8","237.5","94.9","251","70.5","206.5","87.4","12.3","103.5","320.5","312.5","24.25","16.5","28.85","16.75","47.7","49.2","9.27","18.4","13.45","23.95","13.4","9.17","19.4","20","260","5590","108.5","14","72","81.8","16.2","105.5","38.25","74","13.95","63","31.75","362","133","28.1","153","450","15.3","40.7","31","39.1","124","33.35","15.55","45.55","52.6","292","400","33.7","42.3","25.65","27.3","242.5","319","36.95","233.5","60.0","29.10","100","38","21.9","15.9","23.65","126.5","13.5","40","65.4","113","137","74.8","222","42.95","32.1","87.2","79.2","73.5","40.8","17.8","34.85","11.5","18.35","15.1","345.5","33.2","9.65","8.39","9.41","15.75","9.26","46","132.5","114.5","114.5","76.3","25.45","414","252","110","105.5","10.15","42.4","37.45","79.1","248","65.3","95.8","33.6","77.3","11.9","76","94.5","122","88.7","581","441","710","454","315","216","345","139.5","137.5","88.9","149.5","48","125.5","105.5","28.95"
"33.95","27.05","64.9","93.7","74.7","94.0","24.80","24.75","60.5","351.5","44.00","16.00","149.0","38.05","109.5","21.55","48.80","237.5","95.0","251.5","70.6","207.5","87.0","12.30","103.5","320.5","312.0","24.25","16.50","28.80","16.75","47.75","49.20","9.26","18.40","13.45","23.95","13.40","9.17","19.40","20.00","260.5","5590","108.0","14.05","72.1","81.8","16.20","105.5","38.20","73.8","13.95","63.3","31.70","363.0","133.5","28.10","153.0","450.5","15.35","40.75","30.70","39.15","124.0","33.35","15.50","45.60","52.5","293.0","400.0","33.60","42.30","25.70","27.20","242.5","319.5","36.95","233.0","60.3","29.30","100.0","37.95","21.95","15.95","23.70","128.0","13.50","40.25","65.8","112.5","137.5","74.8","222.5","43.20","32.20","87.1","79.4","73.4","40.80","17.70","35.10","11.55","18.30","15.05","345.0","33.20","9.64","8.40","9.41","15.80","9.26","46.00","132.0","114.5","114.0","76.4","25.45","414.0","250.5","111.0","105.5","10.15","42.45","37.40","78.9","251.0","65.4","95.8","33.50","77.4","11.85","75.8","94.5","122.0","88.8","585","441.0","710","454.0","320.0","216","349.0","138.5","137.5","88.9","149.5","47.95","125.5","106.5","28.95"
"33.95","27.05","64.9","93.6","74.8","94.0","24.80","24.80","60.4","351.5","43.95","16.00","148.5","38.10","110.0","21.55","48.80","237.5","95.1","251.5","70.5","206.5","86.8","12.35","103.0","318.5","310.5","24.30","16.45","28.80","16.75","47.75","49.15","9.26","18.40","13.45","23.95","13.40","9.16","19.35","19.95","260.5","5580","108.0","14.05","72.2","81.8","16.15","105.5","38.20","73.8","14.00","63.6","31.70","363.5","134.0","28.10","153.0","450.5","15.35","40.80","30.70","39.15","124.5","33.35","15.50","45.60","52.5","293.5","400.0","33.60","42.30","25.60","27.20","242.5","319.0","37.00","232.5","60.3","29.00","100.0","37.95","21.90","15.95","23.65","128.0","13.50","40.15","66.3","112.5","139.0","74.7","222.5","43.10","32.10","87.1","79.3","73.8","40.70","17.65","35.20","11.55","18.25","15.05","345.0","33.20","9.64","8.40","9.41","15.80","9.27","46.00","131.0","114.5","113.5","75.9","25.50","413.0","251.5","110.5","105.5","10.15","42.45","37.30","79.1","248.5","65.5","95.8","33.50","78.1","11.90","75.9","94.6","121.5","88.9","585","442.0","710","454.0","318.5","216","346.0","138.0","137.5","88.9","149.5","47.95","125.0","106.5","28.95"
"33.95","27.05","65.0","93.8","74.7","94.0","24.80","24.80","60.3","351.5","44.00","16.00","148.5","38.10","110.0","21.55","48.70","237.5","95.3","251.5","70.6","207.0","86.9","12.35","103.5","319.0","310.0","24.30","16.50","28.80","16.75","47.75","49.20","9.25","18.40","13.45","24.00","13.40","9.17","19.40","20.00","260.5","5590","108.0","14.00","72.2","82.0","16.20","105.5","38.20","73.8","13.95","63.6","31.75","363.5","134.0","28.10","152.0","450.5","15.30","40.80","30.75","39.15","124.5","33.45","15.50","45.55","52.4","292.0","400.0","33.60","42.35","25.60","27.20","242.5","318.0","37.00","230.5","59.7","29.00","100.5","37.95","21.90","15.95","23.70","127.5","13.50","40.10","65.9","112.0","139.0","74.7","223.0","43.15","32.00","87.2","79.4","73.6","40.80","17.70","35.60","11.55","18.30","15.05","345.0","33.20","9.64","8.40","9.42","15.80","9.28","46.00","132.5","114.5","113.5","76.0","25.45","413.0","251.0","112.5","106.5","10.15","42.40","37.15","78.9","247.5","65.7","95.9","33.50","77.7","11.95","75.8","94.4","122.0","88.9","585","440.0","710","454.0","323.0","216","346.0","138.5","137.5","88.9","149.5","47.95","125.5","106.5","28.95"
"33.95","27.10","65.0","93.5","74.8","93.9","24.80","24.80","60.4","351.5","44.00","16.00","148.5","38.20","109.5","21.60","48.70","237.5","95.4","251.5","70.8","207.0","87.1","12.30","103.0","320.5","309.5","24.30","16.50","28.80","16.70","47.70","49.20","9.23","18.40","13.45","24.00","13.40","9.17","19.35","20.00","260.5","5585","108.0","14.00","72.2","82.2","16.20","105.5","38.10","73.8","13.95","63.5","31.70","365.5","134.0","28.05","153.0","450.0","15.30","40.75","30.70","39.15","124.5","33.45","15.50","45.55","52.3","291.0","400.0","33.60","42.35","25.65","27.20","242.5","315.5","36.95","230.5","59.5","28.95","100.0","37.95","21.90","15.95","23.75","128.0","13.50","40.00","65.7","112.0","138.5","74.6","223.0","43.35","31.90","87.1","79.2","73.6","40.80","17.65","35.50","11.55","18.30","15.00","345.0","33.20","9.64","8.41","9.42","15.80","9.28","46.05","132.5","114.5","113.5","76.0","25.35","412.5","249.0","113.0","107.0","10.15","42.45","37.20","78.5","244.0","66.0","95.9","33.45","77.6","11.95","75.8","94.4","123.0","88.7","585","439.0","707","454.0","324.0","215.5","345.0","138.5","137.5","88.9","149.5","47.95","126.0","106.5","28.95"
"33.95","27.05","65.0","93.5","74.8","93.9","24.80","24.80","60.5","351.5","44.10","16.00","148.5","38.20","109.5","21.60","48.75","237.5","95.8","251.5","70.8","207.0","87.6","12.35","103.0","320.5","311.0","24.30","16.50","28.75","16.70","47.70","49.20","9.23","18.40","13.40","24.00","13.35","9.17","19.35","19.95","260.0","5575","108.5","14.00","72.2","82.1","16.20","105.5","38.15","73.8","13.95","63.4","31.70","365.0","135.0","28.00","152.0","449.5","15.25","40.80","30.70","39.15","124.5","33.45","15.50","45.55","52.3","291.0","400.0","33.50","42.35","25.65","27.20","242.5","315.5","36.80","230.5","59.6","28.85","100.5","37.95","21.90","15.90","23.80","128.0","13.55","40.10","65.5","112.0","138.5","74.6","222.5","43.60","31.90","87.1","79.3","73.5","40.80","17.55","35.25","11.55","18.30","15.00","345.0","33.20","9.64","8.40","9.41","15.85","9.28","45.95","133.0","114.5","113.5","75.8","25.30","414.0","249.5","112.5","106.5","10.20","42.25","37.15","78.6","246.0","66.2","96.1","33.45","77.7","11.95","75.8","94.5","122.5","88.7","585","441.5","707","453.0","323.5","215.5","350.5","138.5","137.5","88.9","149.5","47.95","125.5","106.5","28.95"
"33.95","27.05","64.8","93.3","74.8","93.9","24.75","24.80","60.5","351.5","44.10","16.00","148.5","38.25","109.5","21.60","48.70","237.5","96.5","251.0","70.8","207.0","87.6","12.25","103.5","319.5","313.0","24.30","16.50","28.80","16.70","47.75","49.25","9.22","18.40","13.45","24.00","13.40","9.17","19.40","19.95","260.0","5575","108.5","14.00","72.2","82.2","16.20","105.5","38.20","74.0","13.95","63.4","31.70","365.0","135.5","28.05","152.5","449.0","15.20","40.80","30.70","39.15","124.0","33.45","15.55","45.45","52.3","291.0","400.0","33.50","42.35","25.70","27.15","242.5","316.0","36.80","231.5","60.0","28.80","101.5","38.05","21.85","15.95","23.80","127.5","13.60","40.10","65.9","112.0","138.5","74.5","222.5","43.45","31.90","87.1","79.2","73.5","40.80","17.55","35.20","11.55","18.30","15.00","345.0","33.20","9.64","8.40","9.42","15.85","9.29","45.95","133.0","114.0","114.0","75.8","25.30","415.5","246.5","112.0","105.5","10.15","42.25","37.20","78.6","247.0","66.0","96.1","33.45","77.9","11.95","75.7","94.3","123.0","88.6","585","441.5","707","453.5","323.0","216.5","350.5","138.5","137.5","88.9","149.5","47.95","126.0","106.5","28.95"
"33.95","27.05","64.8","93.4","74.8","93.9","24.85","24.80","60.5","351.5","44.15","16.00","147.5","38.25","109.0","21.55","48.65","237.5","96.4","250.5","70.7","207.0","87.1","12.25","103.5","319.0","314.0","24.30","16.50","28.80","16.75","47.75","49.20","9.21","18.40","13.45","24.00","13.40","9.17","19.40","19.95","260.0","5575","108.0","14.00","72.2","82.3","16.15","105.5","38.15","74.0","13.95","63.3","31.70","365.0","135.0","28.05","152.5","449.0","15.25","40.80","30.70","39.15","123.5","33.45","15.55","45.30","52.3","291.5","400.0","33.50","42.30","25.70","27.35","242.5","316.0","36.80","232.5","60.1","28.95","102.0","38.00","21.90","15.95","23.90","127.5","13.55","40.10","66.2","111.5","138.5","74.5","222.5","43.45","32.00","87.0","79.4","73.4","40.80","17.60","35.20","11.55","18.30","14.95","345.0","33.20","9.64","8.39","9.42","15.80","9.29","45.95","133.5","114.5","113.5","75.9","25.30","415.0","248.0","112.5","106.5","10.20","42.30","37.15","78.8","247.0","65.8","96.3","33.40","77.9","11.90","75.8","93.8","123.0","88.6","585","441.5","707","453.0","322.5","216.5","351.5","138.5","137.5","88.9","149.5","47.95","126.5","106.5","28.95"
"33.95","27.10","64.8","93.4","74.7","93.7","24.80","24.80","60.4","351.5","44.15","16.00","147.5","38.20","109.5","21.55","48.65","237.0","96.0","250.5","70.7","207.5","86.9","12.30","103.5","319.0","313.0","24.35","16.50","28.80","16.75","47.70","49.20","9.21","18.35","13.40","23.95","13.40","9.18","19.40","19.95","259.5","5580","108.0","14.00","72.2","82.2","16.20","105.5","38.15","74.0","14.00","63.3","31.70","364.5","135.0","28.05","152.5","449.5","15.30","40.75","30.70","39.15","123.5","33.50","15.55","45.20","52.3","291.5","400.0","33.50","42.30","25.70","27.25","242.5","316.0","36.90","233.0","59.8","28.90","102.0","38.05","21.90","15.90","23.80","127.0","13.60","40.15","66.3","112.0","138.5","74.5","222.0","43.35","31.95","87.0","79.2","73.4","40.80","17.55","35.20","11.55","18.25","14.95","345.0","33.20","9.64","8.39","9.41","15.75","9.28","45.90","134.0","114.5","113.0","75.8","25.35","415.0","248.5","112.5","106.0","10.20","42.30","37.10","78.8","247.0","65.8","96.3","33.45","78.6","11.90","75.8","93.9","122.5","88.5","585","441.5","707","453.0","322.5","216.5","350.0","138.5","137.5","88.9","149.5","47.95","126.5","106.5","28.95"
"33.95","27.10","64.8","93.3","74.8","93.7","24.75","24.75","60.4","351.5","44.15","15.95","147.0","38.20","109.0","21.55","48.65","237.5","95.7","250.0","70.7","207.5","86.9","12.30","103.5","320.5","313.5","24.35","16.50","28.85","16.70","47.70","49.20","9.21","18.45","13.40","23.95","13.40","9.21","19.40","19.95","260.0","5575","108.0","13.95","72.2","82.1","16.20","105.5","38.15","73.8","14.05","63.2","31.70","365.0","135.0","28.05","152.0","449.5","15.30","40.75","30.70","39.15","123.5","33.50","15.55","45.10","52.3","291.5","400.0","33.45","42.30","25.70","27.30","242.5","316.0","36.95","232.5","59.8","28.90","102.5","38.05","21.85","15.90","23.85","126.5","13.55","40.10","66.2","112.0","138.5","74.5","221.5","43.25","31.95","87.0","79.2","73.2","40.75","17.55","35.20","11.50","18.25","14.95","345.0","33.20","9.63","8.38","9.41","15.75","9.27","45.90","134.0","114.5","112.5","75.4","25.35","415.5","248.0","112.5","106.5","10.20","42.30","37.10","78.5","247.0","65.7","96.3","33.45","78.3","11.80","75.8","94.0","122.5","88.6","585","440.0","707","453.0","322.5","216.5","350.0","138.5","137.5","88.9","149.5","47.95","126.0","106.5","28.95"
"33.90","27.10","64.8","93.3","74.7","93.8","24.85","24.75","60.4","351.5","44.10","16.00","148.0","38.20","109.5","21.55","48.65","237.5","96.0","250.5","70.8","207.5","87.0","12.25","103.0","320.5","314.0","24.35","16.45","28.85","16.75","47.70","49.25","9.21","18.40","13.40","23.95","13.40","9.20","19.35","19.95","260.0","5580","108.0","13.95","72.2","82.1","16.15","105.5","38.15","73.8","14.00","63.3","31.65","364.5","135.0","28.05","152.0","450.0","15.20","40.75","30.70","39.10","124.0","33.50","15.55","45.05","52.3","290.5","400.0","33.50","42.30","25.75","27.20","242.5","316.0","36.95","231.5","59.6","28.90","102.5","38.10","21.85","15.85","23.80","126.5","13.55","40.15","66.2","112.5","138.0","74.5","221.5","43.30","31.95","87.1","79.2","73.1","40.80","17.55","35.20","11.55","18.20","14.95","345.0","33.20","9.63","8.39","9.41","15.75","9.27","45.90","133.5","114.5","112.5","75.4","25.35","414.5","247.0","112.5","106.0","10.20","42.30","37.10","78.3","246.0","65.8","96.3","33.50","78.0","11.85","75.7","94.0","122.5","88.6","585","440.0","707","453.5","322.0","216.5","350.0","138.5","137.5","88.9","149.5","47.95","126.0","106.5","29.00"
"33.90","27.10","64.9","93.5","74.7","93.8","24.75","24.75","60.5","351.5","44.15","16.00","147.5","38.15","109.5","21.55","48.65","237.0","96.1","250.5","70.9","207.0","87.1","12.30","103.5","319.5","314.0","24.30","16.45","28.80","16.75","47.65","49.20","9.21","18.40","13.40","23.90","13.40","9.20","19.40","19.90","260.0","5580","108.0","13.95","72.2","82.1","16.20","105.5","38.10","73.8","14.00","63.2","31.65","364.5","135.5","28.05","152.0","449.5","15.25","40.75","30.70","39.15","123.5","33.50","15.55","44.85","52.3","291.0","400.0","33.45","42.30","25.75","27.25","242.5","316.0","36.95","231.0","59.4","28.90","102.5","38.25","21.85","15.90","23.75","126.5","13.50","40.10","66.2","112.0","138.5","74.5","221.5","43.55","31.95","87.0","79.2","73.2","40.70","17.60","35.20","11.50","18.10","14.95","348.0","33.20","9.62","8.39","9.41","15.75","9.26","45.90","133.0","114.5","113.0","75.5","25.30","414.0","246.5","113.0","106.5","10.20","42.30","37.05","78.3","243.5","65.9","96.3","33.50","77.9","11.85","75.7","93.9","122.5","88.7","585","441.5","707","454.0","322.0","216.5","350.0","138.5","136.5","88.9","149.5","47.95","126.0","106.5","29.00"
"33.80","27.05","64.9","93.5","74.7","93.8","24.80","24.75","60.4","351.5","44.15","15.95","148.5","38.15","109.5","21.55","48.65","237.5","96.0","250.5","71.4","207.0","87.2","12.30","103.0","321.0","313.0","24.35","16.45","28.80","16.75","47.70","49.20","9.22","18.35","13.35","23.90","13.40","9.20","19.40","19.85","260.0","5580","108.0","14.00","72.2","82.2","16.15","105.5","38.15","73.8","14.00","63.2","31.70","364.5","135.0","28.05","151.5","449.5","15.25","40.75","30.70","39.15","123.0","33.50","15.55","44.75","52.3","290.0","400.5","33.40","42.30","25.75","27.25","242.5","316.0","36.95","231.0","59.5","28.90","103.5","38.25","21.85","15.90","23.75","126.5","13.45","40.05","66.1","112.0","139.0","74.5","221.0","43.80","31.85","87.0","79.1","73.3","40.80","17.55","35.15","11.45","18.10","14.90","348.0","33.25","9.62","8.38","9.41","15.75","9.26","45.90","133.0","114.5","113.0","75.7","25.35","415.0","248.0","112.5","106.0","10.20","42.30","37.10","78.5","243.0","65.9","96.4","33.50","77.8","11.85","75.7","93.9","123.0","88.7","585","440.5","705","453.0","322.0","216.5","349.5","138.5","136.0","88.9","149.5","47.95","126.0","106.5","29.00"
"33.80","27.05","64.9","93.7","74.7","93.8","24.85","24.70","60.4","351.5","44.15","15.95","148.0","38.15","109.5","21.50","48.65","237.0","96.0","250.5","71.5","207.0","87.3","12.30","103.0","321.0","313.5","24.35","16.50","28.85","16.75","47.70","49.25","9.22","18.40","13.40","23.90","13.35","9.20","19.35","19.90","260.0","5585","108.0","13.95","72.2","82.0","16.20","105.5","38.10","73.8","14.00","63.2","31.70","364.5","135.0","28.05","152.5","449.5","15.20","40.75","30.70","39.15","123.5","33.60","15.55","44.80","52.3","290.0","400.5","33.40","42.30","25.75","27.25","242.5","317.0","37.20","231.0","59.7","28.85","103.0","38.25","21.85","15.90","23.75","126.5","13.50","40.05","66.1","112.0","138.0","74.5","221.0","44.20","31.85","87.0","79.2","73.3","40.70","17.55","35.15","11.50","18.15","14.95","348.0","33.25","9.62","8.39","9.41","15.80","9.25","45.90","133.0","114.0","113.5","75.6","25.45","415.0","247.0","113.0","106.0","10.20","42.30","37.10","78.5","244.5","65.9","96.4","33.50","77.9","11.85","75.7","94.0","123.0","88.6","585","440.5","704","453.5","322.5","216.5","349.5","138.5","136.0","88.9","149.5","47.95","126.5","106.5","29.00"
"33.90","27.05","64.9","93.6","74.7","93.9","24.75","24.70","60.3","351.5","44.20","16.00","148.0","38.15","109.5","21.50","48.65","237.5","96.1","250.5","71.5","207.5","87.4","12.30","103.5","322.0","313.5","24.30","16.45","28.80","16.75","47.70","49.25","9.22","18.40","13.40","23.95","13.35","9.20","19.40","19.85","260.0","5585","108.0","13.95","72.2","82.0","16.20","105.5","38.10","73.8","13.95","63.2","31.70","366.0","134.5","28.10","152.0","450.0","15.15","40.75","30.70","39.15","123.5","33.65","15.55","44.95","52.3","290.0","400.5","33.40","42.30","25.70","27.25","242.5","317.0","37.25","231.5","59.9","28.90","103.5","38.25","21.85","15.85","23.75","126.5","13.50","40.05","65.9","112.0","138.0","74.5","221.5","43.90","31.80","87.0","79.2","73.3","40.70","17.60","35.20","11.50","18.15","14.95","348.0","33.30","9.63","8.39","9.42","15.80","9.25","45.90","132.5","114.5","113.0","75.7","25.45","415.0","248.0","114.0","106.5","10.20","42.35","37.00","78.5","245.0","66.0","96.4","33.50","77.7","11.85","75.6","93.6","123.0","88.7","585","441.5","704","453.5","324.0","216.5","349.5","138.5","136.5","88.9","149.5","47.95","126.5","106.5","29.05"
"33.90","27.05","64.9","93.6","74.8","93.9","24.75","24.70","60.3","351.5","44.20","16.00","148.0","38.15","109.0","21.55","48.70","237.0","96.2","250.5","71.2","207.0","87.2","12.25","103.5","323.0","313.5","24.35","16.50","28.80","16.75","47.65","49.25","9.22","18.40","13.40","23.90","13.40","9.20","19.35","19.90","260.0","5585","108.0","13.95","72.2","82.0","16.20","105.5","38.10","73.8","14.00","63.2","31.75","370.5","135.0","28.10","152.0","450.0","15.15","40.75","30.70","39.15","123.5","33.70","15.55","45.00","52.3","290.5","400.5","33.45","42.30","25.70","27.25","242.0","317.5","37.20","231.5","59.9","28.85","103.5","38.30","21.80","15.90","23.80","126.5","13.50","40.05","66.0","112.5","137.5","74.6","221.5","44.15","31.85","87.0","79.2","73.4","40.80","17.55","35.30","11.45","18.15","14.95","348.0","33.20","9.64","8.38","9.41","15.80","9.26","45.90","133.0","114.5","113.0","75.7","25.45","414.5","248.5","114.5","106.5","10.20","42.35","37.00","78.4","244.5","66.1","96.4","33.40","77.8","11.85","75.7","93.1","122.5","88.7","585","441.5","704","452.5","325.0","216.5","349.5","139.0","136.5","88.9","149.5","47.95","126.5","106.5","29.05"
"33.85","27.05","64.9","93.6","74.8","93.8","24.75","24.70","60.3","351.5","44.10","16.00","148.0","38.10","109.5","21.50","48.65","237.0","96.1","250.0","71.4","207.0","87.1","12.30","103.5","323.5","314.0","24.40","16.45","28.75","16.75","47.65","49.20","9.21","18.40","13.35","23.95","13.40","9.20","19.35","19.90","260.0","5585","108.5","13.95","72.2","82.0","16.20","105.5","38.10","73.8","14.00","63.4","31.75","368.0","135.0","28.10","152.0","450.0","15.25","40.80","30.70","39.15","124.0","33.60","15.50","45.00","52.3","291.0","400.5","33.50","42.25","25.70","27.25","242.0","317.5","37.15","231.0","59.8","28.90","103.5","38.30","21.85","15.90","23.75","127.0","13.45","40.05","66.1","112.5","138.5","74.5","221.0","44.40","31.80","87.1","78.8","73.5","40.80","17.60","35.30","11.50","18.10","14.95","348.0","33.30","9.64","8.39","9.41","15.80","9.26","45.90","133.0","114.5","113.0","75.7","25.45","414.5","248.5","114.5","106.0","10.15","42.35","37.05","78.4","243.5","66.0","96.8","33.45","77.8","11.85","75.6","93.2","122.5","88.8","585","441.5","703","453.0","325.0","216.5","349.5","139.0","136.5","88.9","149.5","47.95","126.0","106.5","29.10"
"33.80","27.05","64.8","93.5","74.8","93.9","24.75","24.70","60.3","351.5","43.95","16.00","147.5","38.15","109.0","21.45","48.65","237.5","96.0","250.0","71.3","207.5","87.0","12.30","103.5","326.0","314.5","24.40","16.45","28.80","16.75","47.70","49.30","9.21","18.40","13.40","23.95","13.40","9.20","19.40","19.90","260.0","5585","108.0","14.00","72.2","82.0","16.20","105.5","38.10","73.8","14.05","63.6","31.75","368.0","135.0","28.10","152.0","450.0","15.20","40.80","30.70","39.15","123.5","33.65","15.50","45.00","52.3","291.0","400.0","33.45","42.25","25.75","27.25","242.0","317.0","37.10","231.0","59.6","28.95","103.5","38.40","21.80","15.90","23.75","127.5","13.40","40.05","66.0","112.5","138.0","74.5","221.5","44.25","31.85","87.1","79.0","73.6","40.80","17.60","35.25","11.50","18.15","14.95","348.0","33.30","9.64","8.38","9.41","15.80","9.27","45.90","132.0","114.5","113.0","75.7","25.45","414.5","248.5","114.0","106.5","10.20","42.30","37.05","78.3","244.0","65.9","97.2","33.45","77.8","11.90","75.6","93.7","122.5","89.0","585","441.5","703","452.5","324.0","216.5","349.5","139.0","136.5","88.9","149.5","47.95","126.0","106.5","29.10"
"33.80","27.10","64.9","93.5","74.8","94.0","24.70","24.70","60.3","351.5","43.85","15.95","147.5","38.10","109.0","21.50","48.65","237.5","95.9","250.0","71.3","207.5","87.3","12.30","103.5","327.0","315.0","24.40","16.45","28.80","16.75","47.70","49.25","9.21","18.40","13.40","23.95","13.40","9.20","19.40","19.90","260.0","5585","108.5","14.00","72.2","82.0","16.15","105.5","38.10","73.8","14.05","63.4","31.70","369.0","136.0","28.05","152.0","450.0","15.20","40.80","30.75","39.10","123.5","33.70","15.50","45.00","52.3","291.0","401.0","33.45","42.25","25.75","27.25","242.0","317.0","37.10","232.0","59.5","28.95","103.0","38.45","21.80","15.90","23.75","127.5","13.40","40.00","66.1","112.0","138.5","74.5","222.5","44.45","31.80","87.1","78.9","73.6","40.80","17.60","35.30","11.50","18.15","14.95","348.0","33.30","9.64","8.38","9.41","15.80","9.27","45.90","132.0","114.0","113.0","75.7","25.40","414.0","248.5","114.0","106.0","10.15","42.30","37.10","78.0","243.5","65.9","97.4","33.45","77.9","11.85","75.6","93.6","122.0","89.4","585","441.5","703","452.5","323.5","216.5","350.0","139.0","136.5","88.9","149.5","47.95","125.5","106.5","29.05"
"33.85","27.10","64.9","93.6","74.8","94.0","24.75","24.70","60.4","351.5","43.90","15.95","147.5","38.10","109.0","21.45","48.65","237.0","95.9","250.0","71.3","207.5","87.5","12.30","103.5","326.0","317.5","24.40","16.45","28.80","16.75","47.70","49.25","9.20","18.40","13.35","23.95","13.40","9.19","19.40","19.90","260.0","5590","108.0","14.00","72.2","82.1","16.15","105.5","38.10","73.8","14.10","63.5","31.70","370.0","136.0","28.10","152.0","450.5","15.20","40.80","30.75","39.10","123.5","33.70","15.50","44.95","52.3","291.0","400.0","33.45","42.25","25.75","27.20","242.0","319.0","37.15","232.5","59.5","28.95","103.0","38.40","21.80","15.90","23.85","128.0","13.40","40.05","66.1","112.0","138.0","74.5","222.5","44.65","31.70","87.1","78.9","73.7","40.90","17.60","35.25","11.45","18.15","14.95","348.0","33.30","9.64","8.39","9.41","15.80","9.26","45.90","131.5","114.5","113.0","75.7","25.40","413.5","248.0","113.5","106.0","10.20","42.25","37.10","78.0","244.5","65.9","97.1","33.45","78.0","11.90","75.6","93.6","122.0","89.4","585","441.5","703","454.0","324.0","216.5","347.5","139.0","136.0","88.9","149.5","47.95","125.5","106.5","29.10"
"33.85","27.10","65.0","93.7","74.7","94.1","24.70","24.70","60.4","351.0","44.00","16.00","147.5","38.10","109.0","21.45","48.65","237.0","95.9","250.0","71.3","207.5","87.7","12.35","103.5","327.0","320.5","24.40","16.50","28.80","16.70","47.65","49.25","9.21","18.45","13.40","23.95","13.35","9.20","19.35","19.90","260.0","5595","108.0","14.00","72.1","82.1","16.15","106.0","38.10","73.8","14.05","63.4","31.70","371.5","136.0","28.05","152.0","450.5","15.20","41.00","30.75","39.15","123.5","33.70","15.50","45.00","52.3","291.5","400.0","33.45","42.25","25.75","27.20","242.0","319.0","37.10","232.5","59.5","28.90","102.5","38.35","21.80","15.90","24.00","129.5","13.50","40.05","66.1","112.0","138.5","74.4","223.0","44.60","31.65","87.1","79.0","73.7","40.95","17.60","35.25","11.50","18.15","14.95","347.0","33.30","9.64","8.39","9.41","15.80","9.26","45.90","132.0","114.5","113.0","75.6","25.45","413.5","248.5","113.5","106.5","10.20","42.25","37.05","77.8","243.0","65.9","97.1","33.50","78.0","11.85","75.7","93.6","122.0","89.3","585","441.5","703","455.0","324.5","216.5","349.0","139.0","136.5","88.9","149.5","47.95","126.0","106.5","29.10"
"33.90","27.10","65.0","93.8","74.7","94.3","24.70","24.70","60.4","351.0","44.00","15.95","147.5","38.15","109.5","21.45","48.65","237.0","95.9","250.0","71.4","208.0","87.8","12.35","103.5","330.0","320.0","24.40","16.50","28.80","16.75","47.65","49.25","9.21","18.40","13.40","23.95","13.35","9.20","19.40","19.90","260.5","5600","108.0","14.05","72.2","82.1","16.15","105.5","38.10","73.8","14.10","63.5","31.70","372.0","136.0","28.05","152.0","451.0","15.20","41.15","30.75","39.15","123.5","33.75","15.55","45.20","52.3","291.5","400.0","33.45","42.25","25.75","27.20","242.0","319.0","37.10","233.0","59.5","28.90","103.0","38.35","21.85","15.90","23.95","129.5","13.50","40.05","66.1","111.5","138.0","74.4","223.0","44.80","31.65","87.1","79.2","73.8","41.00","17.60","35.20","11.50","18.15","14.90","347.0","33.30","9.64","8.40","9.41","15.80","9.27","45.90","132.0","114.5","113.0","75.6","25.50","412.0","250.0","114.5","106.0","10.20","42.30","37.05","78.0","244.5","65.9","97.1","33.45","78.0","11.80","75.6","93.8","122.5","89.3","585","441.5","703","455.0","325.5","216.5","349.0","139.5","136.5","88.9","149.5","47.95","125.5","106.5","29.15"
"33.90","27.10","65.0","93.9","74.8","94.4","24.65","24.75","60.4","351.0","44.00","16.00","147.5","38.10","109.5","21.45","48.65","237.0","96.0","249.5","71.4","207.5","87.9","12.40","103.5","328.0","319.5","24.40","16.45","28.80","16.70","47.65","49.25","9.22","18.45","13.40","23.95","13.40","9.20","19.35","19.90","260.0","5605","108.0","14.05","72.2","82.1","16.15","105.5","38.10","73.7","14.15","63.5","31.75","370.5","136.5","28.05","151.5","452.0","15.20","41.25","30.75","39.10","124.0","33.75","15.55","45.20","52.3","291.5","402.0","33.45","42.25","25.75","27.20","242.0","319.0","37.15","233.0","59.5","28.95","102.5","38.30","21.80","15.90","23.95","129.5","13.45","40.00","66.2","111.0","138.0","74.4","222.0","44.85","31.75","87.1","79.0","73.7","41.00","17.60","35.25","11.45","18.10","14.95","347.0","33.25","9.64","8.40","9.41","15.80","9.27","45.80","131.5","114.0","113.0","75.6","25.45","412.0","251.0","114.5","105.5","10.20","42.30","37.10","78.3","244.0","66.0","97.1","33.45","78.0","11.85","75.6","93.6","122.5","89.3","585","442.0","703","455.0","323.5","216.0","349.0","139.5","136.5","88.9","149.5","47.95","125.5","106.5","29.15"
"33.90","27.10","65.0","93.9","74.8","94.4","24.65","24.75","60.3","351.0","44.00","16.00","147.5","38.10","109.0","21.45","48.65","236.5","95.9","249.5","71.6","207.5","87.5","12.40","103.0","328.0","319.5","24.40","16.50","28.85","16.75","47.65","49.25","9.22","18.40","13.40","23.95","13.40","9.20","19.35","19.90","260.5","5605","108.5","14.10","72.1","82.1","16.15","105.5","38.10","73.7","14.15","63.6","31.75","369.5","136.5","28.05","151.5","452.5","15.25","41.25","30.75","39.10","124.0","33.70","15.60","45.25","52.3","291.5","400.0","33.45","42.25","25.70","27.20","242.0","319.0","37.20","233.0","59.4","28.95","102.5","38.35","21.95","15.90","23.85","129.5","13.50","40.05","66.3","112.0","138.5","74.5","222.0","44.60","31.80","87.1","79.2","73.5","41.05","17.55","35.25","11.45","18.15","14.95","347.0","33.30","9.64","8.39","9.41","15.80","9.27","45.85","132.0","114.5","113.0","75.6","25.45","412.0","251.0","115.0","106.0","10.20","42.25","37.10","78.3","243.5","65.9","97.2","33.45","78.0","11.85","75.7","93.6","122.0","89.3","585","442.0","701","455.0","323.5","216.0","349.0","139.0","136.5","88.9","149.5","47.95","125.5","106.5","29.10"
"33.90","27.10","65.0","93.8","74.8","94.3","24.70","24.70","60.3","351.0","44.00","16.00","147.5","38.10","109.5","21.50","48.60","237.0","95.8","249.5","71.8","207.5","87.5","12.35","103.5","327.0","319.0","24.40","16.50","28.80","16.70","47.65","49.25","9.21","18.40","13.40","23.95","13.35","9.21","19.40","19.95","260.5","5600","108.5","14.10","72.1","82.1","16.15","105.5","38.10","73.7","14.15","63.6","31.70","369.5","136.0","28.00","152.0","452.5","15.20","41.20","30.75","39.10","124.0","33.70","15.60","45.60","52.2","291.0","400.0","33.40","42.25","25.70","27.20","242.0","318.5","37.20","232.5","59.4","28.95","103.0","38.40","21.95","15.90","23.85","129.5","13.45","40.00","66.3","112.0","138.0","74.5","222.5","44.60","31.80","87.1","79.2","73.3","41.10","17.55","35.25","11.45","18.15","14.95","347.0","33.25","9.64","8.40","9.41","15.80","9.27","45.80","132.0","114.5","113.0","75.7","25.50","412.5","250.0","116.5","106.0","10.20","42.30","37.15","78.2","243.5","65.9","97.3","33.45","77.9","11.85","75.6","93.6","122.0","89.2","585","442.0","701","455.0","323.5","216.0","348.0","139.0","137.0","88.9","149.5","47.90","126.5","106.5","29.15"
"33.90","27.10","64.9","93.7","74.7","94.4","24.70","24.65","60.3","351.0","43.95","16.00","148.0","38.15","109.0","21.50","48.60","236.5","95.8","249.5","72.3","207.5","87.5","12.35","103.0","327.0","319.5","24.40","16.45","28.80","16.75","47.65","49.25","9.22","18.40","13.35","23.95","13.35","9.20","19.40","19.90","260.5","5600","108.5","14.05","72.1","82.2","16.15","105.0","38.10","73.7","14.15","63.5","31.70","370.5","136.0","28.00","152.0","452.5","15.25","41.25","30.75","39.15","124.0","33.65","15.55","45.60","52.2","290.5","400.0","33.40","42.20","25.70","27.20","242.0","318.0","37.15","232.0","59.2","29.00","103.0","38.40","21.95","15.85","23.85","129.0","13.40","40.00","66.6","111.5","138.0","74.5","222.0","44.60","31.85","87.1","79.2","73.4","41.05","17.55","35.25","11.45","18.15","14.95","347.0","33.25","9.65","8.40","9.41","15.80","9.27","45.85","132.0","114.5","113.0","75.7","25.50","413.0","249.5","116.5","106.0","10.15","42.30","37.20","78.1","244.0","65.9","97.1","33.45","78.0","11.85","75.6","93.6","122.0","89.1","585","442.0","701","457.5","323.5","216.0","348.0","138.5","137.0","88.9","149.0","47.90","125.5","106.5","29.15"
"33.90","27.05","65.0","93.7","74.7","94.3","24.70","24.70","60.3","351.0","43.95","16.00","147.5","38.10","109.0","21.50","48.60","236.5","95.7","250.0","72.4","207.5","87.4","12.35","103.5","327.5","319.0","24.40","16.50","28.80","16.75","47.65","49.25","9.21","18.40","13.35","23.95","13.40","9.20","19.35","19.95","260.5","5600","108.0","14.05","72.1","82.1","16.10","105.5","38.10","73.7","14.15","63.6","31.65","370.5","136.0","28.00","151.5","452.5","15.20","41.25","30.75","39.10","124.0","33.65","15.55","45.55","52.2","290.5","400.0","33.40","42.20","25.70","27.20","242.0","318.0","37.00","232.0","59.2","29.00","102.5","38.35","21.95","15.85","23.90","128.5","13.35","40.00","66.6","111.5","137.5","74.4","222.0","44.85","31.80","87.1","79.4","73.3","40.90","17.55","35.25","11.45","18.10","14.90","347.0","33.30","9.65","8.41","9.41","15.80","9.27","45.85","131.5","114.5","113.0","75.8","25.50","413.5","249.0","115.0","106.0","10.15","42.30","37.15","78.1","243.0","65.8","97.1","33.45","77.9","11.85","75.7","93.6","122.0","89.0","585","442.0","701","458.0","323.0","216.0","348.0","138.5","137.0","88.9","149.5","47.85","125.5","106.5","29.15"
"33.85","27.05","64.9","93.6","74.7","94.2","24.70","24.65","60.3","351.0","43.95","16.00","147.5","38.10","109.0","21.45","48.60","236.5","95.7","250.0","72.4","207.5","87.5","12.35","103.0","326.0","318.0","24.40","16.45","28.85","16.75","47.70","49.20","9.21","18.40","13.35","23.95","13.40","9.20","19.35","19.90","260.5","5600","108.0","14.05","72.1","82.1","16.10","105.5","38.05","73.7","14.05","63.5","31.60","370.0","136.0","28.00","152.0","454.5","15.20","41.25","30.75","39.10","123.5","33.65","15.55","45.40","52.2","290.5","400.0","33.40","42.20","25.70","27.20","242.0","318.0","36.95","232.0","59.2","28.90","102.5","38.35","21.95","15.90","23.85","128.5","13.40","40.00","66.6","111.5","137.5","74.4","222.0","44.95","31.85","87.0","79.4","73.3","40.85","17.55","35.25","11.45","18.05","14.90","347.0","33.30","9.64","8.41","9.41","15.80","9.27","45.85","130.5","114.5","113.0","75.7","25.45","413.5","249.0","115.0","105.5","10.20","42.35","37.15","78.1","244.0","65.8","97.1","33.45","77.9","11.85","75.7","93.6","122.0","89.1","585","442.0","700","456.0","323.0","216.0","348.0","138.5","136.5","88.9","149.5","47.85","125.5","106.5","29.05"
"33.85","27.05","65.0","93.5","74.7","94.3","24.70","24.65","60.3","351.0","44.00","16.05","147.5","38.10","109.0","21.50","48.60","236.5","95.6","249.5","72.2","207.5","87.5","12.35","103.5","325.5","318.0","24.40","16.45","28.80","16.75","47.65","49.20","9.21","18.35","13.35","23.95","13.40","9.20","19.35","19.90","260.5","5600","108.0","14.05","72.1","82.0","16.10","105.5","38.05","73.7","14.05","63.5","31.60","369.5","135.5","28.00","152.0","454.5","15.20","41.25","30.75","39.10","124.0","33.60","15.55","45.20","52.2","290.0","400.0","33.45","42.20","25.70","27.20","242.0","318.0","36.95","232.0","59.4","28.95","102.5","38.35","21.90","15.90","23.85","128.0","13.40","40.00","66.6","111.5","137.5","74.4","222.5","44.85","31.85","87.0","79.4","73.3","40.85","17.55","35.25","11.35","18.10","14.90","347.0","33.30","9.64","8.40","9.41","15.80","9.26","45.85","130.0","114.5","113.5","75.7","25.45","412.5","249.0","115.0","105.5","10.15","42.30","37.15","77.9","244.0","65.9","97.0","33.45","77.9","11.80","75.7","93.6","122.0","89.0","585","441.5","700","456.0","322.5","216.0","348.0","138.0","136.5","89.0","149.5","47.85","125.5","106.5","29.10"
"33.80","27.00","65.0","93.5","74.6","94.3","24.75","24.65","60.4","351.0","43.95","16.05","147.5","38.10","109.0","21.50","48.60","236.5","95.7","250.0","72.1","207.5","87.5","12.40","103.0","325.5","317.0","24.40","16.40","28.80","16.75","47.75","49.20","9.21","18.40","13.40","23.90","13.35","9.20","19.35","19.90","260.5","5600","108.5","14.00","72.2","82.0","16.10","105.5","38.05","73.7","14.10","63.5","31.60","369.5","135.0","28.00","152.0","454.0","15.15","41.25","30.75","39.15","124.0","33.65","15.55","45.25","52.2","290.0","399.0","33.45","42.20","25.70","27.20","242.0","318.0","36.95","231.5","59.3","28.95","102.0","38.30","21.90","15.90","23.90","128.0","13.40","39.90","66.5","111.5","137.0","74.4","222.0","44.75","31.85","87.0","79.5","73.4","40.80","17.60","35.20","11.40","18.05","14.90","347.0","33.30","9.64","8.40","9.41","15.80","9.26","45.85","130.0","114.5","113.5","75.8","25.45","412.0","248.0","115.0","105.5","10.15","42.30","37.15","77.7","243.5","65.8","96.9","33.50","77.9","11.80","75.7","93.6","122.0","88.8","585","441.5","700","457.5","321.5","216.0","348.0","138.0","136.5","89.0","149.5","47.80","125.5","106.5","29.10"
"33.80","27.00","65.0","93.5","74.6","94.3","24.65","24.65","60.4","351.0","43.95","16.00","147.5","38.10","109.0","21.45","48.60","237.0","95.7","250.0","72.0","207.5","87.6","12.40","103.0","325.0","318.0","24.40","16.40","28.80","16.75","47.70","49.20","9.21","18.40","13.35","23.95","13.40","9.21","19.35","19.90","260.5","5600","108.5","14.00","72.1","82.0","16.10","105.5","38.00","73.7","14.15","63.5","31.55","369.5","135.0","28.05","152.0","453.5","15.20","41.25","30.75","39.10","124.0","33.60","15.55","45.25","52.2","289.0","399.0","33.40","42.20","25.70","27.20","242.0","318.0","36.90","231.0","59.3","28.95","102.5","38.30","21.95","15.85","23.85","128.0","13.35","39.85","66.3","111.0","138.0","74.4","222.0","44.65","31.85","87.0","79.3","73.2","40.80","17.55","35.15","11.35","18.10","14.90","347.0","33.25","9.64","8.40","9.41","15.80","9.27","45.85","130.5","114.5","113.5","75.9","25.45","410.5","249.0","115.0","105.0","10.15","42.30","37.20","77.5","244.0","65.8","96.6","33.45","78.1","11.90","75.7","93.6","122.0","88.8","585","442.0","702","457.5","321.5","216.0","348.0","138.0","136.5","89.0","149.5","47.80","125.5","106.5","29.10"
"33.85","27.10","64.9","93.5","74.6","94.2","24.70","24.65","60.4","351.0","44.00","16.00","147.5","38.10","109.0","21.50","48.55","236.5","95.6","249.5","72.1","207.5","87.7","12.40","103.5","324.0","318.0","24.40","16.45","28.85","16.70","47.70","49.20","9.21","18.40","13.35","23.90","13.35","9.20","19.35","19.90","260.5","5600","108.0","14.00","72.1","82.0","16.10","105.5","38.00","73.7","14.10","63.5","31.60","369.0","135.0","28.05","151.5","453.0","15.25","41.25","30.75","39.10","124.0","33.65","15.55","45.25","52.2","288.5","399.0","33.45","42.20","25.70","27.20","242.0","317.5","36.95","230.5","59.3","28.95","102.0","38.25","21.90","15.85","23.85","128.5","13.30","39.85","66.5","111.0","137.5","74.4","221.5","44.50","31.80","87.0","79.4","73.2","40.80","17.55","35.15","11.40","18.10","14.90","347.0","33.25","9.64","8.40","9.41","15.80","9.27","45.85","131.0","114.5","114.0","76.0","25.45","411.5","248.5","115.0","105.0","10.15","42.25","37.15","77.8","244.5","65.8","96.5","33.45","78.1","11.85","75.6","93.6","122.0","88.7","585","442.0","703","457.5","322.0","216.0","348.0","137.5","136.5","89.0","149.5","47.85","125.5","106.5","29.15"
"33.85","27.05","64.9","93.6","74.6","94.3","24.65","24.70","60.3","351.0","43.95","16.00","147.5","38.05","108.5","21.50","48.55","236.5","95.7","249.5","72.2","207.5","87.8","12.40","103.0","325.0","318.0","24.40","16.45","28.80","16.75","47.70","49.20","9.21","18.35","13.35","23.95","13.35","9.20","19.35","19.90","260.5","5600","108.0","14.00","72.1","81.9","16.10","105.5","38.05","73.7","14.10","63.4","31.60","368.0","135.0","28.10","151.5","452.5","15.25","41.25","30.75","39.15","123.5","33.65","15.50","45.20","52.2","289.0","399.0","33.45","42.15","25.70","27.20","242.0","317.5","37.00","230.5","59.3","28.90","102.5","38.20","21.95","15.85","23.85","128.5","13.30","39.85","66.5","111.0","138.0","74.3","222.0","44.55","31.75","87.0","79.3","73.3","40.80","17.55","35.15","11.40","18.10","14.90","347.0","33.30","9.64","8.40","9.41","15.80","9.26","45.80","131.0","114.5","113.5","75.9","25.45","411.5","249.0","115.0","105.0","10.20","42.30","37.20","77.9","243.5","65.7","96.5","33.45","78.1","11.85","75.6","93.6","122.0","88.7","585","442.5","702","457.5","322.0","216.0","348.0","137.5","136.5","89.0","149.5","47.85","126.0","106.5","29.10"
"33.85","27.10","65.0","93.6","74.6","94.2","24.65","24.70","60.3","351.0","43.95","16.00","147.5","38.05","109.0","21.50","48.55","236.5","95.7","250.0","72.3","207.5","87.7","12.40","103.5","326.0","318.0","24.40","16.40","28.85","16.70","47.70","49.20","9.21","18.40","13.35","23.95","13.40","9.20","19.40","19.90","260.5","5600","108.0","14.00","72.1","81.9","16.10","105.5","38.00","73.7","14.10","63.4","31.60","367.5","135.0","28.10","151.5","452.5","15.20","41.25","30.75","39.15","123.5","33.60","15.50","45.20","52.2","289.0","399.0","33.40","42.15","25.70","27.20","242.0","317.5","36.95","230.5","59.4","28.95","102.5","38.20","21.95","15.85","23.85","128.5","13.30","39.85","66.4","111.0","137.0","74.2","221.0","44.55","31.75","87.0","79.3","73.3","40.80","17.55","35.15","11.35","18.10","14.90","347.0","33.20","9.64","8.40","9.41","15.75","9.26","45.80","130.0","114.5","113.5","76.1","25.45","411.5","248.5","115.0","105.0","10.20","42.30","37.20","77.8","243.5","65.7","96.5","33.45","78.2","11.85","75.6","93.6","122.0","88.7","585","443.5","699","458.0","321.5","216.0","348.0","137.5","136.5","88.9","149.5","47.85","126.0","106.5","29.10"
"33.85","27.10","65.0","93.5","74.5","94.2","24.65","24.65","60.3","351.0","44.00","16.00","147.5","38.05","109.0","21.50","48.55","236.0","95.6","250.0","72.4","207.0","87.8","12.40","103.0","326.0","318.0","24.40","16.40","28.85","16.75","47.70","49.20","9.20","18.40","13.35","23.90","13.40","9.20","19.35","19.90","260.5","5600","108.0","14.00","72.1","81.9","16.10","105.5","38.00","73.7","14.10","63.3","31.60","367.0","135.0","28.10","151.5","452.5","15.20","41.20","30.75","39.10","123.5","33.70","15.50","45.15","52.2","289.0","400.0","33.40","42.15","25.70","27.20","242.0","317.5","36.95","230.5","59.5","28.90","102.0","38.20","21.90","15.85","23.90","128.0","13.30","39.85","66.3","111.5","137.5","74.2","221.0","44.50","31.80","87.1","79.2","73.4","40.75","17.60","35.10","11.40","18.10","14.85","347.0","33.20","9.64","8.41","9.41","15.75","9.26","45.85","129.5","114.0","113.5","76.0","25.45","411.5","248.5","115.0","105.0","10.20","42.30","37.20","77.7","243.5","65.7","96.7","33.45","78.2","11.85","75.5","93.6","122.0","88.8","585","443.5","700","457.5","320.5","216.0","348.0","137.5","136.5","89.0","149.5","47.85","125.5","106.5","29.10"
"33.90","27.10","64.9","93.5","74.5","94.2","24.65","24.65","60.3","351.0","43.90","16.00","148.0","38.10","109.0","21.50","48.55","236.5","95.6","249.5","72.4","207.0","87.8","12.35","103.5","326.5","318.5","24.40","16.40","28.80","16.75","47.70","49.15","9.21","18.40","13.40","23.95","13.40","9.20","19.35","19.90","260.5","5595","108.5","14.05","72.1","81.9","16.10","105.5","38.00","73.7","14.10","63.4","31.60","366.5","135.5","28.05","152.0","452.5","15.20","41.15","30.75","39.10","123.5","33.70","15.50","45.15","52.2","289.0","400.5","33.40","42.15","25.70","27.20","242.0","317.5","36.95","231.0","59.4","28.90","102.0","38.20","21.95","15.85","23.90","128.0","13.35","39.85","66.4","111.5","138.0","74.2","220.5","44.40","31.85","87.1","79.0","73.3","40.80","17.60","35.10","11.35","18.10","14.85","347.0","33.20","9.64","8.40","9.41","15.80","9.26","45.85","130.0","114.0","113.0","75.9","25.45","411.5","248.5","115.0","105.0","10.15","42.25","37.25","77.7","244.0","65.7","96.7","33.45","78.2","11.80","75.5","93.7","121.5","88.9","585","443.5","700","457.5","321.5","216.5","348.0","137.5","136.5","89.0","149.5","47.85","125.5","106.5","29.10"
"33.90","27.10","65.0","93.5","74.5","94.2","24.60","24.65","60.3","351.0","43.85","16.00","147.5","38.05","108.5","21.50","48.55","236.5","95.4","249.5","72.2","207.0","87.9","12.35","103.0","327.0","319.0","24.40","16.40","28.80","16.75","47.65","49.15","9.21","18.40","13.35","23.90","13.40","9.20","19.40","19.90","260.0","5595","108.5","14.00","72.2","81.9","16.10","105.5","37.95","73.7","14.05","63.4","31.60","369.0","135.5","28.10","152.0","452.5","15.20","41.15","30.75","39.15","123.5","33.75","15.50","45.15","52.2","289.0","400.5","33.40","42.15","25.70","27.20","242.0","317.5","36.95","231.0","59.3","28.85","102.0","38.20","21.95","15.85","23.85","128.0","13.35","39.80","66.4","111.0","138.0","74.2","220.5","44.05","31.80","87.0","79.0","73.3","40.80","17.60","35.10","11.40","18.10","14.85","347.0","33.20","9.64","8.42","9.41","15.75","9.26","45.90","130.5","114.0","113.0","76.0","25.45","411.5","248.0","115.0","105.0","10.15","42.25","37.20","77.7","243.5","65.6","96.7","33.45","78.2","11.85","75.5","93.7","121.5","88.9","585","443.5","700","458.0","321.5","216.5","348.0","137.5","136.5","88.9","149.0","47.80","126.0","106.5","29.10"
"33.90","27.10","64.9","93.3","74.5","94.2","24.60","24.65","60.3","351.0","43.90","16.00","148.0","38.05","108.5","21.50","48.55","236.5","95.3","249.5","72.2","207.0","87.8","12.35","103.0","326.5","318.5","24.40","16.45","28.80","16.70","47.70","49.15","9.21","18.40","13.35","23.90","13.40","9.20","19.35","19.90","260.0","5595","108.5","14.00","72.2","81.8","16.15","105.0","37.95","73.7","14.10","63.4","31.60","369.0","135.5","28.05","152.5","452.0","15.20","41.20","30.75","39.10","123.5","33.70","15.50","45.25","52.2","289.5","400.5","33.40","42.10","25.70","27.20","242.0","317.5","37.10","231.0","59.3","28.80","101.5","38.20","21.90","15.85","23.85","128.5","13.40","39.80","66.3","111.5","137.0","74.2","220.5","44.35","31.80","87.0","78.9","73.3","40.75","17.60","35.10","11.35","18.10","14.90","347.0","33.25","9.63","8.41","9.40","15.75","9.26","45.85","130.0","114.0","113.0","75.9","25.45","411.0","248.5","115.0","105.0","10.20","42.30","37.15","77.7","244.0","65.6","96.7","33.45","78.1","11.85","75.5","93.8","121.5","88.8","585","443.5","700","458.5","320.5","216.5","348.0","137.5","136.5","88.9","149.0","47.85","126.0","106.5","29.05"
"33.85","27.10","64.9","93.4","74.5","94.2","24.60","24.65","60.3","351.0","43.90","16.00","147.5","38.05","109.0","21.50","48.55","237.0","95.3","249.5","72.2","207.0","87.6","12.35","103.5","326.5","318.5","24.40","16.40","28.80","16.70","47.65","49.20","9.21","18.40","13.35","23.95","13.40","9.20","19.35","19.85","260.0","5590","108.0","14.05","72.1","81.9","16.10","105.0","38.00","73.7","14.10","63.4","31.55","369.0","135.5","28.05","152.5","452.0","15.20","41.20","30.75","39.10","123.5","33.70","15.50","45.25","52.2","290.0","400.0","33.40","42.10","25.70","27.20","242.0","317.5","37.15","232.0","59.3","28.80","102.0","38.20","21.95","15.85","23.85","128.5","13.40","39.80","66.3","111.0","137.5","74.2","220.5","44.35","31.80","87.1","78.9","73.3","40.75","17.60","35.05","11.40","18.10","14.90","347.0","33.25","9.63","8.41","9.40","15.80","9.27","45.85","130.5","114.0","113.0","75.9","25.45","411.5","248.0","114.5","105.5","10.20","42.25","37.15","77.7","244.5","65.6","96.7","33.45","78.1","11.80","75.4","93.8","121.5","88.8","585","443.0","700","458.5","321.0","216.5","348.0","137.5","136.5","88.9","149.0","47.85","125.5","106.5","29.05"
"33.90","27.10","64.9","93.4","74.5","94.2","24.65","24.65","60.3","351.0","43.95","16.00","148.0","38.05","109.0","21.45","48.55","237.0","95.4","249.5","72.3","207.0","88.0","12.40","103.0","326.0","318.5","24.40","16.45","28.80","16.75","47.65","49.15","9.20","18.40","13.30","23.95","13.35","9.21","19.35","19.85","260.0","5590","108.0","14.00","72.1","81.8","16.10","105.0","38.00","73.7","14.10","63.4","31.50","368.0","135.5","28.00","153.0","452.0","15.15","41.20","30.75","39.05","123.5","33.75","15.50","45.20","52.2","290.0","399.0","33.40","42.10","25.70","27.20","242.0","317.5","37.15","232.5","59.3","28.85","102.5","38.20","21.95","15.90","23.85","128.5","13.40","39.80","66.4","111.0","138.0","74.1","221.5","44.30","31.75","87.1","78.9","73.3","40.75","17.60","35.05","11.40","18.15","14.90","347.0","33.25","9.64","8.40","9.40","15.80","9.26","45.85","131.0","113.5","113.0","76.0","25.45","411.5","248.5","115.0","105.5","10.20","42.20","37.20","77.7","245.0","65.6","96.7","33.45","78.1","11.85","75.4","93.8","121.5","88.8","585","443.0","701","458.5","321.0","216.5","348.0","137.5","136.5","88.9","149.0","47.85","125.5","107.0","29.10"
"33.90","27.10","64.9","93.4","74.6","94.2","24.65","24.65","60.3","351.0","43.95","15.95","147.5","38.10","109.0","21.50","48.55","237.0","95.6","249.5","72.3","207.0","88.1","12.35","103.5","324.5","318.5","24.40","16.45","28.80","16.75","47.70","49.15","9.20","18.40","13.30","23.90","13.40","9.20","19.35","19.90","260.0","5585","108.0","14.00","72.0","81.9","16.10","105.0","37.95","73.7","14.10","63.4","31.55","368.0","135.5","28.00","154.0","452.0","15.15","41.20","30.75","39.05","123.5","33.70","15.50","45.20","52.2","290.0","400.0","33.40","42.10","25.70","27.20","242.0","317.5","37.10","232.5","59.3","28.90","102.0","38.20","21.95","15.85","23.85","128.0","13.40","39.75","66.4","111.0","137.0","74.2","221.5","44.20","31.75","87.0","79.0","73.4","40.75","17.60","35.05","11.40","18.10","14.90","347.0","33.20","9.63","8.41","9.40","15.80","9.27","45.85","131.0","113.5","113.5","75.9","25.45","412.0","249.0","115.0","105.5","10.15","42.20","37.20","77.8","245.0","65.6","96.7","33.45","78.1","11.85","75.3","93.8","121.5","88.8","585","443.0","701","457.5","322.5","216.5","348.0","137.5","136.5","88.9","149.0","47.85","125.5","107.0","29.10"
"33.85","27.05","64.9","93.3","74.6","94.3","24.65","24.65","60.3","351.0","43.95","16.00","147.5","38.05","109.0","21.50","48.55","237.0","95.6","249.5","72.3","207.0","88.0","12.35","103.0","324.5","318.0","24.40","16.45","28.80","16.75","47.70","49.15","9.20","18.40","13.30","23.95","13.40","9.21","19.35","19.90","260.0","5585","108.0","14.00","72.0","81.8","16.10","105.0","37.95","73.7","14.10","63.4","31.55","367.5","135.5","28.00","154.0","452.0","15.15","41.15","30.75","39.05","123.5","33.65","15.50","45.20","52.2","289.5","399.5","33.40","42.10","25.70","27.20","242.0","317.5","36.95","232.5","59.3","28.90","102.0","38.15","21.90","15.85","23.85","128.5","13.40","39.75","66.4","111.0","137.0","74.2","221.5","44.20","31.80","87.1","79.0","73.3","40.75","17.60","35.10","11.40","18.10","14.90","347.0","33.20","9.63","8.42","9.40","15.80","9.26","45.85","131.0","114.0","113.5","76.0","25.45","412.5","248.5","115.5","105.5","10.20","42.25","37.15","77.8","245.5","65.6","96.7","33.45","78.1","11.85","75.1","93.8","121.5","88.8","585","443.0","701","458.0","322.0","216.5","348.0","137.5","136.5","88.9","149.0","47.85","125.5","107.0","29.05"
"33.85","27.00","64.9","93.4","74.6","94.3","24.65","24.65","60.3","351.0","44.00","16.00","147.0","38.05","109.0","21.45","48.55","237.0","95.4","249.5","72.3","207.0","88.1","12.35","103.0","325.5","317.5","24.45","16.45","28.80","16.75","47.70","49.15","9.20","18.40","13.35","23.95","13.40","9.21","19.35","19.85","260.0","5585","108.0","14.05","72.0","81.8","16.15","105.5","37.95","73.7","14.10","63.4","31.55","369.0","135.5","28.00","154.0","452.0","15.20","41.15","30.70","39.05","123.5","33.65","15.50","45.25","52.2","289.5","399.5","33.40","42.10","25.70","27.20","242.0","317.5","37.00","232.5","59.4","28.90","101.5","38.15","21.90","15.85","23.85","128.5","13.30","39.75","66.3","111.0","137.5","74.2","221.0","44.35","31.80","87.0","79.0","73.3","40.80","17.55","35.10","11.40","18.10","14.90","347.0","33.25","9.63","8.42","9.40","15.80","9.26","45.85","130.5","114.5","113.5","76.0","25.45","412.5","248.0","115.0","105.5","10.15","42.25","37.15","77.7","246.0","65.6","96.7","33.45","78.1","11.85","75.2","93.8","121.5","88.7","585","443.0","702","458.0","322.0","216.5","348.0","137.5","136.5","88.9","149.5","47.85","126.0","107.0","29.10"
"33.90","27.00","64.9","93.4","74.6","94.2","24.65","24.65","60.3","351.0","44.00","16.00","147.0","38.05","109.0","21.50","48.55","236.5","95.5","250.0","72.3","207.0","88.3","12.35","103.5","325.5","317.5","24.45","16.45","28.80","16.75","47.70","49.15","9.20","18.40","13.35","23.95","13.40","9.20","19.40","19.85","260.0","5585","108.0","14.00","72.0","81.8","16.15","105.0","37.95","73.7","14.15","63.3","31.60","369.0","135.5","28.00","153.5","452.0","15.20","41.15","30.70","39.10","123.5","33.65","15.50","45.20","52.2","290.0","399.5","33.40","42.05","25.70","27.20","242.0","317.5","36.95","232.5","59.5","28.90","102.0","38.15","21.95","15.90","23.85","128.5","13.40","39.75","66.3","111.0","137.0","74.2","221.0","44.40","31.75","87.0","79.2","73.3","40.80","17.55","35.20","11.40","18.10","14.85","347.0","33.25","9.63","8.41","9.40","15.80","9.25","45.85","130.5","114.5","113.5","75.9","25.45","412.5","248.0","115.0","105.5","10.15","42.25","37.15","77.8","247.0","65.6","96.7","33.45","78.1","11.85","75.3","93.9","121.5","88.7","585","443.0","702","458.0","322.0","216.5","348.0","137.5","136.5","88.9","149.0","47.85","125.5","107.0","29.10"
"33.90","27.00","64.9","93.4","74.6","94.2","24.65","24.65","60.3","351.0","43.95","16.00","147.0","38.05","109.0","21.50","48.55","237.0","95.5","249.5","72.8","207.0","88.5","12.35","103.0","325.0","317.0","24.50","16.45","28.80","16.70","47.70","49.10","9.20","18.35","13.30","23.95","13.35","9.20","19.35","19.90","260.0","5585","108.0","14.00","72.1","81.9","16.15","105.0","37.95","73.7","14.10","63.3","31.60","369.0","135.5","28.00","153.5","452.0","15.20","41.15","30.70","39.05","123.5","33.70","15.50","45.20","52.2","290.5","399.5","33.40","42.05","25.70","27.20","242.0","317.5","36.95","232.5","59.8","28.90","101.5","38.15","21.90","15.90","23.85","129.0","13.35","39.80","66.2","111.0","137.0","74.2","221.0","44.35","31.70","86.9","79.5","73.3","40.75","17.55","35.25","11.40","18.10","14.90","347.0","33.25","9.63","8.41","9.40","15.80","9.25","45.85","130.5","114.0","113.5","75.9","25.45","412.5","248.5","115.0","105.5","10.15","42.30","37.15","77.8","247.5","65.7","96.8","33.45","78.1","11.85","75.2","93.9","121.5","88.7","585","443.0","702","457.5","321.5","216.5","348.0","137.0","136.5","88.9","149.0","47.85","126.0","107.0","29.10"
"33.90","27.00","64.9","93.4","74.6","94.1","24.65","24.65","60.3","351.0","43.90","15.95","147.0","38.00","109.0","21.45","48.55","237.0","95.5","249.0","73.0","207.0","88.2","12.35","103.5","322.5","317.0","24.45","16.45","28.80","16.70","47.70","49.15","9.20","18.35","13.35","23.95","13.40","9.20","19.35","19.90","260.0","5580","108.0","14.00","72.1","81.9","16.15","105.0","38.00","73.7","14.05","63.3","31.60","368.0","135.5","28.00","153.5","452.0","15.15","41.15","30.70","39.05","123.5","33.65","15.50","45.20","52.2","290.5","399.5","33.40","42.05","25.75","27.20","242.0","317.5","36.90","232.5","59.8","28.90","102.0","38.15","21.90","15.85","23.85","129.0","13.35","39.80","66.2","111.0","137.0","74.2","221.0","44.35","31.70","86.9","79.4","73.3","40.80","17.55","35.25","11.40","18.10","14.90","347.0","33.25","9.63","8.41","9.40","15.80","9.25","45.85","130.0","114.0","113.5","75.9","25.45","412.0","248.5","115.0","105.0","10.20","42.25","37.05","77.8","251.0","65.5","96.9","33.45","78.1","11.85","75.3","93.8","121.5","88.7","585","443.0","702","457.5","321.5","216.5","348.0","137.0","137.0","88.9","149.0","47.80","125.5","107.0","29.05"
"33.85","27.00","64.8","93.4","74.6","94.2","24.60","24.70","60.4","351.0","43.85","15.95","146.5","38.00","109.0","21.45","48.55","236.5","95.6","249.0","72.8","206.5","88.1","12.35","103.0","323.0","316.0","24.45","16.45","28.85","16.75","47.70","49.10","9.20","18.35","13.30","23.90","13.35","9.20","19.40","19.90","260.0","5585","108.5","14.00","72.1","81.9","16.15","105.5","38.00","73.7","14.10","63.3","31.60","369.0","135.5","27.95","153.0","452.0","15.15","41.15","30.70","39.05","123.5","33.65","15.50","45.20","52.2","290.5","399.5","33.40","42.05","25.75","27.20","242.0","317.0","36.95","233.0","59.5","28.90","102.0","38.10","21.95","15.85","23.85","128.5","13.40","39.80","66.1","111.0","137.0","74.2","221.0","44.35","31.70","86.9","79.5","73.3","40.80","17.55","35.15","11.35","18.15","14.90","347.0","33.25","9.63","8.41","9.40","15.80","9.26","45.80","130.5","114.5","113.5","75.9","25.45","412.0","248.5","114.5","105.0","10.15","42.25","37.05","77.7","249.5","65.6","96.9","33.45","78.1","11.85","75.3","93.9","121.5","88.7","585","442.5","706","457.0","321.0","216.5","348.0","137.0","136.5","88.9","149.5","47.80","126.0","107.0","29.05"
"33.90","27.00","65.0","93.4","74.6","94.2","24.65","24.70","60.3","351.0","43.90","15.95","146.5","38.00","109.0","21.45","48.60","236.5","95.5","248.5","73.1","206.5","88.2","12.35","103.0","324.5","316.5","24.45","16.45","28.80","16.70","47.70","49.10","9.20","18.35","13.30","23.85","13.40","9.20","19.35","19.85","260.0","5585","108.0","14.00","72.1","81.9","16.15","105.5","37.95","73.7","14.10","63.3","31.60","369.0","135.5","28.00","153.0","454.5","15.15","41.15","30.70","39.05","123.5","33.65","15.50","45.20","52.2","290.5","399.5","33.40","42.05","25.75","27.25","242.0","317.0","36.90","233.0","59.5","28.90","102.0","38.10","21.90","15.85","23.85","128.5","13.35","39.80","66.1","111.0","137.0","74.2","220.5","44.35","31.80","87.0","79.0","73.2","40.80","17.60","35.10","11.40","18.15","14.90","347.0","33.30","9.64","8.41","9.40","15.80","9.26","45.85","130.5","114.5","113.5","75.9","25.50","411.5","248.5","115.0","105.5","10.20","42.25","37.10","77.7","248.0","65.5","97.0","33.40","78.2","11.85","75.3","93.9","121.5","88.7","585","442.5","706","457.0","321.5","216.5","348.0","137.5","136.5","88.9","149.5","47.80","125.5","107.0","29.10"
"33.90","27.00","65.0","93.5","74.5","94.1","24.65","24.65","60.3","351.0","43.90","16.00","146.5","38.00","109.0","21.45","48.55","237.0","95.5","248.5","73.2","206.5","88.1","12.35","103.0","325.0","317.5","24.50","16.45","28.80","16.75","47.70","49.10","9.20","18.35","13.30","23.85","13.35","9.20","19.40","19.90","260.0","5580","108.5","14.00","72.1","81.8","16.15","105.5","37.95","73.7","14.05","63.3","31.60","369.0","135.5","28.00","153.0","455.0","15.20","41.10","30.70","39.10","123.5","33.65","15.55","45.15","52.2","290.5","400.0","33.40","42.05","25.75","27.25","242.0","317.0","36.95","232.5","59.5","28.90","102.0","38.05","21.90","15.90","23.85","128.5","13.40","39.80","66.1","111.0","137.0","74.2","221.0","44.30","31.75","86.9","79.4","73.2","40.80","17.60","35.10","11.40","18.15","14.90","347.0","33.30","9.64","8.41","9.41","15.85","9.27","45.90","130.0","114.0","113.0","75.9","25.45","411.5","248.5","114.5","105.0","10.15","42.25","37.10","77.6","248.5","65.6","97.1","33.40","78.1","11.85","75.3","93.9","121.0","88.6","585","442.5","706","456.5","321.5","216.5","346.5","137.5","136.5","88.9","149.5","47.80","125.5","107.0","29.10"
"33.90","27.05","65.0","93.5","74.6","94.1","24.65","24.65","60.3","351.0","43.90","15.95","146.5","38.00","109.0","21.45","48.60","237.0","95.5","248.5","73.2","206.5","88.2","12.35","103.0","324.5","317.0","24.50","16.45","28.85","16.75","47.65","49.10","9.19","18.40","13.30","23.85","13.40","9.20","19.40","19.90","260.0","5580","108.0","14.00","72.1","81.8","16.15","105.0","38.00","73.7","14.10","63.2","31.60","369.0","135.5","27.95","153.0","455.5","15.15","41.05","30.70","39.10","123.5","33.70","15.50","45.15","52.2","290.0","399.5","33.40","42.05","25.75","27.20","242.0","317.0","37.00","232.5","59.5","28.90","101.5","38.10","21.95","15.90","23.85","128.5","13.40","39.80","66.1","111.0","137.0","74.2","220.5","44.20","31.75","87.0","79.4","73.3","40.80","17.60","35.10","11.40","18.15","14.90","347.0","33.35","9.64","8.41","9.40","15.80","9.26","45.90","130.5","114.0","113.0","76.1","25.40","411.5","248.5","114.0","105.0","10.20","42.25","37.10","77.7","249.5","65.6","97.1","33.40","78.1","11.85","75.3","93.9","121.0","88.7","585","442.5","706","456.5","321.5","216.5","346.5","137.0","136.5","88.9","149.0","47.75","126.0","107.0","29.05"
"33.90","27.00","65.0","93.5","74.6","94.1","24.65","24.70","60.3","351.0","43.90","16.00","146.5","38.00","109.0","21.45","48.55","237.0","95.4","248.5","73.1","206.5","88.1","12.40","103.0","323.5","317.5","24.45","16.45","28.85","16.75","47.70","49.10","9.20","18.35","13.30","23.85","13.35","9.20","19.35","19.90","260.0","5580","108.0","14.00","72.1","81.8","16.15","105.0","38.00","73.7","14.05","63.2","31.60","369.0","135.5","28.00","153.0","455.5","15.15","41.05","30.70","39.05","123.5","33.70","15.50","45.10","52.2","290.0","399.5","33.40","42.05","25.75","27.20","242.0","317.0","36.95","232.5","59.5","28.85","101.5","38.15","21.90","15.90","23.85","128.5","13.40","39.80","66.1","111.0","137.5","74.2","221.0","44.15","31.75","87.0","79.8","73.3","40.75","17.60","35.10","11.40","18.15","14.90","347.0","33.30","9.64","8.41","9.40","15.80","9.26","45.90","130.0","114.0","113.0","76.0","25.40","411.5","248.0","114.0","104.5","10.20","42.30","37.10","77.7","249.5","65.7","97.0","33.40","78.0","11.90","75.3","93.8","121.0","88.5","585","442.5","706","455.5","321.5","216.5","346.5","137.0","136.5","88.9","149.0","47.75","125.5","107.0","29.05"
"33.90","27.00","64.9","93.5","74.6","94.2","24.65","24.65","60.3","351.0","43.90","16.00","146.5","38.00","109.0","21.50","48.55","236.5","95.3","248.5","73.1","206.0","88.0","12.40","103.5","323.0","317.5","24.45","16.45","28.85","16.70","47.65","49.10","9.19","18.40","13.35","23.90","13.35","9.20","19.40","19.85","260.0","5580","108.5","14.00","72.1","81.8","16.10","105.5","37.95","73.6","14.05","63.1","31.65","368.5","135.5","28.00","153.0","456.0","15.15","41.00","30.70","39.05","123.5","33.70","15.50","45.10","52.2","290.0","399.5","33.40","42.05","25.75","27.20","242.0","316.5","36.90","232.5","59.6","28.85","101.5","38.15","21.90","15.85","23.85","129.0","13.40","39.80","66.2","111.0","137.0","74.2","221.0","44.20","31.75","87.0","79.8","73.3","40.75","17.55","35.10","11.40","18.15","14.90","347.0","33.35","9.64","8.41","9.40","15.80","9.27","45.90","130.0","114.0","113.0","76.0","25.40","411.0","248.5","114.5","105.0","10.20","42.30","37.10","77.7","248.0","65.7","97.0","33.40","78.0","11.85","75.2","93.8","121.0","88.6","585","442.5","706","456.0","321.5","216.5","346.0","137.0","136.0","88.9","149.0","47.80","126.0","107.0","29.05"
"33.85","27.00","65.0","93.5","74.6","94.2","24.70","24.65","60.3","351.0","43.90","16.00","146.5","38.00","109.0","21.50","48.55","237.0","95.5","248.5","73.1","206.5","87.5","12.35","103.0","323.0","317.0","24.50","16.45","28.85","16.75","47.65","49.15","9.19","18.40","13.35","23.85","13.40","9.20","19.40","19.90","260.0","5580","108.5","13.95","72.1","81.7","16.10","105.5","37.95","73.6","14.10","63.0","31.65","369.0","135.5","28.05","153.0","455.5","15.15","40.95","30.70","39.10","123.0","33.75","15.50","45.05","52.2","289.5","399.5","33.40","42.10","25.75","27.20","242.0","317.0","36.95","233.0","59.7","28.80","101.5","38.15","21.95","15.85","23.80","129.0","13.35","39.80","66.2","111.0","137.0","74.2","221.0","44.15","31.75","86.9","80.3","73.2","40.75","17.55","35.05","11.40","18.10","14.90","347.0","33.40","9.63","8.41","9.41","15.75","9.26","45.90","129.5","114.0","113.0","76.1","25.40","410.0","248.5","114.0","105.0","10.20","42.35","37.10","77.8","248.0","65.8","97.1","33.40","78.0","11.85","75.3","93.8","121.0","88.5","585","442.5","707","456.0","321.5","216.5","346.0","137.0","136.0","88.9","149.0","47.80","126.0","106.5","29.05"
"33.85","27.00","64.9","93.5","74.6","94.1","24.65","24.65","60.2","351.0","43.90","16.00","146.5","38.05","109.0","21.50","48.60","237.0","95.2","248.5","73.0","206.5","87.6","12.35","103.0","323.5","317.0","24.45","16.45","28.85","16.70","47.65","49.10","9.19","18.35","13.30","23.85","13.35","9.20","19.40","19.90","260.0","5575","108.0","14.00","72.1","81.7","16.10","105.0","37.95","73.6","14.10","62.9","31.65","369.0","135.5","28.00","153.0","456.0","15.10","40.95","30.70","39.10","123.0","33.75","15.50","45.05","52.2","289.5","399.5","33.35","42.05","25.70","27.25","242.0","317.0","36.90","233.0","59.8","28.80","101.5","38.10","21.95","15.85","23.80","129.0","13.40","39.75","66.2","111.0","137.0","74.2","221.0","44.15","31.75","87.0","80.3","73.2","40.75","17.55","35.05","11.40","18.15","14.90","347.0","33.40","9.63","8.41","9.40","15.75","9.26","45.90","129.0","114.5","113.0","76.0","25.40","409.5","248.5","114.0","105.0","10.20","42.30","37.10","77.9","248.0","65.6","97.0","33.40","78.1","11.80","75.3","93.8","121.0","88.4","585","442.5","702","456.0","322.0","216.5","346.0","137.0","136.0","88.9","149.0","47.80","126.0","106.5","29.05"
"33.85","27.00","64.9","93.5","74.6","94.1","24.65","24.65","60.3","351.0","43.90","16.00","146.5","38.00","108.5","21.50","48.60","236.5","95.0","249.0","73.0","206.5","87.8","12.30","103.0","324.0","317.0","24.45","16.45","28.85","16.75","47.70","49.10","9.19","18.35","13.30","23.85","13.40","9.20","19.35","19.90","260.0","5575","108.0","13.95","72.1","81.7","16.10","105.0","37.95","73.6","14.10","62.9","31.65","368.5","135.5","28.00","153.0","455.0","15.15","40.95","30.75","39.05","123.0","33.70","15.50","45.05","52.2","289.5","399.5","33.35","42.05","25.70","27.20","242.0","317.0","36.95","232.5","59.8","28.85","101.5","38.10","21.90","15.85","23.80","129.0","13.35","39.80","66.2","111.0","137.0","74.2","221.0","44.15","31.75","87.0","80.4","73.3","40.75","17.55","35.10","11.40","18.10","14.90","347.0","33.40","9.63","8.41","9.40","15.75","9.26","45.90","129.5","114.0","113.0","76.0","25.40","410.5","248.5","114.0","104.5","10.20","42.30","37.10","77.8","248.0","65.7","97.0","33.40","78.1","11.85","75.3","93.8","121.5","88.4","585","442.5","702","456.0","322.0","216.5","346.0","137.0","136.0","88.9","149.0","47.80","125.5","106.5","29.05"
"33.85","27.00","65.0","93.5","74.5","94.2","24.70","24.70","60.2","351.0","43.90","16.00","147.5","38.00","109.0","21.45","48.55","236.5","95.2","249.0","73.0","206.5","87.9","12.30","103.0","323.5","316.5","24.45","16.45","28.90","16.70","47.65","49.10","9.20","18.35","13.30","23.85","13.40","9.19","19.35","19.90","260.5","5575","108.0","13.95","72.0","81.7","16.15","105.0","37.95","73.6","14.10","63.0","31.65","369.0","135.5","28.00","153.0","454.5","15.15","41.00","30.75","39.10","123.0","33.70","15.50","45.10","52.2","289.5","399.5","33.40","42.05","25.70","27.20","242.0","317.0","36.95","232.5","59.9","28.85","102.0","38.05","21.90","15.80","23.80","129.0","13.35","39.75","66.1","111.0","136.5","74.2","221.0","44.20","31.75","87.0","80.3","73.2","40.75","17.60","35.10","11.40","18.10","14.90","347.0","33.40","9.63","8.41","9.40","15.75","9.25","45.90","130.0","114.5","113.0","76.0","25.40","410.5","248.5","114.0","105.0","10.15","42.25","37.10","77.9","248.0","65.7","97.1","33.40","78.2","11.85","75.3","93.8","121.0","88.4","585","442.5","701","456.0","321.5","216.5","345.5","137.0","136.0","88.9","149.0","47.80","125.5","106.5","29.05"
"33.85","27.00","64.9","93.5","74.5","94.1","24.65","24.65","60.2","352.0","43.90","16.00","147.5","38.00","108.5","21.45","48.55","236.5","95.2","249.0","73.0","207.0","87.9","12.35","103.0","324.0","316.5","24.45","16.45","28.90","16.75","47.65","49.10","9.20","18.40","13.35","23.85","13.35","9.19","19.35","19.85","260.0","5575","108.0","14.00","72.0","81.7","16.15","105.0","37.95","73.6","14.05","63.1","31.65","369.0","136.0","28.00","153.0","455.0","15.10","41.00","30.75","39.10","123.5","33.70","15.50","45.10","52.2","289.5","399.5","33.35","42.05","25.70","27.20","242.0","317.0","36.90","232.5","59.9","28.90","101.5","38.05","21.90","15.85","23.80","129.0","13.35","39.75","66.1","111.0","137.0","74.2","221.0","44.20","31.75","87.0","80.3","73.1","40.80","17.60","35.05","11.40","18.10","14.90","347.0","33.40","9.63","8.41","9.40","15.80","9.25","45.90","130.0","114.5","113.0","75.9","25.45","411.0","248.5","113.5","105.0","10.20","42.25","37.10","78.0","248.0","65.7","97.0","33.40","78.2","11.80","75.2","93.8","121.0","88.4","585","442.5","701","456.0","323.0","216.5","345.5","137.5","136.0","88.9","149.0","47.85","126.0","106.5","29.05"
"33.85","27.00","65.0","93.5","74.5","94.1","24.70","24.70","60.2","352.0","43.90","16.00","147.5","38.00","109.0","21.50","48.55","236.5","95.2","249.0","73.0","207.0","87.7","12.35","103.0","323.5","317.0","24.45","16.45","28.90","16.75","47.70","49.10","9.20","18.40","13.30","23.85","13.35","9.20","19.35","19.90","260.0","5575","108.0","13.95","72.0","81.5","16.15","105.5","37.95","73.6","14.05","63.1","31.65","369.5","135.5","28.05","153.0","455.0","15.10","40.95","30.75","39.10","123.5","33.65","15.50","45.10","52.2","290.0","399.5","33.35","42.05","25.75","27.20","242.0","317.0","36.90","232.5","59.8","28.85","102.0","38.10","21.90","15.85","23.80","128.5","13.40","39.80","66.1","111.0","137.5","74.2","221.0","44.20","31.75","87.0","80.3","73.1","40.80","17.60","35.15","11.40","18.15","14.90","347.0","33.35","9.63","8.40","9.41","15.80","9.25","45.95","129.5","114.5","113.0","75.8","25.45","411.5","248.5","113.5","105.0","10.15","42.25","37.15","77.9","248.5","65.7","97.0","33.35","78.3","11.85","75.2","93.8","121.5","88.4","585","442.5","701","456.0","323.0","216.5","345.5","137.5","136.5","88.9","149.0","47.85","126.0","106.5","29.05"
"33.85","27.00","65.0","93.4","74.6","94.1","24.70","24.65","60.2","352.0","43.90","16.00","147.5","38.00","109.0","21.45","48.55","236.5","95.2","249.0","72.9","207.0","87.9","12.35","103.5","323.5","316.5","24.40","16.45","28.90","16.70","47.65","49.10","9.19","18.35","13.30","23.85","13.35","9.20","19.35","19.90","260.0","5575","108.0","14.00","72.0","81.5","16.15","105.0","37.95","73.6","14.05","63.1","31.60","369.0","135.5","28.05","153.0","455.0","15.10","41.00","30.75","39.10","123.5","33.70","15.50","45.05","52.2","289.5","399.5","33.35","42.05","25.70","27.20","242.0","317.0","36.95","232.5","59.7","28.85","101.5","38.05","21.90","15.85","23.80","129.0","13.30","39.75","66.1","111.0","136.5","74.2","220.5","44.20","31.80","87.0","80.2","73.1","40.80","17.60","35.10","11.40","18.10","14.90","347.0","33.40","9.63","8.40","9.41","15.80","9.25","45.95","130.0","114.0","113.0","75.8","25.40","411.0","248.5","114.0","105.0","10.15","42.35","37.05","77.8","248.0","65.7","97.0","33.35","78.6","11.85","75.2","93.8","121.0","88.4","585","442.5","701","456.0","324.0","216.0","345.5","137.5","136.5","88.9","149.0","47.85","126.5","106.5","29.05"
"33.85","27.00","65.0","93.4","74.6","94.1","24.70","24.70","60.3","352.0","43.90","16.00","147.5","38.00","109.0","21.45","48.55","236.5","95.3","249.0","73.0","207.0","87.8","12.35","103.0","323.0","316.5","24.40","16.40","28.90","16.70","47.65","49.10","9.20","18.35","13.30","23.85","13.35","9.20","19.40","19.90","260.0","5575","108.5","14.00","72.0","81.5","16.15","105.0","37.95","73.6","14.05","63.0","31.65","369.5","135.5","28.00","153.0","455.5","15.10","41.00","30.75","39.05","123.5","33.65","15.50","45.05","52.2","289.5","399.5","33.35","42.10","25.70","27.20","242.0","316.5","36.95","232.0","59.6","28.90","101.5","38.05","21.90","15.85","23.80","129.0","13.35","39.75","66.1","111.0","137.0","74.2","221.0","44.45","31.80","87.0","80.2","72.8","40.80","17.60","35.10","11.40","18.10","14.90","347.0","33.35","9.62","8.41","9.41","15.75","9.26","45.90","129.5","114.0","113.0","75.8","25.40","411.0","248.5","114.5","105.0","10.15","42.35","37.10","77.8","248.0","65.7","96.9","33.35","78.5","11.85","75.2","93.8","121.5","88.4","588","442.5","701","456.0","323.5","216.0","345.5","137.0","136.5","88.9","149.0","47.85","126.5","106.5","29.05"
"33.85","27.10","64.9","93.5","74.6","94.0","24.70","24.65","60.3","352.0","43.85","16.00","147.5","38.05","109.0","21.50","48.55","236.5","95.3","249.0","73.1","207.0","87.7","12.35","103.5","323.5","316.0","24.40","16.40","28.90","16.70","47.65","49.10","9.20","18.40","13.35","23.85","13.35","9.20","19.35","19.90","260.0","5575","108.5","13.95","72.1","81.6","16.10","105.0","37.95","73.7","14.00","63.1","31.60","369.5","135.5","28.00","152.5","455.5","15.10","41.00","30.75","39.05","123.5","33.65","15.50","45.05","52.2","290.0","399.5","33.35","42.10","25.70","27.20","242.0","316.5","36.90","232.0","59.5","28.80","102.0","38.05","21.90","15.85","23.80","129.5","13.35","39.75","66.0","111.0","137.0","74.2","221.0","44.55","31.80","87.0","80.2","72.8","40.75","17.65","35.15","11.45","18.10","14.90","347.0","33.35","9.62","8.40","9.41","15.75","9.26","45.90","129.5","114.5","113.0","75.8","25.40","411.5","248.5","114.0","105.0","10.20","42.35","37.15","77.9","247.5","65.6","96.9","33.35","78.4","11.85","75.2","93.9","121.5","88.4","588","442.5","701","456.0","323.0","216.0","345.0","137.0","136.5","88.9","149.0","47.85","126.0","106.5","29.05"
"33.80","27.05","65.0","93.4","74.6","94.0","24.65","24.65","60.3","352.0","43.85","15.95","147.5","38.00","109.0","21.45","48.60","236.5","95.4","249.0","73.1","207.0","87.7","12.30","103.0","323.5","316.0","24.40","16.40","28.90","16.75","47.65","49.10","9.20","18.40","13.35","23.85","13.40","9.20","19.35","19.90","260.0","5575","108.0","14.00","72.1","81.5","16.10","105.0","37.90","73.7","14.05","63.0","31.60","369.5","135.5","28.00","152.5","455.5","15.10","41.00","30.75","39.10","123.5","33.65","15.50","45.05","52.2","290.0","399.5","33.35","42.10","25.70","27.20","242.0","316.5","36.95","232.0","59.5","28.80","101.5","38.05","21.90","15.85","23.75","129.5","13.30","39.70","65.9","110.5","137.0","74.2","220.5","44.40","31.75","87.0","80.3","72.9","40.75","17.60","35.20","11.45","18.15","14.90","347.0","33.35","9.62","8.41","9.41","15.75","9.26","45.90","129.5","114.5","113.0","75.8","25.40","411.0","248.5","114.0","105.0","10.20","42.35","37.10","77.8","246.5","65.7","96.9","33.35","78.5","11.85","75.2","93.8","121.5","88.3","588","443.0","700","456.0","322.5","216.0","344.0","137.0","136.0","88.9","149.0","47.80","126.0","106.5","29.05"
"33.80","27.05","64.9","93.3","74.6","94.0","24.70","24.65","60.3","352.0","43.85","16.00","147.5","38.00","108.5","21.45","48.55","237.0","95.4","249.5","73.1","207.0","87.7","12.35","103.0","323.0","316.0","24.40","16.45","28.90","16.75","47.65","49.10","9.21","18.40","13.35","23.85","13.40","9.20","19.35","19.90","260.0","5575","108.0","13.95","72.0","81.6","16.10","105.0","37.90","73.7","14.00","62.9","31.65","370.0","135.5","28.05","152.5","455.5","15.15","41.00","30.75","39.10","124.0","33.65","15.55","45.05","52.2","290.0","399.5","33.35","42.10","25.70","27.20","241.0","316.0","36.95","232.0","59.6","28.80","102.0","38.05","21.90","15.85","23.75","129.5","13.35","39.70","65.8","110.5","136.5","74.2","221.0","44.30","31.75","87.0","80.3","73.0","40.75","17.65","35.15","11.50","18.10","14.90","347.0","33.35","9.62","8.41","9.41","15.75","9.26","45.90","129.5","114.5","113.0","75.8","25.40","411.0","248.0","114.0","105.0","10.20","42.30","37.15","77.8","247.0","65.7","96.8","33.35","78.5","11.85","75.2","93.8","122.0","88.4","588","443.0","700","455.5","323.0","216.0","343.0","137.0","136.5","88.9","149.0","47.80","126.5","106.5","29.05"
"33.85","27.05","65.0","93.3","74.6","94.0","24.65","24.70","60.3","352.0","43.85","15.95","147.5","37.95","108.5","21.45","48.55","237.0","95.4","250.0","73.0","207.0","87.8","12.30","103.0","323.0","316.0","24.40","16.45","28.90","16.70","47.60","49.10","9.20","18.35","13.30","23.85","13.40","9.20","19.35","19.90","260.0","5575","108.0","13.95","72.0","81.5","16.15","105.5","37.90","73.7","14.00","62.9","31.60","370.0","135.5","28.00","152.5","455.5","15.15","41.00","30.75","39.10","124.0","33.65","15.55","45.10","52.2","290.0","399.5","33.35","42.05","25.70","27.20","241.0","316.0","36.95","232.0","59.6","28.75","101.5","38.05","21.90","15.85","23.75","129.5","13.35","39.70","65.8","111.0","136.5","74.2","221.0","44.30","31.75","87.0","80.3","73.0","40.75","17.65","35.10","11.50","18.10","14.90","347.0","33.35","9.62","8.41","9.41","15.75","9.26","45.90","129.5","114.0","113.0","75.8","25.40","411.0","248.5","114.0","105.0","10.15","42.30","37.10","77.8","247.0","65.7","96.8","33.35","78.5","11.85","75.2","93.7","121.5","88.4","588","444.0","700","455.5","323.0","216.0","343.0","137.0","136.5","88.9","149.0","47.85","126.0","106.5","29.05"
"33.85","27.05","64.9","93.3","74.6","94.0","24.70","24.65","60.3","352.0","43.90","15.95","147.5","37.90","109.0","21.45","48.55","236.5","95.4","250.0","73.0","207.0","87.8","12.30","103.5","323.5","316.5","24.40","16.40","28.85","16.70","47.60","49.10","9.20","18.40","13.30","23.90","13.40","9.20","19.30","19.85","260.0","5595","108.0","13.95","72.0","81.5","16.15","105.0","37.90","73.7","14.05","63.0","31.60","370.0","135.5","28.00","152.5","455.5","15.15","41.00","30.75","39.10","124.0","33.65","15.50","45.15","52.2","290.0","399.5","33.40","42.05","25.70","27.20","241.0","316.0","36.90","232.5","59.5","28.80","102.0","38.05","21.90","15.85","23.75","130.0","13.35","39.75","65.9","111.0","136.5","74.2","220.5","44.40","31.75","87.0","80.3","73.0","40.75","17.65","35.10","11.50","18.10","14.90","347.0","33.35","9.63","8.41","9.41","15.75","9.25","45.90","129.5","114.0","113.0","75.9","25.35","411.0","248.5","114.5","105.0","10.15","42.30","37.10","77.8","247.5","65.7","96.8","33.35","78.5","11.85","75.2","93.7","121.5","88.7","588","444.5","700","455.5","323.0","216.0","343.0","137.0","136.5","88.9","149.0","47.85","125.5","106.5","29.05"
"33.80","27.05","65.0","93.3","74.6","94.0","24.75","24.70","60.3","352.0","43.90","16.00","147.5","37.90","108.5","21.50","48.55","236.5","95.3","250.0","73.1","206.5","87.9","12.30","103.0","323.0","316.0","24.40","16.40","28.85","16.70","47.55","49.15","9.20","18.35","13.35","23.85","13.40","9.20","19.30","19.90","260.0","5595","108.0","14.00","72.1","81.5","16.10","105.0","37.90","73.7","14.00","63.0","31.60","370.0","135.5","28.10","152.5","455.5","15.20","41.00","30.75","39.10","124.0","33.70","15.50","45.10","52.2","290.0","399.5","33.35","42.05","25.70","27.20","241.0","316.0","36.95","232.5","59.6","28.80","101.5","38.00","21.90","15.80","23.75","130.5","13.35","39.75","65.9","111.0","136.5","74.2","220.5","44.40","31.75","87.0","80.3","73.1","40.75","17.65","35.10","11.50","18.10","14.90","347.0","33.35","9.63","8.40","9.41","15.75","9.26","45.90","129.5","114.0","113.0","75.9","25.35","411.0","248.0","114.0","104.5","10.15","42.30","37.15","77.7","247.5","65.7","96.9","33.35","78.4","11.85","75.2","93.7","121.0","88.5","588","445.0","703","455.5","323.5","216.0","344.5","136.5","136.5","88.9","149.0","47.85","125.5","106.5","29.05"
"33.85","27.05","64.9","93.4","74.5","94.0","24.70","24.65","60.3","352.0","43.90","15.95","147.5","37.90","109.0","21.50","48.55","237.0","95.4","250.0","73.0","206.5","87.9","12.35","103.0","323.0","316.5","24.40","16.40","28.90","16.70","47.55","49.10","9.20","18.40","13.30","23.85","13.35","9.19","19.30","19.90","260.0","5595","108.5","13.95","72.1","81.5","16.10","105.0","37.85","73.7","14.05","63.1","31.60","369.5","135.5","28.05","152.0","455.5","15.15","41.00","30.75","39.10","124.0","33.70","15.50","45.10","52.2","289.5","399.5","33.40","42.05","25.70","27.25","241.0","316.0","36.95","232.5","59.7","28.80","101.5","38.00","21.85","15.85","23.70","130.0","13.35","39.70","65.9","111.0","136.5","74.2","220.5","44.35","31.75","87.0","80.4","73.1","40.70","17.65","35.10","11.50","18.10","14.85","347.0","33.30","9.63","8.41","9.41","15.75","9.26","45.90","129.5","114.5","113.0","75.8","25.35","410.5","248.0","114.0","105.0","10.20","42.30","37.15","77.7","249.0","65.6","96.9","33.35","78.4","11.80","75.2","93.6","121.0","88.5","588","445.0","703","455.5","322.5","216.0","344.5","136.5","136.5","88.9","149.5","47.80","126.0","106.5","29.05"
"33.80","27.05","64.9","93.4","74.5","94.0","24.70","24.70","60.4","352.0","43.90","15.95","147.5","37.95","108.5","21.45","48.55","237.0","95.3","250.0","73.1","206.5","88.1","12.30","103.0","323.5","316.0","24.40","16.40","28.90","16.75","47.55","49.15","9.20","18.35","13.30","23.90","13.40","9.20","19.30","19.85","260.0","5595","108.0","13.95","72.1","81.6","16.15","105.0","37.85","73.7","14.05","63.1","31.60","369.5","135.5","28.05","152.0","456.0","15.15","41.00","30.75","39.05","124.0","33.70","15.50","45.05","52.2","289.5","400.0","33.40","42.05","25.70","27.20","241.0","316.0","36.95","232.5","59.5","28.80","101.5","37.95","21.85","15.85","23.70","130.0","13.35","39.75","65.8","111.0","136.5","74.2","220.5","44.30","31.75","87.0","80.4","73.1","40.70","17.65","35.10","11.50","18.10","14.85","347.0","33.30","9.63","8.40","9.41","15.75","9.27","45.95","129.0","114.5","113.0","75.8","25.35","410.5","248.5","114.0","105.0","10.20","42.35","37.15","77.6","249.0","65.7","96.8","33.35","78.4","11.80","75.2","93.5","121.0","88.5","588","445.5","703","456.0","322.5","216.0","344.5","136.5","136.5","88.9","149.5","47.80","125.5","106.5","29.05"
"33.85","27.05","65.0","93.3","74.5","94.0","24.70","24.65","60.4","352.0","43.90","16.00","147.5","37.90","109.0","21.45","48.55","237.0","95.2","250.0","73.1","206.5","88.1","12.35","103.0","323.5","316.0","24.40","16.45","28.85","16.70","47.55","49.10","9.19","18.40","13.35","23.85","13.40","9.20","19.35","19.85","260.0","5595","108.5","14.00","72.1","81.5","16.10","105.0","37.85","73.7","14.05","63.1","31.60","370.0","135.5","28.05","152.0","458.0","15.15","41.05","30.75","39.05","124.0","33.70","15.50","45.10","52.2","289.5","399.0","33.40","42.05","25.70","27.20","241.0","316.0","36.90","233.0","59.5","28.80","101.5","38.00","21.85","15.85","23.70","129.5","13.30","39.75","65.9","111.0","137.0","74.2","219.5","44.25","31.80","87.0","80.4","73.2","40.70","17.65","35.10","11.50","18.10","14.90","347.0","33.30","9.63","8.40","9.41","15.75","9.26","45.90","129.0","114.5","112.5","75.8","25.35","410.0","248.0","113.5","105.0","10.15","42.35","37.15","77.6","249.0","65.7","96.8","33.35","78.3","11.85","75.2","93.5","121.0","88.5","588","444.5","703","456.5","322.0","216.0","344.5","136.5","136.5","88.9","149.0","47.90","125.5","106.5","29.05"
"33.85","27.05","65.0","93.4","74.6","94.1","24.75","24.65","60.4","352.0","43.90","15.95","147.5","37.95","109.0","21.50","48.55","237.0","95.3","250.0","73.0","206.5","88.0","12.30","103.0","323.0","316.0","24.40","16.40","28.85","16.70","47.50","49.10","9.19","18.35","13.30","23.85","13.35","9.20","19.35","19.85","260.0","5585","108.5","14.00","72.0","81.6","16.05","105.0","37.85","73.7","14.05","63.0","31.60","372.0","135.5","28.05","152.0","457.5","15.15","41.05","30.75","39.05","123.5","33.70","15.50","45.05","52.2","290.0","400.0","33.40","42.05","25.70","27.20","241.0","316.0","36.95","233.0","59.4","28.80","101.5","37.95","21.90","15.85","23.70","129.5","13.30","39.75","65.9","111.0","136.5","74.2","219.0","44.30","31.75","87.0","80.2","73.1","40.70","17.65","35.10","11.50","18.10","14.90","347.0","33.30","9.63","8.39","9.40","15.80","9.26","45.90","129.5","114.0","112.5","75.8","25.35","410.5","248.0","113.5","105.0","10.15","42.40","37.10","77.6","248.5","65.7","96.8","33.35","78.2","11.80","75.2","93.5","121.0","88.5","588","444.5","703","456.5","321.5","216.0","344.5","136.5","136.5","88.9","149.0","47.80","125.5","106.5","29.05"
"33.85","27.05","64.9","93.4","74.6","94.1","24.70","24.65","60.4","352.0","43.90","15.95","147.5","37.90","108.5","21.45","48.55","237.0","95.3","250.0","73.0","206.5","87.8","12.35","103.0","322.0","316.5","24.40","16.45","28.90","16.70","47.55","49.10","9.19","18.40","13.30","23.90","13.35","9.20","19.35","19.85","260.0","5595","108.5","13.95","72.1","81.6","16.05","105.0","37.85","73.7","14.00","63.4","31.60","371.5","135.5","28.05","152.5","457.5","15.15","41.00","30.75","39.05","123.5","33.60","15.50","45.10","52.2","290.0","399.5","33.40","42.05","25.70","27.20","241.0","316.0","36.85","233.0","59.4","28.80","101.5","37.95","21.90","15.85","23.70","129.5","13.30","39.75","65.9","111.0","136.0","74.2","218.5","44.30","31.75","87.0","80.3","73.1","40.70","17.65","35.10","11.50","18.10","14.90","347.0","33.30","9.63","8.40","9.40","15.80","9.26","45.90","129.0","114.0","112.5","75.7","25.35","410.5","248.0","113.0","105.0","10.15","42.40","37.10","77.6","247.5","65.6","96.8","33.35","78.2","11.80","75.2","93.4","121.0","88.5","588","444.0","703","456.5","321.5","216.0","344.5","136.5","136.5","88.9","149.0","47.90","125.0","106.5","29.05"
"33.80","27.00","65.0","93.4","74.5","94.0","24.70","24.65","60.4","352.0","43.90","15.95","147.5","37.95","109.0","21.45","48.55","236.5","95.2","250.0","73.0","206.5","87.8","12.30","103.0","321.5","317.0","24.35","16.40","28.85","16.70","47.55","49.10","9.20","18.35","13.30","23.90","13.35","9.20","19.35","19.85","260.0","5595","108.0","13.95","72.0","81.7","16.05","105.0","37.85","73.7","14.05","63.6","31.60","372.0","135.5","28.05","152.5","457.5","15.15","41.00","30.75","39.05","123.5","33.60","15.50","45.15","52.2","290.0","399.5","33.35","42.05","25.70","27.20","241.0","315.5","36.85","232.5","59.4","28.75","101.5","37.90","21.85","15.85","23.70","129.5","13.35","39.75","65.9","111.0","136.5","74.2","218.0","44.25","31.75","87.1","80.3","73.2","40.75","17.65","35.10","11.50","18.05","14.85","347.0","33.25","9.63","8.40","9.40","15.80","9.26","45.90","129.0","114.5","112.5","75.8","25.35","410.5","248.0","114.0","105.0","10.20","42.40","37.10","77.6","247.0","65.6","96.8","33.35","78.2","11.85","75.1","93.4","121.0","88.7","588","444.0","703","456.5","321.5","216.0","344.5","136.5","136.5","88.9","149.0","47.90","125.5","106.5","29.05"
"33.80","27.00","64.9","93.4","74.6","94.0","24.70","24.70","60.4","352.0","43.90","15.90","147.5","37.90","109.0","21.45","48.55","236.5","95.2","250.0","73.0","206.5","87.7","12.30","103.0","322.0","317.0","24.35","16.45","28.85","16.70","47.50","49.10","9.20","18.40","13.30","23.90","13.35","9.20","19.35","19.85","260.0","5605","108.5","14.00","72.1","81.6","16.10","105.0","37.90","73.7","14.00","63.7","31.55","371.5","135.5","28.05","152.5","457.5","15.15","41.00","30.75","39.10","123.5","33.60","15.50","45.10","52.2","289.5","399.5","33.40","42.00","25.70","27.20","241.0","316.0","36.90","232.5","59.4","28.75","101.5","37.95","21.85","15.85","23.70","129.5","13.35","39.75","65.9","111.0","136.5","74.2","218.5","44.25","31.70","87.0","80.3","73.1","40.75","17.65","35.05","11.50","18.10","14.85","347.0","33.35","9.63","8.40","9.40","15.75","9.26","45.90","129.0","114.5","112.5","75.7","25.35","410.5","248.0","113.5","105.0","10.20","42.35","37.10","77.6","246.5","65.6","96.8","33.35","78.2","11.80","75.2","93.4","121.0","88.7","588","443.5","703","456.5","321.5","216.0","344.5","137.0","136.5","88.9","149.0","47.80","125.5","106.5","29.05"
"33.85","27.00","64.9","93.3","74.6","94.0","24.70","24.70","60.3","352.0","43.90","15.90","147.5","37.90","108.5","21.45","48.55","237.0","95.3","250.0","73.0","206.5","87.9","12.30","103.0","321.5","316.0","24.40","16.45","28.90","16.65","47.50","49.10","9.20","18.35","13.30","23.90","13.35","9.20","19.35","19.85","260.0","5615","108.0","13.95","72.0","81.7","16.10","105.0","37.95","73.7","14.05","63.7","31.60","371.0","135.5","28.00","152.5","457.5","15.10","41.00","30.75","39.10","123.0","33.60","15.50","45.10","52.2","289.5","399.5","33.35","42.00","25.70","27.20","241.0","316.0","36.85","232.0","59.5","28.75","102.0","37.95","21.90","15.90","23.70","129.0","13.30","39.75","66.0","111.0","136.5","74.2","218.5","44.25","31.75","87.0","80.1","73.1","40.75","17.65","35.05","11.50","18.10","14.85","347.0","33.30","9.63","8.40","9.40","15.75","9.26","45.95","129.0","114.5","112.5","75.9","25.35","411.0","248.0","114.0","105.0","10.15","42.35","37.10","77.5","246.0","65.6","96.8","33.35","78.2","11.85","75.2","93.3","121.0","88.6","588","444.0","703","457.0","322.0","216.0","344.5","136.5","136.5","88.9","149.0","47.90","126.0","106.5","29.05"
"33.85","27.00","64.9","93.4","74.6","94.1","24.70","24.65","60.3","352.0","43.90","15.95","147.5","37.95","109.0","21.50","48.60","237.0","95.2","250.0","73.0","207.0","87.9","12.35","103.0","322.0","316.5","24.35","16.45","28.85","16.65","47.50","49.10","9.21","18.40","13.30","23.80","13.40","9.20","19.35","19.85","260.0","5615","108.5","13.95","72.0","81.7","16.10","105.0","37.95","73.7","14.05","63.6","31.65","371.0","135.5","28.00","152.0","457.5","15.10","41.00","30.75","39.10","123.0","33.60","15.50","45.10","52.2","290.0","399.5","33.40","42.00","25.70","27.20","241.0","316.0","36.90","232.0","59.5","28.75","101.5","38.00","21.90","15.85","23.70","129.0","13.30","39.75","66.2","111.0","136.0","74.2","218.5","44.25","31.65","87.0","80.1","73.2","40.70","17.65","35.10","11.45","18.10","14.90","347.0","33.30","9.62","8.39","9.41","15.75","9.26","45.90","128.5","114.0","112.5","75.9","25.35","410.5","248.0","113.5","105.0","10.15","42.35","37.10","77.5","246.5","65.5","96.8","33.35","78.2","11.85","75.2","93.4","121.0","88.6","588","444.0","703","457.0","322.5","216.0","344.5","136.5","136.5","88.9","149.0","47.90","126.0","106.5","29.05"
"33.85","27.05","64.9","93.4","74.7","94.1","24.75","24.70","60.3","352.0","43.90","15.90","147.5","37.90","108.5","21.45","48.55","236.5","95.3","250.0","72.9","207.0","87.9","12.30","103.0","322.5","316.0","24.35","16.40","28.85","16.70","47.55","49.10","9.20","18.35","13.30","23.85","13.35","9.20","19.35","19.85","260.0","5615","108.5","14.00","72.0","81.7","16.05","105.0","37.90","73.7","14.05","63.6","31.65","370.0","135.5","28.00","152.0","457.5","15.10","41.00","30.75","39.10","123.5","33.65","15.50","45.15","52.2","290.0","399.5","33.35","42.00","25.75","27.20","241.0","316.0","36.90","232.0","59.5","28.80","101.5","38.00","21.90","15.85","23.70","128.5","13.25","39.75","66.2","111.0","136.5","74.2","218.0","44.30","31.70","87.0","80.1","73.2","40.75","17.65","35.10","11.45","18.10","14.90","347.0","33.30","9.62","8.39","9.41","15.75","9.26","45.90","129.0","114.0","112.5","75.9","25.35","411.0","248.0","113.5","105.0","10.20","42.35","37.10","77.6","246.5","65.5","96.8","33.35","78.3","11.85","75.1","93.4","121.0","88.5","588","444.0","703","457.0","322.5","216.0","344.5","136.5","136.5","88.9","149.0","47.90","125.5","106.5","29.00"
"33.85","27.00","64.9","93.3","74.7","94.1","24.70","24.65","60.3","352.0","43.90","15.95","147.0","37.95","108.5","21.50","48.55","236.5","95.3","249.5","72.9","207.0","87.8","12.35","103.0","322.5","316.0","24.35","16.45","28.85","16.65","47.55","49.15","9.20","18.40","13.30","23.85","13.40","9.20","19.35","19.85","260.0","5610","108.0","13.95","72.0","81.6","16.05","105.5","37.90","73.7","14.05","63.6","31.65","370.5","135.5","28.00","152.0","457.0","15.05","41.00","30.75","39.10","123.5","33.65","15.50","45.15","52.2","290.0","399.5","33.35","42.00","25.75","27.20","241.0","316.0","36.90","232.0","59.5","28.80","101.5","38.00","21.90","15.85","23.70","128.0","13.30","39.75","65.9","110.5","136.5","74.2","217.0","44.35","31.70","87.0","80.0","73.2","40.75","17.65","35.05","11.50","18.10","14.90","346.0","33.35","9.62","8.39","9.40","15.75","9.26","45.90","128.5","114.0","112.5","75.8","25.35","411.0","247.5","114.0","105.0","10.20","42.35","37.15","77.5","246.5","65.5","96.7","33.35","78.3","11.80","75.1","93.3","121.5","88.5","588","444.0","700","456.5","322.5","216.0","344.5","136.5","136.5","88.9","149.0","47.90","125.5","106.5","29.10"
"33.85","27.00","64.9","93.4","74.7","94.1","24.70","24.65","60.3","352.0","43.90","15.90","147.0","37.90","109.0","21.50","48.55","236.5","95.3","250.0","72.9","207.0","87.9","12.35","103.5","323.0","316.0","24.35","16.40","28.85","16.70","47.55","49.10","9.20","18.35","13.30","23.80","13.40","9.20","19.35","19.80","260.0","5610","108.5","13.95","72.1","81.7","16.10","105.0","37.95","73.7","14.05","63.6","31.65","370.5","135.5","28.00","152.0","456.5","15.05","41.00","30.75","39.10","123.0","33.65","15.50","45.15","52.2","289.5","399.5","33.40","42.05","25.75","27.20","241.0","316.0","36.85","232.0","59.4","28.80","101.0","38.05","21.90","15.85","23.70","128.0","13.30","39.70","65.9","110.5","137.0","74.2","214.5","44.35","31.70","87.0","80.0","73.1","40.70","17.65","35.05","11.50","18.10","14.90","346.0","33.30","9.61","8.39","9.40","15.80","9.27","45.90","129.0","114.0","112.5","75.7","25.35","411.5","247.5","113.5","105.0","10.15","42.35","37.10","77.5","246.5","65.5","96.7","33.35","78.4","11.85","75.1","93.3","121.0","88.5","588","444.0","700","456.5","322.5","216.0","346.0","136.5","136.5","88.9","149.0","47.90","126.0","106.5","29.05"
"33.85","27.00","64.9","93.3","74.7","94.1","24.70","24.65","60.3","352.0","43.90","15.95","147.0","37.90","108.5","21.50","48.55","236.5","95.3","250.0","72.8","207.0","88.0","12.30","103.0","323.0","316.0","24.35","16.40","28.85","16.70","47.55","49.10","9.20","18.40","13.30","23.80","13.35","9.20","19.35","19.85","260.5","5620","108.5","13.95","72.1","81.6","16.05","105.5","37.90","73.7","14.00","63.5","31.60","371.5","135.5","28.00","152.0","455.5","15.10","41.00","30.75","39.10","123.0","33.65","15.50","45.20","52.2","289.5","399.5","33.35","42.05","25.65","27.20","241.0","316.0","36.90","232.0","59.4","28.80","101.0","38.05","21.85","15.85","23.70","128.0","13.25","39.70","66.0","111.0","136.5","74.2","215.0","44.30","31.65","87.0","79.8","73.1","40.70","17.65","35.10","11.50","18.10","14.90","346.0","33.30","9.61","8.39","9.40","15.80","9.26","45.90","129.5","114.0","112.5","75.8","25.35","411.5","247.5","113.5","105.0","10.20","42.35","37.10","77.5","246.0","65.5","96.7","33.35","78.3","11.80","75.1","93.3","121.0","88.8","588","444.0","700","457.0","322.5","216.0","346.0","137.0","136.5","88.9","149.0","47.85","126.0","106.5","29.00"
"33.80","27.00","64.9","93.4","74.7","94.1","24.65","24.65","60.3","352.0","43.90","15.90","147.0","37.95","109.0","21.50","48.55","237.0","95.3","250.0","72.8","207.0","88.0","12.35","103.0","323.5","316.5","24.35","16.45","28.85","16.70","47.50","49.10","9.19","18.40","13.30","23.85","13.35","9.20","19.35","19.85","260.5","5620","108.5","14.00","72.1","81.7","16.00","105.0","37.95","73.7","14.05","63.6","31.55","371.0","135.0","28.00","152.0","455.5","15.05","41.00","30.75","39.05","123.5","33.65","15.50","45.20","52.2","289.5","399.5","33.40","42.00","25.70","27.20","241.0","317.0","36.90","231.5","59.5","28.80","101.0","38.00","21.85","15.85","23.70","128.0","13.25","39.70","65.9","111.0","136.5","74.2","216.0","44.40","31.80","87.1","79.9","73.2","40.75","17.65","35.05","11.50","18.10","14.90","346.0","33.30","9.62","8.39","9.41","15.80","9.26","45.90","129.5","114.0","112.5","75.9","25.35","411.5","247.5","114.0","105.0","10.15","42.35","37.15","77.5","246.5","65.5","96.7","33.40","78.4","11.85","75.1","93.4","121.0","88.7","588","444.0","700","457.0","322.5","216.0","346.0","136.5","136.5","88.9","149.0","47.90","126.0","106.5","29.00"
"33.80","27.00","65.0","93.4","74.6","94.1","24.65","24.70","60.3","352.0","43.90","15.90","147.0","37.90","109.0","21.45","48.55","236.5","95.3","250.0","72.8","206.5","88.0","12.30","103.0","323.0","316.0","24.35","16.40","28.85","16.70","47.50","49.10","9.19","18.40","13.30","23.85","13.35","9.20","19.35","19.85","260.5","5615","108.5","14.00","72.0","81.7","16.05","105.0","37.90","73.7","14.05","63.5","31.55","371.0","135.0","28.00","152.5","456.0","15.05","40.95","30.75","39.10","123.5","33.70","15.50","45.20","52.2","290.0","399.5","33.30","42.00","25.70","27.20","241.0","317.0","36.90","231.5","59.4","28.80","101.0","38.05","21.90","15.85","23.75","128.0","13.25","39.70","65.9","111.0","136.5","74.2","216.5","44.40","31.75","87.0","79.8","73.2","40.75","17.65","35.05","11.55","18.10","14.90","346.0","33.35","9.62","8.39","9.41","15.80","9.26","45.90","129.5","114.0","112.5","75.8","25.35","411.0","247.5","114.0","105.0","10.15","42.35","37.10","77.5","246.5","65.4","96.7","33.40","78.3","11.85","75.2","93.4","121.0","88.7","588","444.0","700","457.0","323.0","216.0","346.0","136.5","136.5","88.9","149.0","47.90","125.5","106.5","29.05"
"33.85","27.05","65.0","93.3","74.7","94.1","24.65","24.65","60.3","352.0","43.90","15.95","147.5","37.90","108.5","21.45","48.60","237.0","95.3","250.0","72.7","207.0","87.9","12.35","103.0","323.0","316.5","24.35","16.45","28.85","16.70","47.50","49.15","9.20","18.35","13.30","23.85","13.35","9.20","19.35","19.90","260.5","5615","108.0","14.00","72.0","81.7","16.05","105.5","37.95","73.7","14.05","63.5","31.55","371.0","135.0","27.95","152.5","456.5","15.05","40.95","30.80","39.10","123.5","33.65","15.50","45.15","52.2","290.0","399.5","33.40","42.00","25.70","27.20","241.0","316.5","36.85","231.5","59.5","28.75","100.5","38.05","21.90","15.80","23.70","128.0","13.30","39.70","66.1","110.5","136.5","74.2","215.5","44.35","31.80","87.0","79.9","73.2","40.75","17.65","35.05","11.55","18.05","14.90","346.0","33.35","9.62","8.39","9.41","15.80","9.26","45.90","129.5","114.0","112.5","75.8","25.40","411.0","247.0","114.0","105.0","10.15","42.35","37.10","77.5","246.0","65.4","96.7","33.35","78.2","11.85","75.2","93.3","121.0","88.5","588","444.0","700","457.0","322.5","216.0","346.0","137.0","136.5","88.9","149.0","47.90","126.0","106.5","29.00"
"33.85","27.05","65.0","93.3","74.7","94.0","24.65","24.65","60.3","352.0","43.90","15.95","147.0","37.95","108.5","21.45","48.55","237.0","95.3","250.0","72.7","207.0","88.0","12.35","103.0","323.0","316.0","24.35","16.45","28.85","16.70","47.50","49.10","9.19","18.35","13.30","23.85","13.35","9.20","19.35","19.85","260.0","5615","108.5","14.00","72.1","81.6","16.05","105.0","37.95","73.7","14.05","63.5","31.65","371.0","135.0","28.00","152.5","456.5","15.05","40.95","30.80","39.10","123.5","33.65","15.50","45.10","52.2","290.0","398.5","33.40","42.00","25.70","27.20","241.0","317.0","36.90","231.5","59.4","28.75","100.5","38.05","21.85","15.80","23.75","128.0","13.30","39.70","66.7","110.5","136.0","74.2","215.5","44.35","31.75","87.0","79.9","73.3","40.65","17.65","35.05","11.55","18.05","14.90","346.0","33.35","9.62","8.40","9.41","15.80","9.26","45.95","129.5","114.5","113.0","75.8","25.40","411.5","247.5","113.5","105.0","10.20","42.35","37.15","77.5","247.0","65.4","96.6","33.35","78.2","11.80","75.2","93.4","121.0","88.4","588","444.0","699","457.0","322.0","216.0","346.0","137.0","136.5","88.9","149.0","47.90","126.0","106.5","29.05"
"33.85","27.05","65.0","93.4","74.7","94.0","24.65","24.60","60.3","352.0","43.90","15.95","147.0","37.90","109.0","21.45","48.55","237.0","95.2","250.0","72.9","207.0","88.0","12.30","103.0","323.0","316.5","24.40","16.45","28.85","16.70","47.50","49.15","9.21","18.40","13.30","23.85","13.40","9.20","19.35","19.85","260.0","5615","108.0","14.00","72.0","81.6","16.10","105.0","37.95","73.7","14.05","63.5","31.65","371.5","135.0","28.00","152.0","457.0","15.05","41.00","30.80","39.10","123.5","33.70","15.50","45.05","52.2","290.0","398.0","33.40","42.00","25.70","27.20","241.0","317.0","36.90","231.5","59.4","28.80","100.5","38.05","21.90","15.85","23.70","128.0","13.35","39.75","67.7","110.5","136.0","74.2","215.5","44.40","31.75","86.9","79.8","73.3","40.65","17.65","35.05","11.55","18.10","14.90","346.0","33.35","9.62","8.40","9.41","15.80","9.26","45.90","129.0","114.5","112.5","75.8","25.35","411.0","247.5","113.5","105.0","10.20","42.35","37.10","77.5","247.0","65.4","96.6","33.35","78.2","11.80","75.2","93.4","121.0","88.3","588","443.0","699","457.0","322.0","216.0","346.0","137.0","136.5","88.9","149.0","47.85","125.5","106.5","29.00"
"33.85","27.00","65.0","93.4","74.7","94.1","24.65","24.65","60.3","352.0","43.90","15.95","147.0","37.95","109.0","21.50","48.55","236.5","95.3","250.0","72.8","207.0","88.0","12.30","103.5","323.5","316.0","24.35","16.40","28.85","16.70","47.50","49.10","9.19","18.40","13.25","23.85","13.35","9.20","19.35","19.85","260.0","5615","108.5","13.95","72.1","81.6","16.10","105.0","37.90","73.7","14.05","63.5","31.65","371.0","135.0","28.00","152.0","457.0","15.10","41.00","30.75","39.10","123.5","33.70","15.50","45.10","52.2","290.0","398.0","33.40","42.00","25.70","27.20","241.0","317.0","36.85","231.5","59.3","28.75","101.0","38.05","21.90","15.85","23.75","128.0","13.35","39.75","67.2","110.5","136.0","74.2","216.0","44.40","31.80","86.9","79.9","73.3","40.65","17.65","35.10","11.55","18.10","14.90","346.0","33.30","9.62","8.40","9.41","15.80","9.26","45.90","129.5","114.5","112.5","75.8","25.40","411.0","248.0","113.5","105.0","10.20","42.40","37.10","77.4","247.5","65.4","96.6","33.35","78.3","11.80","75.1","93.4","121.0","88.3","588","443.0","699","457.0","322.0","216.0","346.5","137.0","136.5","88.9","149.0","48.00","125.5","106.5","29.00"
"33.85","27.00","65.0","93.4","74.6","94.0","24.65","24.65","60.3","352.0","43.90","15.90","147.0","37.90","109.0","21.50","48.55","237.0","95.2","250.0","72.8","207.0","88.0","12.30","103.0","323.5","316.5","24.35","16.45","28.85","16.70","47.55","49.10","9.19","18.40","13.30","23.85","13.40","9.20","19.35","19.90","260.0","5620","108.5","14.00","72.0","81.6","16.10","105.0","37.90","73.7","14.00","63.5","31.65","371.0","135.5","28.00","152.0","457.0","15.05","41.00","30.75","39.10","123.5","33.65","15.50","45.10","52.2","290.0","398.0","33.40","42.00","25.70","27.20","241.5","317.0","36.90","231.5","59.4","28.75","100.5","38.05","21.90","15.85","23.70","128.0","13.35","39.75","67.1","110.5","135.5","74.2","216.5","44.45","31.80","86.9","79.9","73.3","40.60","17.65","35.10","11.55","18.10","14.95","346.0","33.30","9.62","8.40","9.41","15.80","9.26","45.90","129.5","114.5","112.5","75.8","25.40","411.0","248.0","113.5","105.0","10.20","42.40","37.10","77.5","248.0","65.4","96.7","33.35","78.3","11.80","75.3","93.3","120.5","88.4","588","443.0","699","457.0","322.0","216.0","346.5","136.5","136.5","88.9","149.0","48.00","125.5","106.5","29.00"
"33.80","27.00","65.0","93.4","74.7","94.1","24.65","24.65","60.3","352.0","43.90","15.90","147.0","37.95","108.5","21.45","48.55","236.5","95.3","250.0","72.9","206.5","88.0","12.30","103.5","324.0","317.0","24.35","16.45","28.85","16.70","47.50","49.10","9.19","18.35","13.30","23.90","13.40","9.21","19.40","19.85","260.5","5625","108.0","13.95","72.0","81.7","16.10","105.0","37.90","73.7","14.05","63.5","31.65","370.5","135.5","27.95","152.0","456.5","15.05","40.95","30.75","39.10","123.5","33.70","15.50","45.05","52.2","290.0","398.0","33.40","42.00","25.65","27.20","241.5","317.0","36.85","231.5","59.4","28.75","100.5","38.00","21.90","15.90","23.70","128.0","13.30","39.80","67.2","110.5","136.0","74.2","217.0","44.70","31.75","86.8","79.9","73.4","40.60","17.65","35.05","11.55","18.10","14.95","346.0","33.30","9.62","8.40","9.41","15.80","9.26","45.90","130.0","114.5","112.5","75.8","25.40","411.0","248.0","113.5","104.5","10.20","42.40","37.10","77.3","247.5","65.4","96.6","33.35","78.3","11.85","75.3","93.4","120.5","88.4","588","443.0","699","457.0","321.5","216.0","346.5","136.5","136.5","88.9","149.0","47.85","125.5","106.5","29.00"
"33.80","27.00","65.0","93.4","74.6","94.1","24.65","24.65","60.3","352.0","43.90","15.90","147.0","37.95","108.5","21.50","48.55","237.0","95.2","250.0","72.9","206.5","88.0","12.30","103.0","323.5","316.5","24.40","16.45","28.85","16.70","47.50","49.10","9.19","18.40","13.30","23.90","13.40","9.20","19.35","19.85","260.5","5635","108.5","14.00","72.0","81.7","16.05","105.0","37.90","73.7","14.05","63.5","31.65","371.0","135.5","27.95","152.0","457.0","15.10","40.95","30.75","39.10","123.5","33.70","15.55","45.05","52.2","290.0","398.0","33.40","41.95","25.75","27.20","241.5","316.0","36.90","231.5","59.4","28.80","101.0","38.05","21.90","15.85","23.70","128.0","13.30","39.80","67.2","110.5","135.5","74.2","217.0","44.60","31.80","86.9","79.8","73.4","40.60","17.65","35.05","11.55","18.10","14.95","346.0","33.35","9.62","8.40","9.41","15.80","9.26","45.90","130.5","114.5","113.0","75.8","25.45","411.0","248.0","113.5","105.0","10.20","42.35","37.10","77.3","247.0","65.4","96.7","33.35","78.4","11.85","75.2","93.4","121.0","88.4","588","443.0","699","457.0","321.0","216.0","346.5","137.0","136.0","88.9","149.0","47.85","125.5","106.5","29.00"
"33.85","26.95","65.0","93.4","74.6","94.0","24.65","24.65","60.3","352.0","43.90","15.95","146.5","37.90","109.0","21.45","48.55","236.5","95.2","250.0","72.9","206.5","88.0","12.30","103.0","324.0","316.5","24.40","16.45","28.85","16.70","47.50","49.15","9.19","18.40","13.30","23.90","13.40","9.20","19.35","19.85","260.5","5650","108.0","14.00","72.0","81.6","16.10","105.0","37.90","73.7","14.05","63.5","31.65","371.0","135.0","27.95","152.0","457.0","15.10","40.95","30.75","39.10","123.5","33.70","15.55","45.05","52.2","290.0","398.0","33.45","41.95","25.75","27.20","241.5","317.5","36.90","232.0","59.3","28.80","100.5","38.10","21.90","15.85","23.70","128.0","13.35","39.80","67.3","110.5","135.5","74.2","216.0","44.55","31.75","86.9","79.9","73.5","40.60","17.65","35.05","11.55","18.10","14.95","346.0","33.35","9.62","8.40","9.41","15.80","9.26","45.90","130.5","114.5","112.5","75.8","25.45","411.0","247.5","113.5","105.5","10.20","42.40","37.10","77.3","247.0","65.4","96.7","33.35","78.2","11.80","75.2","93.3","121.0","88.6","588","443.0","699","457.0","321.5","216.0","346.5","137.0","136.0","88.9","149.0","47.85","126.0","106.5","29.00"
"33.85","26.95","65.0","93.4","74.6","94.1","24.65","24.60","60.2","352.0","43.90","15.95","146.5","37.95","109.0","21.45","48.55","237.0","95.3","250.0","72.8","206.5","88.0","12.30","103.0","325.5","316.5","24.40","16.40","28.85","16.70","47.55","49.10","9.19","18.40","13.35","23.85","13.35","9.21","19.40","19.85","260.5","5660","108.0","14.00","72.0","81.7","16.10","105.0","37.90","73.7","14.10","63.6","31.65","371.0","135.0","27.95","152.0","457.0","15.10","40.95","30.75","39.10","123.5","33.70","15.55","45.05","52.2","290.0","398.0","33.40","41.95","25.75","27.20","241.5","316.0","36.80","231.5","59.5","28.75","100.5","38.05","21.90","15.85","23.70","128.0","13.30","39.80","67.7","110.5","136.0","74.2","216.0","44.60","31.80","86.8","79.8","73.4","40.60","17.65","35.05","11.55","18.05","14.95","346.0","33.35","9.62","8.40","9.41","15.80","9.26","45.90","130.5","114.5","113.0","75.8","25.60","411.5","247.5","114.0","105.5","10.15","42.40","37.10","77.3","247.0","65.4","97.0","33.30","78.3","11.80","75.2","93.4","121.0","88.7","588","443.0","697","457.0","321.5","216.0","346.5","137.0","136.0","88.9","149.0","47.75","125.5","106.5","29.00"
"33.85","26.95","65.0","93.3","74.7","94.0","24.65","24.60","60.2","352.0","43.90","15.95","146.5","37.95","108.5","21.45","48.55","237.0","95.2","250.0","72.8","206.5","88.0","12.30","103.0","325.5","316.5","24.40","16.40","28.85","16.70","47.55","49.10","9.19","18.40","13.35","23.85","13.40","9.21","19.35","19.90","260.5","5680","108.0","13.95","72.0","81.6","16.10","105.5","37.90","73.7","14.05","63.6","31.70","371.0","135.0","28.00","152.0","457.5","15.10","40.95","30.75","39.15","123.5","33.65","15.55","45.05","52.2","290.0","398.0","33.40","41.95","25.75","27.20","241.5","316.0","36.75","231.5","59.4","28.75","100.5","38.05","21.90","15.85","23.70","128.5","13.30","39.80","67.5","110.5","136.0","74.2","216.0","44.70","31.75","86.8","79.7","73.5","40.60","17.65","35.10","11.50","18.05","14.95","346.0","33.30","9.61","8.39","9.41","15.80","9.26","45.90","130.5","114.5","112.5","75.8","25.75","413.0","248.0","114.0","105.0","10.15","42.40","37.05","77.3","247.0","65.4","97.2","33.35","78.3","11.85","75.2","93.7","121.0","88.7","588","443.0","697","457.0","321.5","216.0","346.5","137.5","136.0","88.9","149.0","47.75","125.5","106.5","29.00"
"33.85","26.95","64.9","93.3","74.7","94.0","24.65","24.60","60.3","352.0","43.90","15.90","146.5","37.90","108.5","21.50","48.55","237.0","95.3","250.0","72.8","206.5","88.0","12.30","103.0","326.0","316.5","24.35","16.40","28.85","16.65","47.55","49.10","9.19","18.40","13.30","23.85","13.35","9.21","19.35","19.85","260.5","5680","108.0","14.00","72.1","81.7","16.05","105.0","37.90","73.7","14.05","63.6","31.70","371.0","135.0","28.00","152.0","457.0","15.10","40.95","30.75","39.10","123.5","33.65","15.55","45.05","52.2","290.5","398.0","33.40","41.95","25.75","27.20","241.5","317.5","36.80","231.5","59.4","28.70","100.5","38.05","21.90","15.85","23.70","128.5","13.30","39.85","67.6","110.5","135.5","74.2","216.5","44.80","31.75","86.8","79.8","73.5","40.60","17.60","35.05","11.55","18.05","15.00","346.0","33.25","9.61","8.40","9.40","15.80","9.26","45.90","130.0","114.0","112.5","75.8","26.00","413.5","247.5","114.0","105.0","10.15","42.45","37.10","77.2","247.0","65.4","97.1","33.35","78.2","11.80","75.2","93.4","120.5","88.6","588","443.0","697","457.0","321.5","216.0","346.5","137.5","136.0","88.9","149.0","47.75","126.0","106.5","29.00"
"33.85","27.00","65.0","93.3","74.7","94.0","24.70","24.65","60.3","352.0","43.90","15.95","146.5","37.95","108.5","21.45","48.55","236.5","95.1","250.0","72.8","206.5","87.9","12.35","103.0","325.5","316.5","24.40","16.45","28.85","16.70","47.55","49.10","9.20","18.35","13.30","23.85","13.35","9.21","19.35","19.90","260.5","5675","108.0","13.95","72.1","81.7","16.05","105.0","37.90","73.7","14.00","63.5","31.70","370.0","135.0","27.95","152.0","457.0","15.10","40.95","30.75","39.10","124.0","33.70","15.55","45.00","52.2","290.5","398.0","33.45","41.95","25.75","27.20","241.5","316.5","36.80","231.5","59.5","28.75","100.0","38.05","21.85","15.85","23.70","128.5","13.30","39.80","67.5","110.5","135.5","74.3","216.0","44.70","31.80","86.8","79.8","73.5","40.60","17.60","35.05","11.55","18.05","15.00","346.0","33.25","9.61","8.40","9.40","15.80","9.26","45.90","130.0","114.5","112.5","75.9","25.90","413.0","247.5","113.5","105.0","10.20","42.45","37.10","77.2","247.0","65.5","97.1","33.35","78.2","11.80","75.2","93.4","120.5","88.5","588","443.0","697","457.0","321.5","216.0","346.5","137.5","136.0","88.9","149.0","47.75","126.0","106.5","29.00"
"33.80","26.95","65.0","93.3","74.7","94.0","24.65","24.65","60.3","352.0","43.90","15.95","147.0","37.95","108.5","21.45","48.60","236.5","95.2","250.0","72.9","206.5","87.9","12.35","103.0","325.0","316.5","24.40","16.40","28.85","16.70","47.55","49.10","9.19","18.40","13.25","23.85","13.40","9.21","19.35","19.90","260.5","5680","108.5","13.95","72.1","81.6","16.05","105.5","37.90","73.7","14.00","63.5","31.65","371.0","135.0","27.95","152.0","457.0","15.15","41.00","30.75","39.15","123.5","33.70","15.60","45.05","52.2","290.0","398.0","33.45","41.95","25.70","27.20","241.5","316.5","36.80","232.0","59.6","28.80","100.0","38.05","21.90","15.85","23.70","128.5","13.30","39.80","67.4","111.0","135.5","74.3","216.0","44.70","31.80","86.8","79.7","73.4","40.60","17.60","35.10","11.55","18.05","15.00","346.0","33.25","9.61","8.40","9.40","15.80","9.26","45.90","130.0","114.0","112.5","75.8","25.85","413.0","247.5","113.5","105.0","10.15","42.40","37.10","77.2","247.0","65.5","97.1","33.35","78.2","11.80","75.2","93.4","121.0","88.6","588","443.0","697","457.0","322.0","216.0","346.5","137.5","136.0","88.9","149.0","47.75","125.5","106.5","29.00"
"33.80","26.95","65.0","93.3","74.6","93.9","24.65","24.65","60.3","352.0","43.95","15.90","146.5","37.95","108.5","21.50","48.55","236.5","95.2","249.5","72.9","206.5","88.0","12.30","103.0","325.5","316.5","24.35","16.40","28.85","16.70","47.55","49.10","9.20","18.40","13.30","23.85","13.40","9.21","19.35","19.90","260.0","5680","108.0","13.95","72.1","81.6","16.10","105.0","37.90","73.7","14.05","63.5","31.65","371.0","135.0","27.95","152.0","457.0","15.15","41.00","30.75","39.15","123.5","33.70","15.60","45.05","52.2","290.0","397.0","33.45","41.90","25.70","27.20","241.5","317.0","36.75","232.0","59.5","28.80","100.0","38.00","21.90","15.90","23.70","128.5","13.35","39.80","67.3","111.0","135.5","74.3","215.0","44.65","31.80","86.8","79.8","73.6","40.55","17.60","35.05","11.60","18.10","14.95","346.0","33.30","9.61","8.40","9.40","15.80","9.26","45.90","130.0","114.5","112.5","75.7","25.90","413.0","247.5","113.5","105.0","10.20","42.45","37.10","77.2","247.0","65.5","97.1","33.35","78.2","11.85","75.1","93.4","121.0","88.6","588","443.0","697","457.0","322.0","216.0","346.5","137.5","136.0","88.9","149.0","47.75","125.5","106.5","29.00"
"33.85","26.95","65.0","93.3","74.8","93.9","24.65","24.65","60.3","352.0","43.95","15.90","146.5","37.90","108.5","21.45","48.55","236.5","95.0","249.5","72.9","206.5","87.9","12.35","103.0","325.0","317.0","24.35","16.45","28.85","16.70","47.55","49.10","9.21","18.40","13.30","23.85","13.35","9.21","19.35","19.90","260.0","5685","108.0","13.95","72.2","81.6","16.05","105.0","37.95","73.7","14.05","63.5","31.65","370.5","135.0","28.00","152.0","457.0","15.15","40.95","30.75","39.20","123.5","33.70","15.60","45.05","52.2","289.5","397.0","33.45","41.95","25.70","27.20","241.5","317.0","36.75","232.0","59.4","28.75","100.0","38.10","21.90","15.90","23.70","129.0","13.35","39.80","67.3","111.0","135.5","74.2","215.0","44.70","31.80","86.8","79.8","73.5","40.55","17.60","35.05","11.60","18.10","14.95","346.0","33.30","9.61","8.40","9.40","15.80","9.26","45.90","130.0","114.5","112.5","75.7","25.90","413.5","247.5","113.5","105.0","10.20","42.45","37.10","77.2","246.5","65.5","97.0","33.30","78.3","11.85","75.1","93.4","121.0","88.6","588","443.0","697","457.0","322.0","216.0","346.5","137.5","136.0","88.9","149.0","47.70","125.5","106.5","29.05"
"33.85","26.95","65.0","93.3","74.8","94.0","24.65","24.65","60.3","352.0","43.90","15.95","146.5","37.95","109.0","21.45","48.60","236.5","95.1","249.5","72.8","206.5","87.5","12.35","103.5","325.0","316.5","24.40","16.45","28.85","16.70","47.55","49.10","9.21","18.40","13.25","23.90","13.35","9.21","19.35","19.85","260.0","5690","108.0","13.95","72.2","81.6","16.10","105.0","37.90","73.7","14.05","63.5","31.65","370.5","135.0","28.00","151.5","457.0","15.15","40.90","30.75","39.20","123.5","33.70","15.60","45.05","52.3","290.0","397.0","33.50","41.95","25.70","27.20","241.5","317.0","36.80","232.0","59.4","28.80","100.0","38.10","21.90","15.85","23.70","129.0","13.30","39.80","67.4","111.0","135.5","74.2","215.0","44.70","31.75","86.8","79.9","73.5","40.55","17.60","35.05","11.60","18.10","14.95","346.0","33.30","9.61","8.40","9.40","15.80","9.27","45.90","130.5","114.5","113.0","75.6","25.85","414.5","248.0","113.5","105.0","10.20","42.45","37.10","77.2","246.5","65.5","97.1","33.35","78.3","11.85","75.1","93.4","121.0","88.6","589","443.0","697","457.0","322.0","216.0","346.5","137.0","136.0","88.9","149.0","47.70","126.0","106.5","29.00"
"33.85","26.95","65.0","93.4","74.7","93.9","24.70","24.65","60.3","352.0","43.95","15.95","146.5","37.90","109.0","21.45","48.60","236.5","95.0","249.5","72.9","206.5","87.6","12.35","103.0","325.0","316.5","24.40","16.45","28.85","16.70","47.55","49.10","9.20","18.40","13.30","23.85","13.40","9.21","19.35","19.85","260.0","5685","108.5","13.95","72.1","81.6","16.10","105.0","37.90","73.7","14.00","63.5","31.65","371.0","135.5","28.00","151.5","457.0","15.15","40.90","30.75","39.30","123.5","33.70","15.60","45.05","52.2","290.5","397.0","33.50","41.95","25.70","27.20","241.5","316.0","36.80","232.0","59.3","28.80","100.0","38.10","21.90","15.85","23.70","129.0","13.30","39.75","67.5","111.0","135.5","74.2","213.5","44.65","31.80","86.7","79.8","73.4","40.55","17.65","35.05","11.55","18.10","14.95","346.0","33.25","9.61","8.40","9.40","15.80","9.27","45.90","130.5","114.5","113.0","75.6","25.80","414.5","248.0","113.5","105.0","10.20","42.45","37.10","77.2","246.5","65.5","97.1","33.35","78.3","11.80","75.1","93.4","121.0","88.6","589","443.0","697","457.0","322.0","216.0","346.5","137.5","136.0","88.9","149.0","47.75","126.0","106.5","29.00"
"33.80","26.95","65.0","93.4","74.7","93.9","24.65","24.65","60.3","352.0","43.95","15.90","146.5","37.90","108.5","21.45","48.55","236.5","94.9","250.0","72.8","206.5","87.5","12.35","103.0","324.5","317.0","24.40","16.45","28.80","16.70","47.55","49.10","9.20","18.35","13.30","23.85","13.35","9.21","19.35","19.90","260.0","5660","108.5","14.00","72.1","81.6","16.05","105.0","37.90","73.7","14.00","63.5","31.70","371.5","135.5","28.00","151.5","457.0","15.15","40.90","30.75","39.25","123.5","33.70","15.60","45.00","52.2","290.5","397.0","33.50","41.95","25.70","27.20","241.5","316.0","36.80","232.0","59.2","28.75","100.0","38.10","21.90","15.90","23.70","128.5","13.35","39.75","67.4","111.0","135.5","74.2","213.5","44.65","31.75","86.7","79.8","73.4","40.55","17.60","35.10","11.60","18.10","14.95","346.0","33.25","9.61","8.39","9.40","15.75","9.26","45.90","130.0","114.5","113.0","75.6","25.80","414.5","248.0","113.5","105.5","10.20","42.50","37.10","77.2","246.5","65.5","97.1","33.35","78.3","11.85","75.1","93.6","121.0","88.6","589","443.0","697","457.0","322.0","216.0","346.5","137.5","136.0","88.9","149.0","47.75","126.0","106.5","29.00"
"33.85","26.95","65.0","93.4","74.7","93.9","24.65","24.65","60.3","352.0","43.95","15.95","147.0","37.95","108.5","21.45","48.60","237.0","94.9","250.0","73.0","206.5","87.4","12.30","103.0","324.5","317.0","24.40","16.45","28.85","16.70","47.55","49.10","9.20","18.40","13.25","23.85","13.35","9.21","19.40","19.85","260.0","5665","108.0","13.95","72.2","81.6","16.10","105.5","37.90","73.7","14.00","63.5","31.70","371.5","135.5","28.00","151.5","457.5","15.15","40.90","30.75","39.30","123.5","33.70","15.55","44.95","52.2","290.0","396.5","33.45","42.00","25.70","27.20","241.5","317.0","36.80","232.0","59.3","28.75","100.0","38.10","21.90","15.90","23.75","128.0","13.35","39.75","67.5","111.0","136.0","74.2","214.5","44.80","31.75","86.7","79.9","73.5","40.55","17.65","35.05","11.60","18.10","14.95","346.0","33.25","9.61","8.40","9.40","15.75","9.26","45.90","130.5","114.5","112.5","75.7","25.80","416.0","248.0","113.5","105.0","10.15","42.45","37.10","77.2","246.5","65.6","97.1","33.35","78.3","11.80","75.1","93.6","120.5","88.6","589","443.0","699","457.0","321.5","216.0","346.5","137.5","136.5","88.9","149.0","47.70","125.5","106.5","29.00"
"33.80","26.95","64.9","93.3","74.7","93.9","24.65","24.60","60.3","352.0","43.90","15.95","146.5","37.90","109.0","21.45","48.55","236.5","94.6","250.0","73.0","206.5","87.4","12.35","103.5","324.5","316.5","24.35","16.40","28.90","16.70","47.55","49.10","9.20","18.40","13.30","23.85","13.35","9.20","19.40","19.90","260.0","5670","108.0","14.00","72.1","81.6","16.10","105.0","37.90","73.8","14.05","63.5","31.65","370.5","135.5","28.00","151.5","457.0","15.15","40.90","30.75","39.30","123.5","33.70","15.55","44.75","52.2","290.0","396.5","33.45","42.00","25.70","27.15","241.5","317.5","36.80","232.0","59.4","28.75","100.5","38.05","21.90","15.85","23.70","128.0","13.35","39.75","67.7","111.0","136.0","74.2","214.5","44.90","31.80","86.7","79.9","73.6","40.55","17.65","35.05","11.60","18.05","14.95","346.0","33.25","9.61","8.39","9.40","15.80","9.26","45.85","130.5","114.5","112.5","75.9","25.80","415.5","248.0","113.5","105.0","10.15","42.45","37.10","77.2","246.5","65.5","97.1","33.35","78.3","11.80","75.1","93.6","120.5","88.5","589","443.0","699","457.0","321.5","216.0","347.0","137.5","136.5","88.9","149.0","47.70","125.5","106.5","29.00"
"33.85","26.95","64.9","93.3","74.7","94.0","24.65","24.70","60.3","352.0","43.95","15.95","146.5","37.90","109.0","21.45","48.55","236.5","94.8","250.0","72.9","206.5","87.4","12.30","103.0","324.0","316.5","24.35","16.45","28.85","16.70","47.60","49.10","9.20","18.40","13.30","23.85","13.35","9.21","19.35","19.90","260.0","5670","108.0","14.00","72.2","81.6","16.10","105.0","37.90","73.8","14.05","63.6","31.65","371.0","135.5","28.00","151.5","457.0","15.15","40.90","30.75","39.30","123.5","33.65","15.55","44.80","52.2","290.5","396.5","33.45","42.00","25.70","27.20","241.5","317.5","36.80","232.0","59.5","28.75","100.5","38.10","21.90","15.85","23.75","128.0","13.35","39.75","67.6","111.0","136.0","74.2","214.5","44.95","31.75","86.8","80.0","73.5","40.55","17.65","35.05","11.60","18.10","15.00","346.0","33.25","9.61","8.39","9.40","15.80","9.26","45.85","130.5","114.5","113.0","75.7","25.80","415.0","248.5","114.0","105.0","10.15","42.45","37.10","77.2","246.5","65.5","97.1","33.35","78.3","11.80","75.1","93.7","121.0","88.5","589","443.0","699","457.0","321.5","216.0","347.0","137.5","136.0","88.9","149.0","47.70","126.0","106.5","29.00"
"33.80","26.95","64.9","93.3","74.7","94.0","24.65","24.65","60.3","352.0","44.00","15.95","146.5","37.90","108.5","21.45","48.55","237.0","94.8","249.5","72.9","206.5","87.3","12.35","103.0","324.5","317.0","24.35","16.45","28.85","16.70","47.55","49.10","9.20","18.40","13.25","23.85","13.35","9.21","19.30","19.85","260.0","5670","108.0","14.00","72.2","81.6","16.10","105.0","37.90","73.8","14.00","63.5","31.65","371.0","135.5","28.05","151.5","457.0","15.15","40.90","30.75","39.30","123.5","33.65","15.55","44.70","52.2","290.5","397.0","33.45","42.00","25.70","27.20","241.5","317.5","36.75","232.0","59.3","28.75","101.0","38.05","21.95","15.90","23.70","128.5","13.35","39.80","67.8","111.0","135.5","74.2","214.5","44.90","31.80","86.7","80.0","73.5","40.55","17.55","35.05","11.60","18.10","15.00","346.0","33.25","9.61","8.39","9.40","15.80","9.26","45.85","130.5","114.5","112.5","75.7","25.75","414.5","248.0","114.0","105.0","10.15","42.50","37.15","77.3","246.5","65.5","97.1","33.35","78.3","11.80","75.1","93.8","121.0","88.5","589","443.0","699","457.0","321.5","216.0","347.0","137.5","136.0","88.9","149.0","47.75","125.5","106.5","29.00"
"33.85","26.95","65.0","93.4","74.7","93.9","24.65","24.65","60.3","352.0","44.00","15.90","146.5","37.95","108.5","21.45","48.60","236.5","94.8","249.5","72.9","207.0","87.3","12.30","103.0","325.0","316.5","24.40","16.45","28.85","16.70","47.55","49.10","9.20","18.35","13.25","23.85","13.35","9.21","19.35","19.85","260.0","5670","108.0","14.00","72.3","81.6","16.10","105.0","37.90","73.7","14.05","63.5","31.65","371.0","135.5","28.05","151.5","457.5","15.15","40.90","30.75","39.30","123.5","33.65","15.55","44.80","52.2","290.0","397.0","33.45","42.00","25.70","27.20","241.5","317.5","36.80","232.0","59.5","28.75","101.0","38.05","21.90","15.90","23.75","128.5","13.35","39.80","67.8","111.0","135.5","74.3","214.5","44.90","31.75","86.8","80.0","73.3","40.55","17.60","35.05","11.60","18.10","14.95","346.0","33.25","9.61","8.40","9.40","15.85","9.26","45.85","130.5","115.0","113.0","75.6","25.80","415.0","248.0","114.0","105.0","10.15","42.45","37.10","77.3","246.5","65.5","97.1","33.35","78.3","11.85","75.1","93.8","120.5","88.6","589","443.0","700","457.0","321.5","216.0","347.0","137.5","136.0","88.9","149.0","47.75","125.5","106.5","29.00"
"33.85","26.95","64.9","93.4","74.7","94.0","24.60","24.70","60.4","352.0","44.00","15.90","146.0","37.90","108.5","21.45","48.55","236.5","94.8","249.5","73.0","207.0","87.5","12.30","103.0","324.0","316.5","24.40","16.45","28.85","16.70","47.55","49.10","9.20","18.40","13.30","23.90","13.35","9.21","19.35","19.90","260.0","5670","108.0","13.95","72.1","81.6","16.10","105.0","37.90","73.7","14.05","63.5","31.70","371.5","135.5","28.05","151.5","457.0","15.20","40.90","30.75","39.30","123.5","33.65","15.55","44.90","52.3","290.5","397.0","33.45","42.00","25.70","27.20","241.5","317.5","36.75","232.0","59.4","28.75","101.0","38.10","21.90","15.85","23.70","128.5","13.35","39.75","67.8","111.0","135.5","74.3","213.0","45.00","31.75","86.8","80.0","73.4","40.55","17.60","35.10","11.55","18.10","14.95","346.0","33.25","9.62","8.39","9.40","15.80","9.26","45.85","130.5","115.0","113.0","75.6","25.75","415.0","248.0","114.0","105.0","10.15","42.45","37.10","77.5","246.5","65.6","97.1","33.35","78.3","11.85","75.2","93.8","120.5","88.6","589","443.0","700","457.0","321.5","216.0","347.0","137.5","136.0","88.9","149.0","47.70","126.0","106.5","29.00"
"33.85","26.95","64.9","93.3","74.7","94.0","24.60","24.70","60.4","352.0","44.00","15.95","146.0","37.90","108.5","21.45","48.55","236.5","94.8","249.5","72.9","207.0","87.6","12.30","103.0","324.0","316.5","24.40","16.45","28.85","16.65","47.55","49.10","9.20","18.40","13.30","23.85","13.35","9.21","19.35","19.90","260.0","5670","108.0","13.95","72.1","81.6","16.10","105.0","37.90","73.8","14.00","63.5","31.70","371.0","135.5","28.10","151.5","457.0","15.20","40.90","30.75","39.35","123.5","33.70","15.55","44.90","52.3","290.0","397.0","33.45","42.00","25.70","27.15","241.5","317.5","36.80","231.5","59.5","28.70","101.0","38.05","21.90","15.90","23.70","128.5","13.35","39.75","67.7","111.0","135.5","74.3","213.0","45.10","31.80","86.7","80.0","73.4","40.55","17.60","35.10","11.55","18.10","14.95","346.0","33.25","9.62","8.40","9.40","15.80","9.25","45.90","130.5","114.5","113.0","75.6","25.75","414.5","248.0","113.5","105.0","10.15","42.45","37.10","77.6","246.5","65.6","97.1","33.35","78.3","11.85","75.2","93.8","120.5","88.6","589","443.0","700","457.0","321.5","216.0","347.0","137.5","136.0","88.9","149.5","47.70","125.5","106.5","29.00"
"33.85","27.00","64.9","93.3","74.8","93.9","24.60","24.70","60.3","352.0","44.00","15.95","146.5","37.90","109.0","21.45","48.55","236.5","94.8","249.5","73.0","207.0","87.6","12.35","103.0","324.0","316.0","24.40","16.45","28.85","16.70","47.55","49.10","9.20","18.40","13.30","23.90","13.35","9.20","19.35","19.90","260.0","5670","108.0","13.95","72.3","81.6","16.10","105.5","37.90","73.8","14.05","63.6","31.70","371.0","135.5","28.10","151.5","457.0","15.10","40.90","30.75","39.35","123.0","33.65","15.55","44.85","52.3","290.0","397.0","33.45","41.95","25.70","27.15","241.5","317.5","36.85","231.5","59.4","28.75","100.5","38.10","21.90","15.90","23.70","128.5","13.35","39.75","67.8","111.0","136.0","74.3","212.5","45.05","31.75","86.7","80.1","73.3","40.55","17.60","35.10","11.55","18.10","14.95","346.0","33.35","9.61","8.40","9.40","15.80","9.25","45.90","130.5","114.5","113.0","75.6","25.80","414.0","248.0","113.5","105.0","10.20","42.45","37.10","77.5","246.5","65.5","97.1","33.35","78.3","11.85","75.2","93.8","120.5","88.6","589","443.0","700","457.0","321.5","216.0","347.0","137.5","136.0","88.9","149.0","47.75","125.5","106.5","29.00"
"33.80","27.00","64.9","93.4","74.7","94.0","24.65","24.70","60.3","352.0","44.00","15.95","146.5","37.95","108.5","21.45","48.55","237.0","94.8","249.5","72.9","207.0","87.6","12.35","103.0","324.0","316.0","24.45","16.45","28.85","16.70","47.55","49.10","9.20","18.40","13.25","23.90","13.35","9.20","19.35","19.90","260.0","5680","108.0","13.95","72.3","81.6","16.10","105.5","37.90","73.8","14.05","63.5","31.70","371.0","135.5","28.05","151.5","458.0","15.10","40.90","30.75","39.35","123.0","33.65","15.55","44.85","52.4","290.5","397.0","33.45","41.95","25.70","27.15","241.5","316.5","36.85","232.0","59.5","28.75","101.0","38.10","21.90","15.85","23.70","129.0","13.35","39.75","67.9","111.0","136.0","74.3","214.5","44.90","31.75","86.7","80.0","73.4","40.55","17.60","35.05","11.60","18.10","14.95","346.0","33.35","9.61","8.39","9.41","15.80","9.25","45.85","130.5","114.5","113.0","75.6","25.80","414.0","248.0","113.5","105.0","10.20","42.45","37.10","77.5","246.5","65.4","97.1","33.30","78.3","11.85","75.3","93.8","121.0","88.4","589","442.0","700","457.0","321.5","216.0","347.0","137.5","136.0","88.9","149.0","47.75","126.0","106.5","29.00"
"33.85","27.00","64.9","93.4","74.7","94.0","24.65","24.70","60.3","352.0","44.00","15.95","146.0","37.90","108.5","21.45","48.55","236.5","94.8","249.5","73.0","207.0","87.6","12.35","103.0","324.0","316.0","24.45","16.45","28.85","16.70","47.55","49.10","9.20","18.40","13.25","23.85","13.35","9.21","19.35","19.85","260.5","5680","108.0","14.00","72.2","81.6","16.05","105.0","37.90","73.8","14.00","63.5","31.70","371.0","135.5","28.10","151.5","458.0","15.15","40.90","30.75","39.40","123.5","33.65","15.55","44.85","52.3","290.5","397.0","33.45","41.95","25.70","27.15","241.5","316.0","36.80","231.0","59.5","28.75","101.0","38.10","21.90","15.85","23.70","129.0","13.30","39.75","67.9","111.0","136.0","74.3","214.5","44.95","31.80","86.7","80.1","73.3","40.50","17.65","35.10","11.55","18.05","14.95","345.0","33.35","9.61","8.39","9.41","15.80","9.26","45.85","130.5","114.5","113.0","75.8","25.80","414.5","248.0","113.5","105.0","10.15","42.45","37.10","77.3","246.5","65.4","97.2","33.35","78.3","11.85","75.2","93.8","120.5","88.4","589","442.0","700","457.0","322.0","216.0","347.0","137.5","136.0","88.9","149.0","47.75","126.0","106.5","29.00"
"33.85","27.00","65.0","93.4","74.7","94.1","24.65","24.70","60.3","352.0","43.95","15.90","146.5","37.95","109.0","21.45","48.55","237.0","94.8","249.5","73.3","207.0","87.6","12.30","103.0","325.0","316.0","24.45","16.45","28.90","16.70","47.55","49.10","9.20","18.40","13.25","23.85","13.40","9.21","19.35","19.90","260.0","5685","108.0","13.95","72.3","81.6","16.10","105.5","37.90","73.8","14.00","63.5","31.70","371.0","135.5","28.10","151.5","458.0","15.15","40.90","30.70","39.40","123.0","33.65","15.55","44.80","52.3","290.0","397.0","33.45","41.95","25.70","27.15","241.5","316.0","36.80","231.0","59.5","28.85","100.5","38.10","21.90","15.90","23.70","129.0","13.35","39.75","68.2","111.0","136.0","74.3","214.0","44.95","31.75","86.8","80.0","73.3","40.50","17.65","35.10","11.55","18.05","15.00","345.0","33.35","9.61","8.40","9.41","15.80","9.25","45.85","131.0","114.5","113.0","75.7","25.80","414.5","248.5","113.5","105.0","10.15","42.50","37.10","77.3","246.5","65.4","97.2","33.35","78.3","11.85","75.2","93.8","120.5","88.5","589","442.0","700","457.0","322.5","216.0","347.0","137.5","136.0","88.9","149.0","47.75","125.5","106.5","29.00"
"33.85","27.00","65.0","93.3","74.7","94.1","24.65","24.70","60.3","352.0","44.00","15.90","146.0","37.90","109.0","21.45","48.55","236.5","94.9","249.5","73.3","207.0","87.6","12.30","103.5","324.5","315.5","24.45","16.45","28.85","16.70","47.55","49.10","9.20","18.40","13.30","23.90","13.35","9.21","19.35","19.90","260.0","5685","108.0","14.00","72.3","81.5","16.10","105.5","37.90","73.8","14.05","63.5","31.70","371.0","135.5","28.10","152.0","458.0","15.15","40.90","30.70","39.40","123.5","33.65","15.55","44.75","52.3","290.0","396.5","33.45","41.95","25.70","27.15","241.5","316.0","36.85","231.0","59.5","28.90","101.0","38.05","21.90","15.90","23.70","129.0","13.35","39.75","68.3","111.0","136.0","74.3","214.0","44.95","31.75","86.7","80.0","73.3","40.50","17.60","35.10","11.50","18.05","15.00","345.0","33.30","9.61","8.40","9.40","15.80","9.26","45.85","130.5","114.5","113.0","75.7","25.80","414.5","248.0","113.5","105.0","10.15","42.45","37.15","77.3","246.5","65.3","97.2","33.35","78.4","11.85","75.2","93.8","120.5","88.5","589","442.0","700","457.0","323.5","216.0","347.0","137.5","136.0","88.9","149.0","47.75","125.5","106.5","29.00"
"33.80","27.00","64.9","93.3","74.7","94.1","24.70","24.70","60.3","352.0","43.95","15.95","146.5","37.95","109.0","21.45","48.55","236.5","94.8","249.5","73.2","207.0","87.6","12.30","103.5","324.5","315.5","24.45","16.45","28.85","16.70","47.55","49.10","9.20","18.40","13.30","23.85","13.35","9.21","19.35","19.85","260.0","5685","108.0","13.95","72.3","81.5","16.10","105.0","37.95","73.8","14.05","63.5","31.65","370.5","135.0","28.10","152.0","458.0","15.20","40.90","30.70","39.40","123.5","33.70","15.60","44.75","52.4","290.0","396.5","33.45","41.95","25.70","27.20","241.5","317.0","36.85","231.0","59.6","28.95","100.5","38.10","21.90","15.85","23.70","129.0","13.35","39.75","68.2","111.0","135.5","74.3","214.0","44.95","31.80","86.7","80.0","73.3","40.50","17.65","35.05","11.55","18.00","15.00","345.0","33.30","9.61","8.40","9.40","15.80","9.27","45.90","130.5","114.5","113.5","75.7","25.85","414.5","248.5","113.0","105.0","10.15","42.45","37.10","77.2","246.5","65.3","97.2","33.30","78.3","11.85","75.2","93.7","120.5","88.5","589","442.0","700","457.0","322.5","216.0","347.0","137.5","136.0","88.9","149.0","47.75","126.0","106.5","29.00"
"33.85","27.00","64.9","93.3","74.7","94.1","24.65","24.65","60.3","352.0","44.00","15.95","146.0","37.95","109.0","21.45","48.55","236.5","94.9","249.5","73.3","206.5","87.6","12.35","103.5","325.0","315.5","24.45","16.45","28.80","16.70","47.55","49.10","9.20","18.40","13.25","23.90","13.40","9.21","19.35","19.85","260.0","5680","108.5","13.95","72.4","81.5","16.10","105.5","37.90","73.8","14.05","63.5","31.65","371.0","135.0","28.00","152.0","459.0","15.15","40.90","30.70","39.40","123.5","33.70","15.55","44.70","52.4","290.0","396.5","33.45","42.00","25.75","27.20","241.5","317.0","36.85","231.5","59.4","28.95","100.5","38.05","21.90","15.90","23.70","129.0","13.35","39.80","68.2","111.0","136.0","74.3","214.5","44.95","31.80","86.7","80.0","73.4","40.55","17.65","35.05","11.55","18.00","15.00","345.0","33.30","9.61","8.39","9.40","15.80","9.27","45.90","130.5","114.5","113.5","75.7","25.85","414.5","248.5","113.5","105.0","10.15","42.45","37.10","77.2","246.5","65.4","97.2","33.35","78.4","11.85","75.3","93.9","120.5","88.7","589","442.0","700","457.0","323.0","216.0","347.0","137.5","136.0","88.9","149.0","47.75","125.5","106.5","29.00"
"33.85","27.00","65.0","93.3","74.6","94.1","24.65","24.65","60.3","352.0","44.00","15.95","146.5","37.90","108.5","21.45","48.55","236.5","94.9","249.5","73.3","207.0","87.5","12.30","103.5","324.5","315.5","24.45","16.45","28.85","16.70","47.55","49.10","9.20","18.40","13.30","23.90","13.40","9.20","19.35","19.90","260.0","5680","108.0","14.00","72.4","81.6","16.10","105.0","37.90","73.8","14.00","63.4","31.65","371.0","135.0","28.00","152.0","459.0","15.20","40.90","30.70","39.35","123.5","33.70","15.55","44.65","52.4","290.0","396.5","33.40","42.00","25.75","27.20","241.5","317.0","36.80","231.5","59.5","28.95","100.5","38.05","21.90","15.90","23.70","129.0","13.30","39.80","68.0","111.0","136.0","74.3","214.0","44.95","31.75","86.8","80.0","73.4","40.55","17.65","35.05","11.60","18.00","15.00","345.0","33.35","9.61","8.39","9.40","15.80","9.27","45.90","130.5","114.5","113.5","75.6","25.85","414.5","248.5","114.0","105.0","10.15","42.45","37.15","77.2","247.0","65.4","97.2","33.35","78.3","11.85","75.2","93.8","120.5","88.7","589","442.0","700","456.5","323.0","216.0","347.5","137.5","136.0","88.9","149.0","47.70","125.5","106.5","29.00"
"33.85","27.00","65.0","93.3","74.7","94.1","24.65","24.70","60.3","352.0","43.95","15.95","146.5","37.95","108.5","21.45","48.55","236.5","95.0","249.5","73.3","206.5","87.7","12.30","103.5","324.5","315.0","24.45","16.45","28.85","16.70","47.55","49.10","9.20","18.40","13.25","23.90","13.35","9.21","19.30","19.90","260.0","5680","108.0","13.95","72.3","81.6","16.10","105.5","37.90","73.8","14.05","63.3","31.65","371.0","135.0","28.00","152.0","458.5","15.15","40.90","30.70","39.35","123.5","33.70","15.55","44.60","52.4","289.5","396.0","33.40","42.00","25.75","27.15","241.5","316.5","36.80","231.5","59.5","28.95","100.5","38.10","21.90","15.95","23.70","129.0","13.30","39.75","68.0","110.5","135.5","74.3","215.0","45.00","31.75","86.8","80.0","73.3","40.55","17.65","35.10","11.60","18.00","15.00","345.0","33.35","9.61","8.40","9.40","15.80","9.27","45.90","130.5","115.0","113.5","75.5","25.90","415.5","248.0","114.0","105.0","10.15","42.45","37.10","77.2","246.5","65.4","97.2","33.35","78.4","11.85","75.2","93.8","120.5","88.6","589","442.0","700","456.5","322.5","216.0","348.5","137.5","136.0","88.9","149.0","47.70","126.0","107.0","29.00"
"33.85","27.00","65.0","93.3","74.7","94.1","24.65","24.65","60.3","352.5","44.00","15.95","146.0","37.90","109.0","21.45","48.55","237.0","95.0","249.5","73.3","206.5","87.7","12.35","103.5","324.5","315.0","24.50","16.45","28.80","16.70","47.50","49.10","9.20","18.40","13.30","23.90","13.40","9.20","19.35","19.90","260.0","5680","108.0","13.95","72.3","81.6","16.10","105.0","37.90","73.8","14.10","63.1","31.65","371.0","135.0","28.00","151.5","459.0","15.20","40.95","30.70","39.40","123.5","33.70","15.55","44.65","52.4","289.5","396.0","33.40","42.00","25.75","27.15","241.5","316.0","36.80","232.0","59.5","28.95","100.5","38.10","21.90","16.00","23.70","129.0","13.35","39.75","67.9","110.5","135.5","74.3","215.0","45.00","31.80","86.7","80.0","73.4","40.55","17.65","35.10","11.60","18.00","15.00","345.0","33.25","9.61","8.40","9.40","15.80","9.26","45.90","130.5","115.0","113.5","75.5","25.85","416.5","248.5","114.0","105.0","10.15","42.50","37.10","77.2","246.5","65.4","97.2","33.35","78.3","11.85","75.2","93.8","121.0","88.6","589","442.0","700","456.5","322.5","216.0","348.5","138.0","136.0","88.9","149.0","47.70","125.0","107.0","29.00"
"33.85","27.00","65.0","93.3","74.6","94.1","24.65","24.70","60.3","352.5","43.95","15.90","146.0","37.85","108.5","21.45","48.55","236.5","94.9","249.5","73.4","206.5","87.7","12.35","103.5","324.5","315.0","24.45","16.45","28.85","16.70","47.50","49.10","9.20","18.40","13.25","23.90","13.35","9.21","19.30","19.85","260.5","5680","108.0","13.95","72.4","81.6","16.10","105.0","37.90","73.8","14.05","63.2","31.65","371.0","135.0","28.00","152.0","459.0","15.20","40.95","30.70","39.40","123.5","33.70","15.55","44.45","52.4","289.5","396.0","33.40","42.00","25.75","27.15","241.5","316.0","36.80","231.5","59.5","28.95","100.5","38.05","21.90","16.05","23.70","129.0","13.30","39.75","67.9","110.5","135.5","74.3","215.0","44.90","31.80","86.7","80.0","73.3","40.55","17.65","35.05","11.60","18.00","15.00","345.0","33.25","9.61","8.39","9.40","15.80","9.27","45.90","131.0","115.0","113.5","75.5","25.85","415.5","248.5","114.0","105.0","10.15","42.80","37.15","77.2","246.5","65.5","97.2","33.35","78.3","11.80","75.3","93.8","121.0","88.5","589","443.0","700","456.5","323.0","216.0","348.5","138.0","136.5","88.9","149.0","47.70","125.5","107.0","29.05"
"33.80","27.00","64.9","93.3","74.6","94.1","24.70","24.70","60.4","352.5","44.00","15.90","146.0","37.85","108.5","21.45","48.55","236.5","94.9","249.5","73.3","206.5","87.7","12.30","103.0","324.0","315.5","24.50","16.45","28.85","16.70","47.50","49.10","9.20","18.40","13.30","23.85","13.35","9.20","19.35","19.90","260.0","5680","108.0","13.95","72.3","81.5","16.10","105.5","37.90","73.8","14.05","63.2","31.65","370.5","135.5","28.00","152.0","459.0","15.20","40.95","30.70","39.40","123.5","33.70","15.55","44.55","52.4","289.5","396.0","33.40","42.00","25.75","27.15","241.5","317.0","36.80","231.5","59.5","28.95","100.0","38.10","21.90","16.05","23.70","129.0","13.35","39.80","67.9","110.5","135.5","74.3","214.5","44.75","31.80","86.8","80.0","73.2","40.60","17.65","35.05","11.60","18.00","15.00","345.0","33.25","9.61","8.39","9.40","15.80","9.26","45.90","130.5","115.0","113.0","75.6","25.85","415.5","248.0","114.0","105.0","10.20","42.80","37.10","77.2","246.5","65.5","97.1","33.30","78.3","11.80","75.3","93.8","120.5","88.6","589","443.0","700","456.5","323.5","216.0","348.5","138.0","136.5","88.9","149.0","47.65","125.5","107.0","29.05"
"33.85","27.05","65.0","93.3","74.7","94.1","24.65","24.65","60.4","352.5","44.00","15.90","146.0","37.85","108.5","21.45","48.55","237.0","94.8","249.5","73.3","206.5","87.7","12.30","103.0","324.5","315.5","24.45","16.40","28.85","16.70","47.55","49.10","9.20","18.40","13.25","23.90","13.40","9.20","19.35","19.85","260.0","5680","108.0","13.95","72.2","81.5","16.10","105.5","37.95","73.8","14.10","63.3","31.60","371.0","135.5","28.00","152.0","459.0","15.20","40.95","30.70","39.40","123.5","33.65","15.50","44.60","52.4","289.5","396.0","33.40","42.00","25.75","27.15","241.5","317.0","36.80","231.5","59.5","28.95","100.0","38.10","21.90","16.05","23.70","129.0","13.30","39.75","67.8","110.5","136.0","74.3","214.5","44.70","31.80","86.8","79.6","73.3","40.60","17.65","35.05","11.60","18.00","14.95","345.0","33.35","9.61","8.39","9.40","15.80","9.26","45.85","131.0","114.5","113.0","75.6","25.85","415.0","248.0","114.0","105.0","10.20","42.85","37.10","77.3","246.5","65.5","97.1","33.30","78.3","11.80","75.2","93.8","120.5","88.7","589","442.0","700","456.5","324.0","216.0","348.5","137.5","136.5","88.9","149.0","47.70","125.0","107.0","29.00"
"33.85","27.05","65.0","93.3","74.7","94.0","24.65","24.70","60.4","352.5","44.00","15.95","146.5","37.90","108.5","21.45","48.60","236.5","94.7","249.0","73.3","206.5","87.7","12.30","103.5","324.5","315.0","24.45","16.40","28.85","16.75","47.55","49.10","9.20","18.40","13.25","23.90","13.35","9.21","19.30","19.90","260.0","5680","108.0","13.95","72.2","81.5","16.10","105.0","37.90","73.8","14.05","63.3","31.60","370.5","135.5","28.00","152.0","459.0","15.15","40.90","30.70","39.40","123.0","33.70","15.50","44.55","52.4","290.0","396.0","33.40","42.00","25.75","27.15","241.5","317.0","36.80","231.5","59.6","28.95","100.0","38.10","21.90","16.10","23.70","128.5","13.30","39.75","67.9","110.5","136.0","74.3","214.5","44.70","31.80","86.7","80.0","73.3","40.60","17.65","35.05","11.60","18.00","14.95","345.0","33.35","9.61","8.39","9.40","15.80","9.27","45.85","130.5","114.5","113.0","75.6","25.85","415.0","248.5","114.0","105.5","10.15","42.80","37.10","77.2","246.5","65.5","97.1","33.35","78.3","11.85","75.2","93.9","120.5","88.7","589","442.0","700","457.0","324.5","216.0","348.5","137.5","136.0","88.9","149.0","47.65","125.0","107.0","29.05"
"33.85","27.05","64.9","93.3","74.7","94.1","24.65","24.70","60.3","352.5","44.00","15.90","146.5","37.85","108.0","21.45","48.55","236.5","94.7","250.0","73.4","206.5","87.7","12.30","103.5","324.5","315.0","24.45","16.45","28.85","16.75","47.55","49.10","9.21","18.40","13.30","23.90","13.40","9.20","19.30","19.90","260.0","5680","108.5","14.00","72.3","81.6","16.10","105.0","37.90","73.8","14.05","63.4","31.60","370.5","135.5","28.00","152.0","459.0","15.20","40.90","30.70","39.40","123.5","33.70","15.50","44.70","52.4","289.5","396.0","33.40","42.00","25.75","27.15","241.0","316.0","36.80","231.5","59.6","28.95","100.5","38.10","21.90","16.05","23.65","129.0","13.30","39.80","68.0","110.5","135.5","74.3","213.0","44.80","31.85","86.8","80.0","73.2","40.60","17.55","35.00","11.50","18.00","15.00","345.0","33.35","9.61","8.39","9.40","15.80","9.26","45.85","130.5","114.5","113.0","75.5","25.85","414.5","248.0","114.0","105.0","10.15","42.85","37.15","77.2","246.5","65.5","97.1","33.35","78.2","11.85","75.2","93.9","120.5","89.0","589","442.0","700","457.0","324.0","216.0","348.5","137.5","136.0","88.9","149.0","47.70","125.0","106.5","29.00"
"33.85","27.10","64.9","93.3","74.7","94.1","24.65","24.70","60.3","352.5","44.00","15.90","146.5","37.85","108.5","21.45","48.55","236.5","94.7","250.0","73.3","206.5","87.7","12.30","103.0","324.5","315.0","24.45","16.40","28.85","16.75","47.55","49.10","9.20","18.40","13.25","23.90","13.35","9.20","19.30","19.85","260.0","5680","108.0","13.95","72.4","81.7","16.10","105.5","37.95","73.8","14.05","63.4","31.60","371.0","135.0","28.00","152.0","458.5","15.20","40.90","30.70","39.45","123.0","33.70","15.50","44.70","52.4","289.5","396.0","33.40","42.00","25.75","27.15","241.0","316.0","36.80","231.5","59.7","28.90","100.5","38.10","21.90","16.15","23.65","129.0","13.30","39.75","68.0","110.5","135.5","74.3","213.5","44.80","31.80","86.8","80.0","73.3","40.55","17.60","35.00","11.55","18.00","15.00","345.0","33.35","9.61","8.39","9.40","15.80","9.26","45.85","130.5","114.5","113.0","75.5","25.85","414.0","248.0","114.0","105.0","10.15","42.80","37.10","77.2","247.0","65.6","97.1","33.35","78.1","11.85","75.3","93.9","120.5","88.9","589","442.0","700","457.0","324.0","216.0","348.5","137.5","136.0","89.0","149.0","47.65","125.5","106.5","29.00"
"33.85","27.05","64.9","93.3","74.7","94.0","24.65","24.70","60.4","352.5","44.00","15.95","146.0","37.90","108.5","21.45","48.60","236.5","94.7","250.0","73.3","207.0","87.6","12.30","103.0","324.5","315.0","24.45","16.45","28.85","16.75","47.55","49.10","9.20","18.40","13.30","23.90","13.35","9.20","19.35","19.85","260.0","5680","108.0","14.00","72.4","81.7","16.15","105.0","37.90","73.8","14.05","63.3","31.60","371.0","135.5","28.05","152.0","458.5","15.20","40.90","30.70","39.45","123.0","33.70","15.50","44.70","52.4","289.5","396.0","33.40","42.00","25.75","27.15","241.5","315.5","36.80","231.5","59.6","28.90","100.5","38.05","21.90","16.10","23.65","129.0","13.35","39.75","67.8","110.5","135.5","74.3","213.5","44.80","31.85","86.8","79.6","73.3","40.50","17.60","35.05","11.55","18.00","14.95","345.0","33.30","9.61","8.40","9.40","15.80","9.26","45.85","130.5","114.5","113.0","75.5","25.85","414.0","248.0","114.0","105.0","10.15","42.85","37.10","77.1","247.0","65.4","97.0","33.35","78.1","11.85","75.3","93.9","120.5","88.8","589","442.0","700","457.0","324.5","216.0","348.5","137.5","136.0","89.0","149.0","47.65","125.5","106.5","29.00"
"33.85","27.05","64.9","93.3","74.7","94.0","24.65","24.65","60.4","352.5","43.95","15.95","146.0","37.90","108.5","21.45","48.55","236.5","94.8","250.0","73.4","207.0","87.6","12.30","103.5","324.5","315.0","24.45","16.40","28.85","16.70","47.55","49.10","9.20","18.40","13.30","23.85","13.40","9.20","19.30","19.90","260.0","5675","108.0","13.95","72.4","81.7","16.15","105.0","37.90","73.8","14.05","63.3","31.60","371.0","135.5","28.00","152.0","458.5","15.15","40.90","30.70","39.40","123.0","33.75","15.50","44.70","52.4","289.5","396.0","33.40","42.00","25.75","27.15","241.5","315.5","36.80","231.0","59.6","28.90","100.5","38.10","21.90","16.05","23.70","129.0","13.30","39.75","67.8","110.5","135.5","74.3","214.0","44.80","31.80","86.8","80.0","73.3","40.55","17.55","35.05","11.55","18.00","14.95","344.0","33.30","9.61","8.39","9.40","15.80","9.26","45.85","130.5","114.5","113.0","75.5","25.90","414.0","248.0","113.5","105.0","10.15","42.75","37.05","77.0","247.0","65.4","97.0","33.35","78.1","11.85","75.3","93.9","120.5","88.7","589","442.0","700","457.0","324.5","216.0","348.0","137.5","136.0","89.0","149.5","47.65","125.5","106.5","29.00"
"33.80","27.05","64.9","93.3","74.7","94.0","24.65","24.70","60.4","352.5","44.00","15.90","146.0","37.90","108.5","21.45","48.55","236.5","94.8","249.5","73.3","207.0","87.6","12.30","103.0","324.5","315.0","24.45","16.40","28.80","16.70","47.55","49.15","9.20","18.40","13.30","23.90","13.35","9.20","19.30","19.85","260.0","5675","108.0","13.95","72.4","81.6","16.15","105.0","37.90","73.8","14.05","63.3","31.60","370.5","135.5","28.00","152.0","458.5","15.20","40.90","30.70","39.40","123.5","33.75","15.50","44.65","52.4","289.5","396.0","33.40","42.00","25.75","27.15","241.5","315.5","36.75","231.0","59.7","28.90","100.0","38.05","21.85","16.05","23.65","129.5","13.35","39.70","67.8","111.0","136.0","74.3","214.0","44.80","31.85","86.7","80.1","73.2","40.55","17.55","35.05","11.55","18.00","14.95","344.0","33.30","9.61","8.40","9.40","15.80","9.27","45.90","130.5","114.5","113.0","75.5","25.85","414.0","248.0","114.0","105.0","10.15","42.75","37.10","77.0","247.0","65.5","97.0","33.35","78.1","11.85","75.3","93.9","120.5","88.7","589","442.0","700","457.0","324.0","216.0","348.0","137.5","136.0","89.0","149.5","47.65","125.5","106.5","29.05"
"33.85","27.10","64.9","93.4","74.7","94.1","24.70","24.70","60.4","352.5","43.95","15.90","146.5","37.90","108.0","21.45","48.55","237.0","94.8","249.5","73.4","207.5","87.7","12.30","103.5","324.5","315.0","24.45","16.45","28.85","16.75","47.55","49.10","9.20","18.40","13.30","23.90","13.40","9.20","19.30","19.90","260.5","5675","108.0","13.95","72.4","81.6","16.15","105.0","37.90","73.8","14.05","63.4","31.60","370.5","135.5","28.00","152.0","458.5","15.20","40.95","30.75","39.40","123.5","33.80","15.50","44.65","52.4","289.5","396.5","33.40","42.00","25.75","27.15","241.5","315.5","36.70","231.0","59.6","28.90","100.0","38.05","21.85","16.10","23.70","129.0","13.35","39.70","67.7","111.0","136.0","74.3","214.0","44.75","31.85","86.7","80.3","73.3","40.50","17.60","35.05","11.55","18.00","15.00","344.0","33.30","9.61","8.39","9.40","15.80","9.26","45.95","130.5","115.0","113.0","75.5","25.85","413.5","248.5","114.0","105.0","10.15","42.75","37.10","76.8","246.5","65.5","97.0","33.35","78.1","11.80","75.3","93.9","120.5","88.7","589","442.0","700","457.0","325.0","216.0","348.0","137.5","136.5","89.0","149.5","47.65","125.0","106.5","29.05"
"33.80","27.10","64.9","93.3","74.7","94.0","24.65","24.70","60.4","352.5","44.00","15.95","146.0","37.90","108.5","21.40","48.60","236.5","94.8","250.0","73.3","207.5","87.7","12.30","103.0","325.0","315.0","24.45","16.45","28.80","16.70","47.55","49.10","9.20","18.40","13.30","23.90","13.35","9.20","19.35","19.85","260.0","5675","108.0","13.95","72.4","81.6","16.15","105.0","37.90","73.9","14.05","63.4","31.60","371.0","135.5","28.00","151.5","458.5","15.20","40.90","30.75","39.40","123.5","33.80","15.50","44.65","52.4","289.5","396.5","33.45","42.05","25.75","27.15","241.5","315.5","36.70","231.0","59.7","28.90","100.5","38.05","21.90","16.10","23.65","129.0","13.35","39.70","67.7","111.0","136.0","74.3","214.0","44.75","31.90","86.7","80.3","73.3","40.50","17.60","35.05","11.55","18.00","14.95","344.0","33.30","9.62","8.40","9.39","15.80","9.26","45.95","131.0","115.0","113.5","75.4","25.90","413.5","248.0","114.0","105.0","10.15","42.75","37.10","76.9","246.5","65.5","97.0","33.35","78.1","11.85","75.2","93.9","120.5","88.8","589","442.0","700","457.0","326.0","216.0","348.0","138.0","136.5","89.0","149.5","47.65","125.5","106.5","29.00"
"33.85","27.10","64.9","93.2","74.7","94.0","24.65","24.70","60.4","352.5","44.00","15.95","146.0","37.90","108.5","21.40","48.55","237.0","94.9","250.0","73.3","207.5","87.7","12.30","103.0","325.0","314.5","24.50","16.40","28.85","16.75","47.55","49.10","9.20","18.40","13.25","23.85","13.35","9.20","19.30","19.90","260.0","5670","108.0","13.95","72.4","81.6","16.15","105.0","37.95","73.8","14.05","63.4","31.60","371.0","135.5","28.05","151.5","459.0","15.20","40.90","30.75","39.40","123.5","33.75","15.50","44.65","52.4","289.5","396.5","33.40","42.05","25.70","27.15","241.0","316.0","36.70","231.5","59.7","28.90","100.0","38.05","21.90","16.10","23.65","128.5","13.40","39.75","67.8","111.0","136.0","74.3","214.0","44.75","31.90","86.8","80.3","73.3","40.50","17.60","35.05","11.55","18.05","14.95","344.0","33.30","9.62","8.40","9.39","15.80","9.25","45.95","131.0","115.0","113.0","75.4","25.80","413.5","248.5","114.0","105.5","10.20","42.75","37.10","76.8","246.0","65.5","96.9","33.35","78.1","11.85","75.3","93.9","120.5","88.8","589","442.0","700","457.0","326.0","216.0","348.0","138.0","136.5","89.0","149.5","47.70","125.5","106.5","29.05"
"33.85","27.10","64.8","93.2","74.7","94.1","24.65","24.65","60.3","352.5","43.95","15.95","146.0","37.85","108.0","21.40","48.60","237.0","94.9","249.5","73.3","207.5","87.7","12.30","103.0","324.5","313.5","24.50","16.45","28.80","16.75","47.55","49.10","9.20","18.40","13.30","23.85","13.35","9.20","19.35","19.90","260.0","5670","108.5","13.95","72.4","81.6","16.15","105.5","37.90","73.7","14.05","63.4","31.60","371.0","135.5","28.00","152.0","459.0","15.20","40.90","30.75","39.40","123.5","33.75","15.50","44.70","52.4","289.5","396.5","33.40","42.00","25.70","27.15","241.0","317.0","36.70","231.5","59.7","28.90","100.0","38.05","21.90","16.10","23.65","128.5","13.35","39.75","67.8","111.0","136.0","74.3","213.5","44.75","31.85","86.8","80.3","73.2","40.50","17.65","35.05","11.55","18.05","14.95","344.0","33.30","9.62","8.40","9.39","15.80","9.25","45.95","131.0","114.5","113.0","75.4","25.85","413.5","248.0","114.0","105.5","10.20","42.70","37.05","76.7","246.5","65.5","96.8","33.35","78.1","11.80","75.3","94.0","120.5","88.7","589","442.0","700","457.0","325.0","216.0","348.0","138.0","136.5","89.0","149.5","47.65","125.0","106.5","29.00"
"33.80","27.05","64.8","93.3","74.7","94.0","24.65","24.65","60.4","352.5","44.00","15.95","146.0","37.90","108.5","21.40","48.60","236.5","94.9","249.5","73.3","207.5","87.7","12.30","103.5","324.5","313.0","24.50","16.45","28.80","16.75","47.55","49.10","9.20","18.40","13.25","23.85","13.35","9.21","19.30","19.85","260.0","5670","108.0","13.95","72.3","81.6","16.15","105.5","37.90","73.7","14.05","63.4","31.60","370.5","135.5","28.00","152.0","459.0","15.20","40.90","30.70","39.40","123.0","33.75","15.50","44.70","52.4","289.5","396.5","33.40","42.00","25.70","27.15","241.0","317.0","36.70","231.5","59.6","28.95","100.0","38.05","21.90","16.10","23.65","128.5","13.40","39.80","67.8","111.0","136.0","74.3","213.5","44.80","31.85","86.8","80.3","73.2","40.50","17.65","35.10","11.55","18.05","14.95","344.0","33.25","9.62","8.39","9.39","15.80","9.25","45.95","130.5","114.5","113.0","75.4","25.90","414.0","248.5","114.0","105.5","10.20","42.70","37.05","76.8","247.5","65.5","96.8","33.35","78.0","11.85","75.2","93.9","121.0","88.7","589","442.0","700","457.0","325.0","216.0","348.0","137.5","136.5","89.0","149.5","47.65","125.0","106.5","29.00"
"33.80","27.05","64.9","93.3","74.7","94.0","24.65","24.70","60.4","354.0","44.00","15.95","146.5","37.85","108.5","21.40","48.55","237.0","95.0","249.5","73.2","207.5","87.8","12.30","103.5","325.0","313.0","24.45","16.45","28.80","16.70","47.55","49.05","9.20","18.40","13.25","23.90","13.35","9.20","19.35","19.85","260.0","5670","108.0","13.95","72.4","81.6","16.15","105.0","37.90","73.7","14.05","63.4","31.60","370.5","136.0","28.00","152.0","459.5","15.15","40.90","30.70","39.40","123.0","33.75","15.50","44.75","52.4","289.5","396.5","33.40","42.00","25.70","27.15","241.0","315.5","36.70","231.5","59.6","28.90","100.0","38.10","21.85","16.05","23.75","128.0","13.40","39.80","67.8","111.0","136.0","74.3","213.5","44.75","31.85","86.8","80.3","73.3","40.50","17.65","35.10","11.55","18.00","14.95","344.0","33.25","9.62","8.40","9.40","15.80","9.26","45.95","130.5","114.5","113.0","75.4","25.85","414.0","248.5","113.5","105.5","10.20","42.65","37.05","76.8","247.5","65.5","96.7","33.40","78.0","11.85","75.2","93.9","120.5","88.7","589","442.0","700","457.0","325.0","216.0","347.5","137.5","136.5","89.0","149.5","47.70","125.0","106.5","29.00"
"33.80","27.05","64.8","93.2","74.7","94.0","24.65","24.65","60.4","355.0","43.95","15.95","146.5","37.90","108.5","21.40","48.60","237.0","95.0","249.5","73.2","207.0","87.8","12.30","103.5","325.0","313.0","24.45","16.45","28.80","16.75","47.55","49.05","9.20","18.40","13.25","23.90","13.35","9.20","19.30","19.85","260.0","5670","108.0","14.00","72.4","81.6","16.15","105.0","37.90","73.7","14.10","63.4","31.50","371.0","135.5","28.00","152.0","459.5","15.15","40.95","30.70","39.40","123.5","33.75","15.50","44.75","52.4","289.5","396.5","33.40","42.00","25.70","27.15","241.0","316.0","36.75","231.5","59.7","28.90","100.0","38.10","21.90","16.10","23.80","128.0","13.40","39.85","67.8","111.0","136.0","74.3","214.0","44.80","31.85","86.8","80.3","73.3","40.50","17.65","35.05","11.55","18.05","15.00","344.0","33.25","9.62","8.40","9.40","15.80","9.25","45.95","130.5","115.0","113.0","75.5","25.85","414.0","249.0","114.0","105.5","10.15","42.60","37.10","76.8","247.5","65.5","96.7","33.35","78.1","11.85","75.3","93.9","120.5","88.7","589","442.0","702","457.0","325.0","216.0","347.5","137.5","136.5","89.0","150.0","47.65","125.5","106.5","29.05"
"33.80","27.05","64.8","93.2","74.7","94.0","24.65","24.70","60.4","355.0","44.00","15.90","146.0","37.90","108.5","21.40","48.60","237.0","94.9","249.0","73.3","207.5","87.7","12.30","103.5","324.5","313.0","24.45","16.45","28.80","16.75","47.55","49.05","9.19","18.40","13.30","23.90","13.40","9.21","19.30","19.85","260.0","5670","108.0","14.00","72.3","81.6","16.15","105.0","37.90","73.8","14.05","63.5","31.55","370.5","136.0","28.00","152.0","459.5","15.20","40.90","30.70","39.35","123.5","33.75","15.50","44.75","52.4","289.5","396.5","33.40","42.00","25.80","27.15","241.0","315.5","36.70","231.5","59.6","28.90","100.0","38.05","21.90","16.05","23.80","128.0","13.40","39.90","67.8","110.5","136.0","74.3","214.0","44.75","31.90","86.7","80.3","73.3","40.50","17.65","35.05","11.55","18.05","14.95","344.0","33.25","9.62","8.39","9.39","15.80","9.26","45.95","130.5","115.0","113.0","75.5","25.85","414.0","249.5","114.0","105.0","10.15","42.65","37.10","76.9","246.5","65.5","96.8","33.35","78.0","11.85","75.2","93.9","120.5","88.7","589","442.0","702","457.5","325.0","216.0","347.5","137.5","136.5","89.0","150.0","47.65","125.5","106.5","29.05"
"33.80","27.05","64.8","93.3","74.7","94.0","24.65","24.70","60.4","355.0","44.00","15.90","146.5","37.85","108.5","21.45","48.60","237.0","94.9","249.0","73.3","207.5","87.8","12.30","103.5","325.0","313.5","24.50","16.45","28.80","16.75","47.55","49.05","9.19","18.40","13.25","23.85","13.40","9.21","19.35","19.90","260.0","5670","108.0","14.00","72.3","81.6","16.15","105.0","37.95","73.8","14.05","63.4","31.55","370.5","135.5","28.00","152.0","459.0","15.15","40.90","30.70","39.35","123.5","33.70","15.50","44.70","52.4","289.5","396.0","33.40","42.00","25.80","27.15","241.0","315.5","36.70","232.0","59.5","28.90","100.0","38.10","21.90","16.05","23.80","128.0","13.40","39.90","67.8","110.5","136.0","74.3","213.5","44.70","31.85","86.7","80.3","73.3","40.50","17.60","35.05","11.55","18.05","14.95","343.5","33.25","9.62","8.39","9.39","15.85","9.25","46.00","130.5","114.5","113.0","75.5","25.90","414.0","251.0","114.0","105.5","10.15","42.60","37.05","77.0","246.5","65.5","96.7","33.35","78.0","11.85","75.2","94.0","120.5","88.7","589","442.0","702","457.5","324.5","216.0","348.0","137.5","136.5","88.9","150.0","47.65","125.5","106.5","29.05"
"33.80","27.05","64.9","93.3","74.7","94.1","24.65","24.70","60.4","355.0","44.00","15.90","146.5","37.90","108.5","21.40","48.60","236.5","95.0","249.0","73.3","207.5","87.8","12.35","103.0","324.5","314.0","24.50","16.45","28.80","16.70","47.55","49.00","9.19","18.35","13.25","23.85","13.40","9.21","19.30","19.90","260.0","5685","108.0","13.95","72.3","81.6","16.15","105.0","37.90","73.8","14.05","63.4","31.50","370.5","135.5","28.00","151.5","459.0","15.20","40.95","30.70","39.35","123.5","33.70","15.50","44.70","52.5","289.5","394.5","33.40","42.00","25.70","27.15","241.0","316.5","36.70","232.0","59.7","28.90","100.0","38.15","21.90","16.05","23.80","128.5","13.40","39.90","67.8","111.0","136.0","74.3","214.0","44.70","31.90","86.7","80.4","73.3","40.50","17.65","35.05","11.55","18.05","14.95","343.5","33.25","9.62","8.39","9.39","15.85","9.25","46.00","130.5","114.5","113.0","75.5","25.85","414.0","251.5","114.0","105.0","10.20","42.60","37.10","76.9","246.5","65.5","96.7","33.35","78.0","11.85","75.3","93.9","120.5","88.8","589","442.0","702","457.5","325.5","216.0","348.0","138.0","136.5","88.9","150.0","47.70","125.5","106.5","29.05"
"33.80","27.10","64.8","93.3","74.7","94.0","24.65","24.70","60.3","355.0","44.00","15.90","146.0","37.90","108.5","21.45","48.60","236.5","95.0","249.0","73.4","207.5","87.8","12.35","103.5","324.0","314.0","24.50","16.45","28.80","16.75","47.55","49.00","9.19","18.40","13.25","23.90","13.40","9.20","19.30","19.90","260.0","5685","108.0","13.95","72.4","81.5","16.10","105.0","37.90","73.8","14.05","63.4","31.50","371.0","135.0","28.00","151.5","459.0","15.20","41.00","30.70","39.35","123.5","33.65","15.50","44.75","52.5","289.5","394.5","33.40","42.00","25.75","27.15","241.0","315.5","36.70","231.5","59.6","28.90","100.0","38.15","21.90","16.05","23.80","128.5","13.40","39.90","67.8","111.0","136.0","74.3","214.0","44.70","31.90","86.7","80.8","73.3","40.50","17.65","35.05","11.55","18.05","14.95","343.5","33.25","9.62","8.39","9.39","15.80","9.25","46.00","130.0","114.5","113.0","75.5","25.85","414.0","252.5","114.0","105.0","10.20","42.60","37.10","77.0","246.5","65.6","96.7","33.35","78.1","11.85","75.3","94.0","120.5","88.8","589","442.0","702","457.5","325.5","216.0","348.0","137.5","136.5","88.9","150.0","47.70","125.0","106.5","29.15"
"33.80","27.10","64.8","93.5","74.7","94.1","24.65","24.65","60.3","355.0","44.00","15.90","146.5","37.90","108.0","21.45","48.60","236.5","95.0","249.0","73.4","207.5","87.8","12.35","103.5","324.0","314.0","24.50","16.45","28.80","16.70","47.55","49.00","9.19","18.40","13.30","23.85","13.40","9.20","19.30","19.85","260.0","5685","108.5","14.00","72.4","81.5","16.15","105.0","37.90","73.8","14.05","63.5","31.50","370.5","135.0","28.00","151.5","459.0","15.15","40.95","30.70","39.35","123.5","33.65","15.50","44.75","52.5","289.5","394.5","33.40","41.95","25.80","27.15","241.0","317.0","36.65","231.5","59.6","28.90","100.0","38.20","21.85","16.05","23.80","128.5","13.40","39.85","67.8","111.0","136.0","74.2","213.5","44.80","31.85","86.8","80.7","73.2","40.50","17.60","35.05","11.55","18.05","14.95","343.5","33.25","9.62","8.39","9.39","15.80","9.26","46.00","130.5","114.5","113.0","75.5","26.10","414.0","252.0","114.0","105.5","10.20","42.60","37.10","77.0","246.5","65.6","96.7","33.35","78.0","11.85","75.3","94.0","120.5","88.7","589","442.0","702","458.0","325.5","216.0","348.0","137.5","136.5","88.9","150.0","47.65","125.5","106.5","29.20"
"33.80","27.05","64.8","93.4","74.7","94.1","24.70","24.65","60.3","355.0","44.00","15.90","146.5","37.90","108.5","21.45","48.60","237.0","95.0","249.0","73.3","207.5","87.8","12.35","103.5","324.5","315.0","24.50","16.45","28.80","16.70","47.55","48.95","9.19","18.40","13.25","23.85","13.40","9.20","19.35","19.90","260.0","5685","108.0","13.95","72.4","81.7","16.15","105.0","37.90","73.8","14.05","63.4","31.50","371.0","135.0","28.00","151.5","459.0","15.15","40.95","30.70","39.25","123.5","33.65","15.50","44.75","52.4","289.5","394.5","33.40","41.95","25.80","27.20","241.0","317.0","36.65","231.5","59.7","28.90","100.5","38.15","21.95","16.05","23.80","128.5","13.40","39.80","67.8","110.5","136.0","74.2","214.0","44.75","31.90","86.8","80.8","73.3","40.50","17.60","35.05","11.55","18.05","14.95","343.5","33.25","9.61","8.40","9.40","15.80","9.26","46.00","130.5","114.5","113.0","75.4","26.05","414.0","252.5","113.5","105.5","10.20","42.60","37.10","77.1","246.5","65.6","96.7","33.30","78.0","11.85","75.2","93.9","120.5","88.7","589","442.0","702","458.0","325.5","216.0","348.0","137.5","136.5","88.9","149.5","47.65","125.5","106.5","29.20"
"33.80","27.05","64.8","93.5","74.7","94.0","24.70","24.70","60.4","354.5","44.00","15.90","146.5","37.90","108.5","21.65","48.60","237.0","95.0","249.0","73.3","207.5","87.9","12.30","103.0","324.5","314.5","24.50","16.45","28.80","16.75","47.60","48.95","9.19","18.40","13.30","23.90","13.40","9.21","19.30","19.85","260.0","5695","108.5","13.95","72.4","81.6","16.10","105.0","37.90","73.8","14.05","63.5","31.50","371.0","135.5","28.00","151.5","458.5","15.15","40.95","30.70","39.25","123.5","33.65","15.50","44.75","52.4","289.5","394.5","33.40","41.95","25.80","27.20","241.0","317.0","36.70","231.5","59.7","28.90","100.0","38.20","21.90","16.00","23.80","129.0","13.40","39.80","67.9","110.5","136.0","74.2","214.5","44.75","31.85","86.8","80.8","73.3","40.50","17.65","35.05","11.55","18.05","14.95","344.0","33.25","9.62","8.39","9.39","15.80","9.26","46.20","130.0","114.5","113.0","75.4","26.00","414.5","253.5","114.0","105.0","10.15","42.60","37.10","77.0","246.5","65.6","96.6","33.30","78.1","11.85","75.3","93.9","120.5","88.7","589","442.0","702","457.0","325.5","216.0","348.0","138.0","136.5","88.9","149.5","47.65","125.0","106.5","29.20"
"33.80","27.05","64.9","93.3","74.7","94.0","24.70","24.70","60.4","354.5","44.00","15.90","146.5","37.90","108.5","21.75","48.60","237.0","95.0","249.5","73.3","207.5","87.9","12.30","103.5","325.0","314.5","24.50","16.45","28.80","16.75","47.55","48.95","9.19","18.40","13.25","23.90","13.40","9.21","19.35","19.85","260.0","5720","108.0","13.95","72.4","81.6","16.15","105.0","37.90","73.8","14.05","63.4","31.55","371.0","135.5","28.00","151.5","458.0","15.20","40.95","30.70","39.25","123.0","33.65","15.50","44.80","52.4","289.0","394.5","33.40","42.00","25.80","27.20","241.0","317.0","36.65","232.0","59.8","28.90","100.0","38.20","21.95","16.05","23.80","129.0","13.40","39.80","68.0","111.0","136.0","74.3","215.0","44.75","31.85","86.8","81.0","73.2","40.50","17.65","35.05","11.50","18.05","14.95","344.0","33.25","9.62","8.39","9.39","15.80","9.26","46.35","130.5","114.5","113.0","75.4","26.00","415.0","253.0","114.0","105.0","10.15","42.60","37.10","77.0","246.5","65.6","96.7","33.30","78.0","11.85","75.3","93.9","120.5","88.7","589","442.0","702","457.0","325.5","216.0","348.0","138.0","136.5","88.9","149.5","47.65","125.0","106.5","29.20"
"33.80","27.05","64.9","93.3","74.6","94.0","24.75","24.70","60.3","354.5","44.00","15.90","146.5","37.85","109.0","21.75","48.60","237.0","95.0","249.5","73.4","207.5","87.9","12.30","103.5","324.5","315.0","24.70","16.50","28.80","16.70","47.55","48.95","9.19","18.40","13.30","23.90","13.35","9.20","19.30","19.90","260.0","5730","108.0","14.00","72.4","81.6","16.15","105.0","37.90","73.8","14.05","63.5","31.50","370.5","135.5","28.00","151.5","458.5","15.15","40.95","30.70","39.25","123.0","33.65","15.50","44.80","52.4","289.5","394.5","33.40","42.00","25.75","27.20","241.0","316.0","36.65","231.5","59.8","28.90","100.5","38.20","21.90","16.05","23.80","129.5","13.40","39.85","68.0","111.0","135.5","74.3","215.0","44.75","31.85","86.9","81.0","73.2","40.45","17.65","35.05","11.55","18.05","14.95","344.0","33.25","9.62","8.39","9.39","15.80","9.27","46.65","130.5","114.5","113.0","75.5","26.00","415.5","253.5","114.0","105.5","10.20","42.55","37.10","76.8","247.0","65.5","96.9","33.35","78.0","11.85","75.3","93.9","120.5","88.8","588","442.5","702","458.0","325.5","216.0","348.0","138.0","136.5","88.9","149.5","47.70","125.0","106.5","29.20"
"33.80","27.05","64.9","93.4","74.7","94.1","24.70","24.70","60.3","354.5","44.00","15.90","146.5","37.90","109.0","21.70","48.60","237.0","95.0","249.5","73.4","207.5","87.9","12.30","103.5","325.0","314.0","24.70","16.50","28.75","16.70","47.55","48.95","9.19","18.40","13.25","23.90","13.35","9.20","19.35","19.90","260.0","5730","108.5","14.00","72.5","81.6","16.15","105.0","37.90","73.8","14.05","63.4","31.55","370.5","135.5","28.00","152.0","458.0","15.20","41.00","30.70","39.25","123.0","33.70","15.50","44.85","52.4","289.5","394.5","33.40","42.00","25.75","27.20","241.0","317.0","36.65","231.5","59.9","28.90","100.5","38.20","21.90","16.05","23.85","129.0","13.45","39.80","68.2","111.0","135.5","74.3","214.5","44.80","31.85","86.9","81.3","73.3","40.45","17.60","35.05","11.55","18.05","15.00","344.0","33.25","9.62","8.40","9.40","15.80","9.28","46.70","130.5","114.5","113.0","75.4","25.95","415.5","253.0","114.0","105.5","10.20","42.60","37.10","76.9","247.0","65.6","96.9","33.35","78.0","11.85","75.3","94.0","120.5","88.7","588","442.5","702","458.0","325.0","216.0","348.0","138.0","136.5","88.9","149.5","47.65","125.0","106.5","29.20"
"33.80","27.05","64.9","93.4","74.7","94.0","24.70","24.70","60.3","354.5","44.00","15.95","146.5","37.90","109.0","21.70","48.60","236.5","95.1","249.5","73.3","207.5","88.0","12.30","103.5","325.0","314.5","24.75","16.50","28.80","16.75","47.55","48.95","9.19","18.40","13.30","23.90","13.35","9.21","19.30","19.90","260.0","5725","108.0","14.00","72.4","81.6","16.10","105.0","37.90","73.9","14.10","63.5","31.55","370.0","135.5","28.00","152.0","458.0","15.20","40.90","30.70","39.20","123.0","33.70","15.50","44.80","52.4","289.0","394.5","33.40","42.00","25.75","27.20","241.0","316.5","36.70","231.5","60.0","28.95","100.5","38.25","21.90","16.00","23.80","129.0","13.40","39.80","68.1","111.0","135.5","74.3","214.5","44.80","31.90","86.9","81.4","73.3","40.40","17.60","35.05","11.55","18.05","14.95","344.0","33.25","9.62","8.39","9.40","15.80","9.28","46.70","130.5","114.5","113.0","75.5","25.95","415.5","253.0","114.0","105.0","10.15","42.55","37.05","76.9","247.0","65.6","96.9","33.35","78.0","11.85","75.4","94.0","121.0","88.7","588","442.5","702","458.0","325.0","216.0","348.0","137.5","136.5","88.9","149.5","47.65","125.0","106.5","29.20"
"33.80","27.05","64.9","93.4","74.7","94.1","24.70","24.70","60.4","355.5","44.00","15.95","147.0","37.90","108.5","21.60","48.60","237.0","95.1","249.5","73.4","207.5","88.3","12.30","103.5","325.0","314.5","24.75","16.50","28.75","16.75","47.55","48.95","9.19","18.40","13.25","23.90","13.35","9.21","19.30","19.85","260.0","5725","108.0","14.00","72.5","81.6","16.10","105.0","37.90","73.8","14.10","63.4","31.55","371.0","135.5","27.95","152.0","458.5","15.20","40.90","30.70","39.20","123.5","33.70","15.50","44.80","52.4","289.0","394.5","33.40","42.00","25.75","27.20","241.0","316.5","36.60","232.0","60.0","28.95","100.0","38.20","21.90","16.00","23.80","129.0","13.40","39.80","68.3","111.0","135.5","74.2","214.5","44.85","31.85","86.8","81.4","73.2","40.40","17.60","35.00","11.50","18.05","14.95","344.0","33.25","9.61","8.40","9.40","15.80","9.27","46.70","130.5","114.5","113.0","75.5","26.00","415.0","252.5","114.0","105.5","10.15","42.60","37.05","77.0","247.0","65.6","96.9","33.35","78.0","11.85","75.4","93.9","120.5","88.7","588","442.5","702","458.0","324.5","216.0","348.0","137.5","136.5","88.9","149.5","47.70","125.5","106.5","29.20"
"33.80","27.05","64.9","93.4","74.7","94.1","24.70","24.65","60.4","355.5","44.00","15.95","146.5","37.90","108.5","21.60","48.60","236.5","95.0","249.5","73.4","207.0","88.4","12.35","103.5","324.5","314.5","24.70","16.50","28.80","16.70","47.55","48.95","9.20","18.40","13.25","23.90","13.35","9.20","19.35","19.85","260.0","5720","108.0","13.95","72.5","81.7","16.15","105.5","37.90","73.8","14.05","63.4","31.55","371.0","135.5","28.00","152.0","458.5","15.20","40.95","30.70","39.20","123.5","33.70","15.50","44.70","52.4","289.0","394.5","33.40","42.00","25.75","27.20","241.0","316.5","36.60","232.0","59.8","29.00","100.0","38.15","21.90","16.00","23.80","129.0","13.40","39.80","68.3","111.0","135.5","74.2","214.5","44.85","31.85","86.9","81.4","73.3","40.40","17.60","35.00","11.55","18.05","14.95","344.0","33.25","9.62","8.40","9.40","15.80","9.28","46.75","131.0","115.0","113.0","75.5","26.00","415.0","252.0","114.0","105.0","10.15","42.55","37.05","76.9","247.0","65.5","97.0","33.35","78.0","11.85","75.4","93.9","120.5","88.7","588","442.5","702","458.0","324.5","216.0","348.0","137.5","136.5","88.9","149.5","47.70","125.0","106.5","29.15"
"33.75","27.05","64.9","93.4","74.7","94.1","24.75","24.65","60.3","355.5","44.00","15.90","146.5","37.85","108.5","21.55","48.60","237.0","95.0","249.5","73.4","207.5","88.2","12.30","103.5","325.5","314.0","24.70","16.50","28.75","16.70","47.55","48.95","9.20","18.35","13.25","23.90","13.40","9.20","19.30","19.85","260.0","5730","108.5","13.95","72.3","81.6","16.15","105.0","37.90","73.8","14.05","63.4","31.55","371.0","135.5","27.95","152.0","458.5","15.20","40.95","30.75","39.20","123.5","33.70","15.50","44.70","52.4","289.0","394.5","33.40","42.00","25.80","27.20","241.0","316.0","36.60","231.5","59.8","29.00","100.0","38.15","21.90","16.05","23.80","129.0","13.40","39.85","68.3","111.0","135.5","74.4","214.5","44.85","31.85","86.9","81.5","73.2","40.45","17.60","35.00","11.55","18.00","14.95","344.0","33.25","9.61","8.40","9.40","15.80","9.27","46.70","130.5","114.5","113.0","75.4","25.95","415.0","253.0","114.0","105.5","10.15","42.55","37.10","76.9","247.0","65.5","97.0","33.35","78.0","11.85","75.4","93.9","121.0","88.7","588","442.0","702","458.0","324.0","216.0","348.0","138.0","136.5","88.9","149.5","47.65","125.0","106.5","29.15"
"33.75","27.05","64.9","93.3","74.7","94.0","24.65","24.70","60.4","355.5","43.95","15.95","146.5","37.90","108.5","21.55","48.60","236.5","95.0","249.5","73.4","207.5","88.2","12.35","103.0","325.0","314.5","24.70","16.50","28.80","16.70","47.55","48.95","9.20","18.40","13.25","23.90","13.40","9.20","19.30","19.90","260.0","5730","108.0","13.95","72.4","81.6","16.10","105.0","37.90","73.8","14.05","63.4","31.60","370.5","135.5","27.95","152.0","458.0","15.20","40.95","30.75","39.20","123.5","33.70","15.50","44.80","52.4","289.0","394.5","33.35","41.95","25.80","27.20","241.0","316.5","36.70","231.5","59.8","29.00","100.0","38.20","21.90","16.05","23.80","129.0","13.40","39.85","68.4","111.0","135.5","74.4","214.5","44.80","31.85","86.9","81.4","73.3","40.40","17.65","35.00","11.55","18.05","14.95","344.0","33.25","9.61","8.40","9.40","15.80","9.27","46.75","131.0","114.5","113.0","75.4","25.95","415.0","252.5","114.0","105.0","10.15","42.55","37.05","76.9","247.0","65.5","97.0","33.35","78.0","11.85","75.4","93.9","120.5","88.7","591","442.0","702","458.0","324.0","216.0","348.0","137.5","136.5","88.9","149.5","47.65","125.5","106.5","29.15"
"33.80","27.05","64.9","93.4","74.8","94.1","24.65","24.65","60.4","355.5","44.00","15.95","146.5","37.90","109.0","21.55","48.60","236.5","95.0","249.0","73.4","207.5","88.2","12.30","103.0","326.0","314.0","24.65","16.50","28.80","16.70","47.55","48.95","9.20","18.40","13.30","23.90","13.40","9.20","19.30","19.85","260.0","5730","108.5","13.95","72.4","81.6","16.15","105.0","37.90","73.9","14.00","63.4","31.60","371.0","135.5","28.00","152.0","458.0","15.15","40.90","30.75","39.20","123.0","33.70","15.50","44.85","52.4","289.0","394.5","33.40","41.95","25.80","27.20","241.0","316.5","36.70","231.5","59.7","29.00","100.5","38.20","21.90","16.05","23.75","129.0","13.40","39.90","68.5","111.0","135.5","74.4","214.5","44.80","31.90","86.9","81.2","73.3","40.40","17.60","35.00","11.55","18.00","14.95","344.0","33.25","9.62","8.40","9.40","15.80","9.28","46.75","131.0","115.0","113.0","75.3","26.00","415.0","253.0","114.0","105.0","10.15","42.55","37.10","77.0","246.5","65.5","97.0","33.35","78.0","11.85","75.5","93.9","121.0","88.7","588","442.0","702","458.0","324.0","216.0","348.0","137.5","136.5","88.9","149.5","47.65","125.0","106.5","29.15"
"33.80","27.05","64.9","93.3","74.8","94.1","24.65","24.70","60.3","355.5","43.95","15.95","146.5","37.90","109.0","21.55","48.60","236.5","95.1","249.0","73.5","207.5","88.2","12.35","103.5","326.0","314.0","24.65","16.50","28.80","16.70","47.55","48.95","9.20","18.35","13.25","23.90","13.35","9.21","19.30","19.85","260.0","5745","108.0","13.95","72.5","81.7","16.10","105.0","37.90","73.9","14.05","63.5","31.60","371.0","135.5","27.95","152.0","458.0","15.15","40.90","30.75","39.20","123.0","33.70","15.50","44.80","52.4","289.0","394.5","33.40","41.95","25.75","27.20","241.0","316.5","36.70","232.0","59.8","29.00","100.5","38.20","21.90","16.05","23.75","128.5","13.35","39.95","68.9","110.5","135.5","74.4","214.5","44.85","31.90","86.8","81.2","73.3","40.40","17.60","35.00","11.55","18.05","14.90","344.0","33.25","9.62","8.40","9.40","15.80","9.28","46.70","130.5","114.5","113.0","75.3","26.00","415.0","252.5","114.0","105.5","10.20","42.55","37.10","76.9","246.5","65.5","97.0","33.35","78.0","11.85","75.5","93.9","120.5","88.8","592","442.0","702","458.0","324.0","216.0","348.0","137.5","136.5","88.9","149.5","47.65","125.5","106.5","29.20"
"33.80","27.05","64.9","93.4","74.8","94.0","24.65","24.70","60.3","355.5","43.95","15.90","146.5","37.85","109.0","21.55","48.60","236.5","95.1","249.0","73.5","207.5","87.9","12.30","103.5","326.0","314.0","24.65","16.50","28.80","16.70","47.50","48.95","9.20","18.40","13.25","23.90","13.40","9.21","19.30","19.85","260.0","5760","108.0","14.00","72.5","81.7","16.15","105.0","37.90","73.9","14.05","63.5","31.60","371.0","135.5","27.95","152.0","458.0","15.20","40.95","30.75","39.20","123.0","33.65","15.50","44.80","52.5","289.0","394.5","33.40","41.95","25.75","27.20","241.0","316.5","36.70","232.0","59.8","29.05","100.5","38.20","21.90","16.05","23.80","128.5","13.40","39.90","69.1","110.5","135.0","74.4","214.5","44.90","31.85","86.9","81.2","73.2","40.40","17.65","35.00","11.55","18.00","14.95","344.0","33.25","9.62","8.40","9.40","15.80","9.28","46.75","130.5","114.5","113.0","75.4","26.05","415.5","251.5","114.0","105.5","10.15","42.55","37.10","76.9","246.5","65.5","96.8","33.35","78.0","11.85","75.5","93.9","120.5","88.8","588","442.0","702","458.0","323.5","216.0","348.0","137.5","136.5","88.9","149.5","47.65","125.0","106.5","29.20"
"33.80","27.05","64.9","93.4","74.8","94.1","24.65","24.70","60.4","355.5","43.95","15.90","146.5","37.90","108.5","21.55","48.60","237.0","95.0","249.0","73.4","207.5","87.9","12.30","103.5","326.5","314.0","24.65","16.45","28.80","16.75","47.50","48.95","9.20","18.40","13.30","23.85","13.35","9.21","19.35","19.85","260.0","5760","108.0","14.00","72.5","81.9","16.10","105.0","37.90","73.9","14.05","63.5","31.60","371.0","135.5","27.95","152.0","458.0","15.20","40.95","30.75","39.20","123.0","33.65","15.50","44.80","52.5","289.0","394.5","33.40","41.95","25.80","27.20","241.0","317.0","36.65","232.0","59.8","29.00","100.5","38.20","21.90","16.05","23.80","128.5","13.40","39.90","68.8","110.5","135.0","74.4","214.5","44.90","31.90","86.9","81.1","73.3","40.35","17.60","35.00","11.60","18.00","14.95","344.0","33.25","9.62","8.40","9.40","15.80","9.28","46.75","131.0","114.5","113.0","75.4","26.05","415.5","252.5","114.0","106.0","10.15","42.60","37.10","76.8","246.0","65.5","96.8","33.35","78.0","11.80","75.5","93.9","120.5","88.8","588","442.0","702","457.5","324.0","216.0","348.0","137.5","136.5","88.9","149.5","47.70","125.5","106.5","29.20"
"33.80","27.05","64.9","93.4","74.8","94.1","24.70","24.70","60.4","355.0","43.95","15.90","147.0","37.90","108.5","21.55","48.60","236.5","95.0","249.0","73.4","207.5","88.0","12.30","103.5","326.5","314.0","24.65","16.45","28.80","16.75","47.55","48.95","9.20","18.35","13.30","23.90","13.35","9.21","19.30","19.90","260.0","5750","108.5","13.95","72.5","81.9","16.15","105.0","37.90","73.9","14.10","63.5","31.60","370.5","135.5","27.95","152.5","458.0","15.20","40.90","30.75","39.25","123.0","33.75","15.55","44.85","52.4","289.0","394.5","33.40","41.95","25.75","27.20","241.0","317.0","36.70","232.0","59.8","29.00","100.5","38.20","21.95","16.05","23.80","128.5","13.35","39.90","68.6","110.5","135.0","74.2","214.5","44.90","31.85","86.9","81.0","73.3","40.35","17.60","35.00","11.60","18.05","14.90","344.0","33.25","9.62","8.41","9.40","15.80","9.28","46.75","130.5","114.5","113.0","75.4","26.00","415.5","252.5","114.0","106.0","10.20","42.55","37.10","76.9","246.5","65.5","96.8","33.35","78.1","11.85","75.5","93.8","120.5","88.9","589","442.0","702","457.5","324.5","216.0","348.5","138.0","136.5","88.9","149.5","47.65","125.5","106.5","29.20"
"33.80","27.05","64.9","93.4","74.8","94.0","24.65","24.70","60.4","355.0","43.95","15.90","146.5","37.90","108.5","21.60","48.60","236.5","95.0","249.0","73.4","207.5","88.1","12.30","103.0","327.0","313.5","24.65","16.45","28.80","16.70","47.50","48.95","9.20","18.35","13.30","23.90","13.40","9.21","19.35","19.90","260.0","5755","108.5","13.95","72.5","81.8","16.15","105.0","37.90","73.9","14.10","63.6","31.60","371.0","135.5","27.95","152.5","457.5","15.15","40.95","30.75","39.25","123.0","33.65","15.55","44.85","52.4","289.0","394.5","33.35","41.95","25.75","27.20","241.0","317.0","36.80","231.5","59.8","29.00","100.5","38.20","21.90","16.05","23.80","129.0","13.35","39.85","68.5","110.5","135.5","74.2","214.5","44.95","31.80","86.9","81.0","73.3","40.40","17.60","35.00","11.60","18.05","14.90","344.0","33.25","9.62","8.40","9.40","15.80","9.28","46.70","130.5","115.0","113.0","75.4","26.00","415.0","253.0","114.0","106.0","10.20","42.55","37.10","76.9","246.5","65.5","96.8","33.35","78.0","11.85","75.4","93.8","120.5","88.8","591","442.0","702","457.5","325.5","216.0","348.5","137.5","136.5","88.9","149.5","47.70","125.5","106.5","29.25"
"33.75","27.05","64.9","93.4","74.8","94.1","24.70","24.70","60.3","355.0","43.95","15.95","146.5","37.90","108.5","21.55","48.60","236.5","94.9","249.5","73.4","207.5","88.0","12.30","103.5","326.0","314.0","24.65","16.50","28.80","16.70","47.50","48.95","9.20","18.40","13.25","23.90","13.35","9.21","19.30","19.90","260.0","5760","108.5","13.95","72.5","81.9","16.10","105.0","37.90","73.9","14.10","63.7","31.60","371.0","135.5","27.95","152.5","457.5","15.20","40.90","30.75","39.25","123.0","33.70","15.50","44.80","52.4","289.0","394.5","33.40","41.95","25.75","27.20","241.0","316.0","36.75","231.0","59.8","29.00","100.5","38.20","21.90","16.10","23.80","129.0","13.40","39.90","68.6","111.0","135.0","74.2","214.5","45.00","31.80","86.9","81.0","73.2","40.40","17.65","35.00","11.55","18.05","14.95","344.0","33.25","9.62","8.40","9.39","15.80","9.28","46.70","131.0","115.0","113.0","75.4","26.00","415.0","253.0","113.5","106.0","10.15","42.55","37.10","76.9","246.5","65.5","96.8","33.35","78.0","11.80","75.5","93.8","120.5","88.8","591","442.0","700","458.0","325.5","216.0","348.5","137.5","136.5","88.9","149.5","47.70","126.0","106.5","29.25"
"33.75","27.05","64.9","93.4","74.8","94.0","24.65","24.70","60.3","355.0","43.95","15.90","146.5","37.90","109.0","21.55","48.60","237.0","94.9","249.5","73.4","207.5","88.1","12.30","103.0","325.5","313.5","24.65","16.50","28.80","16.70","47.50","48.95","9.20","18.35","13.30","23.90","13.40","9.22","19.35","19.90","260.0","5760","108.0","13.95","72.4","81.9","16.15","105.0","37.90","73.9","14.05","63.7","31.60","371.0","135.5","27.95","152.5","457.5","15.20","40.90","30.75","39.25","123.0","33.75","15.50","44.85","52.4","289.0","394.5","33.40","41.95","25.70","27.20","241.0","316.0","36.75","231.0","59.8","29.00","100.5","38.20","21.95","16.05","23.80","129.0","13.40","39.85","68.9","111.0","135.0","74.1","214.0","44.95","31.80","86.9","81.0","73.3","40.35","17.65","35.00","11.55","18.05","14.90","344.0","33.25","9.62","8.39","9.39","15.80","9.29","46.70","131.5","115.0","113.0","75.4","26.00","415.0","252.5","113.5","105.5","10.15","42.55","37.10","76.9","246.5","65.5","96.8","33.40","78.0","11.85","75.4","93.8","121.0","88.8","591","442.0","700","458.0","325.0","216.0","348.5","137.5","136.5","88.9","149.5","47.70","125.5","106.5","29.25"
"33.75","27.05","64.9","93.4","74.8","94.1","24.70","24.65","60.4","355.0","43.90","15.95","146.5","37.90","108.5","21.60","48.60","237.0","94.9","249.5","73.3","207.5","88.1","12.30","103.5","326.0","313.5","24.65","16.50","28.80","16.75","47.55","48.95","9.20","18.35","13.30","23.85","13.40","9.22","19.30","19.85","260.0","5760","108.0","14.00","72.4","81.8","16.15","105.0","37.90","73.9","14.10","63.7","31.60","370.5","135.5","27.90","152.0","457.5","15.25","40.90","30.70","39.25","123.0","33.65","15.50","44.90","52.4","289.0","394.5","33.40","42.00","25.70","27.20","241.0","317.0","36.75","231.5","59.8","29.00","100.5","38.20","21.95","16.10","23.80","129.0","13.40","39.80","68.9","111.0","135.0","74.1","214.5","44.95","31.85","86.9","81.2","73.3","40.35","17.60","35.00","11.55","18.00","14.95","344.0","33.25","9.62","8.39","9.39","15.80","9.28","46.65","131.5","114.5","113.0","75.3","26.00","415.0","253.0","114.0","106.0","10.20","42.55","37.10","77.0","246.5","65.5","96.8","33.40","78.0","11.80","75.4","93.8","120.5","88.9","591","442.0","700","459.0","324.5","216.0","348.5","137.5","136.5","88.9","149.5","47.70","125.5","106.5","29.25"
"33.75","27.10","64.9","93.4","74.8","94.1","24.70","24.65","60.3","355.0","43.90","15.90","146.5","37.85","108.5","21.60","48.60","237.0","94.9","249.5","73.3","207.5","88.1","12.30","103.5","326.5","313.5","24.60","16.50","28.80","16.70","47.50","48.95","9.20","18.40","13.25","23.90","13.40","9.22","19.35","19.85","260.0","5760","108.0","13.95","72.4","81.8","16.10","105.0","37.90","73.9","14.10","63.6","31.60","371.0","135.5","27.95","152.0","457.5","15.30","40.90","30.70","39.25","123.0","33.65","15.50","44.95","52.4","289.0","395.0","33.35","42.00","25.70","27.20","241.0","317.0","36.75","232.0","59.8","29.00","100.5","38.15","21.95","16.10","23.85","129.0","13.40","39.80","68.9","111.0","135.0","74.1","214.5","44.95","31.85","86.8","81.2","73.4","40.35","17.60","35.00","11.55","18.05","14.90","344.0","33.30","9.62","8.40","9.39","15.80","9.28","46.65","131.5","114.5","113.0","75.3","26.00","415.0","252.5","114.0","105.5","10.15","42.55","37.10","77.0","246.5","65.4","96.7","33.40","78.0","11.80","75.5","93.8","120.5","88.9","591","442.0","700","458.5","324.5","216.0","348.5","137.5","137.0","88.9","149.5","47.70","126.0","106.5","29.25"
"33.75","27.10","64.9","93.4","74.8","94.1","24.70","24.70","60.3","355.0","43.90","15.90","146.5","37.85","108.5","21.60","48.60","237.0","94.8","249.5","73.4","207.5","88.2","12.30","103.0","326.0","313.5","24.65","16.50","28.80","16.70","47.50","48.95","9.20","18.40","13.30","23.85","13.35","9.22","19.35","19.85","260.0","5765","108.5","13.95","72.4","81.8","16.15","105.0","37.90","73.9","14.10","63.6","31.60","371.0","135.5","27.95","152.0","458.0","15.25","40.95","30.70","39.25","123.0","33.70","15.50","44.95","52.4","289.0","395.0","33.40","42.00","25.70","27.20","241.0","317.0","36.75","232.0","59.7","28.95","100.5","38.15","21.90","16.10","23.85","129.0","13.35","39.85","68.9","111.0","135.0","74.1","214.5","44.95","31.80","86.8","81.1","73.3","40.40","17.60","35.00","11.60","18.00","14.90","343.5","33.30","9.62","8.40","9.40","15.80","9.28","46.70","131.5","114.5","113.0","75.3","25.95","415.0","252.5","114.0","106.0","10.15","42.55","37.10","77.0","246.5","65.4","96.7","33.40","78.0","11.80","75.5","93.6","120.5","89.0","591","442.0","700","459.0","324.5","216.0","348.5","137.5","137.0","88.9","149.5","47.65","126.0","106.5","29.25"
"33.75","27.10","64.9","93.4","74.8","94.1","24.70","24.70","60.3","355.0","43.90","15.95","146.0","37.85","108.5","21.60","48.60","236.5","94.9","249.5","73.3","207.5","88.2","12.30","103.0","326.0","313.0","24.65","16.45","28.80","16.70","47.50","48.95","9.19","18.40","13.25","23.90","13.40","9.21","19.30","19.85","260.0","5765","108.0","13.95","72.4","81.9","16.15","105.0","37.90","73.9","14.10","63.6","31.60","371.0","135.5","27.95","152.0","458.0","15.25","40.90","30.70","39.25","123.0","33.65","15.45","45.00","52.4","289.0","395.0","33.35","42.00","25.70","27.20","241.0","317.0","36.75","232.0","59.5","29.00","100.0","38.20","21.90","16.05","23.80","128.5","13.35","39.80","68.9","111.0","135.5","74.1","214.0","44.95","31.80","86.8","81.1","73.3","40.35","17.60","35.00","11.60","18.05","14.95","343.5","33.30","9.62","8.40","9.40","15.80","9.27","46.65","131.5","114.5","113.0","75.2","25.95","415.0","253.0","114.0","105.5","10.15","42.55","37.05","77.0","246.5","65.5","96.7","33.40","78.0","11.80","75.5","93.6","120.5","88.9","591","442.0","700","459.0","325.0","216.0","348.5","137.5","137.0","88.9","149.5","47.65","126.0","106.5","29.25"
"33.75","27.10","64.9","93.4","74.8","94.2","24.70","24.70","60.3","355.0","43.90","15.95","146.0","37.85","108.5","21.60","48.60","237.0","94.9","249.5","73.4","207.5","88.3","12.30","103.5","326.0","313.5","24.65","16.50","28.80","16.70","47.50","48.95","9.19","18.40","13.25","23.90","13.35","9.22","19.30","19.90","260.0","5760","108.5","14.00","72.5","81.8","16.15","105.0","37.90","73.9","14.10","63.5","31.55","371.0","135.5","27.90","152.0","458.0","15.25","40.90","30.75","39.20","123.5","33.65","15.50","45.10","52.4","289.0","395.0","33.40","41.95","25.70","27.20","241.0","317.0","36.75","231.5","59.6","29.00","100.5","38.20","21.90","16.10","23.80","129.0","13.35","39.80","68.9","111.0","135.5","74.1","214.5","44.95","31.80","86.8","81.1","73.4","40.40","17.60","35.00","11.60","18.05","14.95","343.5","33.30","9.62","8.40","9.40","15.80","9.27","46.65","131.5","114.5","113.0","75.1","25.95","414.5","252.5","113.5","106.0","10.15","42.50","37.10","76.9","246.5","65.5","96.7","33.40","78.0","11.80","75.4","93.6","120.5","88.9","591","442.0","700","459.0","325.0","216.0","348.5","137.5","137.5","88.9","149.5","47.65","126.0","106.5","29.25"
"33.75","27.10","64.9","93.4","74.9","94.2","24.70","24.65","60.4","355.0","43.90","15.95","146.0","37.85","108.5","21.55","48.60","237.0","94.9","249.0","73.4","207.5","88.3","12.30","103.5","326.0","313.0","24.65","16.50","28.80","16.70","47.50","48.95","9.19","18.40","13.30","23.90","13.40","9.22","19.30","19.90","260.0","5760","108.5","14.00","72.5","81.8","16.10","105.0","37.90","73.9","14.05","63.6","31.55","371.0","135.5","27.90","152.0","458.0","15.25","40.90","30.75","39.25","123.0","33.75","15.50","45.05","52.4","289.0","395.0","33.40","41.95","25.70","27.20","241.0","317.0","36.70","231.5","59.6","28.95","100.5","38.15","21.95","16.10","23.80","129.0","13.35","39.80","69.0","110.5","135.5","74.1","214.5","44.95","31.80","86.8","81.2","73.4","40.40","17.60","35.00","11.55","18.05","14.90","343.5","33.30","9.62","8.40","9.39","15.80","9.27","46.65","131.5","114.5","113.0","75.1","25.95","414.0","252.5","113.5","106.0","10.15","42.50","37.10","77.0","247.0","65.5","96.7","33.35","78.1","11.85","75.5","93.6","120.5","88.8","591","442.0","700","459.0","325.0","216.0","348.5","137.5","137.5","89.0","149.5","47.70","126.0","106.5","29.25"
"33.75","27.05","64.9","93.4","74.9","94.2","24.70","24.65","60.4","355.0","43.85","15.90","146.5","37.85","108.5","21.60","48.60","236.5","94.9","249.0","73.4","207.5","88.3","12.30","103.5","326.0","313.0","24.65","16.50","28.80","16.70","47.50","48.95","9.19","18.35","13.30","23.90","13.40","9.21","19.35","19.90","260.0","5760","108.0","13.95","72.5","81.8","16.10","105.0","37.90","73.9","14.05","63.6","31.60","371.0","135.5","27.90","152.0","458.0","15.20","40.90","30.75","39.25","123.0","33.65","15.50","45.00","52.4","289.0","395.0","33.40","41.95","25.70","27.20","241.0","317.0","36.75","231.5","59.6","29.00","100.0","38.20","21.95","16.10","23.80","129.0","13.35","39.80","69.0","110.5","135.5","74.1","214.0","44.90","31.80","86.9","81.1","73.3","40.40","17.60","35.00","11.60","18.05","14.90","343.5","33.30","9.62","8.40","9.39","15.80","9.27","46.60","131.0","115.0","113.0","75.1","25.95","414.0","252.5","114.0","106.0","10.15","42.50","37.10","77.0","247.0","65.5","96.7","33.35","78.2","11.85","75.4","93.6","121.0","88.8","591","442.0","700","459.0","325.0","216.0","348.5","137.5","137.0","89.0","149.5","47.70","126.0","106.5","29.25"
"33.75","27.10","64.9","93.4","74.9","94.2","24.65","24.70","60.3","355.0","43.90","15.95","146.0","37.90","109.0","21.55","48.60","237.0","94.8","249.0","73.4","207.5","88.3","12.30","103.5","325.5","313.0","24.65","16.45","28.80","16.70","47.50","48.95","9.20","18.35","13.30","23.90","13.40","9.21","19.30","19.90","260.0","5755","108.0","14.00","72.5","81.8","16.15","105.0","37.90","74.0","14.10","63.5","31.60","371.0","135.5","27.90","152.0","457.5","15.25","40.90","30.75","39.25","123.5","33.65","15.50","45.00","52.4","289.5","395.0","33.35","41.95","25.70","27.20","241.0","317.0","36.70","232.0","59.6","29.00","100.0","38.20","21.90","16.10","23.80","128.5","13.35","39.85","68.8","110.5","135.0","74.1","214.0","44.85","31.85","86.8","81.1","73.3","40.40","17.60","35.00","11.60","18.00","14.90","343.5","33.30","9.62","8.40","9.39","15.80","9.28","46.55","131.0","115.0","113.0","75.2","25.95","413.5","252.5","114.0","106.0","10.15","42.55","37.10","77.0","247.5","65.5","96.7","33.35","78.1","11.85","75.4","93.6","121.0","88.8","591","442.0","700","459.0","324.5","216.0","348.5","137.5","137.0","89.0","149.5","47.70","126.0","106.5","29.25"
"33.75","27.10","64.8","93.4","74.8","94.2","24.70","24.65","60.4","355.5","43.90","15.95","146.0","37.85","108.5","21.60","48.60","236.5","94.8","249.5","73.4","207.5","88.2","12.35","103.5","325.5","313.0","24.65","16.50","28.80","16.70","47.55","48.95","9.19","18.40","13.25","23.90","13.40","9.21","19.35","19.90","260.0","5750","108.0","14.00","72.4","81.8","16.10","105.0","37.90","74.0","14.05","63.5","31.60","371.0","135.5","27.90","152.0","457.5","15.25","40.90","30.75","39.25","123.0","33.65","15.50","45.05","52.4","289.0","395.0","33.40","41.95","25.70","27.20","240.5","316.5","36.75","232.0","59.6","29.00","100.0","38.15","21.90","16.10","23.80","129.0","13.35","39.85","68.7","110.5","135.5","74.1","214.0","44.90","31.80","86.8","81.3","73.3","40.35","17.60","34.95","11.60","18.00","14.90","343.5","33.30","9.62","8.40","9.39","15.80","9.27","46.55","131.0","114.5","113.0","75.2","26.00","413.5","253.0","114.0","106.5","10.15","42.50","37.15","77.0","247.0","65.5","96.8","33.40","78.1","11.80","75.4","93.6","120.5","88.8","592","442.0","700","459.0","325.5","216.0","348.5","137.5","137.0","89.0","149.5","47.70","126.0","106.5","29.25"
"33.75","27.05","64.8","93.4","74.8","94.2","24.65","24.70","60.3","356.0","43.90","15.90","146.0","37.85","108.5","21.60","48.60","236.5","94.8","249.5","73.4","207.5","88.2","12.35","103.5","326.0","313.0","24.65","16.45","28.80","16.70","47.50","48.95","9.20","18.40","13.30","23.90","13.40","9.21","19.30","19.90","260.0","5750","108.5","14.00","72.5","81.8","16.15","105.0","37.90","74.0","14.05","63.5","31.60","371.0","135.5","27.90","152.0","457.5","15.20","40.90","30.80","39.25","123.0","33.65","15.50","45.05","52.4","289.5","395.0","33.40","41.95","25.70","27.20","240.5","317.0","36.80","232.0","59.5","29.00","100.5","38.20","21.90","16.10","23.80","129.0","13.35","39.95","68.8","110.5","135.5","74.1","214.0","44.90","31.80","86.8","81.2","73.2","40.35","17.60","34.95","11.60","18.00","14.90","343.5","33.25","9.62","8.40","9.39","15.80","9.28","46.50","131.0","114.5","113.0","75.2","25.95","413.5","252.5","114.0","106.0","10.15","42.50","37.10","77.0","247.5","65.5","96.8","33.40","78.1","11.85","75.4","93.6","120.5","88.8","592","442.0","700","459.0","326.5","216.0","348.5","137.5","137.0","89.0","149.5","47.65","125.5","106.5","29.30"
"33.75","27.05","64.8","93.4","74.8","94.3","24.70","24.70","60.4","356.0","43.90","15.95","146.0","37.90","108.5","21.60","48.60","236.5","94.8","249.0","73.4","207.5","88.2","12.35","103.0","325.5","313.0","24.65","16.45","28.80","16.70","47.50","48.95","9.20","18.40","13.30","23.80","13.35","9.21","19.30","19.90","260.0","5750","108.0","14.05","72.5","81.9","16.10","105.0","37.90","74.0","14.10","63.5","31.60","370.5","135.5","27.90","152.0","457.5","15.25","40.90","30.80","39.20","123.0","33.60","15.50","45.00","52.4","289.5","395.0","33.40","42.00","25.70","27.20","240.5","316.5","36.80","232.0","59.6","29.00","100.0","38.15","21.90","16.10","23.80","129.0","13.35","39.90","68.7","110.5","135.5","74.2","214.0","44.90","31.80","86.8","80.9","73.2","40.35","17.60","34.95","11.55","18.05","14.90","343.5","33.25","9.62","8.40","9.39","15.80","9.27","46.50","130.5","114.5","113.0","75.2","25.95","414.0","253.0","113.5","106.0","10.15","42.50","37.10","77.0","247.5","65.5","96.8","33.35","78.1","11.85","75.4","93.5","120.5","88.8","592","442.0","700","459.0","324.5","216.0","348.5","137.5","137.0","89.0","149.5","47.70","125.5","107.0","29.25"
"33.75","27.05","64.8","93.4","74.8","94.3","24.70","24.70","60.4","356.0","43.90","15.90","146.0","37.90","108.5","21.60","48.60","236.5","94.9","249.0","73.4","207.5","88.2","12.35","103.0","325.5","313.0","24.65","16.45","28.80","16.75","47.50","48.95","9.19","18.40","13.30","23.80","13.35","9.22","19.30","19.90","260.0","5760","108.0","14.05","72.5","81.8","16.15","105.0","37.90","74.0","14.05","63.5","31.60","370.5","135.0","27.95","152.0","457.0","15.25","40.95","30.80","39.25","123.0","33.65","15.50","45.00","52.4","289.0","394.5","33.40","42.00","25.70","27.20","240.5","316.5","36.75","231.5","59.5","29.05","100.0","38.20","21.90","16.05","23.80","129.0","13.30","39.90","68.7","110.5","135.5","74.2","214.5","44.90","31.85","86.7","81.3","73.3","40.35","17.55","34.90","11.55","18.05","14.90","343.5","33.30","9.61","8.40","9.39","15.80","9.27","46.55","131.0","114.5","113.0","75.1","26.00","413.5","252.5","113.5","106.0","10.15","42.50","37.15","77.0","247.5","65.5","96.7","33.35","78.1","11.85","75.4","93.5","121.0","88.8","592","442.0","700","459.0","325.0","216.0","348.5","137.0","137.0","89.0","149.5","47.65","126.0","107.0","29.25"
"33.80","27.05","64.8","93.4","74.8","94.3","24.70","24.65","60.4","356.0","43.90","15.95","146.0","37.90","108.5","21.60","48.60","236.5","94.9","249.0","73.5","207.5","88.2","12.35","103.5","326.0","313.0","24.65","16.50","28.80","16.75","47.50","48.90","9.19","18.35","13.30","23.80","13.35","9.21","19.30","19.90","260.0","5760","108.5","14.05","72.5","81.8","16.15","105.0","37.90","74.0","14.05","63.4","31.60","370.5","135.0","27.90","152.0","458.0","15.20","40.95","30.80","39.25","123.0","33.65","15.50","44.95","52.4","289.0","394.5","33.35","42.00","25.70","27.20","240.5","316.5","36.75","232.0","59.4","29.00","100.0","38.20","21.90","16.05","23.75","129.0","13.35","39.90","68.6","110.5","135.5","74.2","214.0","44.80","31.80","86.7","80.7","73.2","40.35","17.60","34.95","11.55","18.00","14.90","346.0","33.25","9.62","8.40","9.39","15.80","9.27","46.55","130.5","114.5","113.0","75.2","26.00","413.5","252.0","113.5","106.0","10.15","42.50","37.10","77.0","247.0","65.5","96.6","33.35","78.0","11.85","75.4","93.6","121.0","88.8","592","442.0","700","461.0","324.5","216.0","348.5","137.0","137.0","89.0","149.5","47.70","126.0","107.0","29.25"
"33.75","27.05","64.8","93.4","74.8","94.3","24.70","24.70","60.3","356.0","43.90","15.90","146.0","37.85","108.5","21.60","48.60","237.0","94.8","249.5","73.4","207.5","88.2","12.35","103.5","325.5","313.5","24.60","16.45","28.80","16.70","47.50","48.90","9.20","18.40","13.30","23.80","13.35","9.21","19.30","19.90","260.0","5755","108.0","14.05","72.5","81.9","16.15","105.0","37.90","74.0","14.05","63.4","31.60","370.5","135.0","27.90","152.0","458.0","15.20","40.95","30.80","39.25","123.0","33.65","15.50","44.95","52.4","289.0","394.5","33.40","42.00","25.70","27.20","240.5","317.0","36.75","232.0","59.5","29.05","100.0","38.20","21.90","16.10","23.75","129.0","13.30","39.90","68.6","110.5","135.5","74.2","214.5","44.70","31.85","86.7","81.0","73.2","40.35","17.60","34.90","11.55","18.00","14.90","346.0","33.25","9.62","8.40","9.39","15.80","9.27","46.55","131.0","114.5","113.0","75.2","26.00","413.5","252.0","113.5","106.0","10.15","42.50","37.10","77.1","247.0","65.5","96.6","33.35","78.0","11.85","75.4","93.6","120.5","88.8","592","442.0","700","461.5","325.0","216.0","348.5","137.0","137.0","89.0","149.5","47.65","126.0","106.5","29.25"
"33.75","27.05","64.8","93.4","74.8","94.3","24.70","24.70","60.4","356.0","43.85","15.90","146.0","37.85","108.5","21.60","48.60","236.5","94.8","249.5","73.4","207.5","88.2","12.35","103.5","325.5","313.0","24.65","16.50","28.80","16.70","47.50","48.90","9.19","18.40","13.30","23.85","13.40","9.22","19.35","19.90","260.0","5755","108.5","14.00","72.5","81.8","16.10","105.0","37.90","73.9","14.10","63.4","31.55","370.5","135.0","27.90","151.5","458.0","15.20","40.95","30.80","39.20","122.5","33.60","15.50","44.95","52.4","289.0","394.0","33.35","42.00","25.70","27.20","240.5","317.5","36.80","232.0","59.5","29.00","100.0","38.20","21.90","16.05","23.75","129.0","13.35","39.95","68.6","110.5","135.5","74.2","214.0","44.60","31.90","86.7","81.0","73.2","40.40","17.55","34.90","11.55","18.00","14.95","346.0","33.25","9.62","8.40","9.40","15.80","9.27","46.55","131.0","114.5","113.0","75.1","26.00","413.5","251.0","113.5","105.5","10.15","42.55","37.10","77.1","247.0","65.5","96.6","33.35","78.0","11.85","75.5","93.5","120.5","88.8","592","442.0","700","461.0","325.0","216.0","348.5","137.0","137.0","89.0","149.5","47.65","126.0","106.5","29.25"
"33.80","27.10","64.8","93.4","74.8","94.3","24.70","24.70","60.4","356.0","43.90","15.95","146.0","37.90","108.5","21.60","48.60","236.5","94.8","249.0","73.5","207.5","88.2","12.30","103.5","325.0","313.0","24.60","16.50","28.80","16.70","47.50","48.90","9.19","18.40","13.25","23.85","13.40","9.22","19.30","19.85","260.0","5755","108.5","14.00","72.5","81.8","16.15","105.0","37.90","73.9","14.10","63.4","31.60","370.5","135.0","27.90","152.0","458.0","15.20","40.90","30.80","39.25","122.5","33.60","15.50","44.95","52.4","289.0","394.0","33.40","42.00","25.75","27.20","241.0","317.5","36.75","232.5","59.5","29.00","100.0","38.25","21.90","16.05","23.75","129.0","13.30","40.00","68.7","110.5","135.5","74.2","214.0","44.40","31.90","86.7","81.0","73.3","40.35","17.60","34.95","11.55","18.00","14.95","346.0","33.20","9.62","8.40","9.40","15.80","9.28","46.55","130.5","115.0","113.0","75.1","26.00","413.0","250.5","113.5","106.0","10.15","42.50","37.10","77.1","246.5","65.5","96.7","33.35","78.0","11.80","75.5","93.5","120.5","88.8","592","442.0","700","461.5","324.5","216.0","348.5","137.0","137.0","89.0","149.5","47.70","126.0","106.5","29.25"
"33.75","27.05","64.7","93.4","74.8","94.3","24.75","24.70","60.3","356.0","43.85","15.90","146.0","37.85","108.5","21.60","48.60","236.5","94.8","249.5","73.4","207.5","88.1","12.30","103.5","325.0","313.5","24.60","16.45","28.80","16.70","47.50","48.90","9.19","18.40","13.30","23.85","13.35","9.22","19.35","19.90","260.0","5755","108.0","14.05","72.5","81.9","16.15","105.5","37.90","73.8","14.10","63.5","31.60","370.5","135.0","27.90","152.0","458.5","15.20","40.90","30.80","39.35","123.0","33.65","15.45","44.95","52.5","289.0","394.0","33.35","41.95","25.75","27.20","241.0","318.0","36.70","232.5","59.5","29.00","100.0","38.25","21.90","16.05","23.80","129.5","13.30","40.00","68.7","110.5","135.5","74.2","214.0","44.45","31.85","86.7","81.0","73.2","40.35","17.60","34.95","11.55","18.00","14.90","346.0","33.25","9.62","8.40","9.40","15.80","9.27","46.55","130.5","115.0","113.0","75.1","26.00","413.0","251.0","113.5","106.0","10.15","42.50","37.15","77.2","246.5","65.5","96.7","33.35","78.0","11.80","75.5","93.5","120.5","88.9","592","442.0","700","461.5","324.5","216.0","348.5","136.5","137.0","89.0","149.5","47.65","126.0","106.0","29.25"
"33.75","27.05","64.8","93.4","74.8","94.3","24.70","24.70","60.3","356.0","43.90","15.90","146.0","37.90","108.5","21.55","48.60","237.0","94.7","249.5","73.4","207.5","88.2","12.35","103.5","325.0","313.5","24.65","16.50","28.80","16.75","47.50","48.90","9.19","18.40","13.30","23.85","13.35","9.22","19.35","19.85","260.0","5755","108.0","14.00","72.5","81.8","16.15","105.5","37.90","73.8","14.05","63.5","31.60","370.5","135.0","27.90","152.0","458.5","15.20","40.90","30.80","39.30","123.0","33.65","15.45","44.90","52.5","289.0","394.0","33.35","42.00","25.75","27.20","241.0","318.0","36.75","232.5","59.5","29.00","100.0","38.20","21.90","16.05","23.80","129.0","13.35","40.00","68.5","110.5","135.0","74.2","214.0","44.50","31.85","86.7","81.0","73.2","40.40","17.60","34.95","11.55","18.00","14.90","346.0","33.25","9.62","8.41","9.40","15.80","9.28","46.60","130.5","115.0","113.0","75.1","26.00","413.0","251.5","113.5","106.0","10.15","42.50","37.10","77.1","246.5","65.5","96.7","33.35","78.0","11.85","75.6","93.5","120.5","89.2","592","442.0","700","462.0","325.0","216.0","348.5","136.5","137.0","89.0","149.5","47.65","126.0","106.0","29.25"
"33.75","27.05","64.8","93.4","74.9","94.3","24.70","24.70","60.3","356.0","43.90","15.90","146.0","37.85","108.5","21.55","48.60","237.0","94.7","249.5","73.4","207.5","88.2","12.30","103.5","325.0","313.0","24.60","16.50","28.80","16.70","47.50","48.95","9.20","18.40","13.30","23.90","13.35","9.21","19.30","19.90","260.5","5755","108.5","14.00","72.4","81.9","16.15","105.5","37.90","73.8","14.10","63.4","31.60","370.5","135.0","27.95","152.0","458.5","15.20","40.90","30.80","39.30","123.0","33.60","15.45","44.90","52.5","289.0","394.0","33.40","42.00","25.75","27.20","241.0","316.0","36.75","232.0","59.5","29.00","100.0","38.25","21.90","16.05","23.75","129.0","13.35","40.05","68.4","110.5","135.0","74.1","214.0","44.50","31.85","86.7","81.0","73.2","40.35","17.60","34.95","11.55","18.05","14.95","346.0","33.25","9.61","8.41","9.39","15.80","9.28","46.60","130.5","114.5","113.0","75.1","25.95","413.0","251.5","114.0","105.5","10.20","42.50","37.10","77.1","247.0","65.4","96.7","33.35","78.0","11.85","75.6","93.5","120.5","89.1","592","442.0","700","462.0","324.5","216.0","348.5","136.5","137.0","89.0","149.5","47.65","126.0","106.0","29.25"
"33.75","27.10","64.8","93.4","74.9","94.4","24.70","24.70","60.4","356.0","43.90","15.90","146.0","37.90","108.5","21.60","48.60","236.5","94.7","249.0","73.4","207.5","88.2","12.35","103.5","326.0","313.0","24.65","16.50","28.80","16.70","47.50","48.95","9.20","18.40","13.30","23.90","13.40","9.21","19.35","19.85","260.5","5750","108.5","14.00","72.5","81.9","16.15","105.5","37.90","73.8","14.10","63.4","31.60","370.5","135.0","27.90","152.0","459.0","15.20","40.95","30.80","39.30","123.0","33.60","15.45","44.90","52.5","289.0","394.0","33.40","42.00","25.75","27.20","241.0","318.0","36.70","232.0","59.4","29.00","100.0","38.30","21.90","16.05","23.75","129.0","13.35","40.00","68.5","110.5","135.0","74.1","214.0","44.55","31.90","86.8","81.0","73.3","40.35","17.60","34.95","11.55","18.05","14.90","346.0","33.20","9.61","8.40","9.39","15.80","9.27","46.60","130.5","115.0","113.0","75.1","25.95","413.0","252.0","114.0","106.0","10.15","42.55","37.10","77.0","247.0","65.4","96.7","33.35","78.0","11.80","75.6","93.5","121.0","89.1","592","442.0","700","462.0","324.5","216.0","348.5","136.5","137.0","89.0","150.0","47.65","126.0","106.0","29.30"
"33.75","27.10","64.8","93.4","74.9","94.4","24.75","24.70","60.3","356.0","43.90","15.95","146.5","37.85","108.5","21.55","48.60","237.0","94.9","249.0","73.3","207.5","88.2","12.35","103.5","326.0","313.0","24.60","16.50","28.75","16.70","47.50","48.95","9.20","18.35","13.30","23.90","13.35","9.20","19.30","19.85","260.5","5750","108.0","14.00","72.5","81.8","16.15","105.5","37.90","73.8","14.10","63.4","31.60","371.0","135.5","27.90","152.0","459.0","15.20","40.90","30.75","39.30","123.0","33.60","15.45","44.90","52.5","289.0","394.0","33.35","42.00","25.70","27.20","241.0","318.0","36.70","232.0","59.6","28.95","100.5","38.30","21.90","16.05","23.80","129.0","13.35","40.05","68.7","110.5","134.0","74.1","214.0","44.55","31.85","86.7","81.0","73.2","40.35","17.60","34.95","11.50","18.00","14.90","346.5","33.20","9.61","8.40","9.40","15.80","9.27","46.55","130.5","115.0","113.0","75.2","25.95","413.0","251.5","114.0","106.0","10.15","42.55","37.10","77.0","246.5","65.4","96.7","33.35","78.0","11.85","75.6","93.7","120.5","89.1","592","442.0","700","462.0","324.5","216.0","348.5","136.5","137.0","89.0","150.0","47.65","126.0","106.0","29.30"
"33.75","27.05","64.8","93.4","74.8","94.4","24.65","24.70","60.4","355.5","43.90","15.95","146.0","37.85","108.5","21.55","48.60","237.0","94.9","249.5","73.3","207.5","88.2","12.30","103.5","325.5","313.0","24.60","16.50","28.80","16.70","47.50","48.95","9.20","18.35","13.30","23.90","13.35","9.20","19.30","19.90","260.5","5745","108.0","14.00","72.5","81.9","16.15","105.5","37.90","73.9","14.10","63.4","31.60","371.0","135.5","27.90","152.0","459.0","15.20","40.90","30.75","39.30","123.0","33.60","15.45","44.90","52.5","289.5","394.0","33.35","42.00","25.70","27.20","241.0","318.0","36.70","232.0","59.5","28.95","100.0","38.25","21.90","16.10","23.75","129.0","13.35","40.10","68.7","110.5","135.0","74.2","214.0","44.55","31.85","86.7","81.0","73.2","40.35","17.60","34.95","11.50","18.05","14.90","346.5","33.20","9.61","8.41","9.40","15.80","9.28","46.55","130.5","115.0","113.0","75.2","25.95","413.0","252.0","114.0","106.0","10.15","42.55","37.10","77.0","246.5","65.4","96.7","33.35","78.0","11.80","75.5","93.7","120.5","88.9","592","442.0","700","462.0","324.5","216.0","348.5","136.5","137.0","89.0","150.0","47.65","126.0","106.0","29.30"
"33.75","27.05","64.8","93.4","74.8","94.4","24.65","24.70","60.3","355.5","43.95","15.95","146.0","37.90","108.5","21.60","48.60","237.0","94.9","249.0","73.3","207.5","88.2","12.35","103.5","325.0","313.0","24.60","16.50","28.75","16.70","47.50","48.95","9.19","18.40","13.35","23.90","13.40","9.20","19.40","19.90","260.5","5735","108.0","14.00","72.5","81.9","16.15","105.0","37.90","73.9","14.05","63.5","31.60","370.5","135.0","27.90","152.0","459.0","15.20","40.90","30.80","39.30","123.0","33.65","15.45","44.90","52.4","289.5","394.0","33.40","42.00","25.75","27.20","241.0","318.0","36.70","232.0","59.5","29.00","100.0","38.30","21.90","16.10","23.75","129.5","13.30","40.05","68.6","110.5","134.5","74.3","214.0","44.50","31.85","86.7","81.0","73.2","40.40","17.60","34.90","11.50","18.00","14.95","346.5","33.20","9.62","8.41","9.40","15.80","9.27","46.55","130.5","114.5","113.0","75.2","25.95","412.5","251.0","114.0","106.0","10.15","42.55","37.10","77.0","246.5","65.5","96.7","33.35","78.0","11.85","75.6","93.7","120.5","88.8","592","442.0","700","463.0","324.5","216.0","348.0","136.5","137.0","89.0","150.0","47.65","125.5","106.0","29.25"
"33.75","27.05","64.8","93.4","74.8","94.4","24.70","24.70","60.3","355.5","43.95","15.90","146.0","37.90","108.5","21.55","48.60","237.0","95.0","249.0","73.3","207.5","88.2","12.30","103.5","326.5","313.0","24.60","16.50","28.80","16.75","47.50","49.00","9.20","18.40","13.35","23.90","13.35","9.21","19.40","19.90","260.5","5730","108.5","14.05","72.5","81.8","16.15","105.5","37.90","73.9","14.10","63.4","31.60","371.0","134.5","27.95","152.0","458.5","15.15","40.90","30.80","39.30","123.0","33.60","15.45","44.90","52.4","289.0","394.0","33.40","42.00","25.75","27.20","241.0","318.0","36.70","232.0","59.6","29.00","100.0","38.30","21.90","16.10","23.80","129.5","13.30","40.10","68.7","110.5","134.5","74.3","214.5","44.50","31.85","86.7","81.0","73.2","40.35","17.60","34.90","11.50","18.05","14.95","346.5","33.20","9.62","8.40","9.40","15.80","9.28","46.60","130.5","114.5","113.0","75.2","25.95","412.5","251.0","113.5","105.5","10.15","42.50","37.10","77.0","246.5","65.5","96.7","33.35","78.0","11.80","75.6","93.7","121.0","88.8","592","442.0","700","463.5","324.0","216.0","348.0","136.5","137.0","89.0","150.0","47.70","125.5","106.0","29.25"
"33.75","27.05","64.8","93.3","74.9","94.4","24.65","24.70","60.4","355.5","43.95","15.90","146.5","37.90","108.5","21.60","48.60","237.0","95.1","249.0","73.3","207.5","88.2","12.35","103.5","326.5","313.0","24.65","16.50","28.80","16.75","47.50","49.10","9.20","18.35","13.30","23.90","13.40","9.21","19.35","19.90","260.5","5725","108.0","14.00","72.5","81.9","16.15","105.0","37.90","73.9","14.10","63.4","31.50","371.0","134.5","27.95","152.0","458.5","15.20","40.90","30.80","39.30","123.0","33.65","15.50","44.85","52.5","289.0","394.0","33.40","42.00","25.75","27.20","241.0","318.0","36.65","232.0","59.6","29.00","100.0","38.30","21.95","16.05","23.75","129.5","13.35","40.05","68.6","111.0","135.5","74.3","214.0","44.60","31.80","86.7","80.9","73.1","40.35","17.60","34.95","11.50","18.05","14.95","346.5","33.20","9.62","8.41","9.40","15.80","9.28","46.55","130.5","114.5","113.0","75.2","25.95","412.5","251.5","113.5","106.0","10.15","42.55","37.10","77.0","247.0","65.5","96.7","33.35","78.1","11.80","75.6","93.7","120.5","88.8","592","441.5","700","463.5","324.5","216.0","348.0","136.5","137.0","89.0","150.0","47.70","126.0","106.0","29.25"
"33.80","27.10","64.8","93.3","74.9","94.4","24.65","24.70","60.4","355.5","43.95","15.95","146.0","37.90","109.0","21.60","48.60","236.5","95.0","249.5","73.3","207.5","88.2","12.35","103.5","328.0","313.0","24.60","16.45","28.80","16.75","47.55","49.10","9.19","18.40","13.35","23.90","13.40","9.21","19.30","19.90","260.0","5725","108.5","14.00","72.5","81.9","16.15","105.0","37.90","73.9","14.10","63.5","31.55","371.0","134.5","27.95","152.0","459.5","15.20","40.95","30.80","39.35","123.0","33.60","15.45","44.85","52.5","289.0","394.0","33.35","42.00","25.75","27.25","241.0","318.0","36.65","232.0","59.6","29.00","100.5","38.30","21.95","16.10","23.75","129.5","13.35","40.05","68.7","110.5","135.0","74.2","214.0","44.60","31.85","86.8","81.1","73.1","40.35","17.60","34.95","11.50","18.05","14.90","346.0","33.30","9.62","8.41","9.40","15.80","9.28","46.55","130.5","115.0","113.0","75.2","25.95","413.0","251.0","113.5","106.0","10.20","42.50","37.10","77.0","247.0","65.5","96.8","33.35","78.1","11.80","75.6","93.7","121.0","88.8","592","441.5","700","463.0","324.0","216.0","348.0","137.0","137.0","88.9","150.0","47.70","126.0","106.0","29.30"
"33.80","27.05","64.8","93.4","74.9","94.4","24.65","24.70","60.4","355.5","43.95","15.95","146.5","37.90","109.0","21.55","48.60","237.0","95.0","249.5","73.3","207.0","88.2","12.30","103.5","327.5","313.0","24.65","16.45","28.75","16.75","47.55","49.10","9.20","18.40","13.30","23.90","13.40","9.21","19.30","19.90","260.0","5735","108.0","14.00","72.5","82.0","16.15","105.0","37.90","73.9","14.10","63.4","31.55","371.0","134.5","27.90","152.0","459.0","15.20","40.95","30.75","39.35","123.0","33.60","15.50","44.85","52.5","289.0","393.5","33.35","42.00","25.75","27.25","241.0","317.5","36.65","232.0","59.5","29.00","100.0","38.35","21.95","16.05","23.75","129.5","13.35","40.05","68.8","110.5","135.0","74.2","214.0","44.65","31.85","86.7","81.0","73.2","40.30","17.60","34.95","11.55","18.00","14.90","346.0","33.30","9.62","8.40","9.40","15.80","9.27","46.50","130.0","115.0","113.5","75.2","25.90","412.5","251.5","113.5","105.5","10.20","42.50","37.15","77.0","247.0","65.4","96.8","33.30","78.0","11.80","75.6","93.7","120.5","88.8","592","441.5","700","463.0","324.0","216.0","348.0","136.5","137.0","88.9","149.5","47.65","126.0","106.0","29.30"
"33.80","27.05","64.8","93.4","74.9","94.4","24.65","24.70","60.3","355.5","43.95","15.95","146.0","37.85","109.0","21.55","48.60","237.0","95.1","249.5","73.2","207.0","88.2","12.35","103.5","328.0","313.0","24.60","16.45","28.75","16.75","47.50","49.10","9.20","18.40","13.35","23.90","13.40","9.20","19.30","19.90","260.0","5725","108.5","14.00","72.5","82.0","16.15","105.0","37.90","74.0","14.05","63.4","31.55","371.0","134.5","27.95","152.0","459.0","15.20","40.95","30.75","39.35","123.0","33.60","15.50","44.85","52.5","289.0","393.5","33.40","42.00","25.75","27.25","241.0","317.5","36.60","232.0","59.6","29.00","100.5","38.30","21.90","16.10","23.80","129.5","13.35","40.05","68.7","110.5","135.0","74.2","214.5","44.70","31.85","86.7","81.2","73.2","40.30","17.60","34.90","11.55","18.00","14.90","346.0","33.30","9.62","8.41","9.40","15.80","9.27","46.50","130.0","115.0","113.0","75.2","25.95","412.5","251.5","113.5","106.0","10.20","42.50","37.10","77.0","247.0","65.4","96.8","33.30","78.1","11.80","75.6","93.6","120.5","88.8","592","441.5","700","463.0","324.0","216.0","348.0","136.5","137.0","88.9","149.5","47.70","126.0","106.0","29.30"
"33.75","27.05","64.8","93.4","74.9","94.4","24.70","24.70","60.3","355.5","44.00","15.95","146.0","37.90","109.0","21.60","48.60","237.0","95.1","249.5","73.2","207.0","88.2","12.30","103.5","327.5","313.0","24.65","16.50","28.75","16.75","47.55","49.10","9.20","18.35","13.35","23.90","13.40","9.21","19.30","19.90","260.0","5725","108.0","14.00","72.5","81.9","16.15","105.0","37.95","74.0","14.05","63.4","31.55","371.0","134.5","27.95","152.0","459.0","15.20","40.95","30.75","39.35","123.5","33.60","15.50","44.85","52.4","289.0","393.5","33.35","42.05","25.75","27.25","241.0","317.0","36.60","232.0","59.5","29.00","100.0","38.30","21.90","16.10","23.75","129.0","13.30","40.00","68.7","110.5","135.0","74.2","214.5","44.70","31.80","86.7","81.2","73.2","40.30","17.55","34.90","11.55","18.05","14.85","346.0","33.30","9.62","8.41","9.40","15.80","9.27","46.50","130.0","115.0","113.5","75.1","25.90","413.0","251.5","113.5","105.5","10.15","42.50","37.10","76.9","247.0","65.4","96.8","33.35","78.2","11.85","75.6","93.7","121.0","88.8","592","441.5","700","463.0","324.0","216.0","348.0","136.5","137.0","88.9","149.5","47.65","126.0","106.0","29.30"
"33.80","27.05","64.9","93.4","74.9","94.4","24.70","24.65","60.3","355.5","44.00","15.90","146.0","37.90","108.5","21.60","48.60","237.0","95.1","249.5","73.2","207.0","88.1","12.35","103.5","327.0","313.0","24.65","16.50","28.75","16.75","47.50","49.10","9.19","18.40","13.35","23.90","13.40","9.20","19.35","19.90","260.0","5725","108.5","13.95","72.5","82.0","16.10","105.5","37.90","74.0","14.05","63.4","31.55","371.0","134.5","27.95","152.0","459.5","15.20","40.95","30.75","39.35","123.0","33.55","15.50","44.80","52.4","289.0","393.5","33.35","42.05","25.70","27.25","241.0","317.0","36.60","232.0","59.5","28.95","100.5","38.35","21.90","16.05","23.75","129.5","13.35","40.00","68.8","110.5","135.0","74.2","214.5","44.65","31.80","86.7","81.2","73.1","40.30","17.60","34.95","11.55","18.05","14.85","346.0","33.30","9.62","8.41","9.40","15.75","9.28","46.50","130.5","114.5","113.0","75.1","25.90","412.5","251.5","113.5","106.0","10.20","42.50","37.15","76.9","247.0","65.4","96.8","33.35","78.2","11.80","75.7","93.7","120.5","88.8","592","441.5","700","463.0","324.0","216.0","348.0","136.5","137.0","88.9","149.5","47.70","126.0","106.0","29.25"
"33.80","27.05","64.8","93.4","74.9","94.4","24.65","24.70","60.3","355.5","44.00","15.95","146.5","37.90","108.5","21.60","48.60","237.0","95.0","249.5","73.2","207.5","88.3","12.30","103.5","327.0","313.0","24.65","16.50","28.80","16.75","47.55","49.10","9.20","18.40","13.35","23.90","13.35","9.21","19.35","19.90","260.0","5725","108.0","14.00","72.5","81.9","16.15","105.5","37.90","74.0","14.05","63.5","31.55","370.5","134.5","27.95","152.0","459.5","15.20","40.95","30.75","39.35","123.0","33.55","15.50","44.85","52.5","289.0","393.5","33.35","42.05","25.70","27.25","241.0","317.0","36.60","232.0","59.5","28.95","100.0","38.25","21.90","16.10","23.75","129.5","13.35","40.05","68.7","110.5","135.5","74.2","214.5","44.65","31.85","86.7","81.2","73.2","40.35","17.60","34.95","11.55","18.00","14.85","346.0","33.30","9.62","8.41","9.40","15.75","9.28","46.50","130.5","115.0","113.0","75.1","25.95","412.5","251.5","113.5","106.0","10.20","42.55","37.10","76.9","246.5","65.4","96.7","33.30","78.2","11.80","75.6","93.9","120.5","88.7","592","441.5","700","463.0","323.5","216.0","348.0","136.5","137.0","88.9","150.0","47.65","126.0","106.0","29.30"
"33.75","27.05","64.8","93.4","74.9","94.4","24.70","24.65","60.3","355.0","44.00","15.95","146.5","37.85","109.0","21.60","48.60","236.5","95.0","249.5","73.2","207.5","88.3","12.35","103.0","327.5","313.0","24.65","16.50","28.80","16.75","47.55","49.15","9.19","18.40","13.35","23.90","13.40","9.21","19.35","19.90","260.5","5725","108.0","14.00","72.6","82.0","16.15","105.0","37.90","74.0","14.05","63.5","31.55","371.0","134.5","27.95","152.0","459.5","15.20","40.95","30.75","39.35","123.0","33.55","15.50","44.75","52.5","289.0","393.5","33.40","42.05","25.70","27.25","241.0","317.5","36.60","231.5","59.5","29.00","100.0","38.25","21.90","16.05","23.75","129.0","13.35","40.00","68.8","110.5","135.0","74.2","214.5","44.65","31.85","86.8","81.2","73.1","40.30","17.60","34.90","11.55","18.00","14.90","346.0","33.25","9.61","8.41","9.40","15.75","9.28","46.50","130.5","115.0","113.5","75.1","25.95","412.5","251.5","113.5","105.5","10.15","42.55","37.10","76.9","246.5","65.5","96.7","33.35","78.2","11.80","75.7","93.9","121.0","88.8","592","441.5","700","463.5","323.5","216.0","348.0","136.5","137.0","88.9","150.0","47.65","126.0","106.0","29.30"
"33.80","27.00","64.8","93.4","74.9","94.4","24.70","24.70","60.3","355.0","44.00","15.95","146.5","37.90","108.5","21.60","48.65","236.5","95.1","249.5","73.2","207.5","88.2","12.35","103.5","327.5","313.0","24.60","16.50","28.75","16.75","47.55","49.15","9.20","18.40","13.30","23.90","13.40","9.22","19.35","19.90","260.5","5725","108.5","14.00","72.6","82.0","16.10","105.0","37.90","74.0","14.10","63.5","31.55","371.0","134.5","27.95","152.0","459.5","15.20","40.95","30.80","39.35","123.0","33.55","15.50","44.70","52.6","289.5","393.0","33.40","42.05","25.75","27.25","241.0","317.5","36.55","232.0","59.5","29.00","100.0","38.25","21.90","16.10","23.75","129.0","13.35","40.00","68.8","111.0","135.0","74.2","214.5","44.65","31.80","86.7","81.2","73.0","40.30","17.60","34.90","11.55","18.00","14.90","346.0","33.25","9.62","8.41","9.40","15.75","9.28","46.50","130.5","115.0","113.0","75.1","25.95","412.5","251.0","114.0","105.5","10.20","42.55","37.10","76.9","246.5","65.4","96.7","33.35","78.1","11.85","75.6","93.6","120.5","88.8","592","441.5","700","463.5","324.0","216.0","348.0","137.0","137.5","88.9","150.0","47.70","126.0","106.0","29.30"
"33.80","27.00","64.8","93.4","74.9","94.4","24.70","24.70","60.3","354.5","44.00","15.95","146.5","37.90","108.5","21.60","48.65","237.0","95.0","249.5","73.2","207.5","88.2","12.35","103.5","327.5","313.0","24.60","16.50","28.75","16.70","47.55","49.15","9.20","18.40","13.30","23.90","13.40","9.21","19.35","19.85","260.0","5725","108.0","14.00","72.6","82.0","16.15","105.0","37.90","73.9","14.10","63.4","31.50","371.0","134.5","27.90","152.0","459.5","15.20","41.00","30.80","39.35","123.0","33.50","15.50","44.75","52.6","289.0","393.0","33.40","42.00","25.75","27.25","241.0","316.5","36.60","232.0","59.4","28.95","100.0","38.25","21.90","16.10","23.75","129.0","13.35","39.95","68.8","111.0","135.0","74.2","214.5","44.65","31.80","86.7","81.2","73.0","40.35","17.60","34.95","11.55","18.00","14.90","346.0","33.30","9.62","8.42","9.41","15.80","9.27","46.50","130.0","115.0","113.5","75.1","25.95","412.5","250.5","113.5","105.0","10.20","42.50","37.15","76.9","245.5","65.5","96.7","33.35","78.1","11.80","75.6","93.6","121.0","88.7","592","441.5","700","463.5","324.0","216.0","348.0","136.5","137.5","88.9","150.0","47.70","126.0","106.0","29.30"
"33.75","27.00","64.8","93.4","74.9","94.3","24.75","24.70","60.3","354.5","44.00","15.95","146.5","37.85","108.5","21.60","48.65","237.0","95.1","249.5","73.3","207.5","88.0","12.30","103.5","328.0","312.5","24.60","16.50","28.80","16.75","47.55","49.10","9.21","18.45","13.35","23.90","13.40","9.21","19.35","19.85","260.0","5725","108.0","14.00","72.6","82.0","16.15","105.0","37.95","73.9","14.05","63.5","31.50","371.0","134.0","27.95","152.0","459.0","15.25","41.00","30.80","39.30","123.0","33.50","15.50","44.70","52.6","289.0","393.0","33.40","42.00","25.75","27.20","241.0","316.5","36.60","232.0","59.6","29.00","100.0","38.20","21.90","16.10","23.75","129.0","13.30","39.95","68.8","111.0","135.0","74.2","214.5","44.60","31.80","86.7","81.2","73.1","40.30","17.60","34.95","11.55","18.05","14.90","346.0","33.30","9.62","8.42","9.41","15.80","9.27","46.50","130.0","115.0","113.5","75.1","25.95","412.5","251.0","113.5","105.0","10.15","42.55","37.15","76.9","245.5","65.5","96.7","33.35","78.1","11.80","75.6","93.6","121.0","88.8","592","441.5","700","463.5","323.5","216.0","348.0","137.0","137.5","88.9","150.0","47.70","126.0","106.0","29.25"
"33.80","27.00","64.8","93.5","74.9","94.4","24.70","24.70","60.3","354.5","44.00","15.90","146.5","37.90","109.0","21.65","48.60","237.0","95.0","249.5","73.3","207.5","87.9","12.30","103.5","327.5","312.5","24.60","16.50","28.80","16.70","47.55","49.10","9.20","18.45","13.30","23.85","13.40","9.21","19.35","19.90","260.5","5725","108.5","14.00","72.6","81.9","16.15","105.0","37.95","73.9","14.10","63.5","31.45","371.0","134.0","27.95","152.0","458.5","15.20","41.00","30.80","39.30","123.0","33.50","15.50","44.70","52.5","289.0","393.0","33.40","42.00","25.75","27.25","241.0","316.5","36.60","232.5","59.6","29.00","100.0","38.20","21.90","16.10","23.75","129.0","13.35","39.95","68.8","111.0","135.0","74.2","214.5","44.60","31.80","86.8","81.2","73.1","40.30","17.60","34.95","11.55","18.05","14.90","346.0","33.30","9.62","8.43","9.41","15.75","9.27","46.50","130.5","114.5","113.5","75.1","25.95","412.5","251.5","113.0","105.5","10.15","42.55","37.15","76.9","245.5","65.5","96.7","33.40","78.1","11.85","75.6","93.6","120.5","88.8","592","441.5","700","463.5","323.5","216.0","347.5","137.0","137.5","88.9","150.0","47.65","126.0","106.0","29.25"
"33.80","27.00","64.7","93.4","74.8","94.4","24.70","24.70","60.3","354.5","44.00","15.90","146.5","37.85","108.5","21.65","48.65","237.0","95.0","249.0","73.2","207.5","87.9","12.35","103.5","327.5","312.5","24.60","16.50","28.75","16.75","47.50","49.10","9.20","18.40","13.35","23.90","13.40","9.22","19.35","19.90","260.0","5730","108.5","14.00","72.6","82.0","16.15","105.0","37.90","73.9","14.10","63.5","31.45","370.5","134.0","27.95","152.0","458.5","15.20","40.95","30.80","39.30","123.0","33.50","15.55","44.75","52.5","289.0","393.0","33.40","42.00","25.75","27.25","241.0","316.5","36.60","232.5","59.6","29.00","100.0","38.20","21.90","16.05","23.75","129.0","13.30","39.95","68.7","111.0","135.0","74.3","214.5","44.55","31.75","86.8","81.1","73.0","40.30","17.55","34.95","11.55","18.05","14.90","346.0","33.30","9.62","8.43","9.40","15.75","9.26","46.45","130.0","115.0","113.0","75.1","25.95","412.5","251.5","113.0","105.0","10.15","42.55","37.15","76.9","245.5","65.5","96.7","33.40","78.1","11.85","75.6","93.6","121.0","88.7","592","441.5","700","463.5","323.0","216.0","347.5","137.0","137.5","88.9","150.0","47.65","126.0","106.0","29.25"
"33.80","27.00","64.7","93.4","74.9","94.4","24.70","24.70","60.4","354.5","44.00","15.90","146.0","37.90","108.5","21.65","48.60","237.0","95.0","249.0","73.2","207.5","87.9","12.30","103.0","327.5","312.5","24.65","16.50","28.80","16.75","47.55","49.10","9.20","18.45","13.30","23.90","13.40","9.21","19.35","19.90","260.0","5730","108.5","14.00","72.6","81.9","16.15","105.0","37.95","73.9","14.10","63.5","31.50","371.0","134.0","27.95","152.0","458.5","15.20","40.95","30.80","39.35","123.0","33.55","15.55","44.80","52.5","289.5","392.5","33.40","42.00","25.75","27.25","241.0","316.5","36.65","232.5","59.5","29.00","100.0","38.20","21.90","16.10","23.75","129.0","13.30","39.95","68.7","111.0","135.0","74.3","214.5","44.55","31.75","86.8","81.2","73.1","40.35","17.60","34.90","11.50","18.00","14.90","346.0","33.25","9.62","8.42","9.40","15.75","9.26","46.45","130.0","115.0","113.0","75.1","26.00","413.0","251.5","113.0","105.0","10.20","42.55","37.10","76.8","245.0","65.5","96.8","33.35","78.2","11.80","75.6","93.7","120.5","88.9","592","441.5","700","463.5","323.0","216.0","347.5","137.0","137.5","88.9","149.5","47.70","126.0","106.0","29.25"
"33.80","27.00","64.8","93.4","74.9","94.3","24.70","24.70","60.4","354.5","44.00","15.95","146.5","37.90","108.5","21.65","48.70","237.0","95.1","249.0","73.3","207.5","87.9","12.30","103.5","327.5","312.5","24.65","16.50","28.75","16.75","47.55","49.10","9.20","18.45","13.35","23.90","13.40","9.21","19.35","19.90","260.0","5730","108.0","14.00","72.6","82.0","16.15","105.0","37.95","74.0","14.05","63.5","31.45","371.0","134.0","27.95","152.0","458.5","15.20","40.95","30.80","39.35","123.0","33.50","15.50","44.80","52.5","289.0","392.5","33.40","42.05","25.75","27.25","241.0","317.0","36.60","232.5","59.6","29.00"," 99.9","38.20","21.95","16.05","23.75","129.0","13.35","40.00","68.7","111.0","134.5","74.3","214.5","44.55","31.75","86.7","81.0","73.0","40.30","17.60","34.90","11.55","18.00","14.90","346.0","33.25","9.62","8.42","9.40","15.75","9.27","46.45","130.5","114.5","113.0","75.1","26.00","413.0","251.0","113.0","105.0","10.15","42.55","37.10","76.8","245.5","65.4","96.8","33.35","78.1","11.85","75.7","93.7","121.5","88.9","592","441.5","700","463.5","323.5","216.0","347.5","136.5","137.5","88.9","149.5","47.70","126.0","106.0","29.30"
"33.80","27.05","64.8","93.4","74.9","94.4","24.75","24.70","60.4","354.5","44.00","15.95","146.0","37.90","109.0","21.65","48.70","237.0","94.9","249.5","73.2","207.5","87.9","12.30","103.5","327.5","312.5","24.65","16.50","28.75","16.75","47.55","49.15","9.20","18.45","13.35","23.90","13.40","9.21","19.35","19.90","260.5","5735","108.0","13.95","72.6","81.9","16.15","105.0","37.95","74.0","14.10","63.5","31.50","370.5","134.0","27.95","152.0","458.5","15.25","40.95","30.80","39.30","123.0","33.50","15.55","44.80","52.5","289.0","392.5","33.40","42.05","25.75","27.20","241.0","317.0","36.60","232.5","59.4","28.95"," 99.8","38.20","21.95","16.05","23.70","129.0","13.30","39.95","68.8","111.0","134.0","74.3","214.5","44.55","31.75","86.7","81.1","73.0","40.30","17.55","34.90","11.50","18.00","14.85","346.0","33.25","9.62","8.42","9.40","15.75","9.26","46.45","130.5","115.0","113.0","75.2","26.00","413.0","251.0","113.0","105.0","10.15","42.50","37.15","76.8","245.5","65.4","96.8","33.35","78.1","11.80","75.6","93.7","122.0","88.8","592","441.5","700","463.5","323.5","216.0","347.5","136.5","138.0","88.9","149.5","47.70","126.0","106.0","29.30"
"33.85","27.00","64.8","93.4","74.8","94.4","24.70","24.70","60.4","353.5","43.95","15.90","146.0","37.90","108.5","21.65","48.70","237.0","95.0","249.5","73.2","207.5","88.0","12.35","103.5","328.5","312.5","24.65","16.50","28.70","16.70","47.55","49.15","9.20","18.45","13.35","23.85","13.40","9.21","19.40","19.85","260.5","5735","108.5","14.00","72.6","81.9","16.15","105.5","37.95","74.0","14.10","63.5","31.50","370.5","134.0","27.95","152.0","458.5","15.25","40.95","30.75","39.40","123.0","33.50","15.55","44.80","52.6","289.5","392.5","33.40","42.05","25.75","27.20","240.5","317.0","36.60","232.5","59.5","29.00"," 99.8","38.20","21.90","16.05","23.75","129.0","13.30","39.95","68.7","111.0","134.0","74.4","214.5","44.55","31.75","86.8","81.1","73.0","40.30","17.60","34.85","11.55","18.00","14.85","344.0","33.25","9.62","8.42","9.40","15.75","9.27","46.50","131.0","115.0","113.0","75.3","25.95","413.0","251.0","113.0","105.5","10.15","42.55","37.10","76.9","245.0","65.4","96.8","33.35","78.1","11.80","75.6","93.7","122.0","88.8","592","442.0","700","463.5","323.5","216.0","347.5","136.5","138.0","88.9","149.5","47.70","126.0","106.0","29.30"
"33.85","27.00","64.8","93.4","74.9","94.4","24.70","24.70","60.4","353.5","44.00","15.90","146.0","37.85","108.5","21.60","48.70","236.5","95.0","249.5","73.3","207.5","88.0","12.30","103.5","328.5","313.0","24.65","16.50","28.75","16.75","47.60","49.20","9.21","18.45","13.30","23.85","13.35","9.21","19.35","19.90","260.0","5735","108.5","14.00","72.6","81.9","16.15","105.0","37.90","74.0","14.10","63.5","31.55","370.5","134.0","27.90","152.0","458.0","15.25","40.95","30.75","39.30","123.0","33.50","15.55","44.75","52.6","289.5","392.5","33.40","42.05","25.75","27.20","240.5","317.0","36.55","233.0","59.5","29.00"," 99.7","38.20","21.95","16.05","23.70","129.0","13.30","39.95","68.6","111.0","134.0","74.4","214.5","44.60","31.80","86.7","81.1","73.1","40.35","17.60","34.85","11.55","18.05","14.85","344.0","33.25","9.62","8.42","9.40","15.75","9.27","46.45","130.5","115.0","113.0","75.3","25.95","413.0","251.0","113.0","105.5","10.15","42.50","37.10","76.9","245.0","65.4","96.8","33.35","78.1","11.80","75.6","93.7","121.5","88.8","592","442.0","700","463.5","323.5","216.0","348.0","136.5","138.0","88.9","149.5","47.65","125.5","106.0","29.30"
"33.85","27.00","64.7","93.4","74.8","94.4","24.70","24.70","60.4","353.5","44.00","15.90","146.0","37.85","108.5","21.60","48.65","236.5","95.0","249.5","73.2","207.5","88.1","12.35","103.5","328.5","312.5","24.65","16.50","28.70","16.75","47.60","49.15","9.21","18.45","13.35","23.90","13.35","9.21","19.40","19.90","260.0","5750","108.5","14.00","72.6","82.0","16.15","105.0","37.90","74.0","14.05","63.6","31.55","371.0","134.0","27.95","152.0","458.0","15.20","40.95","30.75","39.30","123.0","33.55","15.55","44.75","52.6","289.0","392.5","33.45","42.00","25.75","27.20","240.5","317.0","36.50","233.0","59.5","29.00"," 99.8","38.15","21.95","16.05","23.70","129.0","13.30","39.95","68.6","111.0","134.0","74.4","214.5","44.60","31.80","86.8","81.1","73.0","40.30","17.55","34.85","11.50","18.05","14.85","344.0","33.30","9.62","8.43","9.41","15.75","9.26","46.45","130.5","115.0","113.0","75.2","25.95","413.0","251.0","113.0","105.0","10.15","42.55","37.10","76.9","245.0","65.4","96.8","33.35","78.1","11.80","75.6","93.7","121.5","88.8","592","442.0","700","463.5","323.5","216.0","348.0","136.5","138.0","88.9","149.5","47.65","126.0","106.0","29.30"
"33.85","27.00","64.7","93.3","74.9","94.4","24.70","24.70","60.3","353.5","44.00","15.90","146.0","37.90","108.5","21.60","48.70","237.0","95.0","249.5","73.2","207.5","88.1","12.30","103.5","328.5","312.5","24.60","16.50","28.70","16.75","47.55","49.20","9.21","18.40","13.35","23.90","13.35","9.21","19.40","19.90","260.0","5750","108.0","14.00","72.6","81.9","16.15","105.0","37.90","73.8","14.05","63.6","31.55","371.0","134.0","27.90","152.0","458.0","15.25","40.95","30.70","39.25","123.0","33.50","15.55","44.75","52.5","289.0","392.5","33.45","42.00","25.80","27.20","240.5","316.5","36.50","233.0","59.6","29.00"," 99.8","38.20","21.90","16.10","23.70","129.0","13.30","39.95","68.6","111.0","134.5","74.4","214.5","44.65","31.80","86.8","81.0","73.1","40.30","17.60","34.80","11.50","18.05","14.85","344.0","33.30","9.62","8.43","9.41","15.75","9.26","46.45","130.0","115.0","113.0","75.3","25.95","413.5","251.5","113.0","105.0","10.15","42.50","37.10","76.9","245.0","65.4","96.8","33.35","78.1","11.80","75.6","93.7","122.0","88.8","592","441.5","700","463.5","323.5","216.0","347.5","136.5","138.0","88.9","149.5","47.70","126.0","106.5","29.25"
"33.80","26.95","64.7","93.4","75.0","94.4","24.70","24.70","60.3","353.5","44.00","15.90","146.0","37.90","108.5","21.60","48.65","237.0","94.9","249.5","73.3","207.5","88.1","12.35","103.5","328.5","312.5","24.60","16.45","28.70","16.75","47.60","49.15","9.21","18.45","13.35","23.90","13.40","9.21","19.35","19.90","260.0","5750","108.0","14.00","72.5","82.0","16.15","105.0","37.90","73.8","14.05","63.6","31.55","371.0","133.5","27.95","152.0","458.5","15.25","40.95","30.75","39.25","123.0","33.50","15.55","44.75","52.5","289.0","392.5","33.45","42.00","25.80","27.20","240.5","316.5","36.55","233.0","59.6","29.00"," 99.9","38.20","21.90","16.10","23.70","129.0","13.25","40.00","68.7","110.5","133.5","74.4","215.0","44.65","31.80","86.9","81.1","73.0","40.30","17.60","34.80","11.55","18.05","14.90","344.0","33.30","9.61","8.43","9.41","15.75","9.27","46.45","130.5","115.0","113.0","75.3","26.00","413.5","251.5","113.0","105.0","10.15","42.50","37.15","76.9","245.0","65.4","96.8","33.35","78.1","11.80","75.7","93.7","121.5","88.8","592","441.5","700","464.0","323.5","216.0","347.5","136.5","138.0","89.0","149.5","47.70","126.0","106.5","29.25"
"33.80","27.00","64.7","93.4","75.0","94.4","24.70","24.70","60.4","353.5","44.00","15.90","146.0","37.90","108.5","21.60","48.65","237.0","94.9","249.5","73.3","207.5","88.2","12.30","103.5","328.5","312.5","24.60","16.45","28.75","16.70","47.60","49.15","9.21","18.45","13.35","23.90","13.40","9.20","19.35","19.90","260.5","5750","108.5","14.00","72.6","82.0","16.15","105.5","37.90","73.8","14.05","63.5","31.55","371.0","133.5","27.95","152.0","458.5","15.25","40.90","30.75","39.25","123.0","33.50","15.55","44.75","52.5","289.0","392.5","33.45","42.00","25.80","27.25","240.5","317.0","36.55","232.5","59.6","29.00","100.0","38.20","21.90","16.05","23.70","129.0","13.30","40.00","68.7","110.5","134.0","74.4","215.0","44.60","31.85","86.9","81.2","73.1","40.30","17.60","34.80","11.55","18.05","14.90","344.0","33.30","9.62","8.41","9.41","15.75","9.27","46.40","130.5","115.0","113.0","75.3","26.00","413.0","251.0","113.5","105.0","10.15","42.50","37.15","76.9","244.5","65.4","96.8","33.35","78.1","11.80","75.7","93.7","121.5","88.7","592","441.5","700","464.0","324.0","216.0","347.5","136.5","138.0","89.0","149.5","47.70","126.0","106.0","29.25"
"33.80","27.00","64.9","93.4","75.0","94.4","24.75","24.65","60.4","353.5","44.00","15.95","146.5","37.85","108.5","21.60","48.70","236.5","94.9","249.5","73.3","207.5","88.1","12.30","103.5","328.5","312.5","24.65","16.45","28.70","16.75","47.60","49.15","9.21","18.40","13.35","23.90","13.40","9.21","19.35","19.85","260.0","5750","108.5","14.00","72.6","81.9","16.15","105.0","37.95","73.8","14.05","63.5","31.55","371.0","133.5","27.90","152.0","458.5","15.25","40.90","30.75","39.30","123.0","33.50","15.55","44.75","52.5","289.0","392.5","33.45","42.00","25.75","27.25","240.5","316.5","36.50","233.0","59.5","29.00","100.0","38.20","21.95","16.10","23.70","129.0","13.25","40.05","68.7","110.5","134.0","74.4","214.5","44.60","31.80","86.7","81.2","73.1","40.30","17.60","34.80","11.55","18.00","14.85","344.0","33.30","9.62","8.42","9.41","15.80","9.27","46.40","130.5","114.5","113.0","75.3","25.95","413.0","251.0","113.0","105.0","10.15","42.50","37.15","76.9","244.5","65.4","96.8","33.35","78.0","11.80","75.6","93.7","121.5","88.7","592","441.0","700","464.0","324.5","216.0","347.5","137.0","138.0","89.0","149.5","47.65","126.0","106.0","29.25"
"33.80","27.00","64.8","93.4","75.0","94.4","24.70","24.70","60.4","353.5","43.95","15.90","146.0","37.90","109.0","21.60","48.60","236.5","94.9","250.0","73.4","207.5","88.1","12.35","103.0","328.0","312.5","24.60","16.40","28.75","16.75","47.60","49.15","9.20","18.40","13.35","23.90","13.40","9.21","19.35","19.90","260.0","5750","108.5","14.00","72.6","81.9","16.20","105.5","37.95","73.8","14.10","63.5","31.55","370.5","133.5","27.95","152.0","459.0","15.25","40.90","30.75","39.30","122.5","33.50","15.55","44.70","52.5","289.0","392.5","33.45","42.00","25.75","27.25","240.5","316.5","36.50","233.0","59.6","29.00","100.0","38.20","21.95","16.05","23.70","129.0","13.30","40.00","68.6","110.5","134.5","74.3","214.5","44.65","31.80","86.7","81.1","73.0","40.30","17.60","34.80","11.55","18.00","14.90","344.0","33.30","9.62","8.42","9.41","15.80","9.27","46.40","130.5","115.0","113.0","75.3","25.95","413.5","251.5","113.5","105.0","10.15","42.55","37.20","77.0","244.0","65.4","96.8","33.35","78.1","11.80","75.6","93.7","121.0","88.8","591","441.0","700","464.0","324.0","216.0","347.5","137.0","138.0","89.0","150.0","47.65","126.0","106.0","29.25"
"33.80","26.95","64.8","93.3","75.0","94.4","24.75","24.65","60.4","353.5","44.00","15.95","146.0","37.90","108.5","21.60","48.60","236.5","95.0","250.0","73.4","207.5","88.1","12.30","103.5","328.5","313.0","24.65","16.40","28.70","16.75","47.60","49.15","9.20","18.40","13.30","23.90","13.40","9.21","19.40","19.90","260.0","5750","108.0","13.95","72.6","81.9","16.20","105.0","37.90","73.8","14.05","63.6","31.55","371.0","133.5","27.95","152.0","459.5","15.25","40.90","30.75","39.30","122.5","33.50","15.55","44.70","52.5","289.5","392.5","33.45","42.00","25.75","27.25","240.5","317.0","36.55","233.0","59.5","29.00","100.0","38.20","21.95","16.05","23.70","129.0","13.25","40.05","68.6","110.5","134.0","74.3","214.5","44.65","31.85","86.8","81.2","73.1","40.30","17.60","34.75","11.55","18.00","14.90","344.0","33.30","9.62","8.43","9.41","15.80","9.27","46.40","130.5","114.5","113.0","75.4","26.00","413.5","252.0","113.0","105.5","10.15","42.50","37.20","77.0","243.5","65.4","96.8","33.35","78.1","11.85","75.5","93.6","121.5","88.8","591","441.0","700","464.0","324.5","216.0","347.5","136.5","138.0","89.0","150.0","47.70","126.0","106.0","29.25"
"33.80","27.00","64.8","93.3","74.9","94.4","24.70","24.70","60.4","353.5","44.00","15.95","146.0","37.90","108.5","21.60","48.60","236.5","95.0","250.0","73.4","207.5","88.1","12.30","103.5","328.5","312.5","24.60","16.45","28.70","16.75","47.60","49.20","9.20","18.45","13.30","23.90","13.35","9.21","19.40","19.85","260.0","5750","108.0","13.95","72.5","81.9","16.20","105.0","37.90","73.8","14.10","63.5","31.55","371.0","133.5","27.90","152.0","459.5","15.25","40.90","30.80","39.30","123.0","33.45","15.55","44.70","52.6","289.5","392.0","33.45","42.00","25.80","27.20","240.5","317.0","36.50","232.5","59.5","28.95","100.0","38.20","21.95","16.05","23.70","129.5","13.25","40.00","68.6","110.5","134.0","74.3","214.5","44.70","31.80","86.9","81.2","73.0","40.30","17.60","34.75","11.50","18.00","14.90","344.0","33.30","9.62","8.43","9.41","15.80","9.27","46.40","130.0","115.0","113.0","75.3","25.95","413.5","252.0","113.0","105.0","10.15","42.50","37.15","77.0","243.5","65.4","96.8","33.35","78.2","11.80","75.5","93.7","121.0","88.9","591","441.0","700","464.0","325.5","216.0","347.5","136.5","138.0","89.0","150.0","47.70","126.0","106.0","29.30"
"33.80","27.00","64.8","93.3","75.0","94.4","24.70","24.70","60.4","353.5","44.00","15.90","146.0","37.90","108.5","21.65","48.65","237.0","95.0","250.0","73.4","207.5","88.1","12.30","103.5","328.5","312.5","24.60","16.45","28.70","16.75","47.55","49.20","9.20","18.45","13.30","23.90","13.40","9.21","19.35","19.90","260.0","5750","108.5","13.95","72.5","81.8","16.15","105.0","37.90","73.8","14.05","63.5","31.55","371.0","133.5","27.90","152.0","459.0","15.20","40.95","30.80","39.30","122.5","33.45","15.55","44.65","52.6","289.5","392.0","33.45","42.00","25.80","27.20","240.5","317.0","36.55","233.0","59.6","29.00","100.0","38.20","21.95","16.05","23.75","129.0","13.30","40.00","68.7","111.0","134.0","74.4","214.5","44.70","31.80","86.9","81.1","73.0","40.30","17.60","34.75","11.55","18.00","14.90","344.0","33.25","9.61","8.43","9.41","15.80","9.26","46.40","130.5","114.5","113.0","75.3","25.95","413.5","252.5","113.0","105.5","10.15","42.55","37.15","77.0","243.0","65.4","96.9","33.35","78.1","11.80","75.5","93.7","121.5","88.9","591","441.0","700","464.5","326.0","216.0","347.5","136.5","138.0","89.0","150.0","47.70","126.0","106.0","29.25"
"33.80","27.00","64.8","93.4","75.0","94.3","24.75","24.70","60.4","353.5","44.00","15.95","146.0","37.85","108.5","21.60","48.60","237.0","94.9","250.0","73.4","207.5","88.1","12.30","103.5","328.5","312.0","24.60","16.40","28.70","16.75","47.60","49.15","9.20","18.40","13.30","23.90","13.40","9.21","19.40","19.90","260.0","5755","108.5","14.00","72.5","81.8","16.15","105.0","37.90","73.9","14.10","63.5","31.55","370.5","134.0","27.95","151.5","459.5","15.20","40.90","30.80","39.30","122.5","33.50","15.55","44.65","52.6","289.0","392.0","33.45","42.00","25.75","27.20","240.5","316.5","36.55","233.0","59.5","29.00","100.0","38.20","21.95","16.05","23.75","129.0","13.30","40.05","68.7","111.0","134.0","74.3","214.5","44.85","31.85","86.8","81.1","73.0","40.30","17.60","34.70","11.55","18.00","14.90","344.0","33.25","9.61","8.43","9.41","15.80","9.27","46.40","130.0","115.0","113.0","75.3","25.95","413.5","252.5","113.0","105.5","10.15","42.50","37.15","77.0","243.5","65.4","96.9","33.35","78.1","11.80","75.6","93.7","121.5","88.9","591","441.0","700","465.0","326.0","216.0","347.5","137.0","138.0","89.0","150.0","47.70","126.0","106.0","29.25"
"33.80","27.00","64.7","93.4","75.0","94.4","24.75","24.70","60.4","353.0","44.00","15.90","146.0","37.90","109.0","21.60","48.65","236.5","95.0","249.5","73.4","207.5","88.0","12.30","103.5","328.5","312.0","24.60","16.40","28.70","16.75","47.60","49.20","9.21","18.40","13.30","23.90","13.40","9.21","19.35","19.90","260.0","5755","108.0","14.00","72.4","81.9","16.15","105.0","37.90","73.9","14.05","63.5","31.55","371.0","134.0","27.95","151.5","459.5","15.25","40.90","30.80","39.30","123.0","33.50","15.55","44.65","52.6","289.5","392.0","33.45","42.00","25.80","27.20","240.5","316.5","36.55","233.0","59.6","29.00","100.0","38.25","21.90","16.05","23.70","129.0","13.30","40.05","68.7","111.0","134.5","74.3","214.5","44.80","31.85","86.7","81.1","73.1","40.30","17.60","34.75","11.50","18.00","14.90","344.0","33.30","9.62","8.42","9.41","15.80","9.27","46.40","130.5","115.0","113.0","75.2","26.00","413.5","252.0","113.0","105.5","10.15","42.50","37.15","77.0","243.5","65.4","96.9","33.35","78.0","11.85","75.6","93.7","121.5","88.9","591","441.0","700","465.5","325.0","216.0","347.5","136.5","138.0","89.0","149.5","47.65","126.0","106.0","29.30"
"33.80","26.95","64.7","93.4","75.0","94.4","24.75","24.70","60.4","353.0","44.00","15.95","146.0","37.85","108.5","21.60","48.60","237.0","95.0","249.5","73.4","207.5","88.0","12.30","103.5","328.0","311.5","24.60","16.45","28.65","16.75","47.55","49.20","9.21","18.40","13.35","23.90","13.35","9.21","19.35","19.90","260.0","5755","108.5","14.00","72.5","81.8","16.15","105.0","37.90","73.8","14.10","63.6","31.55","371.0","134.0","27.95","151.5","459.0","15.20","40.90","30.75","39.30","123.0","33.55","15.55","44.65","52.5","289.0","392.5","33.45","42.00","25.80","27.20","240.5","316.5","36.55","233.0","59.6","29.00"," 99.9","38.25","21.95","16.05","23.75","129.0","13.30","40.05","68.7","111.0","134.5","74.3","214.5","44.70","31.80","86.7","81.0","73.1","40.25","17.60","34.80","11.55","18.00","14.90","344.0","33.25","9.62","8.42","9.40","15.80","9.25","46.45","130.0","114.5","113.0","75.2","26.00","414.0","252.5","113.0","105.5","10.15","42.55","37.15","77.0","243.5","65.5","96.9","33.30","78.0","11.80","75.5","93.7","121.5","88.9","591","441.0","700","465.5","325.5","216.0","347.5","136.5","138.0","88.9","149.5","47.65","126.0","106.0","29.30"
"33.80","27.00","64.7","93.4","75.0","94.4","24.70","24.70","60.4","353.0","44.00","15.90","146.0","37.90","108.5","21.60","48.60","237.0","95.0","250.0","73.4","207.5","88.0","12.30","103.0","328.0","311.0","24.65","16.45","28.65","16.75","47.60","49.20","9.20","18.45","13.35","23.90","13.40","9.21","19.40","19.85","260.0","5760","108.0","14.00","72.5","81.9","16.15","105.5","37.95","73.8","14.05","63.6","31.55","371.0","134.0","27.95","152.0","459.0","15.20","40.90","30.70","39.30","123.0","33.45","15.55","44.70","52.5","289.0","393.0","33.40","42.00","25.80","27.20","240.5","316.5","36.50","233.0","59.5","29.00","100.5","38.25","21.95","16.05","23.75","129.0","13.30","40.00","68.8","111.0","134.0","74.2","214.5","44.75","31.80","86.7","81.0","73.1","40.25","17.60","34.80","11.55","18.00","14.90","344.0","33.25","9.62","8.42","9.41","15.80","9.26","46.45","130.0","115.0","113.0","75.2","26.00","414.0","252.5","113.0","105.5","10.15","42.55","37.15","76.9","243.5","65.5","96.9","33.30","78.0","11.80","75.6","93.7","121.5","89.0","591","441.0","700","466.0","326.0","216.0","347.5","137.0","138.0","88.9","149.5","47.65","126.0","106.0","29.30"
"33.80","26.95","64.8","93.4","74.9","94.4","24.70","24.70","60.4","353.0","44.00","15.90","146.0","37.90","109.0","21.65","48.60","236.5","94.9","250.0","73.4","207.5","88.0","12.30","103.5","328.0","311.0","24.65","16.45","28.65","16.75","47.60","49.15","9.20","18.45","13.35","23.85","13.40","9.21","19.40","19.90","260.0","5760","108.5","13.95","72.5","81.9","16.15","105.5","37.90","73.8","14.10","63.6","31.55","370.5","134.0","27.95","152.0","459.0","15.20","40.90","30.70","39.30","123.0","33.45","15.50","44.80","52.5","289.0","393.0","33.45","42.00","25.80","27.20","241.0","317.0","36.50","233.0","59.4","29.00","100.0","38.25","21.95","16.10","23.80","129.0","13.30","40.00","68.7","110.5","134.0","74.1","214.5","44.70","31.80","86.7","81.0","73.1","40.25","17.60","34.80","11.55","18.00","14.90","344.0","33.25","9.62","8.42","9.40","15.80","9.26","46.40","130.0","115.0","113.0","75.1","26.00","413.0","253.0","112.5","105.5","10.15","42.55","37.15","76.9","243.5","65.4","96.9","33.30","78.1","11.80","75.5","93.6","121.5","88.9","591","441.0","700","466.0","325.0","216.0","347.5","136.5","138.0","88.9","149.5","47.65","125.5","106.0","29.30"
"33.80","27.00","64.8","93.3","75.0","94.4","24.75","24.70","60.4","353.0","43.95","15.90","146.0","37.90","108.5","21.65","48.60","236.5","94.9","249.5","73.3","207.0","88.0","12.35","103.0","327.5","310.5","24.65","16.50","28.65","16.70","47.60","49.15","9.20","18.45","13.35","23.90","13.45","9.21","19.35","19.90","260.0","5755","108.5","13.95","72.5","81.9","16.15","105.5","37.90","73.8","14.05","63.6","31.60","371.0","134.0","27.95","152.0","459.0","15.20","40.95","30.70","39.30","123.0","33.50","15.55","44.70","52.5","289.0","391.5","33.40","42.05","25.75","27.20","241.0","316.5","36.55","233.0","59.5","29.00","100.0","38.25","21.90","16.05","23.80","129.0","13.30","40.00","68.7","110.5","134.0","74.1","214.5","44.75","31.80","86.7","80.9","73.2","40.25","17.60","34.80","11.55","18.00","14.90","344.0","33.25","9.62","8.42","9.40","15.80","9.26","46.45","130.0","115.0","113.0","75.2","26.00","412.5","252.5","112.5","105.5","10.20","42.50","37.10","76.9","243.5","65.4","96.9","33.35","78.0","11.80","75.5","93.4","122.0","89.0","592","441.0","700","466.0","325.0","216.0","347.5","136.5","138.5","88.9","150.0","47.70","125.5","106.0","29.30"
"33.80","26.95","64.8","93.4","75.0","94.4","24.70","24.70","60.4","353.0","44.00","15.95","146.5","37.90","108.5","21.60","48.65","236.5","94.9","250.0","73.4","207.5","88.0","12.35","103.5","327.5","311.0","24.65","16.50","28.65","16.70","47.60","49.15","9.20","18.45","13.30","23.85","13.45","9.20","19.40","19.90","260.0","5755","108.0","14.00","72.5","81.9","16.15","105.0","37.90","73.9","14.10","63.6","31.60","371.0","134.0","27.95","152.0","459.0","15.25","40.95","30.65","39.30","123.0","33.45","15.55","44.70","52.5","289.0","392.0","33.45","42.00","25.75","27.20","241.0","316.5","36.55","233.0","59.5","29.05","100.0","38.25","21.90","16.05","23.80","129.0","13.30","40.05","68.8","110.5","134.5","74.1","214.5","44.75","31.80","86.7","80.9","73.1","40.25","17.55","34.80","11.55","18.00","14.85","344.0","33.25","9.62","8.43","9.40","15.80","9.27","46.45","130.0","115.0","113.0","75.2","26.10","412.5","252.0","112.0","105.5","10.15","42.55","37.10","76.9","244.0","65.4","96.9","33.35","78.1","11.80","75.4","93.5","122.0","88.9","592","440.5","700","467.0","325.5","216.5","347.5","136.5","138.5","88.9","150.0","47.65","125.5","106.0","29.30"
"33.80","27.00","64.9","93.4","75.0","94.4","24.75","24.75","60.4","353.0","44.00","15.95","146.5","37.90","108.5","21.55","48.60","236.5","94.9","250.0","73.5","207.5","88.0","12.35","103.5","327.0","311.5","24.60","16.50","28.65","16.75","47.60","49.15","9.20","18.45","13.30","23.90","13.45","9.21","19.35","19.85","260.0","5755","108.5","14.00","72.5","82.0","16.15","105.0","37.95","73.8","14.10","63.6","31.60","371.0","134.0","27.95","151.5","459.0","15.25","40.90","30.70","39.30","123.0","33.50","15.55","44.75","52.5","289.0","392.0","33.45","42.00","25.75","27.20","241.0","316.5","36.50","234.0","59.5","29.00","100.0","38.25","21.90","16.05","23.75","129.0","13.30","40.05","68.8","111.0","134.5","74.1","214.0","44.70","31.85","86.7","80.9","73.2","40.25","17.60","34.80","11.55","18.00","14.85","344.0","33.30","9.62","8.41","9.40","15.80","9.27","46.45","130.0","115.0","113.0","75.2","26.10","412.5","252.0","112.5","105.5","10.15","42.50","37.10","76.9","244.0","65.4","96.9","33.35","78.0","11.85","75.4","93.5","122.0","88.9","592","440.5","700","466.0","325.5","216.5","347.5","136.5","139.0","88.9","150.0","47.65","125.5","106.0","29.25"
"33.80","26.95","64.9","93.4","75.0","94.4","24.70","24.75","60.4","353.0","44.00","15.95","147.0","37.90","108.5","21.55","48.70","237.0","94.8","250.0","73.5","207.5","88.0","12.30","103.5","327.5","311.5","24.65","16.50","28.65","16.75","47.60","49.15","9.20","18.40","13.30","23.90","13.40","9.21","19.35","19.90","260.5","5755","108.0","14.00","72.5","82.0","16.15","105.0","37.95","73.8","14.05","63.6","31.60","370.5","134.0","28.00","151.5","459.0","15.20","40.95","30.70","39.30","123.0","33.45","15.55","44.75","52.5","289.0","392.0","33.40","42.05","25.80","27.20","241.0","316.0","36.50","234.0","59.6","29.00","100.0","38.25","21.90","16.05","23.80","129.0","13.30","40.05","68.9","111.0","134.0","74.1","214.0","44.70","31.80","86.8","80.9","73.1","40.30","17.65","34.80","11.55","18.05","14.90","344.0","33.25","9.62","8.42","9.40","15.80","9.27","46.45","130.0","115.0","113.0","75.1","26.10","412.5","253.0","112.5","106.0","10.15","42.55","37.10","76.9","243.5","65.4","97.0","33.35","78.1","11.85","75.3","93.5","122.0","88.8","592","441.0","700","466.0","325.5","216.5","347.5","136.5","139.0","88.9","150.0","47.70","125.5","106.0","29.25"
"33.80","26.95","64.8","93.3","74.9","94.4","24.70","24.75","60.3","353.0","43.95","15.90","146.5","37.90","108.5","21.55","48.70","236.5","94.8","250.0","73.4","207.0","88.0","12.35","103.5","327.5","311.0","24.60","16.45","28.65","16.75","47.60","49.15","9.20","18.45","13.30","23.90","13.40","9.21","19.40","19.90","260.5","5755","108.0","14.00","72.4","82.0","16.15","105.0","37.90","73.8","14.05","63.6","31.60","371.0","133.5","28.05","152.0","459.0","15.20","40.95","30.75","39.30","123.0","33.50","15.55","44.75","52.4","289.0","392.0","33.45","42.05","25.80","27.20","241.0","316.0","36.50","233.5","59.5","29.00","100.0","38.25","21.95","16.10","23.80","129.0","13.30","40.05","69.0","111.0","134.0","74.1","214.0","44.65","31.80","86.8","80.7","73.1","40.25","17.65","34.80","11.55","18.00","14.90","344.0","33.25","9.61","8.42","9.40","15.80","9.27","46.45","129.5","115.0","113.0","75.1","26.10","412.5","252.5","112.5","105.5","10.15","42.55","37.15","76.9","243.5","65.3","97.0","33.35","78.1","11.85","75.3","93.5","122.0","88.8","592","441.0","700","466.5","325.0","216.5","347.5","136.5","139.0","88.9","149.5","47.65","126.0","106.0","29.25"
"33.80","27.00","64.8","93.4","75.0","94.4","24.75","24.75","60.4","353.0","44.00","15.90","146.5","37.85","109.0","21.55","48.65","237.0","94.8","249.5","73.4","207.0","88.1","12.30","103.5","327.0","311.5","24.65","16.50","28.65","16.75","47.60","49.20","9.21","18.45","13.30","23.90","13.45","9.21","19.35","19.90","260.0","5755","108.5","13.95","72.5","81.9","16.15","105.0","37.90","73.9","14.10","63.6","31.60","371.0","133.5","28.20","152.0","459.0","15.20","40.90","30.75","39.30","122.5","33.45","15.55","44.75","52.5","289.0","392.0","33.45","42.05","25.75","27.20","241.0","316.0","36.50","233.5","59.5","29.00","100.0","38.20","21.95","16.10","23.80","129.0","13.30","40.05","68.8","110.5","134.5","74.2","214.5","44.70","31.80","86.7","80.9","73.2","40.25","17.60","34.80","11.50","18.00","14.90","344.0","33.25","9.61","8.42","9.41","15.80","9.27","46.50","130.0","115.0","113.0","75.1","26.10","413.0","252.5","112.5","105.5","10.15","42.55","37.15","76.9","243.5","65.4","97.0","33.35","78.1","11.80","75.3","93.5","122.0","88.8","592","440.5","700","466.5","325.0","216.5","347.5","136.0","138.5","88.9","149.5","47.70","126.0","106.0","29.25"
"33.75","27.00","64.8","93.3","75.0","94.4","24.70","24.75","60.4","353.0","44.00","15.95","146.5","37.85","108.5","21.55","48.70","237.0","94.8","249.5","73.4","207.0","88.1","12.30","103.5","327.0","311.5","24.60","16.45","28.65","16.75","47.60","49.15","9.21","18.40","13.30","23.95","13.40","9.21","19.40","19.90","260.0","5755","108.0","14.00","72.5","82.0","16.15","105.5","37.95","73.9","14.05","63.6","31.60","371.0","133.5","28.15","151.5","459.0","15.20","40.90","30.75","39.30","123.0","33.45","15.55","44.80","52.5","289.0","392.0","33.45","42.00","25.75","27.20","241.0","316.0","36.45","233.5","59.5","29.05","100.0","38.20","21.90","16.05","23.75","129.5","13.30","40.00","69.2","110.5","134.0","74.2","214.5","44.65","31.80","86.7","80.9","73.1","40.25","17.65","34.75","11.55","18.00","14.90","344.0","33.30","9.61","8.42","9.41","15.80","9.27","46.45","130.0","114.5","113.0","75.1","26.10","413.0","252.0","112.5","105.5","10.15","42.60","37.15","76.8","243.5","65.4","96.8","33.35","78.1","11.80","75.2","93.4","122.0","88.9","592","440.5","700","466.5","324.5","216.5","347.5","136.0","138.5","88.9","149.5","47.70","126.0","106.0","29.25"
"33.80","27.00","64.9","93.3","74.9","94.4","24.70","24.75","60.4","353.0","44.00","15.90","147.0","37.90","108.5","21.55","48.65","237.0","94.8","250.0","73.5","207.0","88.2","12.30","103.5","327.0","311.5","24.65","16.50","28.65","16.70","47.60","49.15","9.21","18.40","13.35","23.95","13.45","9.21","19.35","19.90","260.0","5745","108.5","14.00","72.5","81.9","16.20","105.5","37.90","73.9","14.10","63.6","31.60","371.0","133.5","28.15","152.0","459.0","15.25","40.95","30.75","39.25","123.0","33.55","15.55","44.80","52.5","289.0","392.0","33.45","42.00","25.75","27.15","240.5","316.5","36.45","233.5","59.4","29.05","100.0","38.25","21.95","16.05","23.80","129.5","13.35","40.00","69.1","110.5","134.0","74.1","214.5","44.70","31.80","86.7","81.0","73.2","40.30","17.60","34.75","11.55","18.00","14.90","344.0","33.25","9.61","8.42","9.41","15.85","9.27","46.45","129.5","115.0","113.0","75.1","26.10","413.0","252.0","112.5","105.5","10.20","42.60","37.20","76.9","243.5","65.4","96.8","33.35","78.1","11.80","75.2","93.4","122.0","88.9","592","440.5","700","467.0","324.5","216.5","347.5","136.0","138.5","88.9","149.5","47.70","126.0","106.0","29.30"
"33.75","27.00","64.8","93.4","75.0","94.4","24.70","24.75","60.4","353.5","43.95","15.90","146.5","37.90","109.0","21.55","48.65","237.0","94.8","250.0","73.5","206.5","88.2","12.35","103.5","327.0","311.5","24.65","16.50","28.65","16.70","47.60","49.20","9.20","18.45","13.30","23.95","13.40","9.21","19.40","19.90","260.5","5735","108.0","13.95","72.5","82.0","16.20","105.0","37.95","73.9","14.10","63.6","31.60","370.5","133.5","28.10","151.5","459.0","15.20","40.90","30.75","39.30","123.0","33.45","15.55","44.80","52.5","289.0","392.0","33.45","42.00","25.80","27.15","242.0","316.0","36.45","234.0","59.5","29.00","100.0","38.20","21.90","16.05","23.80","129.0","13.35","40.05","69.1","111.0","134.0","74.2","214.5","44.70","31.80","86.8","81.0","73.1","40.30","17.60","34.80","11.55","18.00","14.90","344.0","33.25","9.61","8.42","9.41","15.85","9.27","46.45","130.0","115.0","113.5","75.2","26.10","413.0","252.0","112.0","105.5","10.20","42.55","37.15","76.9","243.5","65.5","96.8","33.35","78.1","11.85","75.2","93.5","122.0","88.9","592","440.5","700","467.0","324.0","216.5","347.5","136.0","138.5","88.9","149.5","47.70","126.0","106.0","29.30"
"33.80","27.00","64.8","93.4","75.0","94.4","24.75","24.70","60.4","353.5","44.00","15.90","146.5","37.90","109.0","21.55","48.65","237.0","94.8","250.0","73.4","206.5","88.1","12.30","103.5","326.5","312.0","24.60","16.50","28.65","16.75","47.60","49.15","9.21","18.45","13.30","23.95","13.40","9.21","19.35","19.90","260.0","5735","108.0","14.00","72.5","82.0","16.15","105.0","37.95","73.9","14.10","63.6","31.60","371.0","133.5","28.05","151.5","458.5","15.20","40.90","30.75","39.30","123.0","33.45","15.55","44.80","52.5","289.0","392.0","33.45","42.05","25.80","27.15","242.0","316.0","36.45","233.5","59.5","29.05"," 99.9","38.15","21.95","16.05","23.80","129.0","13.35","40.00","69.1","111.0","134.0","74.1","214.5","44.70","31.85","86.8","80.9","73.2","40.25","17.60","34.80","11.55","18.00","14.90","344.0","33.25","9.61","8.42","9.41","15.85","9.27","46.45","130.0","115.0","113.5","75.2","26.10","412.5","252.0","112.0","105.5","10.15","42.55","37.15","76.9","243.5","65.3","96.8","33.35","78.2","11.80","75.2","93.6","122.5","88.9","592","440.5","700","467.0","324.5","216.5","347.0","136.0","138.5","88.9","150.0","47.70","126.0","106.5","29.30"
"33.80","27.00","64.8","93.5","74.9","94.5","24.70","24.75","60.4","353.5","44.00","15.95","146.5","37.90","109.0","21.60","48.65","237.0","94.8","250.0","73.5","206.5","88.3","12.35","103.5","327.0","312.0","24.60","16.45","28.60","16.75","47.60","49.15","9.21","18.45","13.30","23.95","13.40","9.22","19.35","19.90","260.0","5730","108.0","14.00","72.5","82.0","16.20","105.0","37.95","73.9","14.10","63.6","31.65","371.0","133.5","28.05","151.5","458.0","15.25","40.90","30.75","39.30","123.0","33.50","15.60","44.75","52.5","288.5","392.5","33.45","42.05","25.75","27.15","242.0","315.5","36.50","233.5","59.5","29.00","100.5","38.20","21.90","16.05","23.75","129.0","13.35","40.00","69.2","111.0","134.0","74.1","214.5","44.65","31.85","86.7","80.9","73.2","40.25","17.55","34.80","11.55","18.00","14.90","344.0","33.25","9.61","8.42","9.41","15.85","9.27","46.45","130.0","115.0","113.0","75.2","26.10","412.5","252.0","112.0","105.5","10.15","42.60","37.20","77.0","244.0","65.3","96.8","33.30","78.1","11.80","75.3","93.6","122.5","88.9","592","440.5","700","467.0","324.0","216.5","347.0","136.0","138.5","88.9","150.0","47.65","126.0","106.5","29.25"
"33.80","27.00","64.8","93.5","75.0","94.5","24.70","24.75","60.4","354.0","44.00","15.90","147.0","37.90","108.5","21.55","48.70","236.5","94.7","250.0","73.5","206.5","88.4","12.35","103.0","326.5","312.0","24.60","16.50","28.65","16.75","47.60","49.15","9.21","18.45","13.30","23.95","13.40","9.22","19.35","19.90","260.0","5730","108.0","14.00","72.5","82.0","16.15","105.0","37.95","73.9","14.10","63.6","31.65","370.5","133.5","28.05","151.5","457.5","15.20","40.90","30.75","39.30","123.0","33.45","15.60","44.75","52.5","288.5","392.5","33.40","42.05","25.75","27.15","242.0","315.5","36.55","233.5","59.5","29.05","100.0","38.20","21.90","16.05","23.75","129.5","13.30","40.05","69.0","111.0","134.0","74.3","214.5","44.60","31.80","86.7","80.8","73.1","40.30","17.60","34.80","11.60","18.00","14.90","344.0","33.25","9.61","8.42","9.41","15.80","9.27","46.45","129.5","115.0","113.0","75.2","26.10","412.5","252.0","112.5","105.5","10.15","42.60","37.15","76.9","243.5","65.3","96.8","33.30","78.1","11.80","75.3","93.6","122.5","88.9","592","441.0","700","467.0","324.0","216.5","347.0","136.0","138.5","88.9","149.5","47.70","126.0","106.5","29.30"
"33.80","26.95","64.8","93.5","75.0","94.5","24.75","24.75","60.4","355.0","44.00","15.90","147.0","37.90","109.0","21.55","48.70","237.0","94.7","250.0","73.6","207.0","88.4","12.35","103.5","327.0","312.5","24.65","16.45","28.60","16.75","47.55","49.20","9.22","18.45","13.30","23.95","13.40","9.21","19.35","19.90","260.0","5745","108.5","14.00","72.5","82.0","16.20","105.0","37.95","73.9","14.05","63.6","31.65","371.0","133.5","28.05","151.5","457.0","15.25","40.90","30.75","39.30","122.5","33.45","15.55","44.80","52.4","289.0","392.0","33.40","42.05","25.75","27.15","242.0","315.5","36.55","233.5","59.7","29.05","100.0","38.20","21.95","16.05","23.75","129.0","13.30","40.00","69.1","110.5","134.0","74.3","214.5","44.45","31.85","86.7","80.8","73.1","40.25","17.60","34.80","11.60","18.00","14.90","344.0","33.25","9.61","8.42","9.41","15.80","9.27","46.45","130.0","115.0","113.0","75.3","26.10","412.5","251.5","112.5","105.5","10.15","42.55","37.20","77.0","243.0","65.3","96.8","33.30","78.2","11.80","75.3","93.6","122.5","88.9","592","441.0","700","467.0","324.5","216.5","347.0","136.0","138.5","88.9","149.5","47.65","126.0","106.5","29.25"
"33.80","27.00","64.9","93.4","75.0","94.5","24.70","24.80","60.3","355.0","44.00","15.90","146.5","37.90","109.0","21.55","48.70","237.5","94.8","250.0","73.7","207.0","88.3","12.30","103.0","327.5","312.0","24.60","16.45","28.65","16.75","47.60","49.20","9.21","18.45","13.30","23.95","13.40","9.22","19.35","19.90","260.5","5745","108.5","14.00","72.5","82.1","16.20","105.5","38.00","73.8","14.05","63.6","31.65","371.0","133.5","28.10","151.5","457.0","15.20","40.95","30.75","39.25","123.0","33.45","15.55","44.80","52.5","289.0","392.0","33.40","42.00","25.80","27.15","242.0","315.0","36.60","233.5","59.7","29.05","100.0","38.15","21.95","16.05","23.75","129.0","13.35","40.00","69.2","110.5","134.0","74.3","214.5","44.50","31.85","86.7","80.8","73.1","40.30","17.55","34.75","11.60","18.00","14.85","344.0","33.25","9.61","8.42","9.41","15.80","9.27","46.45","130.0","115.0","113.0","75.3","26.10","412.0","251.0","112.5","106.0","10.15","42.60","37.20","77.0","243.0","65.3","96.8","33.35","78.2","11.75","75.3","93.6","122.5","88.9","592","441.0","700","467.0","324.5","216.5","347.0","136.0","138.5","88.9","149.5","47.65","126.0","106.5","29.25"
"33.80","27.05","64.8","93.4","75.0","94.5","24.70","24.80","60.4","355.0","43.95","15.90","147.0","37.90","108.5","21.60","48.75","237.0","94.9","250.0","73.8","207.0","88.4","12.30","103.5","327.0","312.0","24.60","16.45","28.65","16.75","47.60","49.20","9.20","18.45","13.30","23.95","13.35","9.21","19.35","19.90","260.5","5745","108.0","14.00","72.5","82.2","16.20","105.0","38.00","73.8","14.10","63.6","31.65","370.5","133.5","28.15","151.5","458.0","15.25","40.90","30.75","39.30","123.0","33.45","15.55","44.80","52.5","289.0","392.0","33.40","42.00","25.80","27.15","242.0","315.0","36.45","234.0","59.6","29.00","100.5","38.20","21.95","16.05","23.80","129.0","13.30","40.00","69.3","110.5","134.5","74.2","214.0","44.50","31.85","86.8","80.8","73.1","40.25","17.55","34.80","11.65","18.00","14.90","344.0","33.25","9.62","8.42","9.41","15.80","9.27","46.40","130.0","115.0","113.0","75.4","26.10","412.5","251.5","112.5","106.0","10.15","42.60","37.20","77.0","243.0","65.3","96.8","33.35","78.2","11.75","75.4","93.6","122.5","88.8","592","441.0","700","466.5","324.5","216.5","347.0","136.0","138.5","88.9","149.5","47.65","126.0","106.5","29.25"
"33.85","27.00","64.8","93.3","75.0","94.5","24.70","24.80","60.4","355.0","44.00","15.90","147.0","37.85","109.0","21.55","48.75","237.5","94.9","249.5","73.8","207.0","88.3","12.30","103.5","327.0","312.0","24.60","16.45","28.70","16.75","47.60","49.25","9.21","18.45","13.30","23.95","13.35","9.21","19.40","19.90","260.5","5750","108.5","14.00","72.5","82.1","16.20","105.0","38.00","73.9","14.05","63.7","31.65","371.0","133.5","28.10","151.5","458.0","15.25","40.95","30.80","39.30","123.0","33.45","15.55","44.80","52.5","289.0","392.0","33.45","42.00","25.80","27.15","242.0","315.5","36.50","232.5","59.6","29.00","100.5","38.20","21.90","16.05","23.75","129.0","13.35","40.00","69.2","110.5","134.0","74.3","213.5","44.60","31.85","86.7","80.7","73.0","40.25","17.55","34.85","11.60","18.05","14.90","344.0","33.25","9.62","8.42","9.41","15.80","9.27","46.40","130.0","115.0","113.0","75.3","26.05","413.0","252.0","112.0","106.0","10.15","42.60","37.20","77.2","243.0","65.4","96.8","33.35","78.2","11.75","75.4","93.6","122.5","88.9","592","441.0","700","466.5","325.0","216.5","347.0","136.0","139.0","89.0","149.5","47.60","126.0","106.5","29.25"
"33.90","27.00","64.9","93.3","75.0","94.5","24.75","24.80","60.3","355.0","44.00","15.95","146.5","37.90","109.0","21.55","48.75","237.0","94.9","249.5","73.8","206.5","88.3","12.35","103.5","327.0","311.5","24.60","16.45","28.70","16.75","47.60","49.25","9.21","18.45","13.30","23.95","13.35","9.22","19.35","19.90","260.0","5750","108.5","14.00","72.5","82.2","16.20","105.0","38.00","73.9","14.05","63.8","31.65","370.5","133.5","28.05","151.5","458.0","15.25","40.90","30.80","39.30","123.0","33.45","15.55","44.75","52.5","289.0","392.0","33.40","42.00","25.80","27.15","242.0","315.5","36.50","233.5","59.6","29.05","100.5","38.20","21.90","16.05","23.80","129.0","13.35","40.00","69.2","110.5","134.0","74.3","213.5","44.65","31.85","86.7","80.8","72.9","40.25","17.55","34.85","11.60","18.05","14.90","344.0","33.25","9.62","8.42","9.40","15.80","9.27","46.40","130.0","114.5","113.0","75.3","26.10","412.5","252.0","112.0","105.5","10.15","42.60","37.20","77.2","242.5","65.4","96.8","33.35","78.2","11.75","75.3","93.6","122.5","88.8","592","441.0","700","467.0","325.0","216.5","347.0","136.0","138.5","89.0","149.5","47.60","126.0","106.5","29.30"
"33.90","27.00","64.9","93.4","75.0","94.5","24.75","24.80","60.4","354.5","44.00","15.95","147.0","37.90","109.0","21.55","48.75","237.5","94.9","249.5","73.6","207.0","88.3","12.30","103.5","327.0","311.5","24.65","16.45","28.75","16.75","47.55","49.25","9.20","18.45","13.30","23.95","13.40","9.22","19.35","19.90","260.5","5750","108.0","14.00","72.6","82.2","16.20","105.0","38.00","73.9","14.10","64.2","31.65","371.0","133.5","28.05","151.5","458.0","15.30","40.90","30.80","39.30","123.0","33.45","15.55","44.75","52.4","289.0","392.0","33.45","42.00","25.75","27.15","242.0","315.5","36.50","233.5","59.6","29.00","100.0","38.20","21.95","16.05","23.75","129.0","13.30","40.00","69.1","111.0","134.0","74.3","213.5","44.60","31.85","86.7","80.8","72.9","40.25","17.55","34.85","11.60","18.00","14.90","344.0","33.25","9.62","8.42","9.41","15.80","9.27","46.40","130.0","115.0","113.5","75.3","26.10","412.5","252.0","112.0","105.5","10.10","42.65","37.20","77.4","242.5","65.4","96.7","33.35","78.1","11.80","75.4","93.7","122.5","88.8","592","441.0","700","467.0","325.0","216.5","347.0","136.5","139.0","89.0","149.5","47.65","126.0","107.0","29.30"
"33.90","27.00","64.8","93.4","75.0","94.5","24.75","24.80","60.4","354.5","44.00","15.95","146.5","37.90","109.0","21.55","48.75","237.0","94.9","250.0","73.6","207.0","88.1","12.35","103.5","326.5","311.5","24.60","16.50","28.75","16.70","47.60","49.25","9.20","18.40","13.35","23.95","13.40","9.21","19.35","19.90","260.5","5750","108.5","14.00","72.6","82.3","16.20","105.0","37.95","74.0","14.05","64.0","31.65","371.0","134.0","28.10","151.5","458.0","15.30","40.90","30.80","39.30","123.0","33.45","15.55","44.80","52.4","289.0","392.0","33.40","42.00","25.75","27.20","242.0","315.0","36.50","233.5","59.7","29.00","100.0","38.20","21.95","16.05","23.75","129.0","13.30","40.00","69.0","111.0","134.0","74.2","213.5","44.60","31.90","86.7","80.8","72.9","40.25","17.55","34.85","11.60","18.00","14.90","344.0","33.25","9.62","8.42","9.41","15.80","9.26","46.45","130.0","115.0","113.5","75.2","26.05","412.5","252.0","112.0","106.0","10.10","42.65","37.20","77.4","242.0","65.5","96.8","33.35","78.2","11.80","75.4","93.6","122.5","88.9","592","441.0","700","467.5","325.5","216.5","347.0","136.5","138.5","89.0","150.0","47.65","126.0","106.5","29.30"
"33.90","27.00","64.8","93.4","75.0","94.5","24.70","24.80","60.4","355.0","44.00","15.95","146.5","37.90","108.5","21.55","48.75","237.5","94.9","250.0","73.5","207.0","88.1","12.35","103.5","327.0","311.5","24.65","16.45","28.70","16.75","47.60","49.25","9.20","18.40","13.35","23.95","13.40","9.21","19.40","19.90","260.5","5750","108.5","14.00","72.6","82.3","16.20","105.0","37.95","74.0","14.05","63.9","31.65","371.0","134.0","28.05","151.5","458.0","15.30","40.95","30.80","39.25","123.0","33.50","15.55","44.80","52.4","289.0","392.0","33.45","42.00","25.80","27.20","242.0","315.0","36.50","234.0","59.5","29.05","100.0","38.20","21.90","16.05","23.75","129.0","13.30","40.00","69.0","111.0","134.0","74.3","213.5","44.60","31.85","86.7","80.8","72.9","40.25","17.55","34.85","11.65","18.00","14.90","345.0","33.25","9.61","8.43","9.40","15.80","9.28","46.40","130.0","115.0","113.0","75.2","26.05","412.5","252.0","112.0","106.0","10.15","42.65","37.20","77.5","240.5","65.4","96.6","33.35","78.1","11.75","75.5","93.6","122.5","88.9","592","441.0","700","468.0","325.0","216.5","347.0","136.0","138.5","89.0","149.5","47.65","126.0","106.5","29.25"
"33.90","27.00","64.8","93.4","75.0","94.5","24.70","24.80","60.4","355.0","43.95","15.95","146.5","37.90","108.5","21.55","48.75","237.5","94.9","249.5","73.5","206.5","88.1","12.30","103.5","326.5","312.0","24.60","16.50","28.70","16.75","47.65","49.20","9.20","18.40","13.35","23.95","13.40","9.21","19.35","19.90","260.5","5750","108.0","14.00","72.5","82.2","16.20","105.0","37.95","74.0","14.05","63.9","31.60","370.5","134.0","28.05","151.5","458.5","15.25","40.95","30.80","39.30","122.5","33.50","15.55","44.80","52.4","289.0","392.0","33.45","42.05","25.80","27.20","242.0","315.5","36.50","234.0","59.6","29.05","100.0","38.20","21.95","16.05","23.75","129.0","13.35","40.05","68.8","111.0","134.0","74.3","213.0","44.55","31.85","86.7","80.7","72.9","40.25","17.55","34.85","11.60","18.00","14.90","344.0","33.30","9.62","8.43","9.41","15.80","9.28","46.45","129.5","115.0","113.0","75.3","26.10","412.5","252.0","112.5","106.0","10.10","42.65","37.20","77.4","241.0","65.3","96.7","33.35","78.2","11.75","75.4","93.7","122.5","88.8","592","441.0","700","468.0","325.0","216.5","347.0","136.0","138.5","89.0","149.5","47.70","126.0","106.5","29.30"
"33.85","27.00","64.8","93.4","75.0","94.5","24.75","24.80","60.4","355.0","44.00","15.95","146.5","37.90","108.5","21.60","48.70","237.5","95.0","250.0","73.5","207.0","88.1","12.35","103.5","327.0","311.5","24.65","16.50","28.70","16.75","47.65","49.25","9.20","18.45","13.35","23.95","13.40","9.21","19.40","19.90","260.5","5750","108.5","14.00","72.5","82.3","16.20","105.5","37.95","74.0","14.05","63.8","31.60","371.0","134.0","28.05","151.5","458.5","15.30","40.90","30.80","39.30","122.5","33.45","15.55","44.75","52.4","289.0","392.0","33.45","42.05","25.80","27.15","242.0","315.5","36.50","233.0","59.6","29.05","100.0","38.25","21.95","16.05","23.80","129.0","13.30","40.00","68.9","111.0","134.0","74.2","213.5","44.60","31.85","86.7","80.5","72.9","40.25","17.55","34.85","11.60","18.00","14.90","344.0","33.30","9.62","8.43","9.40","15.80","9.28","46.45","129.5","115.0","113.0","75.3","26.05","412.5","252.0","112.5","105.5","10.15","42.60","37.20","77.3","240.5","65.3","96.7","33.35","78.2","11.75","75.4","93.6","122.5","88.8","592","441.5","700","468.0","325.0","217.0","347.5","136.0","138.5","89.0","149.5","47.70","126.0","106.5","29.30"
"33.85","27.00","64.8","93.4","75.0","94.5","24.75","24.80","60.4","355.5","43.95","15.95","146.5","37.90","108.5","21.60","48.75","237.0","94.9","250.0","73.5","206.5","88.2","12.35","103.5","326.5","312.0","24.60","16.50","28.70","16.75","47.65","49.25","9.21","18.40","13.35","23.95","13.40","9.21","19.40","19.90","260.5","5750","108.0","14.00","72.5","82.3","16.20","105.0","38.00","74.0","14.10","63.8","31.65","371.0","134.0","28.10","151.0","458.5","15.30","40.90","30.75","39.30","122.5","33.45","15.55","44.75","52.4","288.5","392.0","33.45","42.00","25.80","27.15","242.0","315.0","36.50","233.5","59.5","29.00","100.0","38.25","21.90","16.10","23.85","129.0","13.35","40.00","68.8","111.0","133.5","74.2","213.5","44.55","31.85","86.7","80.6","73.0","40.25","17.55","34.85","11.65","18.05","14.90","344.0","33.30","9.62","8.43","9.39","15.80","9.27","46.40","129.5","115.0","113.5","75.3","26.05","412.5","252.0","112.5","106.0","10.15","42.60","37.20","77.2","241.0","65.4","96.7","33.35","78.2","11.75","75.4","93.7","123.0","88.9","592","441.0","700","468.5","324.5","217.0","347.0","136.5","138.5","89.0","149.5","47.70","125.5","106.0","29.30"
"33.85","27.00","64.9","93.3","75.0","94.5","24.75","24.75","60.3","356.0","44.00","15.90","146.5","37.85","108.5","21.55","48.75","237.0","94.8","250.0","73.5","207.0","88.2","12.30","103.5","327.0","311.5","24.65","16.45","28.65","16.75","47.65","49.25","9.21","18.40","13.30","23.95","13.35","9.21","19.35","19.85","260.5","5750","108.0","14.00","72.6","82.4","16.20","105.5","38.00","74.0","14.10","63.9","31.65","371.0","134.0","28.05","151.0","458.0","15.30","40.95","30.85","39.25","123.0","33.50","15.55","44.80","52.4","288.5","392.0","33.45","42.00","25.80","27.15","242.0","315.5","36.50","233.5","59.4","29.00","100.0","38.25","21.90","16.05","23.85","128.5","13.30","39.95","68.9","111.0","133.5","74.2","213.5","44.50","31.85","86.7","80.7","73.0","40.20","17.60","34.80","11.65","18.00","14.90","344.0","33.30","9.62","8.43","9.40","15.80","9.28","46.45","129.5","115.5","113.5","75.3","26.05","412.0","252.0","112.5","105.5","10.15","42.65","37.20","77.0","241.5","65.4","96.7","33.35","78.4","11.75","75.5","93.7","122.5","88.8","592","441.0","700","468.5","325.0","217.0","347.0","136.0","138.5","89.0","150.0","47.65","126.0","106.0","29.30"
"33.85","27.00","64.8","93.3","75.0","94.5","24.75","24.80","60.4","356.0","43.95","15.95","146.5","37.90","108.5","21.55","48.75","237.0","94.9","250.0","73.5","207.0","88.1","12.35","103.5","326.5","311.5","24.60","16.50","28.70","16.75","47.65","49.25","9.21","18.45","13.30","23.95","13.40","9.22","19.35","19.90","260.5","5750","108.5","14.00","72.6","82.4","16.20","105.0","38.00","74.0","14.10","63.8","31.65","371.0","134.0","28.05","151.0","458.0","15.30","40.95","30.85","39.30","123.0","33.45","15.55","44.80","52.5","288.0","392.0","33.45","42.05","25.80","27.20","242.0","315.5","36.55","232.5","59.5","29.05","100.0","38.25","21.90","16.10","23.80","128.5","13.30","39.95","68.9","111.0","134.0","74.3","213.0","44.35","31.80","86.7","80.7","73.0","40.25","17.55","34.80","11.65","18.00","14.95","344.0","33.30","9.62","8.43","9.40","15.80","9.27","46.45","129.0","115.5","113.0","75.3","26.05","412.0","252.0","112.0","105.5","10.15","42.65","37.20","77.0","241.0","65.4","96.7","33.35","78.5","11.75","75.6","93.7","123.0","88.7","592","441.0","700","468.5","325.0","217.0","347.0","136.0","138.5","89.0","150.0","47.70","126.0","106.0","29.30"
"33.85","27.00","64.8","93.3","75.0","94.5","24.70","24.75","60.4","356.0","43.95","15.95","146.5","37.90","108.5","21.55","48.70","237.5","94.9","249.5","73.5","207.0","88.1","12.35","103.5","326.5","312.5","24.65","16.50","28.65","16.70","47.65","49.25","9.21","18.45","13.35","23.95","13.35","9.21","19.40","19.85","260.5","5735","108.0","14.05","72.6","82.3","16.20","105.5","38.00","74.0","14.05","63.8","31.60","371.0","134.0","28.10","151.0","459.0","15.30","40.95","30.85","39.30","123.0","33.45","15.55","44.85","52.4","288.0","391.5","33.40","42.05","25.75","27.20","242.0","316.0","36.50","232.5","59.4","29.00","100.0","38.25","21.90","16.10","23.85","128.5","13.30","39.95","68.9","110.5","134.0","74.3","213.5","44.35","31.80","86.7","80.7","73.0","40.25","17.60","34.80","11.60","18.00","14.90","344.0","33.30","9.62","8.43","9.40","15.80","9.27","46.45","129.0","115.5","113.0","75.3","26.10","411.5","252.5","112.0","105.5","10.15","42.65","37.20","77.0","241.0","65.4","96.7","33.35","78.5","11.80","75.6","93.6","122.5","88.8","592","441.0","700","469.0","324.5","217.0","347.0","136.0","138.5","89.0","149.5","47.60","126.0","106.0","29.30"
"33.85","27.00","64.8","93.3","75.0","94.5","24.75","24.80","60.4","356.0","44.00","15.90","146.5","37.90","109.0","21.60","48.70","237.0","94.9","249.5","73.4","207.0","88.0","12.35","103.5","326.5","312.5","24.65","16.50","28.65","16.70","47.65","49.25","9.21","18.45","13.35","23.95","13.40","9.21","19.35","19.90","260.5","5735","108.0","14.00","72.6","82.4","16.15","105.0","37.95","74.0","14.10","63.8","31.60","371.0","133.5","28.05","151.0","459.0","15.30","40.95","30.85","39.30","123.0","33.45","15.50","44.85","52.4","288.0","391.5","33.45","42.05","25.75","27.25","242.0","316.0","36.55","233.0","59.5","29.00"," 99.9","38.25","21.90","16.10","23.85","129.0","13.30","39.90","69.0","110.5","134.0","74.3","213.5","44.25","31.85","86.7","80.7","73.0","40.25","17.60","34.80","11.65","18.05","14.95","344.0","33.25","9.62","8.43","9.40","15.80","9.28","46.45","129.5","115.5","113.0","75.3","26.05","412.0","253.0","112.0","105.5","10.15","42.65","37.20","77.0","241.5","65.4","96.7","33.35","78.4","11.75","75.5","93.7","123.0","88.8","592","441.0","700","469.0","324.5","217.0","347.0","135.5","138.5","89.0","150.0","47.65","126.0","106.0","29.25"
"33.90","27.05","64.8","93.2","75.0","94.5","24.70","24.80","60.4","356.0","43.95","15.95","146.5","37.90","108.5","21.60","48.75","237.0","95.0","250.0","73.5","206.5","88.1","12.30","103.5","326.5","313.0","24.65","16.45","28.65","16.75","47.65","49.25","9.21","18.40","13.35","23.95","13.40","9.21","19.40","19.90","260.5","5750","108.5","14.00","72.6","82.3","16.20","105.0","37.95","74.0","14.05","63.8","31.60","371.0","133.5","28.05","151.0","459.0","15.30","40.95","30.85","39.30","123.0","33.45","15.55","44.85","52.4","288.0","391.5","33.45","42.05","25.80","27.25","241.5","316.0","36.50","233.5","59.5","28.95"," 99.8","38.25","21.90","16.10","23.80","129.0","13.30","39.90","68.9","111.0","134.0","74.3","213.0","44.25","31.80","86.7","80.8","73.0","40.25","17.60","34.80","11.65","18.05","14.90","344.0","33.25","9.62","8.43","9.40","15.80","9.28","46.45","129.5","115.5","113.0","75.3","26.10","412.5","252.5","112.0","106.0","10.15","42.60","37.20","77.0","241.5","65.4","96.6","33.35","78.3","11.80","75.6","93.7","122.5","88.9","592","440.5","700","469.0","324.5","217.0","346.0","135.5","138.5","89.0","150.0","47.60","126.0","106.0","29.30"
"33.90","27.05","64.9","93.2","75.0","94.5","24.75","24.75","60.4","356.0","43.95","15.95","146.5","37.90","108.5","21.55","48.70","237.0","95.0","250.0","73.5","207.0","88.1","12.30","103.5","326.5","313.5","24.60","16.50","28.70","16.70","47.65","49.25","9.21","18.45","13.35","23.95","13.45","9.22","19.40","19.90","260.5","5750","108.0","14.00","72.5","82.2","16.15","105.0","37.95","73.9","14.10","63.8","31.60","370.5","134.0","28.05","151.0","459.5","15.30","40.95","30.85","39.30","122.5","33.45","15.55","44.80","52.5","288.5","391.5","33.45","42.05","25.80","27.25","241.5","316.0","36.55","233.5","59.5","29.00"," 99.9","38.25","21.90","16.10","23.85","129.0","13.30","39.90","68.8","111.0","134.0","74.3","213.5","44.25","31.80","86.8","80.8","73.0","40.25","17.60","34.80","11.65","18.05","14.95","344.0","33.25","9.61","8.42","9.40","15.80","9.28","46.45","130.0","115.0","113.0","75.3","26.10","412.0","252.5","112.0","105.5","10.15","42.60","37.20","77.1","242.0","65.4","96.6","33.30","78.3","11.80","75.6","93.6","122.5","88.8","592","440.5","700","469.0","324.5","217.0","347.5","135.5","138.5","89.0","149.5","47.65","126.0","106.0","29.30"
"33.85","27.05","64.8","93.3","75.0","94.5","24.75","24.80","60.4","356.0","43.95","15.90","147.0","37.90","109.0","21.55","48.70","237.0","94.9","249.5","73.5","207.0","88.0","12.30","103.5","327.0","313.5","24.60","16.50","28.65","16.75","47.65","49.25","9.21","18.45","13.35","23.95","13.40","9.21","19.35","19.90","260.5","5750","108.5","14.00","72.6","82.2","16.15","105.0","38.00","73.9","14.05","63.8","31.60","370.5","134.0","28.10","151.0","458.5","15.30","40.95","30.85","39.30","122.5","33.45","15.55","44.75","52.5","288.0","391.0","33.45","42.05","25.75","27.25","241.5","316.0","36.55","233.5","59.5","29.00"," 99.9","38.25","21.95","16.05","23.80","128.5","13.30","39.90","68.8","110.5","134.0","74.2","213.5","44.30","31.80","86.7","80.8","73.0","40.25","17.60","34.80","11.65","18.00","14.90","344.0","33.25","9.62","8.43","9.41","15.80","9.28","46.45","129.5","115.5","113.0","75.3","26.15","411.5","253.0","112.0","106.0","10.15","42.65","37.20","77.0","242.0","65.4","96.7","33.30","78.4","11.75","75.6","93.6","122.5","88.9","592","440.5","699","469.5","324.5","217.0","347.0","135.5","138.5","89.0","149.5","47.65","126.0","106.5","29.30"
"33.85","27.05","64.8","93.3","75.0","94.5","24.70","24.75","60.4","356.0","44.00","15.90","146.5","37.90","109.0","21.60","48.75","237.5","95.0","250.0","73.6","206.5","88.1","12.30","103.5","326.5","313.5","24.60","16.45","28.70","16.75","47.65","49.25","9.21","18.45","13.35","23.95","13.40","9.21","19.40","19.90","260.5","5750","108.0","14.00","72.6","82.3","16.20","105.0","37.95","73.9","14.10","63.8","31.65","371.0","134.0","28.05","151.0","458.0","15.30","40.95","30.85","39.35","123.0","33.45","15.55","44.80","52.5","288.5","390.0","33.40","42.05","25.80","27.20","241.5","316.0","36.55","233.5","59.4","29.00"," 99.8","38.30","21.90","16.10","23.85","128.5","13.35","39.95","68.7","110.5","134.0","74.3","213.5","44.30","31.80","86.7","80.8","72.9","40.20","17.55","34.80","11.70","18.00","14.95","344.0","33.30","9.62","8.43","9.41","15.80","9.28","46.45","129.5","115.5","113.5","75.3","26.15","411.5","252.5","112.0","105.5","10.15","42.60","37.20","77.0","242.0","65.4","96.7","33.30","78.4","11.75","75.6","93.7","122.0","88.7","592","440.5","699","469.0","325.0","217.0","347.0","135.5","138.5","89.0","149.5","47.65","126.0","106.5","29.30"
"33.85","27.05","64.9","93.3","74.9","94.5","24.70","24.80","60.3","356.0","44.00","15.90","146.5","37.90","108.5","21.55","48.75","237.5","95.0","250.0","73.8","207.0","88.2","12.30","103.5","326.5","314.0","24.60","16.50","28.65","16.75","47.65","49.25","9.21","18.40","13.30","23.95","13.40","9.22","19.35","19.90","260.5","5760","108.5","14.00","72.6","82.3","16.15","105.5","38.00","74.0","14.05","63.7","31.60","371.0","134.0","28.05","151.0","457.5","15.25","40.90","30.85","39.35","122.5","33.40","15.55","44.75","52.5","288.5","390.0","33.45","42.05","25.80","27.20","241.5","315.5","36.50","232.5","59.5","29.00"," 99.8","38.30","21.95","16.10","23.85","129.0","13.30","39.90","68.8","110.0","134.5","74.4","213.0","44.30","31.80","86.7","80.8","72.9","40.25","17.60","34.85","11.70","18.05","14.95","344.0","33.30","9.62","8.43","9.41","15.80","9.27","46.40","129.0","115.0","113.0","75.4","26.15","412.0","252.0","112.0","105.5","10.15","42.65","37.20","77.0","242.0","65.4","96.8","33.30","78.5","11.75","75.6","93.7","122.0","88.7","592","440.5","699","469.0","324.5","217.0","347.0","135.5","138.5","89.0","149.5","47.65","126.0","106.5","29.30"
"33.90","27.00","64.8","93.3","75.0","94.5","24.75","24.80","60.4","355.5","44.00","15.90","146.5","37.85","109.0","21.60","48.75","237.5","95.0","249.5","73.9","207.0","88.2","12.30","103.5","326.5","314.0","24.60","16.50","28.65","16.75","47.65","49.25","9.21","18.40","13.30","23.95","13.40","9.22","19.40","19.90","260.5","5760","108.0","14.00","72.6","82.3","16.20","105.0","38.00","73.9","14.05","63.7","31.60","370.5","134.0","28.05","151.0","458.0","15.25","40.90","30.80","39.35","122.5","33.40","15.60","44.80","52.4","288.5","390.0","33.45","42.05","25.80","27.20","241.5","315.5","36.45","232.5","59.3","28.95"," 99.9","38.30","21.90","16.10","23.85","129.0","13.35","39.90","68.7","110.0","134.5","74.4","213.5","44.35","31.85","86.8","80.8","73.0","40.25","17.55","34.85","11.70","18.05","14.95","344.0","33.30","9.62","8.43","9.41","15.80","9.27","46.45","129.5","115.5","113.0","75.3","26.15","411.5","252.0","111.5","106.0","10.15","42.65","37.20","77.0","242.0","65.4","96.8","33.30","78.4","11.75","75.5","93.6","122.0","88.8","592","440.5","699","470.0","324.5","217.0","347.0","135.5","138.5","89.0","149.5","47.65","126.0","106.5","29.25"
"33.85","27.00","64.9","93.3","75.0","94.5","24.75","24.80","60.4","355.5","44.00","15.95","147.0","37.90","108.5","21.60","48.70","238.0","95.0","250.0","73.9","207.0","88.2","12.35","103.5","326.5","314.0","24.60","16.50","28.65","16.75","47.65","49.25","9.21","18.40","13.35","23.95","13.40","9.22","19.40","19.90","260.5","5755","108.5","14.00","72.6","82.3","16.20","105.0","37.95","73.9","14.05","63.9","31.65","370.5","134.0","28.05","151.0","458.0","15.30","40.95","30.80","39.35","123.0","33.50","15.55","44.80","52.4","288.5","390.0","33.45","42.05","25.80","27.20","241.5","315.5","36.50","232.5","59.3","29.00"," 99.9","38.30","21.95","16.10","23.85","129.0","13.35","39.95","68.7","110.0","134.5","74.4","213.0","44.35","31.80","86.7","80.8","72.9","40.25","17.60","34.85","11.70","18.05","14.95","344.0","33.25","9.62","8.43","9.41","15.80","9.28","46.45","129.5","115.5","113.0","75.3","26.15","411.0","252.5","112.0","105.5","10.10","42.70","37.20","77.1","242.5","65.4","96.8","33.30","78.4","11.75","75.6","93.6","122.0","88.8","591","441.0","699","470.0","325.0","217.0","347.0","136.0","138.5","89.0","149.5","47.65","126.0","106.0","29.25"
"33.85","27.00","64.8","93.3","75.1","94.6","24.70","24.80","60.3","355.5","44.00","15.95","147.0","37.90","109.0","21.55","48.70","238.0","95.0","250.0","73.7","207.0","88.2","12.30","103.5","326.5","314.0","24.60","16.45","28.65","16.75","47.65","49.20","9.21","18.45","13.30","23.95","13.45","9.22","19.40","19.90","260.0","5755","108.0","14.00","72.6","82.3","16.20","105.0","37.95","73.9","14.10","63.8","31.65","370.5","134.0","28.05","151.5","458.0","15.30","40.90","30.80","39.35","123.0","33.50","15.60","44.80","52.4","288.5","390.0","33.45","42.05","25.75","27.20","241.5","315.5","36.55","232.0","59.1","29.05"," 99.8","38.30","21.95","16.10","23.85","129.0","13.35","39.95","68.7","110.0","134.5","74.4","213.5","44.40","31.80","86.7","80.7","72.9","40.20","17.55","34.80","11.70","18.05","14.95","344.0","33.25","9.61","8.43","9.41","15.80","9.28","46.40","129.0","115.0","113.5","75.4","26.15","411.0","252.5","112.0","105.5","10.10","42.70","37.25","77.0","243.0","65.4","96.9","33.35","78.4","11.75","75.6","93.6","122.0","88.7","591","441.0","699","470.0","325.0","217.0","346.0","136.0","138.5","89.0","149.5","47.65","126.0","106.0","29.25"
"33.85","27.00","64.8","93.3","75.1","94.6","24.70","24.75","60.4","355.5","44.00","15.95","147.0","37.90","108.5","21.60","48.75","237.5","95.0","249.5","73.9","207.0","88.4","12.35","103.5","327.0","314.0","24.65","16.50","28.60","16.75","47.65","49.20","9.21","18.45","13.35","23.95","13.45","9.21","19.40","19.90","260.5","5755","108.0","14.00","72.6","82.3","16.20","105.0","38.00","73.7","14.05","63.8","31.60","371.0","134.0","28.05","151.0","458.0","15.30","40.90","30.80","39.35","123.0","33.50","15.60","44.85","52.6","288.5","390.5","33.45","42.05","25.80","27.20","241.5","315.5","36.55","232.0","59.1","29.05"," 99.7","38.30","21.90","16.10","23.80","129.0","13.35","39.95","68.7","110.0","134.5","74.3","213.0","44.50","31.80","86.7","80.8","72.7","40.20","17.60","34.80","11.75","18.05","14.95","344.0","33.25","9.62","8.42","9.41","15.80","9.28","46.45","129.5","115.5","113.5","75.4","26.15","411.5","252.5","112.0","106.0","10.15","42.70","37.25","77.0","243.5","65.5","96.9","33.30","78.3","11.75","75.5","93.6","122.0","88.7","591","441.0","699","470.0","325.5","217.0","346.0","136.0","138.5","89.0","149.5","47.65","126.0","106.0","29.30"
"33.80","27.00","64.8","93.3","75.1","94.6","24.70","24.80","60.4","355.5","44.00","15.95","147.0","37.85","109.0","21.60","48.80","238.0","95.0","250.0","73.9","207.0","88.4","12.35","103.0","327.0","314.0","24.65","16.50","28.60","16.70","47.65","49.25","9.21","18.45","13.35","23.95","13.45","9.22","19.40","19.90","260.5","5755","108.0","14.00","72.6","82.3","16.20","105.0","38.00","73.7","14.05","63.8","31.60","371.0","133.5","28.05","151.0","458.5","15.30","40.95","30.80","39.35","123.0","33.45","15.60","44.85","52.6","288.0","391.0","33.40","42.05","25.80","27.20","241.5","315.5","36.50","232.0","59.1","29.00"," 99.7","38.35","21.90","16.10","23.80","128.5","13.35","39.95","68.8","110.0","134.5","74.3","212.0","44.45","31.75","86.7","80.8","72.7","40.20","17.55","34.85","11.75","18.00","15.00","344.0","33.25","9.62","8.43","9.41","15.80","9.28","46.35","129.5","115.0","113.5","75.4","26.15","412.0","252.5","112.0","105.5","10.15","42.70","37.25","77.0","244.5","65.5","96.9","33.30","78.3","11.75","75.5","93.7","122.0","88.7","591","441.0","699","470.0","326.0","217.0","346.0","136.0","138.5","89.0","149.5","47.60","126.0","106.0","29.30"
"33.80","27.00","64.9","93.3","75.0","94.6","24.75","24.80","60.3","356.0","44.00","15.95","146.5","37.90","108.5","21.60","48.75","238.0","95.0","250.0","73.9","207.0","88.4","12.30","103.0","327.5","314.0","24.65","16.45","28.60","16.75","47.65","49.25","9.22","18.45","13.30","23.95","13.45","9.22","19.35","19.90","260.5","5755","108.5","14.05","72.6","82.2","16.15","105.0","37.95","73.7","14.05","63.8","31.60","371.0","134.0","28.05","151.0","458.0","15.30","40.95","30.70","39.35","123.0","33.45","15.60","44.90","52.6","288.0","391.0","33.40","42.05","25.80","27.20","241.5","315.5","36.50","232.5","59.1","29.05"," 99.6","38.35","21.95","16.05","23.80","129.0","13.35","39.90","68.9","110.0","134.0","74.4","211.5","44.35","31.75","86.7","80.9","72.7","40.25","17.55","34.85","11.75","18.05","15.00","344.0","33.25","9.61","8.43","9.41","15.80","9.28","46.35","129.5","115.0","113.5","75.4","26.15","412.0","252.0","112.0","105.5","10.15","42.70","37.25","77.0","243.5","65.5","96.9","33.35","78.3","11.80","75.6","93.7","122.0","88.9","591","441.0","699","470.5","326.0","217.0","346.0","136.0","138.5","89.0","149.5","47.65","126.0","106.0","29.25"
"33.80","27.00","64.9","93.3","75.1","94.6","24.75","24.80","60.4","356.0","44.00","15.95","147.0","37.85","108.5","21.55","48.75","238.0","95.0","250.0","73.9","207.0","88.5","12.30","103.0","327.0","314.0","24.60","16.50","28.65","16.75","47.60","49.25","9.21","18.45","13.35","23.95","13.45","9.21","19.40","19.90","260.5","5755","108.0","14.00","72.6","82.2","16.20","105.5","38.00","73.7","14.05","63.8","31.60","370.5","133.5","28.00","151.0","458.5","15.30","40.90","30.80","39.35","123.0","33.45","15.55","44.90","52.6","288.5","391.0","33.45","42.00","25.75","27.20","241.5","316.0","36.50","232.0","59.2","29.05"," 99.8","38.35","21.95","16.05","23.80","129.0","13.35","39.95","68.8","110.5","134.5","74.4","211.0","44.35","31.80","86.7","80.8","72.7","40.20","17.55","34.85","11.70","18.05","15.00","344.5","33.25","9.61","8.43","9.41","15.80","9.28","46.40","129.5","115.5","113.5","75.4","26.10","412.0","252.5","112.0","105.5","10.15","42.65","37.20","77.0","243.5","65.5","96.8","33.35","78.3","11.80","75.6","93.8","122.5","88.9","591","441.0","699","471.5","326.0","217.0","347.5","136.5","138.5","89.0","149.5","47.65","126.0","106.0","29.30"
"33.80","27.00","64.8","93.4","75.1","94.6","24.75","24.80","60.4","356.0","43.95","15.90","146.5","37.90","109.0","21.55","48.75","238.0","95.0","250.0","73.9","207.0","88.5","12.35","103.0","327.0","313.5","24.60","16.50","28.65","16.75","47.65","49.25","9.22","18.40","13.35","23.95","13.45","9.23","19.40","19.90","260.5","5755","108.0","14.00","72.6","82.2","16.20","105.5","37.95","73.8","14.00","63.8","31.60","371.0","133.5","28.00","151.5","458.0","15.30","40.95","30.80","39.35","123.0","33.45","15.60","44.95","52.6","288.5","393.0","33.45","42.05","25.75","27.20","241.5","316.0","36.50","232.0","59.1","29.10"," 99.5","38.35","21.95","16.05","23.80","129.0","13.35","39.90","68.8","110.5","134.5","74.4","211.5","44.35","31.80","86.6","80.7","72.8","40.20","17.55","34.85","11.70","18.05","15.00","344.5","33.25","9.62","8.44","9.41","15.80","9.28","46.35","129.5","115.0","113.5","75.4","26.15","411.5","252.5","111.5","105.5","10.10","42.70","37.25","77.0","242.5","65.4","96.8","33.35","78.3","11.75","75.5","93.7","122.5","88.8","591","440.5","699","471.0","325.5","217.0","347.0","136.5","138.5","89.0","149.5","47.65","126.0","106.0","29.30"
"33.80","27.00","64.8","93.4","75.1","94.6","24.75","24.80","60.5","356.0","44.00","15.90","146.5","37.90","109.0","21.55","48.75","237.5","95.0","250.0","74.0","207.0","88.5","12.35","103.5","327.5","313.5","24.65","16.50","28.60","16.75","47.65","49.25","9.22","18.45","13.40","23.95","13.45","9.23","19.35","19.90","260.0","5755","108.0","14.00","72.6","82.3","16.20","105.0","37.95","73.7","14.10","63.8","31.60","370.5","133.5","28.00","151.5","458.5","15.30","41.00","30.80","39.30","123.0","33.45","15.60","44.95","52.6","288.5","393.0","33.45","42.05","25.80","27.20","241.5","316.0","36.50","232.0","59.2","29.10"," 99.7","38.35","21.90","16.05","23.80","128.5","13.40","39.95","68.8","110.0","134.5","74.3","212.5","44.35","31.75","86.7","80.8","72.8","40.20","17.55","34.80","11.70","18.00","15.00","344.5","33.25","9.62","8.44","9.41","15.80","9.28","46.40","130.0","115.0","113.5","75.3","26.15","411.5","252.0","111.0","105.5","10.10","42.70","37.25","77.0","243.0","65.5","96.8","33.30","78.5","11.80","75.6","93.8","122.5","88.8","591","440.5","699","470.5","325.5","217.0","347.0","136.0","138.5","89.0","149.5","47.65","125.5","106.0","29.25"
"33.80","27.00","64.9","93.4","75.1","94.7","24.75","24.80","60.5","356.0","43.95","15.95","146.5","37.90","109.0","21.55","48.75","237.5","95.1","249.5","74.0","207.0","88.6","12.30","103.5","327.5","314.0","24.65","16.50","28.60","16.75","47.65","49.25","9.21","18.45","13.40","24.00","13.45","9.22","19.35","19.95","260.5","5760","108.0","14.05","72.7","82.3","16.20","105.5","37.95","73.7","14.05","63.8","31.60","371.0","133.0","28.00","151.0","458.5","15.30","41.00","30.80","39.35","123.0","33.45","15.60","44.95","52.5","288.5","393.0","33.45","42.05","25.75","27.15","241.5","315.0","36.50","232.0","59.2","29.05"," 99.7","38.35","21.95","16.10","23.85","128.5","13.40","39.95","68.8","110.0","134.0","74.4","212.5","44.30","31.80","86.6","80.9","72.8","40.25","17.55","34.80","11.70","18.10","15.00","344.5","33.25","9.62","8.44","9.41","15.80","9.28","46.40","129.5","115.5","113.5","75.3","26.15","411.5","252.0","111.0","105.5","10.15","42.70","37.25","77.0","243.0","65.4","96.8","33.30","78.4","11.75","75.5","93.8","122.5","88.7","591","440.5","699","471.0","325.5","217.0","347.0","136.0","138.5","89.0","149.5","47.65","126.0","106.0","29.25"
"33.80","27.00","64.8","93.4","75.1","94.8","24.75","24.80","60.6","356.0","44.00","15.95","146.5","37.90","109.0","21.55","48.70","238.0","95.0","249.5","74.0","207.0","88.7","12.35","103.5","327.5","314.0","24.65","16.50","28.60","16.70","47.60","49.25","9.22","18.45","13.40","24.00","13.40","9.22","19.35","19.95","260.5","5765","108.0","14.05","72.7","82.3","16.20","105.0","37.95","73.7","14.10","63.8","31.60","371.0","133.5","28.05","151.0","458.5","15.25","41.00","30.80","39.35","123.0","33.45","15.60","44.95","52.5","288.5","393.0","33.45","42.05","25.75","27.25","241.5","315.0","36.45","231.5","59.1","29.10"," 99.6","38.35","21.95","16.10","23.80","129.0","13.35","39.90","68.9","110.5","134.5","74.4","212.5","44.25","31.80","86.6","80.9","72.8","40.25","17.60","34.85","11.65","18.05","15.00","347.5","33.20","9.62","8.44","9.41","15.80","9.28","46.40","129.5","115.0","113.5","75.3","26.10","411.5","252.0","111.0","105.5","10.15","42.65","37.25","77.0","242.5","65.4","96.8","33.35","78.4","11.80","75.5","93.8","122.5","88.7","591","440.5","699","471.5","325.5","217.0","347.0","136.0","138.0","89.0","149.5","47.65","126.0","106.0","29.30"
"33.85","27.00","64.9","93.4","75.0","94.7","24.75","24.80","60.6","356.5","44.00","15.95","147.0","37.85","109.5","21.60","48.70","237.5","95.0","250.0","74.0","207.0","88.8","12.35","103.5","328.0","314.0","24.65","16.50","28.60","16.75","47.65","49.25","9.22","18.45","13.35","23.95","13.45","9.23","19.40","19.95","260.5","5765","108.0","14.00","72.6","82.3","16.15","105.5","38.00","73.7","14.10","63.9","31.50","371.0","133.5","28.05","151.0","458.5","15.25","41.00","30.80","39.35","123.0","33.50","15.60","44.95","52.5","288.5","393.0","33.50","42.05","25.75","27.20","242.0","315.0","36.50","232.0","59.2","29.10"," 99.5","38.35","21.90","16.05","23.80","129.0","13.35","39.85","68.8","110.5","134.5","74.4","212.5","44.25","31.80","86.6","80.8","72.8","40.25","17.55","34.80","11.70","18.10","14.95","347.5","33.25","9.62","8.44","9.41","15.80","9.29","46.35","129.5","115.0","113.5","75.2","26.15","411.0","251.5","111.5","106.0","10.15","42.65","37.25","77.1","242.5","65.4","96.8","33.25","78.4","11.80","75.6","93.8","122.5","88.7","591","440.5","699","471.0","325.0","217.0","346.5","136.0","138.0","88.9","149.5","47.65","126.0","106.5","29.25"
"33.85","27.00","64.8","93.4","75.1","94.8","24.75","24.80","60.6","355.0","44.00","15.90","146.5","37.90","109.0","21.60","48.75","238.0","95.0","250.0","73.9","207.0","88.8","12.30","103.5","327.5","313.5","24.65","16.50","28.60","16.80","47.65","49.25","9.22","18.45","13.35","23.90","13.45","9.23","19.40","19.95","260.5","5770","108.0","14.05","72.7","82.3","16.15","105.0","38.00","73.7","14.05","63.8","31.50","371.0","133.0","28.05","151.0","458.0","15.25","41.00","30.80","39.35","123.0","33.45","15.55","44.95","52.5","288.5","393.0","33.45","42.10","25.75","27.20","242.0","315.0","36.45","232.0","59.2","29.05"," 99.5","38.35","21.90","16.10","23.80","129.0","13.35","39.85","68.7","110.5","135.0","74.4","212.5","44.20","31.85","86.6","80.8","72.9","40.25","17.55","34.80","11.70","18.10","15.00","347.5","33.25","9.62","8.44","9.41","15.80","9.28","46.35","129.5","115.0","113.0","75.2","26.15","410.5","252.0","111.5","105.5","10.15","42.65","37.20","77.0","242.0","65.4","96.8","33.25","78.5","11.75","75.6","93.8","122.0","88.7","591","440.5","700","471.0","325.0","217.0","346.5","136.5","138.0","88.9","149.5","47.60","126.0","106.5","29.30"
"33.80","27.05","64.9","93.4","75.1","94.9","24.70","24.80","60.7","356.5","44.00","15.90","146.5","37.90","109.0","21.60","48.75","237.5","95.1","250.0","74.0","207.0","88.8","12.30","103.5","328.0","314.0","24.65","16.50","28.65","16.75","47.70","49.30","9.21","18.45","13.35","23.90","13.45","9.23","19.40","19.95","260.0","5770","108.5","14.00","72.7","82.3","16.20","105.5","38.00","73.7","14.05","63.9","31.50","370.5","133.0","28.00","151.0","458.5","15.25","41.00","30.80","39.40","122.5","33.45","15.55","44.95","52.5","288.5","393.0","33.45","42.10","25.75","27.20","242.0","316.0","36.50","232.0","59.1","29.05"," 99.6","38.30","21.95","16.10","23.80","129.0","13.35","39.80","68.6","110.5","135.0","74.4","213.0","44.15","31.80","86.6","80.8","73.0","40.30","17.55","34.80","11.65","18.05","15.00","347.5","33.25","9.62","8.44","9.40","15.80","9.29","46.35","129.0","115.0","113.0","75.3","26.20","410.0","254.0","111.0","105.5","10.15","42.60","37.20","77.0","241.5","65.4","96.7","33.25","78.5","11.80","75.5","93.9","122.0","88.6","591","440.5","700","471.5","324.5","217.0","346.5","136.5","138.0","88.9","150.0","47.65","126.0","106.5","29.30"
"33.80","27.00","64.9","93.4","75.1","94.8","24.75","24.80","60.7","356.5","44.00","15.95","146.5","37.90","109.0","21.60","48.75","238.0","95.1","250.0","73.9","206.5","88.7","12.35","103.0","327.5","313.5","24.65","16.45","28.65","16.75","47.70","49.30","9.22","18.45","13.35","23.95","13.45","9.23","19.35","19.95","260.0","5770","108.0","14.00","72.7","82.3","16.20","105.0","38.00","73.7","14.05","63.8","31.50","371.0","133.0","28.05","151.0","458.5","15.30","40.95","30.80","39.35","123.0","33.45","15.55","44.95","52.5","288.5","393.0","33.45","42.10","25.75","27.20","242.0","316.0","36.55","232.0","59.1","29.05"," 99.5","38.35","21.90","16.05","23.75","129.0","13.40","39.80","68.6","110.5","135.0","74.4","212.5","44.00","31.80","86.6","80.8","72.9","40.30","17.60","34.75","11.70","18.05","15.00","347.5","33.20","9.62","8.44","9.41","15.80","9.30","46.35","129.5","115.0","113.0","75.3","26.15","410.5","253.5","111.5","105.5","10.15","42.60","37.25","77.0","241.5","65.3","96.8","33.25","78.5","11.80","75.5","93.8","122.0","88.7","591","440.5","700","471.5","324.5","217.0","346.5","136.5","138.5","89.0","150.0","47.60","125.5","106.5","29.30"
"33.80","27.00","64.9","93.4","75.2","94.9","24.80","24.80","60.7","356.5","44.00","15.90","146.5","37.90","109.0","21.60","48.70","238.0","95.0","250.0","73.8","207.0","88.7","12.30","103.5","327.0","313.5","24.65","16.45","28.65","16.75","47.70","49.30","9.21","18.45","13.40","23.95","13.45","9.23","19.40","19.95","260.5","5765","108.0","14.05","72.6","82.2","16.15","105.5","38.05","73.8","14.10","63.7","31.50","371.0","133.5","28.00","151.0","458.5","15.30","40.95","30.80","39.30","123.0","33.50","15.55","44.95","52.5","288.5","393.0","33.45","42.10","25.75","27.15","242.0","316.0","36.50","232.0","59.2","29.00"," 99.4","38.35","21.90","16.10","23.80","129.0","13.35","39.70","68.6","110.5","135.5","74.4","213.0","44.00","31.80","86.6","80.9","72.9","40.30","17.55","34.80","11.70","18.05","15.00","347.5","33.20","9.61","8.44","9.40","15.80","9.29","46.35","129.5","115.0","113.0","75.3","26.20","410.0","254.0","111.5","106.0","10.10","42.60","37.25","77.0","241.5","65.4","96.7","33.25","78.6","11.80","75.6","93.9","122.5","88.7","591","440.5","700","471.5","324.5","217.0","346.5","136.5","138.5","89.0","150.0","47.65","125.5","106.5","29.30"
"33.80","27.05","64.9","93.4","75.1","94.9","24.80","24.80","60.7","356.5","44.00","15.95","146.5","37.90","109.5","21.65","48.75","237.5","95.0","250.0","73.8","207.5","88.5","12.35","103.5","326.5","313.5","24.65","16.50","28.65","16.80","47.70","49.30","9.22","18.45","13.40","23.95","13.45","9.23","19.35","19.95","260.5","5765","108.0","14.00","72.6","82.2","16.20","105.5","38.00","73.8","14.10","63.7","31.60","371.0","133.5","28.05","151.0","458.5","15.30","40.95","30.85","39.30","122.5","33.50","15.60","45.00","52.5","288.5","393.0","33.45","42.10","25.75","27.15","242.0","315.5","36.55","232.0","59.2","29.05"," 99.5","38.35","21.95","16.10","23.80","129.0","13.35","39.70","68.6","110.5","135.0","74.3","212.0","44.00","31.80","86.6","80.8","72.9","40.30","17.55","34.75","11.70","18.05","14.95","347.5","33.20","9.62","8.44","9.40","15.80","9.29","46.35","129.0","115.0","113.0","75.5","26.20","409.5","254.5","111.5","105.5","10.15","42.65","37.25","77.0","241.5","65.4","96.7","33.25","78.6","11.80","75.6","93.8","122.0","88.7","591","440.5","700","471.5","324.0","217.0","346.5","136.5","138.5","89.0","149.5","47.65","125.5","106.5","29.25"
"33.80","27.10","64.7","93.5","75.2","94.9","24.80","24.85","60.8","356.5","44.00","15.95","147.0","37.90","109.5","21.65","48.75","237.5","95.1","250.0","73.8","207.5","88.7","12.35","103.5","326.5","313.5","24.65","16.50","28.65","16.80","47.70","49.30","9.22","18.45","13.40","24.00","13.45","9.24","19.40","19.95","260.5","5765","108.5","14.05","72.7","82.2","16.20","105.5","38.05","73.7","14.05","63.8","31.60","370.5","133.5","28.05","150.5","458.0","15.25","40.95","30.85","39.30","123.0","33.50","15.60","45.00","52.5","288.0","393.0","33.45","42.10","25.75","27.15","242.0","315.5","36.60","232.5","59.1","29.00"," 99.5","38.35","21.95","16.10","23.85","128.5","13.30","39.70","68.6","110.5","135.5","74.4","211.5","44.05","31.85","86.6","80.8","72.9","40.30","17.60","34.80","11.65","18.05","15.00","347.5","33.30","9.62","8.45","9.41","15.80","9.30","46.35","129.0","115.0","113.0","75.5","26.15","409.5","254.5","111.0","105.5","10.15","42.65","37.30","77.0","241.5","65.4","96.7","33.30","78.6","11.75","75.6","93.8","122.0","88.7","591","440.0","700","471.0","324.5","216.5","347.0","136.0","138.5","89.0","150.5","47.65","126.0","106.5","29.30"
"33.80","27.05","64.8","93.5","75.1","94.7","24.80","24.80","60.7","356.5","44.00","15.95","147.0","37.95","109.0","21.70","48.80","238.0","95.2","250.0","73.8","207.0","88.6","12.30","103.5","327.0","313.0","24.65","16.50","28.65","16.80","47.70","49.30","9.22","18.45","13.40","24.00","13.40","9.24","19.40","19.95","260.5","5770","108.0","14.05","72.7","82.3","16.20","105.5","38.00","73.7","14.10","63.8","31.55","370.5","134.0","28.05","150.5","458.0","15.30","41.00","30.85","39.35","122.5","33.50","15.60","44.95","52.5","288.5","393.0","33.45","42.05","25.70","27.20","242.0","316.0","36.55","232.5","59.1","29.00"," 99.4","38.30","21.90","16.10","23.80","129.0","13.30","39.70","68.6","110.5","136.0","74.4","211.0","44.05","31.85","86.6","80.9","72.9","40.25","17.55","34.75","11.65","18.05","15.00","347.5","33.30","9.61","8.44","9.41","15.85","9.30","46.35","128.5","115.0","113.0","75.5","26.20","410.0","254.0","111.0","105.5","10.15","42.60","37.30","77.0","241.5","65.4","96.6","33.25","78.7","11.80","75.6","93.9","122.0","88.7","591","440.0","701","471.0","324.5","216.5","347.5","136.0","138.5","89.0","151.0","47.65","126.0","106.5","29.30"
"33.85","27.00","64.9","93.5","75.1","94.7","24.75","24.80","60.8","356.5","44.00","15.95","147.0","37.95","109.5","21.70","48.80","237.5","95.1","250.0","73.8","207.0","88.7","12.35","103.5","327.0","312.5","24.60","16.50","28.70","16.80","47.70","49.30","9.22","18.45","13.40","24.00","13.45","9.23","19.40","19.95","260.5","5775","108.5","14.05","72.7","82.3","16.20","105.5","38.05","73.8","14.10","63.8","31.65","371.0","134.0","28.05","150.5","456.0","15.30","40.95","30.85","39.35","122.5","33.45","15.55","44.95","52.5","288.0","393.0","33.45","42.10","25.75","27.20","242.0","315.0","36.50","233.0","59.1","29.00"," 99.5","38.30","21.90","16.10","23.85","129.0","13.35","39.70","68.6","110.5","136.0","74.3","211.0","44.05","31.85","86.6","80.8","73.0","40.25","17.55","34.75","11.65","18.00","15.00","347.5","33.25","9.61","8.45","9.41","15.85","9.29","46.35","128.5","115.0","113.0","75.5","26.15","410.5","254.0","111.5","105.5","10.15","42.65","37.30","77.1","241.5","65.4","96.7","33.25","78.7","11.75","75.6","93.9","122.0","88.8","591","440.0","701","471.0","325.0","216.0","347.5","136.5","138.5","89.0","151.0","47.60","126.0","106.5","29.30"
"33.85","27.00","64.8","93.5","75.1","94.6","24.75","24.75","60.7","355.0","44.00","15.90","147.5","38.00","109.5","21.70","48.70","237.5","95.2","250.0","73.9","207.0","88.6","12.30","103.5","326.5","312.0","24.65","16.50","28.65","16.80","47.70","49.30","9.23","18.45","13.35","23.95","13.45","9.23","19.35","19.95","260.0","5770","108.0","14.00","72.6","82.3","16.15","105.0","38.05","73.8","14.05","63.9","31.50","371.0","134.0","28.15","150.5","456.0","15.30","41.00","30.85","39.30","122.5","33.45","15.55","44.90","52.5","288.0","393.0","33.45","42.05","25.75","27.25","242.0","315.0","36.55","233.0","59.0","28.95"," 99.4","38.30","21.90","16.10","23.80","129.0","13.35","39.70","68.7","111.0","135.5","74.4","211.0","44.05","31.90","86.6","80.8","73.0","40.25","17.55","34.70","11.65","18.00","14.95","347.0","33.25","9.62","8.44","9.41","15.85","9.28","46.40","129.0","115.0","113.0","75.8","26.20","410.0","253.5","111.5","105.5","10.15","42.60","37.30","77.0","241.0","65.4","96.7","33.25","78.6","11.75","75.6","93.8","121.5","88.7","591","440.0","700","471.5","325.5","216.0","347.5","136.5","138.5","89.0","151.0","47.65","126.0","106.5","29.25"
"33.85","27.00","64.9","93.5","75.1","94.5","24.80","24.75","60.7","354.5","44.00","15.95","147.5","38.00","109.5","21.65","48.65","238.0","95.1","250.0","73.8","207.5","88.7","12.35","103.5","326.0","312.0","24.60","16.50","28.70","16.80","47.70","49.25","9.22","18.40","13.40","23.90","13.45","9.22","19.35","19.90","260.0","5765","108.5","14.05","72.5","82.2","16.20","105.0","38.00","73.7","14.05","63.9","31.50","371.0","134.0","28.10","150.5","456.5","15.25","40.95","30.80","39.35","122.5","33.50","15.60","44.95","52.5","288.5","393.0","33.40","42.10","25.75","27.20","241.0","315.5","36.50","232.0","59.0","28.95"," 99.4","38.30","21.90","16.10","23.90","128.5","13.35","39.65","68.6","110.5","136.0","74.3","210.5","44.15","31.90","86.6","80.9","72.9","40.25","17.60","34.70","11.70","18.10","14.95","347.0","33.30","9.61","8.44","9.41","15.85","9.29","46.40","128.5","114.5","113.0","75.6","26.15","410.5","254.0","111.5","106.0","10.15","42.55","37.25","77.1","241.0","65.4","96.6","33.25","78.7","11.75","75.5","93.8","121.5","88.7","590","440.0","699","471.0","325.5","216.0","345.5","136.5","138.5","89.0","151.5","47.60","126.0","106.5","29.30"
"33.85","27.15","64.9","93.2","75.3","94.8","24.80","24.85","60.8","353.5","44.10","15.95","146.5","37.95","109.5","21.70","48.75","238.0","94.7","251.0","74.0","207.5","88.9","12.30","103.0","326","312.0","24.70","16.45","28.65","16.80","47.80","49.40","9.20","18.50","13.35","24.00","13.45","9.22","19.45","19.95","260.5","5775","108.0","14.00","72.5","82.4","16.15","105.5","38.00","74.0","14.10","64.0","31.55","371.5","133.0","28.25","150.5","458.5","15.30","41.00","31.00","39.30","122.5","33.70","15.60","44.80","52.6","288.0","394.0","33.70","42.00","25.75","27.20","241.0","315.0","36.60","234.0","58.6","29"," 98.6","38.25","21.95","16.10","23.90","129.5","13.25","39.70","68.7","110.5","137.5","74.2","211.0","44.35","31.85","87.0","80.9","72.8","40.50","17.55","34.75","11.80","18.05","15.00","346.5","33.35","9.63","8.45","9.42","15.85","9.29","46.55","128.5","115.0","113.5","75.7","26.35","409.5","255.0","111.0","105.0","10.15","42.55","37.35","77.1","240.0","65.3","96.6","33.30","78.3","11.75","75.7","93.8","121.5","88.2","590","440.0","697","474.5","323.0","216.0","349.5","136.0","139.5","89.0","151.5","47.65","125.5","106.5","29.30"
"33.85","27.15","64.9","93.2","75.3","94.8","24.80","24.85","60.8","353.5","44.10","15.95","146.5","37.95","109.5","21.70","48.75","238.0","94.7","251.0","74.0","207.5","88.9","12.30","103.0","326","312.0","24.70","16.45","28.65","16.80","47.80","49.40","9.20","18.50","13.35","24.00","13.45","9.22","19.45","19.95","260.5","5775","108.0","14.00","72.5","82.4","16.15","105.5","38.00","74.0","14.10","64.0","31.55","371.5","133.0","28.25","150.5","458.5","15.30","41.00","31.00","39.30","122.5","33.70","15.60","44.80","52.6","288.0","394.0","33.70","42.00","25.75","27.20","241.0","315.0","36.60","234.0","58.6","29"," 98.6","38.25","21.95","16.10","23.90","129.5","13.25","39.70","68.7","110.5","137.5","74.2","211.0","44.35","31.85","87.0","80.9","72.8","40.50","17.55","34.75","11.80","18.05","15.00","346.5","33.35","9.63","8.45","9.42","15.85","9.29","46.55","128.5","115.0","113.5","75.7","26.35","409.5","255.0","111.0","105.0","10.15","42.55","37.35","77.1","240.0","65.3","96.6","33.30","78.3","11.75","75.7","93.8","121.5","88.2","590","440.0","697","474.5","323.0","216.0","349.5","136.0","139.5","89.0","151.5","47.65","125.5","106.5","29.30"
"33.85","27.15","64.9","93.2","75.3","94.8","24.80","24.85","60.8","353.5","44.10","15.95","146.5","37.95","109.5","21.70","48.75","238.0","94.7","251.0","74.0","207.5","88.9","12.30","103.0","326","312.0","24.70","16.45","28.65","16.80","47.80","49.40","9.20","18.50","13.35","24.00","13.45","9.22","19.45","19.95","260.5","5775","108.0","14.00","72.5","82.4","16.15","105.5","38.00","74.0","14.10","64.0","31.55","371.5","133.0","28.25","150.5","458.5","15.30","41.00","31.00","39.30","122.5","33.70","15.60","44.80","52.6","288.0","394.0","33.70","42.00","25.75","27.20","241.0","315.0","36.60","234.0","58.6","29"," 98.6","38.25","21.95","16.10","23.90","129.5","13.25","39.70","68.7","110.5","137.5","74.2","211.0","44.35","31.85","87.0","80.9","72.8","40.50","17.55","34.75","11.80","18.05","15.00","346.5","33.35","9.63","8.45","9.42","15.85","9.29","46.55","128.5","115.0","113.5","75.7","26.35","409.5","255.0","111.0","105.0","10.15","42.55","37.35","77.1","240.0","65.3","96.6","33.30","78.3","11.75","75.7","93.8","121.5","88.2","590","440.0","697","474.5","323.0","216.0","349.5","136.0","139.5","89.0","151.5","47.65","125.5","106.5","29.30"
"33.85","27.15","64.9","93.2","75.3","94.8","24.80","24.85","60.8","353.5","44.10","15.95","146.5","37.95","109.5","21.70","48.75","238.0","94.7","251.0","74.0","207.5","88.9","12.30","103.0","326","312.0","24.70","16.45","28.65","16.80","47.80","49.40","9.20","18.50","13.35","24.00","13.45","9.22","19.45","19.95","260.5","5775","108.0","14.00","72.5","82.4","16.15","105.5","38.00","74.0","14.10","64.0","31.55","371.5","133.0","28.25","150.5","458.5","15.30","41.00","31.00","39.30","122.5","33.70","15.60","44.80","52.6","288.0","394.0","33.70","42.00","25.75","27.20","241.0","315.0","36.60","234.0","58.6","29"," 98.6","38.25","21.95","16.10","23.90","129.5","13.25","39.70","68.7","110.5","137.5","74.2","211.0","44.35","31.85","87.0","80.9","72.8","40.50","17.55","34.75","11.80","18.05","15.00","346.5","33.35","9.63","8.45","9.42","15.85","9.29","46.55","128.5","115.0","113.5","75.7","26.35","409.5","255.0","111.0","105.0","10.15","42.55","37.35","77.1","240.0","65.3","96.6","33.30","78.3","11.75","75.7","93.8","121.5","88.2","590","440.0","697","474.5","323.0","216.0","349.5","136.0","139.5","89.0","151.5","47.65","125.5","106.5","29.30"
"33.85","27.15","64.9","93.2","75.3","94.8","24.80","24.85","60.8","353.5","44.10","15.95","146.5","37.95","109.5","21.70","48.75","238.0","94.7","251.0","74.0","207.5","88.9","12.30","103.0","326","312.0","24.70","16.45","28.65","16.80","47.80","49.40","9.20","18.50","13.35","24.00","13.45","9.22","19.45","19.95","260.5","5775","108.0","14.00","72.5","82.4","16.15","105.5","38.00","74.0","14.10","64.0","31.55","371.5","133.0","28.25","150.5","458.5","15.30","41.00","31.00","39.30","122.5","33.70","15.60","44.80","52.6","288.0","394.0","33.70","42.00","25.75","27.20","241.0","315.0","36.60","234.0","58.6","29"," 98.6","38.25","21.95","16.10","23.90","129.5","13.25","39.70","68.7","110.5","137.5","74.2","211.0","44.35","31.85","87.0","80.9","72.8","40.50","17.55","34.75","11.80","18.05","15.00","346.5","33.35","9.63","8.45","9.42","15.85","9.29","46.55","128.5","115.0","113.5","75.7","26.35","409.5","255.0","111.0","105.0","10.15","42.55","37.35","77.1","240.0","65.3","96.6","33.30","78.3","11.75","75.7","93.8","121.5","88.2","590","440.0","697","474.5","323.0","216.0","349.5","136.0","139.5","89.0","151.5","47.65","125.5","106.5","29.30"
"33.85","27.15","64.9","93.2","75.3","94.8","24.80","24.85","60.8","353.5","44.10","15.95","146.5","37.95","109.5","21.70","48.75","238.0","94.7","251.0","74.0","207.5","88.9","12.30","103.0","326.0","312.0","24.70","16.45","28.65","16.80","47.80","49.40","9.20","18.50","13.35","24.00","13.45","9.22","19.45","19.95","260.5","5775","108.0","14.00","72.5","82.4","16.15","105.5","38.00","74.0","14.10","64.0","31.55","371.5","133.0","28.25","150.5","458.5","15.30","41.00","31.00","39.30","122.5","33.70","15.60","44.80","52.6","288.0","394.0","33.70","42.00","25.75","27.20","241.0","315.0","36.60","234.0","58.6","29.00"," 98.6","38.25","21.95","16.10","23.90","129.5","13.25","39.70","68.7","110.5","137.5","74.2","211.0","44.35","31.85","87.0","80.9","72.8","40.50","17.55","34.75","11.80","18.05","15.00","346.5","33.35","9.63","8.45","9.42","15.85","9.29","46.55","128.5","115.0","113.5","75.7","26.35","409.5","255.0","111.0","105.0","10.15","42.55","37.35","77.1","240.0","65.3","96.6","33.30","78.3","11.75","75.7","93.8","121.5","88.2","590","440.0","697","474.5","323.0","216.0","349.5","136.0","139.5","89.0","151.5","47.65","125.5","106.5","29.30"
