date,stock_id,market_value
2010-01-04,1583,2813388510.0
2010-01-05,1583,2780565644.0
2010-01-06,1583,2808699529.0
2010-01-07,1583,2813388510.0
2010-01-08,1583,2935302012.0
2010-01-11,1583,2935302012.0
2010-01-12,1583,2897790165.0
2010-01-13,1583,2954057936.0
2010-01-14,1583,2944679974.0
2010-01-15,1583,2897790165.0
2010-01-18,1583,2902479146.0
2010-01-19,1583,2850900357.0
2010-01-20,1583,2850900357.0
2010-01-21,1583,2883723223.0
2010-01-22,1583,2841522395.0
2010-01-25,1583,2794632587.0
2010-01-26,1583,2616451314.0
2010-01-27,1583,2602384372.0
2010-01-28,1583,2653963161.0
2010-01-29,1583,2607073353.0
2010-02-01,1583,2653963161.0
2010-02-02,1583,2635207238.0
2010-02-03,1583,2649274180.0
2010-02-04,1583,2738364816.0
2010-02-05,1583,2682097046.0
2010-02-08,1583,2813388510.0
2010-02-09,1583,2808699529.0
2010-02-10,1583,2728986855.0
2010-02-22,1583,2719608893.0
2010-02-23,1583,2813388510.0
2010-02-24,1583,2883723223.0
2010-02-25,1583,2907168127.0
2010-02-26,1583,2832144433.0
2010-03-01,1583,2907168127.0
2010-03-02,1583,2832144433.0
2010-03-03,1583,2789943606.0
2010-03-04,1583,2766498702.0
2010-03-05,1583,2766498702.0
2010-03-08,1583,2822766472.0
2010-03-09,1583,2879034242.0
2010-03-10,1583,2958746916.0
2010-03-11,1583,2911857108.0
2010-03-12,1583,2982191821.0
2010-03-15,1583,3015014687.0
2010-03-16,1583,3000947744.0
2010-03-17,1583,3090038380.0
2010-03-18,1583,3057215514.0
2010-03-19,1583,3038459591.0
2010-03-22,1583,2986880801.0
2010-03-23,1583,2972813859.0
2010-03-24,1583,2977502840.0
2010-03-25,1583,2963435897.0
2010-03-26,1583,3000947744.0
2010-03-29,1583,3047837553.0
2010-03-30,1583,3094727361.0
2010-03-31,1583,3127550227.0
2010-04-01,1583,3338554365.0
2010-04-02,1583,3366688250.0
2010-04-06,1583,3512046657.0
2010-04-07,1583,3469845829.0
2010-04-08,1583,3554247484.0
2010-04-09,1583,3629271178.0
2010-04-12,1583,3610515255.0
2010-04-13,1583,3521424618.0
2010-04-14,1583,3441711944.0
2010-04-15,1583,3413578059.0
2010-04-16,1583,3413578059.0
2010-04-19,1583,3216640863.0
2010-04-20,1583,3258841691.0
2010-04-21,1583,3319798442.0
2010-04-22,1583,3291664557.0
2010-04-23,1583,3268219652.0
2010-04-26,1583,3376066212.0
2010-04-27,1583,3301042518.0
2010-04-28,1583,3301042518.0
2010-04-29,1583,3301042518.0
2010-04-30,1583,3263530672.0
2010-05-03,1583,3179129016.0
2010-05-04,1583,3179129016.0
2010-05-05,1583,3005636725.0
2010-05-06,1583,2986880801.0
2010-05-07,1583,3094727361.0
2010-05-10,1583,3211951882.0
2010-05-11,1583,3193195959.0
2010-05-12,1583,3329176404.0
2010-05-13,1583,3455778886.0
2010-05-14,1583,3451089906.0
2010-05-17,1583,3390133155.0
2010-05-18,1583,3413578059.0
2010-05-19,1583,3413578059.0
2010-05-20,1583,3399511116.0
2010-05-21,1583,3282286595.0
2010-05-24,1583,3249463729.0
2010-05-25,1583,3188506978.0
2010-05-26,1583,3357310289.0
2010-05-27,1583,3338554365.0
2010-05-28,1583,3413578059.0
2010-05-31,1583,3376066212.0
2010-06-01,1583,3324487423.0
2010-06-02,1583,3376066212.0
2010-06-03,1583,3343243346.0
2010-06-04,1583,3357310289.0
2010-06-07,1583,3282286595.0
2010-06-08,1583,3512046657.0
2010-06-09,1583,3333865384.0
2010-06-10,1583,3286975576.0
2010-06-11,1583,3347932327.0
2010-06-14,1583,3301526633.0
2010-06-15,1583,3528565714.0
2010-06-17,1583,3519105752.0
2010-06-18,1583,3500185829.0
2010-06-21,1583,3651545216.0
2010-06-22,1583,3604245408.0
2010-06-23,1583,3670465140.0
2010-06-24,1583,3670465140.0
2010-06-25,1583,3585325484.0
2010-06-28,1583,3556945599.0
2010-06-29,1583,3575865523.0
2010-06-30,1583,3590055465.0
2010-07-01,1583,3481265906.0
2010-07-02,1583,3405586212.0
2010-07-05,1583,3419776155.0
2010-07-06,1583,3438696078.0
2010-07-07,1583,3339366480.0
2010-07-08,1583,3268416767.0
2010-07-09,1583,3301526633.0
2010-07-12,1583,3287336691.0
2010-07-13,1583,3263686787.0
2010-07-14,1583,3244766863.0
2010-07-15,1583,3240036882.0
2010-07-16,1583,3211656997.0
2010-07-19,1583,3173817150.0
2010-07-20,1583,3254226825.0
2010-07-21,1583,3263686787.0
2010-07-22,1583,3292066672.0
2010-07-23,1583,3310986595.0
2010-07-26,1583,3310986595.0
2010-07-27,1583,3296796652.0
2010-07-28,1583,3296796652.0
2010-07-29,1583,3310986595.0
2010-07-30,1583,3273146748.0
2010-08-02,1583,3315716576.0
2010-08-03,1583,3254226825.0
2010-08-04,1583,3263686787.0
2010-08-05,1583,3282606710.0
2010-08-06,1583,3235306901.0
2010-08-09,1583,3216386978.0
2010-08-10,1583,3263686787.0
2010-08-11,1583,3230576921.0
2010-08-12,1583,3192737074.0
2010-08-13,1583,3102867438.0
2010-08-16,1583,3131247323.0
2010-08-17,1583,3178547131.0
2010-08-18,1583,3216386978.0
2010-08-19,1583,3216386978.0
2010-08-20,1583,3268416767.0
2010-08-23,1583,3273146748.0
2010-08-24,1583,3273146748.0
2010-08-25,1583,3230576921.0
2010-08-26,1583,3150167246.0
2010-08-27,1583,3154897227.0
2010-08-30,1583,3126517342.0
2010-08-31,1583,3017727782.0
2010-09-01,1583,3027187744.0
2010-09-02,1583,3017727782.0
2010-09-03,1583,3102867438.0
2010-09-06,1583,3188007093.0
2010-09-07,1583,3225846940.0
2010-09-08,1583,3216386978.0
2010-09-09,1583,3206927016.0
2010-09-10,1583,3235306901.0
2010-09-13,1583,3216386978.0
2010-09-14,1583,3206927016.0
2010-09-15,1583,3206927016.0
2010-09-16,1583,3188007093.0
2010-09-17,1583,3197467055.0
2010-09-20,1583,3178547131.0
2010-09-21,1583,3154897227.0
2010-09-23,1583,3173817150.0
2010-09-24,1583,3164357189.0
2010-09-27,1583,3235306901.0
2010-09-28,1583,3244766863.0
2010-09-29,1583,3235306901.0
2010-09-30,1583,3221116959.0
2010-10-01,1583,3240036882.0
2010-10-04,1583,3216386978.0
2010-10-05,1583,3178547131.0
2010-10-06,1583,3188007093.0
2010-10-07,1583,3221116959.0
2010-10-08,1583,3296796652.0
2010-10-11,1583,3329906518.0
2010-10-12,1583,3438696078.0
2010-10-13,1583,3353556423.0
2010-10-14,1583,3310986595.0
2010-10-15,1583,3310986595.0
2010-10-18,1583,3268416767.0
2010-10-19,1583,3301526633.0
2010-10-20,1583,3310986595.0
2010-10-21,1583,3268416767.0
2010-10-22,1583,3287336691.0
2010-10-25,1583,3296796652.0
2010-10-26,1583,3292066672.0
2010-10-27,1583,3301526633.0
2010-10-28,1583,3377206327.0
2010-10-29,1583,3381936308.0
2010-11-01,1583,3396126250.0
2010-11-02,1583,3372476346.0
2010-11-03,1583,3263686787.0
2010-11-04,1583,3273146748.0
2010-11-05,1583,3353556423.0
2010-11-08,1583,3310986595.0
2010-11-09,1583,3348826442.0
2010-11-10,1583,3377206327.0
2010-11-11,1583,3367746365.0
2010-11-12,1583,3400856231.0
2010-11-15,1583,3400856231.0
2010-11-16,1583,3405586212.0
2010-11-17,1583,3405586212.0
2010-11-18,1583,3433966097.0
2010-11-19,1583,3443426059.0
2010-11-22,1583,3452886021.0
2010-11-23,1583,3462345982.0
2010-11-24,1583,3504915810.0
2010-11-25,1583,3538025676.0
2010-11-26,1583,3547485638.0
2010-11-29,1583,3623165331.0
2010-11-30,1583,3717764948.0
2010-12-01,1583,3765064757.0
2010-12-02,1583,3765064757.0
2010-12-03,1583,3727224910.0
2010-12-06,1583,3689385063.0
2010-12-07,1583,3585325484.0
2010-12-08,1583,3585325484.0
2010-12-09,1583,3533295695.0
2010-12-10,1583,3514375772.0
2010-12-13,1583,3571135542.0
2010-12-14,1583,3575865523.0
2010-12-15,1583,3547485638.0
2010-12-16,1583,3538025676.0
2010-12-17,1583,3651545216.0
2010-12-20,1583,3708304986.0
2010-12-21,1583,3736684872.0
2010-12-22,1583,3642085255.0
2010-12-23,1583,3618435350.0
2010-12-24,1583,3575865523.0
2010-12-27,1583,3575865523.0
2010-12-28,1583,3608975389.0
2010-12-29,1583,3632625293.0
2010-12-30,1583,3632625293.0
2010-12-31,1583,0.0
2011-01-03,1583,3556945599.0
2011-01-04,1583,3802904603.0
2011-01-05,1583,4067783531.0
2011-01-06,1583,4162383148.0
2011-01-07,1583,3963723952.0
2011-01-10,1583,3826554508.0
2011-01-11,1583,3869124335.0
2011-01-12,1583,3817094546.0
2011-01-13,1583,3826554508.0
2011-01-14,1583,4091433435.0
2011-01-17,1583,4067783531.0
2011-01-18,1583,3963723952.0
2011-01-19,1583,3992103837.0
2011-01-20,1583,3954263991.0
2011-01-21,1583,3864394354.0
2011-01-24,1583,3783984680.0
2011-01-25,1583,3746144833.0
2011-01-26,1583,3746144833.0
2011-01-27,1583,3755604795.0
2011-01-28,1583,3717764948.0
2011-02-08,1583,3708304986.0
2011-02-09,1583,3694115044.0
2011-02-10,1583,3679925101.0
2011-02-11,1583,3585325484.0
2011-02-14,1583,3594785446.0
2011-02-15,1583,3500185829.0
2011-02-16,1583,3552215618.0
2011-02-17,1583,3746144833.0
2011-02-18,1583,3708304986.0
2011-02-21,1583,3599515427.0
2011-02-22,1583,3552215618.0
2011-02-23,1583,3500185829.0
2011-02-24,1583,3533295695.0
2011-02-25,1583,3509645791.0
2011-03-01,1583,3594785446.0
2011-03-02,1583,3547485638.0
2011-03-03,1583,3604245408.0
2011-03-04,1583,3556945599.0
2011-03-07,1583,3594785446.0
2011-03-08,1583,3575865523.0
2011-03-09,1583,3542755657.0
2011-03-10,1583,3519105752.0
2011-03-11,1583,3538025676.0
2011-03-14,1583,3405586212.0
2011-03-15,1583,3235306901.0
2011-03-16,1583,3093407476.0
2011-03-17,1583,3121787361.0
2011-03-18,1583,3178547131.0
2011-03-21,1583,3244766863.0
2011-03-22,1583,3329906518.0
2011-03-23,1583,3325176538.0
2011-03-24,1583,3282606710.0
2011-03-25,1583,3320446557.0
2011-03-28,1583,3282606710.0
2011-03-29,1583,3292066672.0
2011-03-30,1583,3320446557.0
2011-03-31,1583,3287336691.0
2011-04-01,1583,3310986595.0
2011-04-06,1583,3315716576.0
2011-04-07,1583,3292066672.0
2011-04-08,1583,3329906518.0
2011-04-11,1583,3329906518.0
2011-04-12,1583,3310986595.0
2011-04-13,1583,3310986595.0
2011-04-14,1583,3386666289.0
2011-04-15,1583,3623165331.0
2011-04-18,1583,3556945599.0
2011-04-19,1583,3504915810.0
2011-04-20,1583,3452886021.0
2011-04-21,1583,3694115044.0
2011-04-22,1583,3731954891.0
2011-04-25,1583,3708304986.0
2011-04-26,1583,3746144833.0
2011-04-27,1583,3689385063.0
2011-04-28,1583,3679925101.0
2011-04-29,1583,3604245408.0
2011-05-03,1583,3594785446.0
2011-05-04,1583,3708304986.0
2011-05-05,1583,3921154125.0
2011-05-06,1583,3783984680.0
2011-05-09,1583,3651545216.0
2011-05-10,1583,3651545216.0
2011-05-11,1583,3594785446.0
2011-05-12,1583,3594785446.0
2011-05-13,1583,3585325484.0
2011-05-16,1583,3448156040.0
2011-05-17,1583,3471805944.0
2011-05-18,1583,3509645791.0
2011-05-19,1583,3566405561.0
2011-05-20,1583,3538025676.0
2011-05-23,1583,3462345982.0
2011-05-24,1583,3500185829.0
2011-05-25,1583,3443426059.0
2011-05-26,1583,3446636116.0
2011-05-27,1583,3465652040.0
2011-05-30,1583,3460898059.0
2011-05-31,1583,3470406021.0
2011-06-01,1583,3421777548.0
2011-06-02,1583,3426407829.0
2011-06-03,1583,3426407829.0
2011-06-07,1583,3398626144.0
2011-06-08,1583,3407886706.0
2011-06-09,1583,3477340918.0
2011-06-10,1583,3398626144.0
2011-06-13,1583,3463450076.0
2011-06-14,1583,3444928952.0
2011-06-15,1583,3417147267.0
2011-06-16,1583,3380105021.0
2011-06-17,1583,3380105021.0
2011-06-20,1583,3259717718.0
2011-06-21,1583,3231936033.0
2011-06-22,1583,3236566314.0
2011-06-23,1583,3176372663.0
2011-06-24,1583,3218045191.0
2011-06-27,1583,3167112101.0
2011-06-28,1583,3194893787.0
2011-06-29,1583,3241196595.0
2011-06-30,1583,3241196595.0
2011-07-01,1583,3264347999.0
2011-07-04,1583,3306020527.0
2011-07-05,1583,3273608561.0
2011-07-06,1583,3306020527.0
2011-07-07,1583,3361583897.0
2011-07-08,1583,3361583897.0
2011-07-11,1583,3435668391.0
2011-07-12,1583,3505122603.0
2011-07-13,1583,3500492323.0
2011-07-14,1583,3560685974.0
2011-07-15,1583,3514383165.0
2011-07-18,1583,3495862042.0
2011-07-19,1583,3463450076.0
2011-07-20,1583,3542164850.0
2011-07-21,1583,3491231761.0
2011-07-22,1583,3519013446.0
2011-07-25,1583,3537534569.0
2011-07-26,1583,3653291591.0
2011-07-27,1583,3625509906.0
2011-07-28,1583,3593097940.0
2011-07-29,1583,3574576816.0
2011-08-01,1583,3620879625.0
2011-08-02,1583,3597728220.0
2011-08-03,1583,3306020527.0
2011-08-04,1583,3343062774.0
2011-08-05,1583,3148590978.0
2011-08-08,1583,2935598059.0
2011-08-09,1583,3139330416.0
2011-08-10,1583,3176372663.0
2011-08-11,1583,3111548731.0
2011-08-12,1583,3116179012.0
2011-08-15,1583,3125439574.0
2011-08-16,1583,3148590978.0
2011-08-17,1583,3194893787.0
2011-08-18,1583,3120809293.0
2011-08-19,1583,3069876204.0
2011-08-22,1583,3055985361.0
2011-08-23,1583,3236566314.0
2011-08-24,1583,3157851540.0
2011-08-25,1583,3148590978.0
2011-08-26,1583,3287499404.0
2011-08-29,1583,3296759965.0
2011-08-30,1583,3333802212.0
2011-08-31,1583,3604489381.0
2011-09-01,1583,3614204986.0
2011-09-02,1583,3526764542.0
2011-09-05,1583,3439324099.0
2011-09-06,1583,3400461680.0
2011-09-07,1583,3405319482.0
2011-09-08,1583,3497617728.0
2011-09-09,1583,3585058171.0
2011-09-13,1583,3439324099.0
2011-09-14,1583,3400461680.0
2011-09-15,1583,3517048938.0
2011-09-16,1583,3546195752.0
2011-09-19,1583,3453897506.0
2011-09-20,1583,3487902123.0
2011-09-21,1583,3531622345.0
2011-09-22,1583,3458755309.0
2011-09-23,1583,3303305632.0
2011-09-26,1583,3225580794.0
2011-09-27,1583,3264443213.0
2011-09-28,1583,3274158818.0
2011-09-29,1583,3211007386.0
2011-09-30,1583,3196433979.0
2011-10-03,1583,3108993536.0
2011-10-04,1583,3074988919.0
2011-10-05,1583,3123566943.0
2011-10-06,1583,3225580794.0
2011-10-07,1583,3269301015.0
2011-10-11,1583,3303305632.0
2011-10-12,1583,3317879039.0
2011-10-13,1583,3390746075.0
2011-10-14,1583,3415035087.0
2011-10-17,1583,3429608494.0
2011-10-18,1583,3400461680.0
2011-10-19,1583,3400461680.0
2011-10-20,1583,3400461680.0
2011-10-21,1583,3400461680.0
2011-10-24,1583,3473328716.0
2011-10-25,1583,3594773776.0
2011-10-26,1583,3721076638.0
2011-10-27,1583,3691929824.0
2011-10-28,1583,3759939058.0
2011-10-31,1583,3910530932.0
2011-11-01,1583,3866810710.0
2011-11-02,1583,3857095106.0
2011-11-03,1583,3881384118.0
2011-11-04,1583,3905673130.0
2011-11-07,1583,4031975992.0
2011-11-08,1583,4197141274.0
2011-11-09,1583,4138847645.0
2011-11-10,1583,4080554016.0
2011-11-11,1583,4158278854.0
2011-11-14,1583,4114558633.0
2011-11-15,1583,4070838411.0
2011-11-16,1583,4095127423.0
2011-11-17,1583,3997971375.0
2011-11-18,1583,3954251154.0
2011-11-21,1583,3954251154.0
2011-11-22,1583,3886241920.0
2011-11-23,1583,3837663896.0
2011-11-24,1583,3934819944.0
2011-11-25,1583,3934819944.0
2011-11-28,1583,3968824561.0
2011-11-29,1583,3973682363.0
2011-11-30,1583,3944535549.0
2011-12-01,1583,3944535549.0
2011-12-02,1583,3891099722.0
2011-12-05,1583,3891099722.0
2011-12-06,1583,3769654662.0
2011-12-07,1583,3832806094.0
2011-12-08,1583,3905673130.0
2011-12-09,1583,3837663896.0
2011-12-12,1583,3837663896.0
2011-12-13,1583,3779370267.0
2011-12-14,1583,3871668513.0
2011-12-15,1583,3842521698.0
2011-12-16,1583,3721076638.0
2011-12-19,1583,3803659279.0
2011-12-20,1583,3837663896.0
2011-12-21,1583,3798801477.0
2011-12-22,1583,3793943674.0
2011-12-23,1583,3789085872.0
2011-12-26,1583,3818232686.0
2011-12-27,1583,3789085872.0
2011-12-28,1583,3789085872.0
2011-12-29,1583,3798801477.0
2011-12-30,1583,3798801477.0
2012-01-02,1583,3789085872.0
2012-01-03,1583,3789085872.0
2012-01-04,1583,3759939058.0
2012-01-05,1583,3730792243.0
2012-01-06,1583,3672498614.0
2012-01-09,1583,3818232686.0
2012-01-10,1583,3764796860.0
2012-01-11,1583,3769654662.0
2012-01-12,1583,3716218836.0
2012-01-13,1583,3691929824.0
2012-01-16,1583,3827948291.0
2012-01-17,1583,4075696214.0
2012-01-18,1583,4080554016.0
2012-01-30,1583,4357448753.0
2012-01-31,1583,4386595567.0
2012-02-01,1583,4687779316.0
2012-02-02,1583,4619770082.0
2012-02-03,1583,4760646352.0
2012-02-06,1583,4614912280.0
2012-02-07,1583,4658632502.0
2012-02-08,1583,4741215142.0
2012-02-09,1583,4765504154.0
2012-02-10,1583,4775219759.0
2012-02-13,1583,5100692520.0
2012-02-14,1583,5052114496.0
2012-02-15,1583,5013252077.0
2012-02-16,1583,4925811634.0
2012-02-17,1583,5265857802.0
2012-02-20,1583,5537894736.0
2012-02-21,1583,5382445059.0
2012-02-22,1583,5654481994.0
2012-02-23,1583,5518463526.0
2012-02-24,1583,5499032317.0
2012-02-29,1583,5421307478.0
2012-03-01,1583,5392160664.0
2012-03-02,1583,5489316712.0
2012-03-05,1583,5168701754.0
2012-03-06,1583,5042398891.0
2012-03-07,1583,5158986149.0
2012-03-08,1583,5149270544.0
2012-03-09,1583,5295004616.0
2012-03-12,1583,5207564173.0
2012-03-13,1583,5129839334.0
2012-03-14,1583,5226995382.0
2012-03-15,1583,5295004616.0
2012-03-16,1583,5333867035.0
2012-03-19,1583,5246426592.0
2012-03-20,1583,5129839334.0
2012-03-21,1583,5013252077.0
2012-03-22,1583,5304720221.0
2012-03-23,1583,5217279778.0
2012-03-26,1583,5314435826.0
2012-03-27,1583,5275573406.0
2012-03-28,1583,5158986149.0
2012-03-29,1583,4916096029.0
2012-03-30,1583,5061830101.0
2012-04-02,1583,4974389658.0
2012-04-03,1583,4896664819.0
2012-04-05,1583,4639201292.0
2012-04-06,1583,4823797783.0
2012-04-09,1583,4954958448.0
2012-04-10,1583,4954958448.0
2012-04-11,1583,4984105262.0
2012-04-12,1583,5003536472.0
2012-04-13,1583,5032683286.0
2012-04-16,1583,5032683286.0
2012-04-17,1583,4916096029.0
2012-04-18,1583,4935527238.0
2012-04-19,1583,4945242843.0
2012-04-20,1583,4886949214.0
2012-04-23,1583,4697494921.0
2012-04-24,1583,4697494921.0
2012-04-25,1583,4741215142.0
2012-04-26,1583,4750930747.0
2012-04-27,1583,4707210526.0
2012-04-30,1583,4707210526.0
2012-05-02,1583,4984105262.0
2012-05-03,1583,4954958448.0
2012-05-04,1583,4964674053.0
2012-05-07,1583,4833513388.0
2012-05-08,1583,4809224376.0
2012-05-09,1583,4828655586.0
2012-05-10,1583,4818939981.0
2012-05-11,1583,4741215142.0
2012-05-14,1583,4673205909.0
2012-05-15,1583,4653774699.0
2012-05-16,1583,4639201292.0
2012-05-17,1583,4639201292.0
2012-05-18,1583,4367164358.0
2012-05-21,1583,4440031394.0
2012-05-22,1583,4498325022.0
2012-05-23,1583,4381737765.0
2012-05-24,1583,4372022160.0
2012-05-25,1583,4323444136.0
2012-05-28,1583,4323444136.0
2012-05-29,1583,4517756232.0
2012-05-30,1583,4517756232.0
2012-05-31,1583,4449746998.0
2012-06-01,1583,4284581717.0
2012-06-04,1583,3988255770.0
2012-06-05,1583,4056265004.0
2012-06-06,1583,4090269621.0
2012-06-07,1583,4167994459.0
2012-06-08,1583,4187425669.0
2012-06-11,1583,4206856878.0
2012-06-12,1583,4119416435.0
2012-06-13,1583,4177710064.0
2012-06-14,1583,4196501064.0
2012-06-15,1583,4245297588.0
2012-06-18,1583,4323372026.0
2012-06-19,1583,4323372026.0
2012-06-20,1583,4450242989.0
2012-06-21,1583,4420965074.0
2012-06-22,1583,4430724379.0
2012-06-25,1583,4381927855.0
2012-06-26,1583,4386807508.0
2012-06-27,1583,4474641251.0
2012-06-28,1583,4450242989.0
2012-06-29,1583,4489280208.0
2012-07-02,1583,4538076732.0
2012-07-03,1583,4616151170.0
2012-07-04,1583,4664947694.0
2012-07-05,1583,4655188390.0
2012-07-06,1583,4596632561.0
2012-07-09,1583,4733262828.0
2012-07-10,1583,4460002294.0
2012-07-11,1583,4450242989.0
2012-07-12,1583,4411205770.0
2012-07-13,1583,4381927855.0
2012-07-16,1583,4372168550.0
2012-07-17,1583,4386807508.0
2012-07-18,1583,4386807508.0
2012-07-19,1583,4425844727.0
2012-07-20,1583,4538076732.0
2012-07-23,1583,4460002294.0
2012-07-24,1583,4362409246.0
2012-07-25,1583,4430724379.0
2012-07-26,1583,4391687160.0
2012-07-27,1583,4440483684.0
2012-07-30,1583,4489280208.0
2012-07-31,1583,4538076732.0
2012-08-01,1583,4538076732.0
2012-08-03,1583,4606391866.0
2012-08-06,1583,4567354646.0
2012-08-07,1583,4567354646.0
2012-08-08,1583,4547836037.0
2012-08-09,1583,4528317427.0
2012-08-10,1583,4445363336.0
2012-08-13,1583,4411205770.0
2012-08-14,1583,4391687160.0
2012-08-15,1583,4216019674.0
2012-08-16,1583,4264816198.0
2012-08-17,1583,4323372026.0
2012-08-20,1583,4362409246.0
2012-08-21,1583,4381927855.0
2012-08-22,1583,4367288898.0
2012-08-23,1583,4411205770.0
2012-08-24,1583,4513678470.0
2012-08-27,1583,4489280208.0
2012-08-28,1583,4396566812.0
2012-08-29,1583,4411205770.0
2012-08-30,1583,4435604032.0
2012-08-31,1583,4401446465.0
2012-09-03,1583,4494159860.0
2012-09-04,1583,4523437775.0
2012-09-05,1583,4474641251.0
2012-09-06,1583,4455122641.0
2012-09-07,1583,4455122641.0
2012-09-10,1583,4406326117.0
2012-09-11,1583,4352649941.0
2012-09-12,1583,4381927855.0
2012-09-13,1583,4357529593.0
2012-09-14,1583,4372168550.0
2012-09-17,1583,4381927855.0
2012-09-18,1583,4347770288.0
2012-09-19,1583,4367288898.0
2012-09-20,1583,4333131331.0
2012-09-21,1583,4308733069.0
2012-09-24,1583,4323372026.0
2012-09-25,1583,4294094112.0
2012-09-26,1583,4220899326.0
2012-09-27,1583,4240417936.0
2012-09-28,1583,4216019674.0
2012-10-01,1583,4220899326.0
2012-10-02,1583,4230658631.0
2012-10-03,1583,4176982454.0
2012-10-04,1583,4142824888.0
2012-10-05,1583,4113546973.0
2012-10-08,1583,4079389406.0
2012-10-09,1583,4123306278.0
2012-10-11,1583,4020833578.0
2012-10-12,1583,4020833578.0
2012-10-15,1583,3952518444.0
2012-10-16,1583,3962277749.0
2012-10-17,1583,3986676011.0
2012-10-18,1583,3923240530.0
2012-10-19,1583,3913481225.0
2012-10-22,1583,3884203310.0
2012-10-23,1583,3889082963.0
2012-10-24,1583,3889082963.0
2012-10-25,1583,3874444006.0
2012-10-26,1583,3806128872.0
2012-10-29,1583,3659739300.0
2012-10-30,1583,3796369567.0
2012-10-31,1583,3845166091.0
2012-11-01,1583,3859805048.0
2012-11-02,1583,3884203310.0
2012-11-05,1583,3835406786.0
2012-11-06,1583,3903721920.0
2012-11-07,1583,3864684701.0
2012-11-08,1583,3854925396.0
2012-11-09,1583,3879323658.0
2012-11-12,1583,3854925396.0
2012-11-13,1583,3815888177.0
2012-11-14,1583,3854925396.0
2012-11-15,1583,3845166091.0
2012-11-16,1583,3840286439.0
2012-11-19,1583,3854925396.0
2012-11-20,1583,3850045744.0
2012-11-21,1583,3815888177.0
2012-11-22,1583,3845166091.0
2012-11-23,1583,3845166091.0
2012-11-26,1583,3864684701.0
2012-11-27,1583,3830527134.0
2012-11-28,1583,3825647482.0
2012-11-29,1583,3835406786.0
2012-11-30,1583,3928120182.0
2012-12-03,1583,3937879487.0
2012-12-04,1583,3942759139.0
2012-12-05,1583,3942759139.0
2012-12-06,1583,3932999834.0
2012-12-07,1583,3903721920.0
2012-12-10,1583,3869564353.0
2012-12-11,1583,3854925396.0
2012-12-12,1583,3854925396.0
2012-12-13,1583,3815888177.0
2012-12-14,1583,3820767829.0
2012-12-17,1583,3815888177.0
2012-12-18,1583,3825647482.0
2012-12-19,1583,3845166091.0
2012-12-20,1583,3825647482.0
2012-12-21,1583,3791489915.0
2012-12-24,1583,3845166091.0
2012-12-25,1583,3864684701.0
2012-12-26,1583,3879323658.0
2012-12-27,1583,4069630102.0
2012-12-28,1583,4079389406.0
2013-01-02,1583,4098908016.0
2013-01-03,1583,4118426626.0
2013-01-04,1583,4098908016.0
2013-01-07,1583,4103787668.0
2013-01-08,1583,4084269059.0
2013-01-09,1583,4094028364.0
2013-01-10,1583,4079389406.0
2013-01-11,1583,4079389406.0
2013-01-14,1583,4094028364.0
2013-01-15,1583,4123306278.0
2013-01-16,1583,4098908016.0
2013-01-17,1583,4059870797.0
2013-01-18,1583,4059870797.0
2013-01-21,1583,4079389406.0
2013-01-22,1583,4118426626.0
2013-01-23,1583,4108667321.0
2013-01-24,1583,4069630102.0
2013-01-25,1583,4064750449.0
2013-01-28,1583,4089148711.0
2013-01-29,1583,4084269059.0
2013-01-30,1583,4108667321.0
2013-01-31,1583,4274575502.0
2013-02-01,1583,4186741759.0
2013-02-04,1583,4196501064.0
2013-02-05,1583,4147704540.0
2013-02-06,1583,4230658631.0
2013-02-18,1583,4230658631.0
2013-02-19,1583,4220899326.0
2013-02-20,1583,4211140021.0
2013-02-21,1583,4196501064.0
2013-02-22,1583,4167223150.0
2013-02-25,1583,4196501064.0
2013-02-26,1583,4157463845.0
2013-02-27,1583,4191621412.0
2013-03-01,1583,4162343497.0
2013-03-04,1583,4108667321.0
2013-03-05,1583,4152584192.0
2013-03-06,1583,4440483684.0
2013-03-07,1583,4455122641.0
2013-03-08,1583,4352649941.0
2013-03-11,1583,4308733069.0
2013-03-12,1583,4313612722.0
2013-03-13,1583,4259936545.0
2013-03-14,1583,4201380716.0
2013-03-15,1583,4181862107.0
2013-03-18,1583,4103787668.0
2013-03-19,1583,4098908016.0
2013-03-20,1583,4069630102.0
2013-03-21,1583,4015953925.0
2013-03-22,1583,3996435316.0
2013-03-25,1583,4011074273.0
2013-03-26,1583,4025713230.0
2013-03-27,1583,4059870797.0
2013-03-28,1583,4040352187.0
2013-03-29,1583,4079389406.0
2013-04-01,1583,4079389406.0
2013-04-02,1583,4084269059.0
2013-04-03,1583,4089148711.0
2013-04-08,1583,4001314968.0
2013-04-09,1583,3952518444.0
2013-04-10,1583,3962277749.0
2013-04-11,1583,4011074273.0
2013-04-12,1583,4001314968.0
2013-04-15,1583,3942759139.0
2013-04-16,1583,3942759139.0
2013-04-17,1583,3967157401.0
2013-04-18,1583,3981796358.0
2013-04-19,1583,3986676011.0
2013-04-22,1583,3991555663.0
2013-04-23,1583,3957398096.0
2013-04-24,1583,3932999834.0
2013-04-25,1583,3913481225.0
2013-04-26,1583,3942759139.0
2013-04-29,1583,3937879487.0
2013-04-30,1583,3957398096.0
2013-05-02,1583,3967157401.0
2013-05-03,1583,3962277749.0
2013-05-06,1583,3972037054.0
2013-05-07,1583,3991555663.0
2013-05-08,1583,4011074273.0
2013-05-09,1583,4011074273.0
2013-05-10,1583,4050111492.0
2013-05-13,1583,3962277749.0
2013-05-14,1583,4001314968.0
2013-05-15,1583,4069630102.0
2013-05-16,1583,4089148711.0
2013-05-17,1583,4118426626.0
2013-05-20,1583,4098908016.0
2013-05-21,1583,4108667321.0
2013-05-22,1583,4142824888.0
2013-05-23,1583,4118426626.0
2013-05-24,1583,4040352187.0
2013-05-27,1583,4054991144.0
2013-05-28,1583,4059870797.0
2013-05-29,1583,4069630102.0
2013-05-30,1583,4137945235.0
2013-05-31,1583,4108667321.0
2013-06-03,1583,4089148711.0
2013-06-04,1583,4015953925.0
2013-06-05,1583,4050111492.0
2013-06-06,1583,4045231840.0
2013-06-07,1583,4095064406.0
2013-06-10,1583,4080369199.0
2013-06-11,1583,4095064406.0
2013-06-13,1583,4036283578.0
2013-06-14,1583,3957909139.0
2013-06-17,1583,4011791566.0
2013-06-18,1583,3962807542.0
2013-06-19,1583,4006893163.0
2013-06-20,1583,3953010737.0
2013-06-21,1583,3918721920.0
2013-06-24,1583,3997096358.0
2013-06-25,1583,3933417127.0
2013-06-26,1583,3913823518.0
2013-06-27,1583,3918721920.0
2013-06-28,1583,3928518725.0
2013-07-01,1583,3928518725.0
2013-07-02,1583,3928518725.0
2013-07-03,1583,3943213932.0
2013-07-04,1583,3943213932.0
2013-07-05,1583,3923620322.0
2013-07-08,1583,3918721920.0
2013-07-09,1583,3962807542.0
2013-07-10,1583,4006893163.0
2013-07-11,1583,3992197956.0
2013-07-12,1583,3992197956.0
2013-07-15,1583,3997096358.0
2013-07-16,1583,3987299554.0
2013-07-17,1583,4046080382.0
2013-07-18,1583,3835449079.0
2013-07-19,1583,3835449079.0
2013-07-22,1583,3830550677.0
2013-07-23,1583,3835449079.0
2013-07-24,1583,3840347482.0
2013-07-25,1583,3845245884.0
2013-07-26,1583,3845245884.0
2013-07-29,1583,3845245884.0
2013-07-30,1583,3830550677.0
2013-07-31,1583,3835449079.0
2013-08-01,1583,3840347482.0
2013-08-02,1583,3889331506.0
2013-08-05,1583,3923620322.0
2013-08-06,1583,3918721920.0
2013-08-07,1583,3908925115.0
2013-08-08,1583,3962807542.0
2013-08-09,1583,3972604346.0
2013-08-12,1583,3977502749.0
2013-08-13,1583,4006893163.0
2013-08-14,1583,4046080382.0
2013-08-15,1583,4050978785.0
2013-08-16,1583,4011791566.0
2013-08-19,1583,3987299554.0
2013-08-20,1583,3962807542.0
2013-08-22,1583,3948112334.0
2013-08-23,1583,3938315530.0
2013-08-26,1583,3928518725.0
2013-08-27,1583,3913823518.0
2013-08-28,1583,3967705944.0
2013-08-29,1583,3918721920.0
2013-08-30,1583,3923620322.0
2013-09-02,1583,3933417127.0
2013-09-03,1583,3987299554.0
2013-09-04,1583,3967705944.0
2013-09-05,1583,3967705944.0
2013-09-06,1583,3967705944.0
2013-09-09,1583,3987299554.0
2013-09-10,1583,3953010737.0
2013-09-11,1583,3938315530.0
2013-09-12,1583,3918721920.0
2013-09-13,1583,3904026713.0
2013-09-16,1583,3923620322.0
2013-09-17,1583,3918721920.0
2013-09-18,1583,3908925115.0
2013-09-23,1583,3933417127.0
2013-09-24,1583,3938315530.0
2013-09-25,1583,3948112334.0
2013-09-26,1583,3938315530.0
2013-09-27,1583,3938315530.0
2013-09-30,1583,3928518725.0
2013-10-01,1583,3918721920.0
2013-10-02,1583,4001994761.0
2013-10-03,1583,3997096358.0
2013-10-04,1583,3997096358.0
2013-10-07,1583,3962807542.0
2013-10-08,1583,3962807542.0
2013-10-09,1583,4001994761.0
2013-10-11,1583,3977502749.0
2013-10-14,1583,4001994761.0
2013-10-15,1583,3967705944.0
2013-10-16,1583,3982401151.0
2013-10-17,1583,3967705944.0
2013-10-18,1583,3962807542.0
2013-10-21,1583,3992197956.0
2013-10-22,1583,4271406893.0
2013-10-23,1583,4457546184.0
2013-10-24,1583,4408562160.0
2013-10-25,1583,4359578136.0
2013-10-28,1583,4403663758.0
2013-10-29,1583,4339984526.0
2013-10-30,1583,4643685475.0
2013-10-31,1583,4555514232.0
2013-11-01,1583,4545717427.0
2013-11-04,1583,4482038196.0
2013-11-05,1583,4212626064.0
2013-11-07,1583,4212626064.0
2013-11-08,1583,4212626064.0
2013-11-11,1583,4202829259.0
2013-11-12,1583,4144048430.0
2013-11-13,1583,4153845235.0
2013-11-14,1583,4173438845.0
2013-11-15,1583,4134251626.0
2013-11-18,1583,4114658016.0
2013-11-19,1583,4158743638.0
2013-11-20,1583,4114658016.0
2013-11-21,1583,4095064406.0
2013-11-22,1583,4036283578.0
2013-11-25,1583,3977502749.0
2013-11-26,1583,4026486773.0
2013-11-27,1583,4075470797.0
2013-11-28,1583,4055877187.0
2013-11-29,1583,4055877187.0
2013-12-02,1583,4026486773.0
2013-12-03,1583,4109759614.0
2013-12-04,1583,4168540442.0
2013-12-05,1583,4124454821.0
2013-12-06,1583,4114658016.0
2013-12-09,1583,4163642040.0
2013-12-10,1583,4452647782.0
2013-12-11,1583,4286102100.0
2013-12-12,1583,4584904646.0
2013-12-13,1583,4477139794.0
2013-12-16,1583,4408562160.0
2013-12-17,1583,4447749379.0
2013-12-18,1583,4369374941.0
2013-12-19,1583,4433054172.0
2013-12-20,1583,4374273343.0
2013-12-23,1583,4437952574.0
2013-12-24,1583,4457546184.0
2013-12-25,1583,4604498256.0
2013-12-26,1583,4516327013.0
2013-12-27,1583,4457546184.0
2013-12-30,1583,4535920622.0
2013-12-31,1583,4484040275.0
2014-01-02,1583,4503388884.0
2014-01-03,1583,4503388884.0
2014-01-06,1583,4633991999.0
2014-01-07,1583,4875849619.0
2014-01-08,1583,4783943724.0
2014-01-09,1583,5030638496.0
2014-01-10,1583,5378913469.0
2014-01-13,1583,5746537051.0
2014-01-14,1583,6143183548.0
2014-01-15,1583,6297972425.0
2014-01-16,1583,6210903682.0
2014-01-17,1583,6636573093.0
2014-01-20,1583,6510807130.0
2014-01-21,1583,6220577986.0
2014-01-22,1583,6239926596.0
2014-01-23,1583,6191555072.0
2014-01-24,1583,6104486329.0
2014-01-27,1583,6365692558.0
2014-02-05,1583,6201229377.0
2014-02-06,1583,6201229377.0
2014-02-10,1583,7081591114.0
2014-02-11,1583,7207357076.0
2014-02-12,1583,7207357076.0
2014-02-13,1583,7545957744.0
2014-02-14,1583,7255728600.0
2014-02-17,1583,7110614028.0
2014-02-18,1583,7352471648.0
2014-02-19,1583,7265402905.0
2014-02-20,1583,7352471648.0
2014-02-21,1583,7313774429.0
2014-02-24,1583,7400843172.0
2014-02-25,1583,7265402905.0
2014-02-26,1583,7516934830.0
2014-02-27,1583,8039347289.0
2014-03-03,1583,8165113251.0
2014-03-04,1583,8319902128.0
2014-03-05,1583,8377947957.0
2014-03-06,1583,8513388224.0
2014-03-07,1583,8000650070.0
2014-03-10,1583,8416645176.0
2014-03-11,1583,8426319481.0
2014-03-12,1583,8377947957.0
2014-03-13,1583,8484365310.0
2014-03-14,1583,8387622262.0
2014-03-17,1583,8619805577.0
2014-03-18,1583,8513388224.0
2014-03-19,1583,8339250738.0
2014-03-20,1583,8174787556.0
2014-03-21,1583,7932929936.0
2014-03-24,1583,7836186888.0
2014-03-25,1583,8377947957.0
2014-03-26,1583,8319902128.0
2014-03-27,1583,8300553518.0
2014-03-28,1583,8194136166.0
2014-03-31,1583,8668177101.0
2014-04-01,1583,9267983998.0
2014-04-02,1583,9132543731.0
2014-04-03,1583,9771047848.0
2014-04-07,1583,9771047848.0
2014-04-08,1583,9771047848.0
2014-04-09,1583,10109648516.0
2014-04-10,1583,9625933276.0
2014-04-11,1583,9567887447.0
2014-04-14,1583,9548538838.0
2014-04-15,1583,9480818704.0
2014-04-16,1583,9577561752.0
2014-04-17,1583,9625933276.0
2014-04-18,1583,9577561752.0
2014-04-21,1583,9238961084.0
2014-04-22,1583,9084172207.0
2014-04-23,1583,8774594454.0
2014-04-24,1583,8861663197.0
2014-04-25,1583,8619805577.0
2014-04-28,1583,8629479882.0
2014-04-29,1583,8706874320.0
2014-04-30,1583,8319902128.0
2014-05-02,1583,8900360416.0
2014-05-05,1583,9519515923.0
2014-05-06,1583,9238961084.0
2014-05-07,1583,9122869426.0
2014-05-08,1583,8900360416.0
2014-05-09,1583,8629479882.0
2014-05-12,1583,8610131272.0
2014-05-13,1583,8377947957.0
2014-05-14,1583,8271530604.0
2014-05-15,1583,8194136166.0
2014-05-16,1583,8087718813.0
2014-05-19,1583,8648828491.0
2014-05-20,1583,8523062529.0
2014-05-21,1583,8513388224.0
2014-05-22,1583,8571434053.0
2014-05-23,1583,8571434053.0
2014-05-26,1583,8677851406.0
2014-05-27,1583,8552085443.0
2014-05-28,1583,9142218036.0
2014-05-29,1583,8881011806.0
2014-05-30,1583,9500167314.0
2014-06-03,1583,9442121485.0
2014-06-04,1583,10061276992.0
2014-06-05,1583,9916162420.0
2014-06-06,1583,9674304800.0
2014-06-09,1583,9771047848.0
2014-06-10,1583,10012905468.0
2014-06-11,1583,9867790896.0
2014-06-12,1583,9819419372.0
2014-06-13,1583,9916162420.0
2014-06-16,1583,9771047848.0
2014-06-17,1583,9722676324.0
2014-06-18,1583,9674304800.0
2014-06-19,1583,9916162420.0
2014-06-20,1583,9771047848.0
2014-06-23,1583,9616258971.0
2014-06-24,1583,9674304800.0
2014-06-25,1583,9664630495.0
2014-06-26,1583,10061276992.0
2014-06-27,1583,9819419372.0
2014-06-30,1583,9819419372.0
2014-07-01,1583,9771047848.0
2014-07-02,1583,9722676324.0
2014-07-03,1583,9674304800.0
2014-07-04,1583,9654956190.0
2014-07-07,1583,9374401351.0
2014-07-08,1583,9238961084.0
2014-07-09,1583,9326029827.0
2014-07-10,1583,9248635389.0
2014-07-11,1583,8900360416.0
2014-07-14,1583,8793943063.0
2014-07-15,1583,9074497902.0
2014-07-16,1583,8793943063.0
2014-07-17,1583,8900360416.0
2014-07-18,1583,8755245844.0
2014-07-21,1583,8532736834.0
2014-07-22,1583,8561759748.0
2014-07-24,1583,8523062529.0
2014-07-25,1583,8358599347.0
2014-07-28,1583,8387622262.0
2014-07-29,1583,8339250738.0
2014-07-30,1583,8358599347.0
2014-07-31,1583,8368273652.0
2014-08-01,1583,8126416032.0
2014-08-04,1583,8087718813.0
2014-08-05,1583,7845861193.0
2014-08-06,1583,7594329268.0
2014-08-07,1583,7584654963.0
2014-08-08,1583,7381494562.0
2014-08-11,1583,7555632049.0
2014-08-12,1583,7604003573.0
2014-08-13,1583,7826512583.0
2014-08-14,1583,8368273652.0
2014-08-15,1583,8184461861.0
2014-08-18,1583,8368273652.0
2014-08-19,1583,8290879214.0
2014-08-20,1583,8368273652.0
2014-08-22,1583,8377947957.0
2014-08-25,1583,8377947957.0
2014-08-26,1583,8426319481.0
2014-08-27,1583,8078044508.0
2014-08-28,1583,8136090337.0
2014-08-29,1583,8126416032.0
2014-09-01,1583,8223159080.0
2014-09-02,1583,8078044508.0
2014-09-03,1583,8000650070.0
2014-09-04,1583,7932929936.0
2014-09-05,1583,7865209802.0
2014-09-09,1583,8116741727.0
2014-09-10,1583,8107067422.0
2014-09-11,1583,7952278546.0
2014-09-12,1583,7758792450.0
2014-09-15,1583,7555632049.0
2014-09-16,1583,7749118145.0
2014-09-17,1583,7594329268.0
2014-09-18,1583,7787815364.0
2014-09-19,1583,7739443840.0
2014-09-22,1583,7911839917.0
2014-09-23,1583,7842088179.0
2014-09-24,1583,7921804451.0
2014-09-25,1583,7672691103.0
2014-09-26,1583,7622868434.0
2014-09-29,1583,7652762035.0
2014-09-30,1583,7702584705.0
2014-10-01,1583,7722513773.0
2014-10-02,1583,7742442840.0
2014-10-03,1583,7812194578.0
2014-10-06,1583,7961662586.0
2014-10-07,1583,7852052713.0
2014-10-08,1583,7961662586.0
2014-10-09,1583,7862017247.0
2014-10-13,1583,7473400425.0
2014-10-14,1583,7513258561.0
2014-10-15,1583,7294038815.0
2014-10-16,1583,7184428942.0
2014-10-17,1583,6795812120.0
2014-10-20,1583,7234251611.0
2014-10-21,1583,7114677205.0
2014-10-22,1583,7204358010.0
2014-10-23,1583,7174464408.0
2014-10-24,1583,7074819069.0
2014-10-27,1583,6875528391.0
2014-10-28,1583,6975173730.0
2014-10-29,1583,7104712671.0
2014-10-30,1583,6975173730.0
2014-10-31,1583,7005067332.0
2014-11-03,1583,7054890001.0
2014-11-04,1583,7074819069.0
2014-11-05,1583,6985138264.0
2014-11-06,1583,6885492925.0
2014-11-07,1583,7044925467.0
2014-11-10,1583,7024996400.0
2014-11-11,1583,7154535340.0
2014-11-12,1583,6985138264.0
2014-11-13,1583,7124641739.0
2014-11-14,1583,7573045764.0
2014-11-17,1583,7174464408.0
2014-11-18,1583,6925351061.0
2014-11-19,1583,6965209196.0
2014-11-20,1583,7044925467.0
2014-11-21,1583,7054890001.0
2014-11-24,1583,7054890001.0
2014-11-25,1583,7064854535.0
2014-11-26,1583,7104712671.0
2014-11-27,1583,7074819069.0
2014-11-28,1583,7024996400.0
2014-12-01,1583,7114677205.0
2014-12-02,1583,7204358010.0
2014-12-03,1583,7363790552.0
2014-12-04,1583,7343861484.0
2014-12-05,1583,7513258561.0
2014-12-08,1583,7423577756.0
2014-12-09,1583,7343861484.0
2014-12-10,1583,7254180679.0
2014-12-11,1583,7174464408.0
2014-12-12,1583,7274109747.0
2014-12-15,1583,7373755086.0
2014-12-16,1583,7433542289.0
2014-12-17,1583,7393684154.0
2014-12-18,1583,7423577756.0
2014-12-19,1583,7423577756.0
2014-12-22,1583,7443506823.0
2014-12-23,1583,7483364959.0
2014-12-24,1583,7493329493.0
2014-12-25,1583,7553116696.0
2014-12-26,1583,7553116696.0
2014-12-29,1583,7792265510.0
2014-12-30,1583,8041378857.0
2014-12-31,1583,7971627120.0
2015-01-05,1583,7921804451.0
2015-01-06,1583,7712549239.0
2015-01-07,1583,7792265510.0
2015-01-08,1583,7792265510.0
2015-01-09,1583,7772336442.0
2015-01-12,1583,7822159112.0
2015-01-13,1583,7871981781.0
2015-01-14,1583,8001520722.0
2015-01-15,1583,8011485256.0
2015-01-16,1583,7921804451.0
2015-01-19,1583,7822159112.0
2015-01-20,1583,7891910849.0
2015-01-21,1583,7961662586.0
2015-01-22,1583,7871981781.0
2015-01-23,1583,7822159112.0
2015-01-26,1583,7832123645.0
2015-01-27,1583,7822159112.0
2015-01-28,1583,7822159112.0
2015-01-29,1583,7782300976.0
2015-01-30,1583,8320385807.0
2015-02-02,1583,8599392756.0
2015-02-03,1583,8629286357.0
2015-02-04,1583,8519676485.0
2015-02-05,1583,9107583985.0
2015-02-06,1583,9456342671.0
2015-02-09,1583,8968080510.0
2015-02-10,1583,9067725849.0
2015-02-11,1583,9027867713.0
2015-02-12,1583,9007938646.0
2015-02-13,1583,8838541569.0
2015-02-24,1583,9067725849.0
2015-02-25,1583,9067725849.0
2015-02-26,1583,8968080510.0
2015-03-02,1583,8928222374.0
2015-03-03,1583,8978045044.0
2015-03-04,1583,9237122925.0
2015-03-05,1583,9047796781.0
2015-03-06,1583,9057761315.0
2015-03-09,1583,9037832247.0
2015-03-10,1583,8978045044.0
2015-03-11,1583,8868435171.0
2015-03-12,1583,8758825298.0
2015-03-13,1583,8768789832.0
2015-03-16,1583,8878399705.0
2015-03-17,1583,8808647968.0
2015-03-18,1583,8768789832.0
2015-03-19,1583,8898328773.0
2015-03-20,1583,8878399705.0
2015-03-23,1583,8828577035.0
2015-03-24,1583,8948151442.0
2015-03-25,1583,8908293307.0
2015-03-26,1583,8788718900.0
2015-03-27,1583,8838541569.0
2015-03-30,1583,8718967163.0
2015-03-31,1583,8778754366.0
2015-04-01,1583,8908293307.0
2015-04-02,1583,8818612502.0
2015-04-07,1583,9097619451.0
2015-04-08,1583,9097619451.0
2015-04-09,1583,9017903180.0
2015-04-10,1583,9087654917.0
2015-04-13,1583,9217193858.0
2015-04-14,1583,9067725849.0
2015-04-15,1583,8968080510.0
2015-04-16,1583,8948151442.0
2015-04-17,1583,8918257841.0
2015-04-20,1583,8878399705.0
2015-04-21,1583,8808647968.0
2015-04-22,1583,8848506103.0
2015-04-23,1583,8888364239.0
2015-04-24,1583,8948151442.0
2015-04-27,1583,8918257841.0
2015-04-28,1583,8669144493.0
2015-04-29,1583,8788718900.0
2015-04-30,1583,8918257841.0
2015-05-04,1583,8848506103.0
2015-05-05,1583,8808647968.0
2015-05-06,1583,8988009578.0
2015-05-07,1583,9067725849.0
2015-05-08,1583,8888364239.0
2015-05-11,1583,8280527671.0
2015-05-12,1583,8380173010.0
2015-05-13,1583,8400102078.0
2015-05-14,1583,8439960213.0
2015-05-15,1583,8439960213.0
2015-05-18,1583,8071272459.0
2015-05-19,1583,8031414323.0
2015-05-20,1583,7981591654.0
2015-05-21,1583,7782300976.0
2015-05-22,1583,7722513773.0
2015-05-25,1583,7792265510.0
2015-05-26,1583,7772336442.0
2015-05-27,1583,7632832967.0
2015-05-28,1583,7822159112.0
2015-05-29,1583,7752407374.0
2015-06-01,1583,7792265510.0
2015-06-02,1583,7782300976.0
2015-06-03,1583,7752407374.0
2015-06-04,1583,7264145213.0
2015-06-05,1583,7333896950.0
2015-06-08,1583,7294038815.0
2015-06-09,1583,6855599323.0
2015-06-10,1583,6875528391.0
2015-06-11,1583,6596521442.0
2015-06-12,1583,6586556908.0
2015-06-15,1583,6287620891.0
2015-06-16,1583,6161992082.0
2015-06-17,1583,6071962977.0
2015-06-18,1583,6121979147.0
2015-06-22,1583,6081966211.0
2015-06-23,1583,6181998550.0
2015-06-24,1583,6792195818.0
2015-06-25,1583,7462412489.0
2015-06-26,1583,7552441595.0
2015-06-29,1583,7202328408.0
2015-06-30,1583,7072286367.0
2015-07-01,1583,7122302537.0
2015-07-02,1583,7082289601.0
2015-07-03,1583,6882224923.0
2015-07-06,1583,6702166713.0
2015-07-07,1583,6782192584.0
2015-07-08,1583,6542114971.0
2015-07-09,1583,6602134374.0
2015-07-13,1583,6722173181.0
2015-07-14,1583,6802199052.0
2015-07-15,1583,6902231391.0
2015-07-16,1583,7202328408.0
2015-07-17,1583,7182321940.0
2015-07-20,1583,7182321940.0
2015-07-21,1583,7002263730.0
2015-07-22,1583,7052279900.0
2015-07-23,1583,7002263730.0
2015-07-24,1583,6842211988.0
2015-07-27,1583,6402069696.0
2015-07-28,1583,6602134374.0
2015-07-29,1583,6652150544.0
2015-07-30,1583,6782192584.0
2015-07-31,1583,6742179649.0
2015-08-03,1583,6532111737.0
2015-08-04,1583,6602134374.0
2015-08-05,1583,6732176415.0
2015-08-06,1583,6602134374.0
2015-08-07,1583,6492098801.0
2015-08-10,1583,6582127906.0
2015-08-11,1583,6522108503.0
2015-08-12,1583,6672157011.0
2015-08-13,1583,6692163479.0
2015-08-14,1583,6632144076.0
2015-08-17,1583,6582127906.0
2015-08-18,1583,6672157011.0
2015-08-19,1583,6592131140.0
2015-08-20,1583,6612137608.0
2015-08-21,1583,6432079398.0
2015-08-24,1583,5791872428.0
2015-08-25,1583,5701843323.0
2015-08-26,1583,5741856259.0
2015-08-27,1583,5781869194.0
2015-08-28,1583,5921914469.0
2015-08-31,1583,5921914469.0
2015-09-01,1583,6001940340.0
2015-09-02,1583,6001940340.0
2015-09-03,1583,6041953276.0
2015-09-04,1583,6001940340.0
2015-09-07,1583,6011943574.0
2015-09-08,1583,6061959743.0
2015-09-09,1583,6192001784.0
2015-09-10,1583,6131982381.0
2015-09-11,1583,6141985615.0
2015-09-14,1583,6011943574.0
2015-09-15,1583,6091969445.0
2015-09-16,1583,6171995316.0
2015-09-17,1583,6252021188.0
2015-09-18,1583,6872221689.0
2015-09-21,1583,6612137608.0
2015-09-22,1583,6742179649.0
2015-09-23,1583,6722173181.0
2015-09-24,1583,6632144076.0
2015-09-25,1583,6642147310.0
2015-09-30,1583,6602134374.0
2015-10-01,1583,6542114971.0
2015-10-02,1583,6552118205.0
2015-10-05,1583,6702166713.0
2015-10-06,1583,6722173181.0
2015-10-07,1583,7002263730.0
2015-10-08,1583,7202328408.0
2015-10-12,1583,6852215222.0
2015-10-13,1583,6932241093.0
2015-10-14,1583,6862218455.0
2015-10-15,1583,6542114971.0
2015-10-16,1583,6532111737.0
2015-10-19,1583,6522108503.0
2015-10-20,1583,6622140842.0
2015-10-21,1583,6482095567.0
2015-10-22,1583,6452085866.0
2015-10-23,1583,6482095567.0
2015-10-26,1583,6512105269.0
2015-10-27,1583,6522108503.0
2015-10-28,1583,6512105269.0
2015-10-29,1583,6502102035.0
2015-10-30,1583,6452085866.0
2015-11-02,1583,6392066462.0
2015-11-03,1583,6532111737.0
2015-11-04,1583,6602134374.0
2015-11-05,1583,6542114971.0
2015-11-06,1583,6502102035.0
2015-11-09,1583,6932241093.0
2015-11-10,1583,6682160245.0
2015-11-11,1583,6412072930.0
2015-11-12,1583,6432079398.0
2015-11-13,1583,6362056760.0
2015-11-16,1583,6352053527.0
2015-11-17,1583,6502102035.0
2015-11-18,1583,6512105269.0
2015-11-19,1583,6672157011.0
2015-11-20,1583,6612137608.0
2015-11-23,1583,6902231391.0
2015-11-24,1583,6712169947.0
2015-11-25,1583,6812202286.0
2015-11-26,1583,6772189350.0
2015-11-27,1583,6782192584.0
2015-11-30,1583,6512105269.0
2015-12-01,1583,6692163479.0
2015-12-02,1583,6562121438.0
2015-12-03,1583,6512105269.0
2015-12-04,1583,6412072930.0
2015-12-07,1583,6482095567.0
2015-12-08,1583,6492098801.0
2015-12-09,1583,6372059994.0
2015-12-10,1583,6372059994.0
2015-12-11,1583,6382063228.0
2015-12-14,1583,6392066462.0
2015-12-15,1583,6382063228.0
2015-12-16,1583,6392066462.0
2015-12-17,1583,6422076164.0
2015-12-18,1583,6562121438.0
2015-12-21,1583,6542114971.0
2015-12-22,1583,6502102035.0
2015-12-23,1583,6492098801.0
2015-12-24,1583,6512105269.0
2015-12-25,1583,6532111737.0
2015-12-28,1583,6522108503.0
2015-12-29,1583,6502102035.0
2015-12-30,1583,6582127906.0
2015-12-31,1583,6592131140.0
2016-01-04,1583,6402069696.0
2016-01-05,1583,6312040591.0
2016-01-06,1583,6382063228.0
2016-01-07,1583,6302037357.0
2016-01-08,1583,6432079398.0
2016-01-11,1583,6282030889.0
2016-01-12,1583,6272027655.0
2016-01-13,1583,6232014720.0
2016-01-14,1583,6111975913.0
2016-01-15,1583,6111975913.0
2016-01-18,1583,6222011486.0
2016-01-19,1583,6202005018.0
2016-01-20,1583,6192001784.0
2016-01-21,1583,6101972679.0
2016-01-22,1583,6131982381.0
2016-01-25,1583,6151988849.0
2016-01-26,1583,6151988849.0
2016-01-27,1583,6011943574.0
2016-01-28,1583,6061959743.0
2016-01-29,1583,6081966211.0
2016-02-01,1583,6151988849.0
2016-02-02,1583,6212008252.0
2016-02-15,1583,6192001784.0
2016-02-16,1583,6242017954.0
2016-02-17,1583,6212008252.0
2016-02-18,1583,6342050293.0
2016-02-19,1583,6352053527.0
2016-02-22,1583,6302037357.0
2016-02-23,1583,6342050293.0
2016-02-24,1583,6272027655.0
2016-02-25,1583,6412072930.0
2016-02-26,1583,6422076164.0
2016-03-01,1583,6612137608.0
2016-03-02,1583,6612137608.0
2016-03-03,1583,6632144076.0
2016-03-04,1583,6682160245.0
2016-03-07,1583,6672157011.0
2016-03-08,1583,6632144076.0
2016-03-09,1583,6662153777.0
2016-03-10,1583,6852215222.0
2016-03-11,1583,6772189350.0
2016-03-14,1583,6742179649.0
2016-03-15,1583,6602134374.0
2016-03-16,1583,6602134374.0
2016-03-17,1583,6582127906.0
2016-03-18,1583,6672157011.0
2016-03-21,1583,6602134374.0
2016-03-22,1583,6562121438.0
2016-03-23,1583,6552118205.0
2016-03-24,1583,6522108503.0
2016-03-25,1583,6562121438.0
2016-03-28,1583,6452085866.0
2016-03-29,1583,6492098801.0
2016-03-30,1583,6502102035.0
2016-03-31,1583,6732176415.0
2016-04-01,1583,6652150544.0
2016-04-06,1583,6472092333.0
2016-04-07,1583,6502102035.0
2016-04-08,1583,6742179649.0
2016-04-11,1583,6672157011.0
2016-04-12,1583,6572124672.0
2016-04-13,1583,6612137608.0
2016-04-14,1583,6622140842.0
2016-04-15,1583,6682160245.0
2016-04-18,1583,6642147310.0
2016-04-19,1583,6642147310.0
2016-04-20,1583,6682160245.0
2016-04-21,1583,6712169947.0
2016-04-22,1583,6732176415.0
2016-04-25,1583,6732176415.0
2016-04-26,1583,6702166713.0
2016-04-27,1583,6672157011.0
2016-04-28,1583,6672157011.0
2016-04-29,1583,6612137608.0
2016-05-03,1583,6422076164.0
2016-05-04,1583,6372059994.0
2016-05-05,1583,0.0
2016-05-06,1583,6312040591.0
2016-05-09,1583,6151988849.0
2016-05-10,1583,6242017954.0
2016-05-11,1583,6252021188.0
2016-05-12,1583,6302037357.0
2016-05-13,1583,6202005018.0
2016-05-16,1583,6091969445.0
2016-05-17,1583,6011943574.0
2016-05-18,1583,6041953276.0
2016-05-19,1583,5911911235.0
2016-05-20,1583,5921914469.0
2016-05-23,1583,5951924171.0
2016-05-24,1583,5931917703.0
2016-05-25,1583,5951924171.0
2016-05-26,1583,5901908001.0
2016-05-27,1583,5921914469.0
2016-05-30,1583,5991937106.0
2016-05-31,1583,5961927404.0
2016-06-01,1583,5921914469.0
2016-06-02,1583,5841888598.0
2016-06-03,1583,5841888598.0
2016-06-06,1583,5831885364.0
2016-06-07,1583,5771865960.0
2016-06-08,1583,5801875662.0
2016-06-13,1583,5681836855.0
2016-06-14,1583,5651827154.0
2016-06-15,1583,5871898299.0
2016-06-16,1583,5829192696.0
2016-06-17,1583,5819159662.0
2016-06-20,1583,5939556069.0
2016-06-21,1583,6069985510.0
2016-06-22,1583,6080018543.0
2016-06-23,1583,0.0
2016-06-24,1583,5899423933.0
2016-06-27,1583,5969655171.0
2016-06-28,1583,5969655171.0
2016-06-29,1583,6069985510.0
2016-06-30,1583,5949589103.0
2016-07-01,1583,5758961459.0
2016-07-04,1583,5819159662.0
2016-07-05,1583,5779027526.0
2016-07-06,1583,5758961459.0
2016-07-07,1583,5768994493.0
2016-07-11,1583,5738895391.0
2016-07-12,1583,5748928425.0
2016-07-13,1583,5738895391.0
2016-07-14,1583,5718829323.0
2016-07-15,1583,5718829323.0
2016-07-18,1583,5728862357.0
2016-07-19,1583,5768994493.0
2016-07-20,1583,5768994493.0
2016-07-21,1583,5869324832.0
2016-07-22,1583,5869324832.0
2016-07-25,1583,0.0
2016-07-26,1583,5819159662.0
2016-07-27,1583,5799093594.0
2016-07-28,1583,5859291798.0
2016-07-29,1583,5879357865.0
2016-08-01,1583,5899423933.0
2016-08-02,1583,5919490001.0
2016-08-03,1583,5879357865.0
2016-08-04,1583,5909456967.0
2016-08-05,1583,5919490001.0
2016-08-08,1583,5969655171.0
2016-08-09,1583,5969655171.0
2016-08-10,1583,5979688204.0
2016-08-11,1583,5919490001.0
2016-08-12,1583,5949589103.0
2016-08-15,1583,5899423933.0
2016-08-16,1583,5899423933.0
2016-08-17,1583,6170315849.0
2016-08-18,1583,6130183713.0
2016-08-19,1583,6059952476.0
2016-08-22,1583,5959622137.0
2016-08-23,1583,5919490001.0
2016-08-24,1583,0.0
2016-08-25,1583,6069985510.0
2016-08-26,1583,6069985510.0
2016-08-29,1583,6080018543.0
2016-08-30,1583,6100084611.0
2016-08-31,1583,5919490001.0
2016-09-01,1583,5407805272.0
2016-09-02,1583,5357640103.0
2016-09-05,1583,5437904374.0
2016-09-06,1583,5427871340.0
2016-09-07,1583,5658631120.0
2016-09-08,1583,0.0
2016-09-09,1583,5648598086.0
2016-09-12,1583,5578366848.0
2016-09-13,1583,5618498984.0
2016-09-14,1583,5628532018.0
2016-09-19,1583,5718829323.0
2016-09-20,1583,5799093594.0
2016-09-21,1583,5909456967.0
2016-09-22,1583,5869324832.0
2016-09-23,1583,6100084611.0
2016-09-26,1583,5999754272.0
2016-09-29,1583,6009787306.0
2016-09-30,1583,5989721238.0
2016-10-03,1583,5889390899.0
2016-10-04,1583,5889390899.0
2016-10-05,1583,0.0
2016-10-06,1583,6566620634.0
2016-10-07,1583,6610765983.0
2016-10-11,1583,6511438948.0
2016-10-12,1583,0.0
2016-10-13,1583,6566620634.0
2016-10-14,1583,6379002902.0
2016-10-17,1583,6478329936.0
2016-10-18,1583,6312784878.0
2016-10-19,1583,6213457844.0
2016-10-20,1583,6169312495.0
2016-10-21,1583,6180348832.0
2016-10-24,1583,6290712204.0
2016-10-25,1583,6191385169.0
2016-10-26,1583,6169312495.0
2016-10-27,1583,6069985460.0
2016-10-28,1583,6014803774.0
2016-10-31,1583,6025840111.0
2016-11-01,1583,5970658425.0
2016-11-02,1583,5816149704.0
2016-11-03,1583,5694749995.0
2016-11-04,1583,5794077030.0
2016-11-07,1583,5683713658.0
2016-11-08,1583,5584386623.0
2016-11-09,1583,5374696216.0
2016-11-10,1583,5429877902.0
2016-11-11,1583,5446432408.0
2016-11-14,1583,0.0
2016-11-15,1583,5209151158.0
2016-11-16,1583,5209151158.0
2016-11-17,1583,5214669327.0
2016-11-18,1583,5214669327.0
2016-11-21,1583,5407805228.0
2016-11-22,1583,5407805228.0
2016-11-23,1583,5512650431.0
2016-11-24,1583,5457468745.0
2016-11-25,1583,5457468745.0
2016-11-28,1583,5407805228.0
2016-11-29,1583,5407805228.0
2016-11-30,1583,5424359734.0
2016-12-01,1583,5529204937.0
2016-12-02,1583,5462986914.0
2016-12-05,1583,5474023251.0
2016-12-06,1583,5540241274.0
2016-12-07,1583,5512650431.0
2016-12-08,1583,5501614094.0
2016-12-09,1583,5606459298.0
2016-12-12,1583,5551277612.0
2016-12-13,1583,5529204937.0
2016-12-14,1583,5617495635.0
2016-12-15,1583,5683713658.0
2016-12-16,1583,5683713658.0
2016-12-19,1583,5672677321.0
2016-12-20,1583,5606459298.0
2016-12-21,1583,5628531972.0
2016-12-22,1583,5672677321.0
2016-12-23,1583,5727859007.0
2016-12-26,1583,5783040693.0
2016-12-27,1583,5948585751.0
2016-12-28,1583,6158276158.0
2016-12-29,1583,6081021797.0
2016-12-30,1583,6081021797.0
2017-01-03,1583,6103094472.0
2017-01-04,1583,6081021797.0
2017-01-05,1583,6114130809.0
2017-01-06,1583,6180348832.0
2017-01-09,1583,6235530518.0
2017-01-10,1583,6213457844.0
2017-01-11,1583,6390039239.0
2017-01-12,1583,6257603192.0
2017-01-13,1583,6268639530.0
2017-01-16,1583,0.0
2017-01-17,1583,6323821216.0
2017-01-18,1583,6401075576.0
2017-01-19,1583,6356930227.0
2017-01-20,1583,6367966564.0
2017-01-23,1583,6445220925.0
2017-01-24,1583,6445220925.0
2017-02-02,1583,6511438948.0
2017-02-03,1583,0.0
2017-02-06,1583,6489366274.0
2017-02-07,1583,6566620634.0
2017-02-08,1583,6500402611.0
2017-02-09,1583,6500402611.0
2017-02-10,1583,6445220925.0
2017-02-13,1583,6401075576.0
2017-02-14,1583,6279675867.0
2017-02-15,1583,6301748541.0
2017-02-16,1583,6445220925.0
2017-02-17,1583,0.0
2017-02-20,1583,6401075576.0
2017-02-21,1583,6445220925.0
2017-02-22,1583,6467293599.0
2017-02-23,1583,6467293599.0
2017-02-24,1583,6412111913.0
2017-03-01,1583,6412111913.0
2017-03-02,1583,6445220925.0
2017-03-03,1583,6445220925.0
2017-03-06,1583,6434184588.0
2017-03-07,1583,6500402611.0
2017-03-08,1583,6434184588.0
2017-03-09,1583,7074292145.0
2017-03-10,1583,7780617726.0
2017-03-13,1583,8553161330.0
2017-03-14,1583,8784924411.0
2017-03-15,1583,8851142434.0
2017-03-16,1583,8696633714.0
2017-03-17,1583,8829069760.0
2017-03-20,1583,8575234004.0
2017-03-21,1583,8199998540.0
2017-03-22,1583,7924090110.0
2017-03-23,1583,7902017435.0
2017-03-24,1583,7835799412.0
2017-03-27,1583,7559890982.0
2017-03-28,1583,7206728192.0
2017-03-29,1583,7206728192.0
2017-03-30,1583,7394345924.0
2017-03-31,1583,7725436040.0
2017-04-05,1583,7570927319.0
2017-04-06,1583,7350200575.0
2017-04-07,1583,7405382261.0
2017-04-10,1583,7272946215.0
2017-04-11,1583,7151546506.0
2017-04-12,1583,7228800866.0
2017-04-13,1583,7173619180.0
2017-04-14,1583,7008074122.0
2017-04-17,1583,6897710750.0
2017-04-18,1583,7063255808.0
2017-04-19,1583,6875638076.0
2017-04-20,1583,6743202029.0
2017-04-21,1583,6864601738.0
2017-04-24,1583,6842529064.0
2017-04-25,1583,6842529064.0
2017-04-26,1583,6930819762.0
2017-04-27,1583,6853565401.0
2017-04-28,1583,6853565401.0
2017-05-02,1583,6842529064.0
2017-05-03,1583,6754238366.0
2017-05-04,1583,6676984006.0
2017-05-05,1583,6688020343.0
2017-05-08,1583,6544547960.0
2017-05-09,1583,6577656971.0
2017-05-10,1583,6665947669.0
2017-05-11,1583,6632838657.0
2017-05-12,1583,6643874994.0
2017-05-15,1583,7306055226.0
2017-05-16,1583,7350200575.0
2017-05-17,1583,7283982552.0
2017-05-18,1583,7074292145.0
2017-05-19,1583,7140510168.0
2017-05-22,1583,7107401157.0
2017-05-23,1583,7041183134.0
2017-05-24,1583,6930819762.0
2017-05-25,1583,7030146796.0
2017-05-26,1583,7008074122.0
2017-06-01,1583,6986001448.0
2017-06-02,1583,6930819762.0
2017-06-05,1583,7140510168.0
2017-06-06,1583,7195691854.0
2017-06-07,1583,7173619180.0
2017-06-08,1583,7176024180.0
2017-06-09,1583,7176024180.0
2017-06-12,1583,7176024180.0
2017-06-13,1583,7142904068.0
2017-06-14,1583,7010423622.0
2017-06-15,1583,7187064217.0
2017-06-16,1583,7209144292.0
2017-06-19,1583,7374744850.0
2017-06-20,1583,7220184329.0
2017-06-21,1583,7076663845.0
2017-06-22,1583,6877943176.0
2017-06-23,1583,6866903138.0
2017-06-26,1583,6933143362.0
2017-06-27,1583,6767542804.0
2017-06-28,1583,6767542804.0
2017-06-29,1583,6789622878.0
2017-06-30,1583,6767542804.0
2017-07-03,1583,6900023250.0
2017-07-04,1583,6723382655.0
2017-07-05,1583,6767542804.0
2017-07-06,1583,6778582841.0
2017-07-07,1583,6756502766.0
2017-07-10,1583,6712342618.0
2017-07-11,1583,6800662915.0
2017-07-12,1583,6723382655.0
2017-07-13,1583,6734422692.0
2017-07-14,1583,6734422692.0
2017-07-17,1583,6734422692.0
2017-07-18,1583,6690262543.0
2017-07-19,1583,6679222506.0
2017-07-20,1583,6723382655.0
2017-07-21,1583,6712342618.0
2017-07-24,1583,6712342618.0
2017-07-25,1583,6734422692.0
2017-07-26,1583,6911063287.0
2017-07-27,1583,6944183399.0
2017-07-28,1583,6900023250.0
2017-07-31,1583,6745462729.0
2017-08-01,1583,6789622878.0
2017-08-02,1583,6745462729.0
2017-08-03,1583,6789622878.0
2017-08-04,1583,6745462729.0
2017-08-07,1583,6767542804.0
2017-08-08,1583,6778582841.0
2017-08-09,1583,7076663845.0
2017-08-10,1583,6789622878.0
2017-08-11,1583,6811702952.0
2017-08-14,1583,6844823064.0
2017-08-15,1583,6844823064.0
2017-08-16,1583,6888983213.0
2017-08-17,1583,6822742990.0
2017-08-18,1583,6767542804.0
2017-08-21,1583,6745462729.0
2017-08-22,1583,6822742990.0
2017-08-23,1583,6955223436.0
2017-08-24,1583,6988343548.0
2017-08-25,1583,6944183399.0
2017-08-28,1583,7010423622.0
2017-08-29,1583,7010423622.0
2017-08-30,1583,6955223436.0
2017-08-31,1583,7065623808.0
2017-09-01,1583,7076663845.0
2017-09-04,1583,6966263473.0
2017-09-05,1583,6911063287.0
2017-09-06,1583,6855863101.0
2017-09-07,1583,6822742990.0
2017-09-08,1583,6866903138.0
2017-09-11,1583,7153944106.0
2017-09-12,1583,7021463659.0
2017-09-13,1583,7032503696.0
2017-09-14,1583,7054583771.0
2017-09-15,1583,6955223436.0
2017-09-18,1583,6955223436.0
2017-09-19,1583,6900023250.0
2017-09-20,1583,6955223436.0
2017-09-21,1583,6999383585.0
2017-09-22,1583,6933143362.0
2017-09-25,1583,6866903138.0
2017-09-26,1583,6866903138.0
2017-09-27,1583,6877943176.0
2017-09-28,1583,6855863101.0
2017-09-29,1583,6877943176.0
2017-10-02,1583,6955223436.0
2017-10-03,1583,6900023250.0
2017-10-05,1583,6900023250.0
2017-10-06,1583,6955223436.0
2017-10-11,1583,6855863101.0
2017-10-12,1583,6955223436.0
2017-10-13,1583,6944183399.0
2017-10-16,1583,6900023250.0
2017-10-17,1583,6900023250.0
2017-10-18,1583,7010423622.0
2017-10-19,1583,6977303510.0
2017-10-20,1583,6855863101.0
2017-10-23,1583,6888983213.0
2017-10-24,1583,6855863101.0
2017-10-25,1583,6922103324.0
2017-10-26,1583,6900023250.0
2017-10-27,1583,6712342618.0
2017-10-30,1583,6734422692.0
2017-10-31,1583,6844823064.0
2017-11-01,1583,6844823064.0
2017-11-02,1583,6877943176.0
2017-11-03,1583,6855863101.0
2017-11-06,1583,6911063287.0
2017-11-07,1583,6855863101.0
2017-11-08,1583,0.0
2017-11-09,1583,6977303510.0
2017-11-10,1583,6966263473.0
2017-11-13,1583,6955223436.0
2017-11-14,1583,6844823064.0
2017-11-15,1583,6944183399.0
2017-11-16,1583,7043543734.0
2017-11-17,1583,6955223436.0
2017-11-20,1583,6966263473.0
2017-11-21,1583,7010423622.0
2017-11-22,1583,7087703882.0
2017-11-23,1583,6988343548.0
2017-11-24,1583,7054583771.0
2017-11-27,1583,6977303510.0
2017-11-28,1583,6933143362.0
2017-11-29,1583,7065623808.0
2017-11-30,1583,7065623808.0
2017-12-01,1583,7032503696.0
2017-12-04,1583,6866903138.0
2017-12-05,1583,6811702952.0
2017-12-06,1583,6811702952.0
2017-12-07,1583,6789622878.0
2017-12-08,1583,6888983213.0
2017-12-11,1583,7032503696.0
2017-12-12,1583,7043543734.0
2017-12-13,1583,7043543734.0
2017-12-14,1583,7065623808.0
2017-12-15,1583,7065623808.0
2017-12-18,1583,7021463659.0
2017-12-19,1583,7032503696.0
2017-12-20,1583,6955223436.0
2017-12-21,1583,7010423622.0
2017-12-22,1583,7010423622.0
2017-12-25,1583,7076663845.0
2017-12-26,1583,6911063287.0
2017-12-27,1583,6844823064.0
2017-12-28,1583,6955223436.0
2017-12-29,1583,6955223436.0
2018-01-02,1583,6955223436.0
2018-01-03,1583,6933143362.0
2018-01-04,1583,6955223436.0
2018-01-05,1583,6955223436.0
2018-01-08,1583,6955223436.0
2018-01-09,1583,6933143362.0
2018-01-10,1583,6877943176.0
2018-01-11,1583,6988343548.0
2018-01-12,1583,7043543734.0
2018-01-15,1583,7253304440.0
2018-01-16,1583,7551385445.0
2018-01-17,1583,7507225296.0
2018-01-18,1583,7297464589.0
2018-01-19,1583,7308504626.0
2018-01-22,1583,7363704812.0
2018-01-23,1583,7407864961.0
2018-01-24,1583,7220184329.0
2018-01-25,1583,7109783957.0
2018-01-26,1583,6966263473.0
2018-01-29,1583,6999383585.0
2018-01-30,1583,7164984143.0
2018-01-31,1583,7551385445.0
2018-02-01,1583,7507225296.0
2018-02-02,1583,7639705742.0
2018-02-05,1583,7551385445.0
2018-02-06,1583,7010423622.0
2018-02-07,1583,7010423622.0
2018-02-08,1583,7010423622.0
2018-02-09,1583,6977303510.0
2018-02-12,1583,7231224366.0
2018-02-21,1583,7308504626.0
2018-02-22,1583,7231224366.0
2018-02-23,1583,7264344478.0
2018-02-26,1583,7507225296.0
2018-02-27,1583,7363704812.0
2018-03-01,1583,7485145222.0
2018-03-02,1583,7363704812.0
2018-03-05,1583,7231224366.0
2018-03-06,1583,7209144292.0
2018-03-07,1583,7209144292.0
2018-03-08,1583,7153944106.0
2018-03-09,1583,7153944106.0
2018-03-12,1583,7142904068.0
2018-03-13,1583,7176024180.0
2018-03-14,1583,7054583771.0
2018-03-15,1583,7054583771.0
2018-03-16,1583,7176024180.0
2018-03-19,1583,7164984143.0
2018-03-20,1583,7098743920.0
2018-03-21,1583,6977303510.0
2018-03-22,1583,6999383585.0
2018-03-23,1583,6933143362.0
2018-03-26,1583,6933143362.0
2018-03-27,1583,6988343548.0
2018-03-28,1583,6944183399.0
2018-03-29,1583,6944183399.0
2018-03-30,1583,6955223436.0
2018-04-02,1583,6966263473.0
2018-04-03,1583,6977303510.0
2018-04-09,1583,7076663845.0
2018-04-10,1583,7098743920.0
2018-04-11,1583,7098743920.0
2018-04-12,1583,7054583771.0
2018-04-13,1583,7065623808.0
2018-04-16,1583,7087703882.0
2018-04-17,1583,6955223436.0
2018-04-18,1583,6955223436.0
2018-04-19,1583,6988343548.0
2018-04-20,1583,6955223436.0
2018-04-23,1583,6933143362.0
2018-04-24,1583,6888983213.0
2018-04-25,1583,6822742990.0
2018-04-26,1583,6646102394.0
2018-04-27,1583,6734422692.0
2018-04-30,1583,6756502766.0
2018-05-02,1583,6712342618.0
2018-05-03,1583,6679222506.0
2018-05-04,1583,0.0
2018-05-07,1583,6690262543.0
2018-05-08,1583,6767542804.0
2018-05-09,1583,6668182469.0
2018-05-10,1583,6668182469.0
2018-05-11,1583,6734422692.0
2018-05-14,1583,6668182469.0
2018-05-15,1583,6679222506.0
2018-05-16,1583,6734422692.0
2018-05-17,1583,6723382655.0
2018-05-18,1583,6690262543.0
2018-05-21,1583,6877943176.0
2018-05-22,1583,6822742990.0
2018-05-23,1583,6767542804.0
2018-05-24,1583,6789622878.0
2018-05-25,1583,6800662915.0
2018-05-28,1583,7231224366.0
2018-05-29,1583,7054583771.0
2018-05-30,1583,7043543734.0
2018-05-31,1583,6999383585.0
2018-06-01,1583,6933143362.0
2018-06-04,1583,7010423622.0
2018-06-05,1583,7198104254.0
2018-06-06,1583,7176024180.0
2018-06-07,1583,7286424552.0
2018-06-08,1583,7297464589.0
2018-06-11,1583,7032503696.0
2018-06-12,1583,6988343548.0
2018-06-13,1583,7485145222.0
2018-06-14,1583,7242264403.0
2018-06-15,1583,7253304440.0
2018-06-19,1583,7198104254.0
2018-06-20,1583,7153944106.0
2018-06-21,1583,7164984143.0
2018-06-22,1583,7164984143.0
2018-06-25,1583,7087703882.0
2018-06-26,1583,7176024180.0
2018-06-27,1583,7131864031.0
2018-06-28,1583,7176024180.0
2018-06-29,1583,7286424552.0
2018-07-02,1583,7231224366.0
2018-07-03,1583,7120823994.0
2018-07-04,1583,7087703882.0
2018-07-05,1583,7010423622.0
2018-07-06,1583,7043543734.0
2018-07-09,1583,7021463659.0
2018-07-10,1583,7032503696.0
2018-07-11,1583,0.0
2018-07-12,1583,7065623808.0
2018-07-13,1583,7032503696.0
2018-07-16,1583,7021463659.0
2018-07-17,1583,7010423622.0
2018-07-18,1583,7076663845.0
2018-07-19,1583,7131864031.0
2018-07-20,1583,7010423622.0
2018-07-23,1583,7010423622.0
2018-07-24,1583,7010423622.0
2018-07-25,1583,7032503696.0
2018-07-26,1583,6999383585.0
2018-07-27,1583,7054583771.0
2018-07-30,1583,7054583771.0
2018-07-31,1583,7021463659.0
2018-08-01,1583,7452025110.0
2018-08-02,1583,7164984143.0
2018-08-03,1583,7120823994.0
2018-08-06,1583,7087703882.0
2018-08-07,1583,6988343548.0
2018-08-08,1583,7032503696.0
2018-08-09,1583,6933143362.0
2018-08-10,1583,6988343548.0
2018-08-13,1583,6933143362.0
2018-08-14,1583,6900023250.0
2018-08-15,1583,6900023250.0
2018-08-16,1583,6966263473.0
2018-08-17,1583,6933143362.0
2018-08-20,1583,6900023250.0
2018-08-21,1583,7065623808.0
2018-08-22,1583,7065623808.0
2018-08-23,1583,0.0
2018-08-24,1583,7087703882.0
2018-08-27,1583,7021463659.0
2018-08-28,1583,7087703882.0
2018-08-29,1583,7087703882.0
2018-08-30,1583,7087703882.0
2018-08-31,1583,7076663845.0
2018-09-03,1583,7065623808.0
2018-09-04,1583,7242264403.0
2018-09-05,1583,6877943176.0
2018-09-06,1583,6844823064.0
2018-09-07,1583,6833783027.0
2018-09-10,1583,6778582841.0
2018-09-11,1583,6734422692.0
2018-09-12,1583,6568822134.0
2018-09-13,1583,6601942246.0
2018-09-14,1583,6590902208.0
2018-09-17,1583,6590902208.0
2018-09-18,1583,6480501836.0
2018-09-19,1583,6579862171.0
2018-09-20,1583,6480501836.0
2018-09-21,1583,6480501836.0
2018-09-25,1583,6469461799.0
2018-09-26,1583,6436341688.0
2018-09-27,1583,6436341688.0
2018-09-28,1583,6436341688.0
2018-10-01,1583,6436341688.0
2018-10-02,1583,6403221576.0
2018-10-03,1583,6392181539.0
2018-10-04,1583,6292821204.0
2018-10-08,1583,6138260683.0
2018-10-09,1583,6204500906.0
2018-10-11,1583,5873299790.0
2018-10-12,1583,5851219716.0
2018-10-15,1583,5796019530.0
2018-10-16,1583,5906419902.0
2018-10-17,1583,5917459939.0
2018-10-18,1583,5917459939.0
2018-10-19,1583,5840179679.0
2018-10-22,1583,5851219716.0
2018-10-23,1583,5751859381.0
2018-10-24,1583,5674579121.0
2018-10-25,1583,5520018600.0
2018-10-26,1583,5520018600.0
2018-10-29,1583,5448258358.0
2018-10-30,1583,5404098209.0
2018-10-31,1583,5442738340.0
2018-11-01,1583,0.0
2018-11-02,1583,5641459009.0
2018-11-05,1583,5486898488.0
2018-11-06,1583,5492418507.0
2018-11-07,1583,5575218786.0
2018-11-08,1583,5685619158.0
2018-11-09,1583,5652499046.0
2018-11-12,1583,5586258823.0
2018-11-13,1583,5674579121.0
2018-11-14,1583,5630418972.0
2018-11-15,1583,5597298860.0
2018-11-16,1583,5531058637.0
2018-11-19,1583,5442738340.0
2018-11-20,1583,5497938526.0
2018-11-21,1583,5497938526.0
2018-11-22,1583,5520018600.0
2018-11-23,1583,5520018600.0
2018-11-26,1583,5674579121.0
2018-11-27,1583,5553138712.0
2018-11-28,1583,5531058637.0
2018-11-29,1583,5481378470.0
2018-11-30,1583,5520018600.0
2018-12-03,1583,5630418972.0
2018-12-04,1583,5542098674.0
2018-12-05,1583,5553138712.0
2018-12-06,1583,5442738340.0
2018-12-07,1583,5475858451.0
2018-12-10,1583,5497938526.0
2018-12-11,1583,5492418507.0
2018-12-12,1583,5464818414.0
2018-12-13,1583,5553138712.0
2018-12-14,1583,5497938526.0
2018-12-17,1583,5464818414.0
2018-12-18,1583,5464818414.0
2018-12-19,1583,5520018600.0
2018-12-20,1583,5431698302.0
2018-12-21,1583,5459298395.0
2018-12-24,1583,5531058637.0
2018-12-25,1583,5608338898.0
2018-12-26,1583,5608338898.0
2018-12-27,1583,5608338898.0
2018-12-28,1583,5608338898.0
2019-01-02,1583,5630418972.0
2019-01-03,1583,5575218786.0
2019-01-04,1583,5630418972.0
2019-01-07,1583,5630418972.0
2019-01-08,1583,5542098674.0
2019-01-09,1583,5520018600.0
2019-01-10,1583,5497938526.0
2019-01-11,1583,5486898488.0
2019-01-14,1583,5486898488.0
2019-01-15,1583,5520018600.0
2019-01-16,1583,5641459009.0
2019-01-17,1583,5597298860.0
2019-01-18,1583,5630418972.0
2019-01-21,1583,5619378935.0
2019-01-22,1583,5696659195.0
2019-01-23,1583,5641459009.0
2019-01-24,1583,5641459009.0
2019-01-25,1583,5597298860.0
2019-01-28,1583,5608338898.0
2019-01-29,1583,5608338898.0
2019-01-30,1583,5630418972.0
2019-02-11,1583,5718739270.0
2019-02-12,1583,5663539084.0
2019-02-13,1583,5641459009.0
2019-02-14,1583,5729779307.0
2019-02-15,1583,5718739270.0
2019-02-18,1583,5718739270.0
2019-02-19,1583,5729779307.0
2019-02-20,1583,5796019530.0
2019-02-21,1583,5696659195.0
2019-02-22,1583,5740819344.0
2019-02-25,1583,5762899418.0
2019-02-26,1583,5751859381.0
2019-02-27,1583,5796019530.0
2019-03-04,1583,5762899418.0
2019-03-05,1583,5961620088.0
2019-03-06,1583,6226580981.0
2019-03-07,1583,6127220646.0
2019-03-08,1583,6016820274.0
2019-03-11,1583,6072020460.0
2019-03-12,1583,5972660125.0
2019-03-13,1583,5928499976.0
2019-03-14,1583,5928499976.0
2019-03-15,1583,5906419902.0
2019-03-18,1583,5928499976.0
2019-03-19,1583,5906419902.0
2019-03-20,1583,6060980423.0
2019-03-21,1583,6072020460.0
2019-03-22,1583,6072020460.0
2019-03-25,1583,6072020460.0
2019-03-26,1583,5994740200.0
2019-03-27,1583,5983700162.0
2019-03-28,1583,5961620088.0
2019-03-29,1583,5972660125.0
2019-04-01,1583,6072020460.0
2019-04-02,1583,6116180609.0
2019-04-03,1583,6314901278.0
2019-04-08,1583,6336981353.0
2019-04-09,1583,6447381725.0
2019-04-10,1583,6502581911.0
2019-04-11,1583,6480501836.0
2019-04-12,1583,6480501836.0
2019-04-15,1583,6491541874.0
2019-04-16,1583,6425301650.0
2019-04-17,1583,6502581911.0
2019-04-18,1583,6480501836.0
2019-04-19,1583,6469461799.0
2019-04-22,1583,6513621948.0
2019-04-23,1583,6502581911.0
2019-04-24,1583,6491541874.0
2019-04-25,1583,6458421762.0
2019-04-26,1583,6469461799.0
2019-04-29,1583,6491541874.0
2019-04-30,1583,6502581911.0
2019-05-02,1583,6513621948.0
2019-05-03,1583,6546742060.0
2019-05-06,1583,6546742060.0
2019-05-07,1583,6502581911.0
2019-05-08,1583,6469461799.0
2019-05-09,1583,6370101464.0
2019-05-10,1583,6436341688.0
2019-05-13,1583,6436341688.0
2019-05-14,1583,6436341688.0
2019-05-15,1583,6557782097.0
2019-05-16,1583,6557782097.0
2019-05-17,1583,6513621948.0
2019-05-20,1583,6513621948.0
2019-05-21,1583,6281781167.0
2019-05-22,1583,6370101464.0
2019-05-23,1583,6281781167.0
2019-05-24,1583,6259701092.0
2019-05-27,1583,6259701092.0
2019-05-28,1583,6292821204.0
2019-05-29,1583,6348021390.0
2019-05-30,1583,6336981353.0
2019-05-31,1583,6425301650.0
2019-06-03,1583,6469461799.0
2019-06-04,1583,6469461799.0
2019-06-05,1583,6381141502.0
2019-06-06,1583,6325941316.0
2019-06-10,1583,6348021390.0
2019-06-11,1583,6270741130.0
2019-06-12,1583,6270741130.0
2019-06-13,1583,6281781167.0
2019-06-14,1583,6182420832.0
2019-06-17,1583,6370101464.0
2019-06-18,1583,6336981353.0
2019-06-19,1583,6447381725.0
2019-06-20,1583,6447381725.0
2019-06-21,1583,6436341688.0
2019-06-24,1583,6447381725.0
2019-06-25,1583,6325941316.0
2019-06-26,1583,6182420832.0
2019-06-27,1583,6325941316.0
2019-06-28,1583,6359061427.0
2019-07-01,1583,0.0
2019-07-02,1583,6381141502.0
2019-07-03,1583,6204500906.0
2019-07-04,1583,6204500906.0
2019-07-05,1583,6325941316.0
2019-07-08,1583,6325941316.0
2019-07-09,1583,0.0
2019-07-10,1583,6292821204.0
2019-07-11,1583,6491541874.0
2019-07-12,1583,6436341688.0
2019-07-15,1583,0.0
2019-07-16,1583,6458421762.0
2019-07-17,1583,6469461799.0
2019-07-18,1583,6392181539.0
2019-07-19,1583,6403221576.0
2019-07-22,1583,6348021390.0
2019-07-23,1583,6270741130.0
2019-07-24,1583,6226580981.0
2019-07-25,1583,6226580981.0
2019-07-26,1583,6226580981.0
2019-07-29,1583,6182420832.0
2019-07-30,1583,6105140572.0
2019-07-31,1583,6060980423.0
2019-08-01,1583,6060980423.0
2019-08-02,1583,0.0
2019-08-05,1583,5994740200.0
2019-08-06,1583,5961620088.0
2019-08-07,1583,5950580051.0
2019-08-08,1583,5939540014.0
2019-08-12,1583,5961620088.0
2019-08-13,1583,0.0
2019-08-14,1583,0.0
2019-08-15,1583,5851219716.0
2019-08-16,1583,5873299790.0
2019-08-19,1583,5840179679.0
2019-08-20,1583,5840179679.0
2019-08-21,1583,6171380795.0
2019-08-22,1583,5972660125.0
2019-08-23,1583,5862259753.0
2019-08-26,1583,5884339828.0
2019-08-27,1583,5983700162.0
2019-08-28,1583,0.0
2019-08-29,1583,5851219716.0
2019-08-30,1583,6083060497.0
2019-09-02,1583,5840179679.0
2019-09-03,1583,5740819344.0
2019-09-04,1583,5740819344.0
2019-09-05,1583,5674579121.0
2019-09-06,1583,5718739270.0
2019-09-09,1583,5829139642.0
2019-09-10,1583,5873299790.0
2019-09-11,1583,5740819344.0
2019-09-12,1583,5829139642.0
2019-09-16,1583,5840179679.0
2019-09-17,1583,5851219716.0
2019-09-18,1583,5895379865.0
2019-09-19,1583,0.0
2019-09-20,1583,5773939456.0
2019-09-23,1583,5928499976.0
2019-09-24,1583,5773939456.0
2019-09-25,1583,5740819344.0
2019-09-26,1583,5796019530.0
2019-09-27,1583,5784979493.0
2019-10-01,1583,0.0
2019-10-02,1583,5796019530.0
2019-10-03,1583,5851219716.0
2019-10-04,1583,5807059567.0
2019-10-07,1583,5807059567.0
2019-10-08,1583,5807059567.0
2019-10-09,1583,5829139642.0
2019-10-14,1583,5950580051.0
2019-10-15,1583,5906419902.0
2019-10-16,1583,5961620088.0
2019-10-17,1583,5906419902.0
2019-10-18,1583,5961620088.0
2019-10-21,1583,6005780237.0
2019-10-22,1583,6005780237.0
2019-10-23,1583,0.0
2019-10-24,1583,6005780237.0
2019-10-25,1583,6005780237.0
2019-10-28,1583,6005780237.0
2019-10-29,1583,5939540014.0
2019-10-30,1583,0.0
2019-10-31,1583,5851219716.0
2019-11-01,1583,5851219716.0
2019-11-04,1583,5950580051.0
2019-11-05,1583,5950580051.0
2019-11-06,1583,5950580051.0
2019-11-07,1583,5895379865.0
2019-11-08,1583,5939540014.0
2019-11-11,1583,5939540014.0
2019-11-12,1583,5950580051.0
2019-11-13,1583,5950580051.0
2019-11-14,1583,5950580051.0
2019-11-15,1583,5961620088.0
2019-11-18,1583,5961620088.0
2019-11-19,1583,5983700162.0
2019-11-20,1583,6171380795.0
2019-11-21,1583,6072020460.0
2019-11-22,1583,6072020460.0
2019-11-25,1583,6072020460.0
2019-11-26,1583,6182420832.0
2019-11-27,1583,6182420832.0
2019-11-28,1583,6292821204.0
2019-11-29,1583,5862259753.0
2019-12-02,1583,5961620088.0
2019-12-03,1583,6049940386.0
2019-12-04,1583,6049940386.0
2019-12-05,1583,6072020460.0
2019-12-06,1583,6105140572.0
2019-12-09,1583,6105140572.0
2019-12-10,1583,6072020460.0
2019-12-11,1583,6116180609.0
2019-12-12,1583,6116180609.0
2019-12-13,1583,6160340758.0
2019-12-16,1583,6215540944.0
2019-12-17,1583,6281781167.0
2019-12-18,1583,6348021390.0
2019-12-19,1583,6403221576.0
2019-12-20,1583,6447381725.0
2019-12-23,1583,6491541874.0
2019-12-24,1583,6458421762.0
2019-12-25,1583,6403221576.0
2019-12-26,1583,6359061427.0
2019-12-27,1583,6480501836.0
2019-12-30,1583,6601942246.0
2019-12-31,1583,6502581911.0
2020-01-02,1583,6601942246.0
2020-01-03,1583,6624022320.0
2020-01-06,1583,6579862171.0
2020-01-07,1583,6723382655.0
2020-01-08,1583,6712342618.0
2020-01-09,1583,6723382655.0
2020-01-10,1583,6723382655.0
2020-01-13,1583,6734422692.0
2020-01-14,1583,0.0
2020-01-15,1583,6745462729.0
2020-01-16,1583,6800662915.0
2020-01-17,1583,6778582841.0
2020-01-20,1583,6833783027.0
2020-01-30,1583,6524661985.0
2020-01-31,1583,6502581911.0
2020-02-03,1583,6314901278.0
2020-02-04,1583,6348021390.0
2020-02-05,1583,6237621018.0
2020-02-06,1583,6469461799.0
2020-02-07,1583,6458421762.0
2020-02-10,1583,6480501836.0
2020-02-11,1583,6646102394.0
2020-02-12,1583,6624022320.0
2020-02-13,1583,6612982283.0
2020-02-14,1583,6624022320.0
2020-02-17,1583,6624022320.0
2020-02-18,1583,6646102394.0
2020-02-19,1583,6712342618.0
2020-02-20,1583,6756502766.0
2020-02-21,1583,6734422692.0
2020-02-24,1583,6745462729.0
2020-02-25,1583,6734422692.0
2020-02-26,1583,6756502766.0
2020-02-27,1583,6734422692.0
2020-03-02,1583,6679222506.0
2020-03-03,1583,6601942246.0
2020-03-04,1583,0.0
2020-03-05,1583,6767542804.0
2020-03-06,1583,6535702022.0
2020-03-09,1583,6226580981.0
2020-03-10,1583,6303861241.0
2020-03-11,1583,6292821204.0
2020-03-12,1583,6292821204.0
2020-03-13,1583,5829139642.0
2020-03-16,1583,5851219716.0
2020-03-17,1583,5851219716.0
2020-03-18,1583,5851219716.0
2020-03-19,1583,5315777912.0
2020-03-20,1583,5531058637.0
2020-03-23,1583,0.0
2020-03-24,1583,5564178749.0
2020-03-25,1583,5906419902.0
2020-03-26,1583,5895379865.0
2020-03-27,1583,5851219716.0
2020-03-30,1583,5851219716.0
2020-03-31,1583,5906419902.0
2020-04-01,1583,5829139642.0
2020-04-06,1583,5829139642.0
2020-04-07,1583,5917459939.0
2020-04-08,1583,6436341688.0
2020-04-09,1583,6491541874.0
2020-04-10,1583,6491541874.0
2020-04-13,1583,6303861241.0
2020-04-14,1583,6601942246.0
2020-04-15,1583,6888983213.0
2020-04-16,1583,6679222506.0
2020-04-17,1583,6800662915.0
2020-04-20,1583,6778582841.0
2020-04-21,1583,6502581911.0
2020-04-22,1583,6734422692.0
2020-04-23,1583,6723382655.0
2020-04-24,1583,6723382655.0
2020-04-27,1583,6734422692.0
2020-04-28,1583,6646102394.0
2020-04-29,1583,6778582841.0
2020-04-30,1583,6789622878.0
2020-05-04,1583,6789622878.0
2020-05-05,1583,6690262543.0
2020-05-06,1583,6646102394.0
2020-05-07,1583,6800662915.0
2020-05-08,1583,6767542804.0
2020-05-11,1583,6778582841.0
2020-05-12,1583,6811702952.0
2020-05-13,1583,6767542804.0
2020-05-14,1583,6756502766.0
2020-05-15,1583,6734422692.0
2020-05-18,1583,6657142432.0
2020-05-19,1583,6579862171.0
2020-05-20,1583,6579862171.0
2020-05-21,1583,6635062357.0
2020-05-22,1583,6546742060.0
2020-05-25,1583,6635062357.0
2020-05-26,1583,6568822134.0
2020-05-27,1583,6690262543.0
2020-05-28,1583,6679222506.0
2020-05-29,1583,6624022320.0
2020-06-01,1583,6734422692.0
2020-06-02,1583,6756502766.0
2020-06-03,1583,6778582841.0
2020-06-04,1583,6723382655.0
2020-06-05,1583,6778582841.0
2020-06-08,1583,0.0
2020-06-09,1583,6734422692.0
2020-06-10,1583,0.0
2020-06-12,1583,6635062357.0
2020-06-15,1583,6480501836.0
2020-06-16,1583,6557782097.0
2020-06-17,1583,6624022320.0
2020-06-18,1583,6513621948.0
2020-06-19,1583,6524661985.0
2020-06-22,1583,6513621948.0
2020-06-23,1583,6557782097.0
2020-06-24,1583,6546742060.0
2020-06-29,1583,6314901278.0
2020-06-30,1583,6513621948.0
2020-07-01,1583,6590902208.0
2020-07-02,1583,6513621948.0
2020-07-03,1583,6513621948.0
2020-07-06,1583,6745462729.0
2020-07-07,1583,6646102394.0
2020-07-08,1583,6789622878.0
2020-07-09,1583,6701302580.0
2020-07-10,1583,6491541874.0
2020-07-13,1583,6436341688.0
2020-07-14,1583,6568822134.0
2020-07-15,1583,6601942246.0
2020-07-16,1583,6624022320.0
2020-07-17,1583,6624022320.0
2020-07-20,1583,6657142432.0
2020-07-21,1583,6723382655.0
2020-07-22,1583,6778582841.0
2020-07-23,1583,6712342618.0
2020-07-24,1583,6469461799.0
2020-07-27,1583,6679222506.0
2020-07-28,1583,6480501836.0
2020-07-29,1583,6546742060.0
2020-07-30,1583,6568822134.0
2020-07-31,1583,6767542804.0
2020-08-03,1583,6513621948.0
2020-08-04,1583,6535702022.0
2020-08-05,1583,6624022320.0
2020-08-06,1583,6624022320.0
2020-08-07,1583,6679222506.0
2020-08-10,1583,6668182469.0
2020-08-11,1583,6734422692.0
2020-08-12,1583,6712342618.0
2020-08-13,1583,6502581911.0
2020-08-14,1583,6403221576.0
2020-08-17,1583,6458421762.0
2020-08-18,1583,6513621948.0
2020-08-19,1583,6513621948.0
2020-08-20,1583,6502581911.0
2020-08-21,1583,6546742060.0
2020-08-24,1583,6568822134.0
2020-08-25,1583,6635062357.0
2020-08-26,1583,6679222506.0
2020-08-27,1583,6624022320.0
2020-08-28,1583,6624022320.0
2020-08-31,1583,6635062357.0
2020-09-01,1583,6624022320.0
2020-09-02,1583,6624022320.0
2020-09-03,1583,6601942246.0
2020-09-04,1583,6590902208.0
2020-09-07,1583,6568822134.0
2020-09-08,1583,0.0
2020-09-09,1583,6513621948.0
2020-09-10,1583,6624022320.0
2020-09-11,1583,6590902208.0
2020-09-14,1583,6590902208.0
2020-09-15,1583,6557782097.0
2020-09-16,1583,6612982283.0
2020-09-17,1583,6624022320.0
2020-09-18,1583,6612982283.0
2020-09-21,1583,6624022320.0
2020-09-22,1583,6601942246.0
2020-09-23,1583,6568822134.0
2020-09-24,1583,6436341688.0
2020-09-25,1583,6502581911.0
2020-09-28,1583,0.0
2020-09-29,1583,6513621948.0
2020-09-30,1583,6535702022.0
2020-10-05,1583,6624022320.0
2020-10-06,1583,6668182469.0
2020-10-07,1583,6624022320.0
2020-10-08,1583,6624022320.0
2020-10-12,1583,6624022320.0
2020-10-13,1583,6624022320.0
2020-10-14,1583,6612982283.0
2020-10-15,1583,6624022320.0
2020-10-16,1583,6624022320.0
2020-10-19,1583,6624022320.0
2020-10-20,1583,6624022320.0
2020-10-21,1583,6624022320.0
2020-10-22,1583,6568822134.0
2020-10-23,1583,6557782097.0
2020-10-26,1583,6568822134.0
2020-10-27,1583,6568822134.0
2020-10-28,1583,6568822134.0
2020-10-29,1583,6568822134.0
2020-10-30,1583,6568822134.0
2020-11-02,1583,6557782097.0
2020-11-03,1583,6546742060.0
2020-11-04,1583,6513621948.0
2020-11-05,1583,6546742060.0
2020-11-06,1583,6590902208.0
2020-11-09,1583,6535702022.0
2020-11-10,1583,6568822134.0
2020-11-11,1583,6579862171.0
2020-11-12,1583,6601942246.0
2020-11-13,1583,6624022320.0
2020-11-16,1583,6612982283.0
2020-11-17,1583,6624022320.0
2020-11-18,1583,6601942246.0
2020-11-19,1583,6624022320.0
2020-11-20,1583,6624022320.0
2020-11-23,1583,6668182469.0
2020-11-24,1583,6668182469.0
2020-11-25,1583,6712342618.0
2020-11-26,1583,6789622878.0
2020-11-27,1583,6734422692.0
2020-11-30,1583,6624022320.0
2020-12-01,1583,6690262543.0
2020-12-02,1583,6601942246.0
2020-12-03,1583,6568822134.0
2020-12-04,1583,6624022320.0
2020-12-07,1583,6557782097.0
2020-12-08,1583,6568822134.0
2020-12-09,1583,6557782097.0
2020-12-10,1583,6568822134.0
2020-12-11,1583,6601942246.0
2020-12-14,1583,6624022320.0
2020-12-15,1583,6568822134.0
2020-12-16,1583,6734422692.0
2020-12-17,1583,6877943176.0
2020-12-18,1583,6723382655.0
2020-12-21,1583,6734422692.0
2020-12-22,1583,6712342618.0
2020-12-23,1583,6668182469.0
2020-12-24,1583,6800662915.0
2020-12-25,1583,6745462729.0
2020-12-28,1583,6833783027.0
2020-12-29,1583,6833783027.0
2020-12-30,1583,6866903138.0
2020-12-31,1583,6866903138.0
