stock_id,start_date,end_date,SD_close,ED_close,combination,return
1101,2010-01-04,2010-03-31,12.18000000,10.64000000,201001-201004,-0.12643678
1101,2010-02-01,2010-04-30,10.48000000,10.05000000,201002-201005,-0.04103053
1101,2010-03-01,2010-05-31,10.69000000,9.71000000,201003-201006,-0.09167446
1101,2010-04-01,2010-06-30,10.64000000,9.70000000,201004-201007,-0.08834586
1101,2010-05-03,2010-07-30,10.05000000,11.29000000,201005-201008,0.12338308
1101,2010-06-01,2010-08-31,9.71000000,11.16000000,201006-201009,0.14933059
1101,2010-07-01,2010-09-30,9.59000000,12.65000000,201007-201010,0.31908238
1101,2010-08-02,2010-10-29,11.36000000,12.35000000,201008-201011,0.08714789
1101,2010-09-01,2010-11-30,11.36000000,12.06000000,201009-201012,0.06161972
1101,2010-10-01,2010-12-31,12.67000000,12.62000000,201010-201101,-0.00394633
1101,2010-11-01,2011-01-28,12.50000000,12.06000000,201011-201102,-0.03520000
1101,2010-12-01,2011-02-25,12.39000000,11.31000000,201012-201103,-0.08716707
1101,2011-01-03,2011-03-31,12.85000000,13.66000000,201101-201104,0.06303502
1101,2011-02-08,2011-04-29,11.60000000,16.14000000,201102-201105,0.39137931
1101,2011-03-01,2011-05-31,11.33000000,16.04000000,201103-201106,0.41571050
1101,2011-04-01,2011-06-30,13.96000000,16.46000000,201104-201107,0.17908309
1101,2011-05-03,2011-07-29,15.41000000,18.30000000,201105-201108,0.18754056
1101,2011-06-01,2011-08-31,15.93000000,15.55000000,201106-201109,-0.02385436
1101,2011-07-01,2011-09-30,17.08000000,13.20000000,201107-201110,-0.22716628
1101,2011-08-01,2011-10-31,18.46000000,15.19000000,201108-201111,-0.17713976
1101,2011-09-01,2011-11-30,16.05000000,13.06000000,201109-201112,-0.18629283
1101,2011-10-03,2011-12-30,12.44000000,14.05000000,201110-201201,0.12942122
1101,2011-11-01,2012-01-31,14.85000000,14.81000000,201111-201202,-0.00269360
1101,2011-12-01,2012-02-29,13.84000000,15.15000000,201112-201203,0.09465318
1101,2012-01-02,2012-03-30,13.93000000,13.86000000,201201-201204,-0.00502513
1101,2012-02-01,2012-04-30,14.57000000,13.99000000,201202-201205,-0.03980782
1101,2012-03-01,2012-05-31,14.95000000,13.54000000,201203-201206,-0.09431438
1101,2012-04-02,2012-06-29,13.72000000,14.19000000,201204-201207,0.03425656
1101,2012-05-02,2012-07-31,14.27000000,14.80000000,201205-201208,0.03714085
1101,2012-06-01,2012-08-31,13.50000000,13.80000000,201206-201209,0.02222222
1101,2012-07-02,2012-09-28,14.09000000,15.39000000,201207-201210,0.09226402
1101,2012-08-01,2012-10-31,15.16000000,15.88000000,201208-201211,0.04749340
1101,2012-09-03,2012-11-30,13.80000000,16.14000000,201209-201212,0.16956522
1101,2012-10-01,2012-12-28,15.24000000,16.50000000,201210-201301,0.08267717
1101,2016-01-04,2016-03-31,13.11000000,15.79000000,201601-201604,0.20442410
1101,2016-02-01,2016-04-29,13.66000000,16.50000000,201602-201605,0.20790630
1101,2016-03-01,2016-05-31,14.97000000,15.07000000,201603-201606,0.00668003
1101,2016-04-01,2016-06-30,15.44000000,16.07000000,201604-201607,0.04080311
1101,2016-05-03,2016-07-29,16.37000000,17.67000000,201605-201608,0.07941356
1101,2016-06-01,2016-08-31,14.99000000,18.90000000,201606-201609,0.26084056
1101,2016-07-01,2016-09-30,16.37000000,18.58000000,201607-201610,0.13500305
1101,2016-08-01,2016-10-31,17.67000000,19.73000000,201608-201611,0.11658178
1101,2016-09-01,2016-11-30,18.37000000,19.21000000,201609-201612,0.04572673
1101,2016-10-03,2016-12-30,18.64000000,18.32000000,201610-201701,-0.01716738
1101,2016-11-01,2017-01-24,19.47000000,18.45000000,201611-201702,-0.05238829
1101,2016-12-01,2017-02-24,19.34000000,19.63000000,201612-201703,0.01499483
1101,2017-01-03,2017-03-31,18.32000000,18.92000000,201701-201704,0.03275109
1101,2017-02-02,2017-04-28,18.40000000,18.30000000,201702-201705,-0.00543478
1101,2017-03-01,2017-05-31,19.65000000,17.93000000,201703-201706,-0.08753181
1101,2017-04-05,2017-06-30,19.31000000,18.35000000,201704-201707,-0.04971517
1101,2017-05-02,2017-07-31,18.35000000,19.01000000,201705-201708,0.03596730
1101,2017-06-01,2017-08-31,17.91000000,18.93000000,201706-201709,0.05695142
1101,2017-07-03,2017-09-30,18.48000000,18.36000000,201707-201710,-0.00649351
1101,2017-08-01,2017-10-31,19.01000000,18.20000000,201708-201711,-0.04260915
1101,2017-09-01,2017-11-30,18.82000000,18.22000000,201709-201712,-0.03188098
1101,2017-10-02,2017-12-29,18.28000000,19.80000000,201710-201801,0.08315098
1101,2017-11-01,2018-01-31,18.25000000,20.45000000,201711-201802,0.12054795
1101,2017-12-01,2018-02-27,18.30000000,20.10000000,201712-201803,0.09836066
1101,2018-01-02,2018-03-31,19.85000000,19.85000000,201801-201804,0.00000000
1101,2018-02-01,2018-04-30,20.59000000,22.19000000,201802-201805,0.07770763
1101,2018-03-01,2018-05-31,20.10000000,23.68000000,201803-201806,0.17810945
1101,2018-04-02,2018-06-29,19.91000000,23.00000000,201804-201807,0.15519839
1101,2018-05-02,2018-07-31,22.19000000,24.32000000,201805-201808,0.09598918
1101,2018-06-01,2018-08-31,23.76000000,26.17000000,201806-201809,0.10143098
1101,2018-07-02,2018-09-28,22.73000000,25.40000000,201807-201810,0.11746590
1101,2018-08-01,2018-10-31,25.37000000,21.44000000,201808-201811,-0.15490737
1101,2018-09-03,2018-11-30,25.55000000,21.32000000,201809-201812,-0.16555773
1101,2018-10-01,2018-12-28,25.37000000,22.00000000,201810-201901,-0.13283406
1101,2018-11-01,2019-01-30,22.03000000,23.08000000,201811-201902,0.04766228
1101,2018-12-03,2019-02-27,22.15000000,23.73000000,201812-201903,0.07133183
1101,2019-01-02,2019-03-29,21.94000000,25.49000000,201901-201904,0.16180492
1101,2019-02-11,2019-04-30,23.27000000,25.95000000,201902-201905,0.11516975
1101,2019-03-04,2019-05-31,23.61000000,26.51000000,201903-201906,0.12282931
1101,2019-04-01,2019-06-28,25.55000000,28.46000000,201904-201907,0.11389432
1101,2019-05-02,2019-07-31,26.08000000,27.62000000,201905-201908,0.05904908
1101,2019-06-03,2019-08-30,26.82000000,27.50000000,201906-201909,0.02535421
1101,2019-07-01,2019-09-27,28.52000000,28.35000000,201907-201910,-0.00596073
1101,2019-08-01,2019-10-31,27.22000000,28.93000000,201908-201911,0.06282145
1101,2019-09-02,2019-11-29,27.35000000,29.60000000,201909-201912,0.08226691
1101,2019-10-01,2019-12-31,28.35000000,31.25000000,201910-202001,0.10229277
1101,2019-11-01,2020-01-31,29.00000000,30.07000000,201911-202002,0.03689655
1101,2019-12-02,2020-02-27,29.57000000,30.21000000,201912-202003,0.02164356
1101,2020-01-02,2020-03-31,31.54000000,28.25000000,202001-202004,-0.10431198
1101,2020-02-03,2020-04-30,29.71000000,30.89000000,202002-202005,0.03971727
1101,2020-03-02,2020-05-29,30.21000000,30.43000000,202003-202006,0.00728236
1101,2020-04-01,2020-06-30,27.89000000,30.57000000,202004-202007,0.09609179
1101,2020-05-04,2020-07-31,30.18000000,32.18000000,202005-202008,0.06626905
1101,2020-06-01,2020-08-31,30.82000000,34.05000000,202006-202009,0.10480208
1101,2020-07-01,2020-09-30,30.82000000,32.85000000,202007-202010,0.06586632
1101,2020-08-03,2020-10-30,32.14000000,32.18000000,202008-202011,0.00124456
1101,2020-09-01,2020-11-30,33.93000000,34.05000000,202009-202012,0.00353669
1101,2020-10-05,2020-12-31,32.54000000,34.28000000,202010-202101,0.05347265
1102,2010-01-04,2010-03-31,13.87000000,12.44000000,201001-201004,-0.10310022
1102,2010-02-01,2010-04-30,12.12000000,11.88000000,201002-201005,-0.01980198
1102,2010-03-01,2010-05-31,12.12000000,11.16000000,201003-201006,-0.07920792
1102,2010-04-01,2010-06-30,12.62000000,11.40000000,201004-201007,-0.09667195
1102,2010-05-03,2010-07-30,11.82000000,12.73000000,201005-201008,0.07698816
1102,2010-06-01,2010-08-31,10.96000000,12.59000000,201006-201009,0.14872263
1102,2010-07-01,2010-09-30,11.26000000,13.93000000,201007-201010,0.23712256
1102,2010-08-02,2010-10-29,12.95000000,13.79000000,201008-201011,0.06486486
1102,2010-09-01,2010-11-30,12.92000000,13.20000000,201009-201012,0.02167183
1102,2010-10-01,2010-12-31,13.84000000,14.10000000,201010-201101,0.01878613
1102,2010-11-01,2011-01-28,13.82000000,14.03000000,201011-201102,0.01519537
1102,2010-12-01,2011-02-25,13.42000000,13.05000000,201012-201103,-0.02757079
1102,2011-01-03,2011-03-31,14.19000000,14.45000000,201101-201104,0.01832276
1102,2011-02-08,2011-04-29,13.73000000,16.75000000,201102-201105,0.21995630
1102,2011-03-01,2011-05-31,13.44000000,17.29000000,201103-201106,0.28645833
1102,2011-04-01,2011-06-30,14.65000000,17.93000000,201104-201107,0.22389078
1102,2011-05-03,2011-07-29,16.57000000,19.46000000,201105-201108,0.17441159
1102,2011-06-01,2011-08-31,17.69000000,17.91000000,201106-201109,0.01243640
1102,2011-07-01,2011-09-30,18.41000000,14.96000000,201107-201110,-0.18739815
1102,2011-08-01,2011-10-31,19.46000000,17.09000000,201108-201111,-0.12178828
1102,2011-09-01,2011-11-30,18.26000000,15.15000000,201109-201112,-0.17031763
1102,2011-10-03,2011-12-30,14.05000000,15.92000000,201110-201201,0.13309609
1102,2011-11-01,2012-01-31,16.97000000,16.62000000,201111-201202,-0.02062463
1102,2011-12-01,2012-02-29,15.85000000,17.63000000,201112-201203,0.11230284
1102,2012-01-02,2012-03-30,15.64000000,16.83000000,201201-201204,0.07608696
1102,2012-02-01,2012-04-30,16.39000000,16.46000000,201202-201205,0.00427090
1102,2012-03-01,2012-05-31,17.56000000,16.69000000,201203-201206,-0.04954442
1102,2012-04-02,2012-06-29,17.11000000,17.53000000,201204-201207,0.02454705
1102,2012-05-02,2012-07-31,16.71000000,17.81000000,201205-201208,0.06582885
1102,2012-06-01,2012-08-31,16.46000000,17.63000000,201206-201209,0.07108141
1102,2012-07-02,2012-09-28,17.37000000,18.99000000,201207-201210,0.09326425
1102,2012-08-01,2012-10-31,17.79000000,18.65000000,201208-201211,0.04834177
1102,2012-09-03,2012-11-30,17.63000000,19.14000000,201209-201212,0.08564946
1102,2012-10-01,2012-12-28,18.99000000,19.14000000,201210-201301,0.00789889
1102,2016-01-04,2016-03-31,16.31000000,18.27000000,201601-201604,0.12017167
1102,2016-02-01,2016-04-29,16.43000000,17.86000000,201602-201605,0.08703591
1102,2016-03-01,2016-05-31,17.12000000,15.44000000,201603-201606,-0.09813084
1102,2016-04-01,2016-06-30,17.83000000,17.33000000,201604-201607,-0.02804262
1102,2016-05-03,2016-07-29,17.80000000,18.14000000,201605-201608,0.01910112
1102,2016-06-01,2016-08-31,15.50000000,18.28000000,201606-201609,0.17935484
1102,2016-07-01,2016-09-30,17.71000000,17.67000000,201607-201610,-0.00225861
1102,2016-08-01,2016-10-31,18.24000000,17.76000000,201608-201611,-0.02631579
1102,2016-09-01,2016-11-30,17.73000000,18.09000000,201609-201612,0.02030457
1102,2016-10-03,2016-12-30,17.73000000,16.99000000,201610-201701,-0.04173717
1102,2016-11-01,2017-01-24,17.73000000,17.25000000,201611-201702,-0.02707276
1102,2016-12-01,2017-02-24,18.02000000,19.60000000,201612-201703,0.08768036
1102,2017-01-03,2017-03-31,17.09000000,19.73000000,201701-201704,0.15447630
1102,2017-02-02,2017-04-28,17.31000000,19.22000000,201702-201705,0.11034084
1102,2017-03-01,2017-05-31,19.73000000,17.96000000,201703-201706,-0.08971110
1102,2017-04-05,2017-06-30,20.31000000,16.83000000,201704-201707,-0.17134417
1102,2017-05-02,2017-07-31,19.22000000,17.22000000,201705-201708,-0.10405827
1102,2017-06-01,2017-08-31,17.70000000,18.23000000,201706-201709,0.02994350
1102,2017-07-03,2017-09-30,16.89000000,17.90000000,201707-201710,0.05979870
1102,2017-08-01,2017-10-31,17.38000000,17.93000000,201708-201711,0.03164557
1102,2017-09-01,2017-11-30,18.30000000,18.57000000,201709-201712,0.01475410
1102,2017-10-02,2017-12-29,17.93000000,18.80000000,201710-201801,0.04852203
1102,2017-11-01,2018-01-31,18.00000000,20.03000000,201711-201802,0.11277778
1102,2017-12-01,2018-02-27,17.93000000,18.93000000,201712-201803,0.05577245
1102,2018-01-02,2018-03-31,18.80000000,19.03000000,201801-201804,0.01223404
1102,2018-02-01,2018-04-30,20.00000000,21.17000000,201802-201805,0.05850000
1102,2018-03-01,2018-05-31,18.80000000,22.03000000,201803-201806,0.17180851
1102,2018-04-02,2018-06-29,19.13000000,22.33000000,201804-201807,0.16727653
1102,2018-05-02,2018-07-31,21.37000000,27.20000000,201805-201808,0.27281235
1102,2018-06-01,2018-08-31,22.17000000,28.66000000,201806-201809,0.29273793
1102,2018-07-02,2018-09-28,22.67000000,28.42000000,201807-201810,0.25363917
1102,2018-08-01,2018-10-31,27.60000000,22.43000000,201808-201811,-0.18731884
1102,2018-09-03,2018-11-30,27.94000000,23.08000000,201809-201812,-0.17394417
1102,2018-10-01,2018-12-28,28.35000000,23.25000000,201810-201901,-0.17989418
1102,2018-11-01,2019-01-30,22.80000000,24.96000000,201811-201902,0.09473684
1102,2018-12-03,2019-02-27,23.63000000,26.57000000,201812-201903,0.12441811
1102,2019-01-02,2019-03-29,23.15000000,27.46000000,201901-201904,0.18617711
1102,2019-02-11,2019-04-30,24.96000000,28.59000000,201902-201905,0.14543269
1102,2019-03-04,2019-05-31,26.19000000,30.88000000,201903-201906,0.17907598
1102,2019-04-01,2019-06-28,27.73000000,32.56000000,201904-201907,0.17417959
1102,2019-05-02,2019-07-31,28.80000000,30.45000000,201905-201908,0.05729167
1102,2019-06-03,2019-08-30,31.16000000,31.32000000,201906-201909,0.00513479
1102,2019-07-01,2019-09-27,32.66000000,31.54000000,201907-201910,-0.03429271
1102,2019-08-01,2019-10-31,30.15000000,31.36000000,201908-201911,0.04013267
1102,2019-09-02,2019-11-29,31.79000000,33.10000000,201909-201912,0.04120793
1102,2019-10-01,2019-12-31,31.50000000,34.93000000,201910-202001,0.10888889
1102,2019-11-01,2020-01-31,31.39000000,32.89000000,201911-202002,0.04778592
1102,2019-12-02,2020-02-27,32.85000000,32.30000000,201912-202003,-0.01674277
1102,2020-01-02,2020-03-31,35.62000000,28.70000000,202001-202004,-0.19427288
1102,2020-02-03,2020-04-30,32.78000000,31.98000000,202002-202005,-0.02440513
1102,2020-03-02,2020-05-29,31.98000000,31.72000000,202003-202006,-0.00813008
1102,2020-04-01,2020-06-30,28.12000000,31.76000000,202004-202007,0.12944523
1102,2020-05-04,2020-07-31,31.36000000,31.11000000,202005-202008,-0.00797194
1102,2020-06-01,2020-08-31,32.12000000,33.10000000,202006-202009,0.03051059
1102,2020-07-01,2020-09-30,32.12000000,32.32000000,202007-202010,0.00622665
1102,2020-08-03,2020-10-30,31.15000000,32.05000000,202008-202011,0.02889246
1102,2020-09-01,2020-11-30,32.71000000,33.72000000,202009-202012,0.03087741
1102,2020-10-05,2020-12-31,32.05000000,33.65000000,202010-202101,0.04992200
1201,2010-06-01,2010-08-31,27.02000000,26.49000000,201006-201009,-0.01961510
1201,2010-07-01,2010-09-30,30.21000000,30.34000000,201007-201010,0.00430321
1201,2011-12-01,2012-02-29,26.65000000,29.01000000,201112-201203,0.08855535
1210,2018-06-01,2018-08-31,24.55000000,26.01000000,201806-201809,0.05947047
1210,2018-07-02,2018-09-28,25.17000000,26.41000000,201807-201810,0.04926500
1210,2018-08-01,2018-10-31,24.77000000,21.06000000,201808-201811,-0.14977796
1210,2018-09-03,2018-11-30,25.98000000,22.63000000,201809-201812,-0.12894534
1210,2018-10-01,2018-12-28,26.41000000,23.44000000,201810-201901,-0.11245740
1210,2018-11-01,2019-01-30,21.41000000,24.28000000,201811-201902,0.13404951
1210,2018-12-03,2019-02-27,23.02000000,24.28000000,201812-201903,0.05473501
1210,2019-01-02,2019-03-29,23.65000000,24.70000000,201901-201904,0.04439746
1210,2019-02-11,2019-04-30,24.28000000,24.56000000,201902-201905,0.01153213
1210,2019-03-04,2019-05-31,24.45000000,26.97000000,201903-201906,0.10306748
1210,2019-05-02,2019-07-31,24.66000000,28.55000000,201905-201908,0.15774534
1210,2019-06-03,2019-08-30,26.83000000,28.18000000,201906-201909,0.05031681
1210,2019-07-01,2019-09-27,27.39000000,28.79000000,201907-201910,0.05111355
1210,2019-08-01,2019-10-31,28.55000000,28.79000000,201908-201911,0.00840630
1210,2019-09-02,2019-11-29,28.52000000,30.24000000,201909-201912,0.06030856
1210,2019-10-01,2019-12-31,28.71000000,33.33000000,201910-202001,0.16091954
1210,2019-11-01,2020-01-31,28.83000000,31.54000000,201911-202002,0.09399931
1210,2019-12-02,2020-02-27,30.62000000,30.77000000,201912-202003,0.00489876
1210,2020-01-02,2020-03-31,32.99000000,28.21000000,202001-202004,-0.14489239
1210,2020-02-03,2020-04-30,31.35000000,31.65000000,202002-202005,0.00956938
1210,2020-03-02,2020-05-29,30.54000000,32.83000000,202003-202006,0.07498363
1210,2020-04-01,2020-06-30,28.21000000,32.57000000,202004-202007,0.15455512
1210,2020-05-04,2020-07-31,31.19000000,35.20000000,202005-202008,0.12856685
1210,2020-06-01,2020-08-31,33.37000000,36.18000000,202006-202009,0.08420737
1210,2020-07-01,2020-09-30,32.80000000,33.78000000,202007-202010,0.02987805
1210,2020-08-03,2020-10-30,35.39000000,35.94000000,202008-202011,0.01554111
1210,2020-09-01,2020-11-30,35.54000000,37.06000000,202009-202012,0.04276871
1210,2020-10-05,2020-12-31,34.34000000,40.62000000,202010-202101,0.18287711
1216,2010-01-04,2010-03-31,16.67000000,15.49000000,201001-201004,-0.07078584
1216,2010-02-01,2010-04-30,14.65000000,15.02000000,201002-201005,0.02525597
1216,2010-03-01,2010-05-31,15.73000000,14.23000000,201003-201006,-0.09535919
1216,2010-04-01,2010-06-30,15.94000000,15.25000000,201004-201007,-0.04328733
1216,2010-05-03,2010-07-30,15.00000000,16.30000000,201005-201008,0.08666667
1216,2010-06-01,2010-08-31,14.12000000,17.83000000,201006-201009,0.26274788
1216,2010-07-01,2010-09-30,15.25000000,19.51000000,201007-201010,0.27934426
1216,2010-08-02,2010-10-29,16.45000000,19.15000000,201008-201011,0.16413374
1216,2010-09-01,2010-11-30,18.09000000,20.28000000,201009-201012,0.12106136
1216,2010-10-01,2010-12-31,19.51000000,20.81000000,201010-201101,0.06663250
1216,2010-11-01,2011-01-28,19.71000000,19.20000000,201011-201102,-0.02587519
1216,2010-12-01,2011-02-25,20.26000000,18.17000000,201012-201103,-0.10315893
1216,2011-01-03,2011-03-31,20.74000000,19.39000000,201101-201104,-0.06509161
1216,2011-02-08,2011-04-29,18.98000000,19.83000000,201102-201105,0.04478398
1216,2011-03-01,2011-05-31,18.19000000,19.85000000,201103-201106,0.09125893
1216,2011-04-01,2011-06-30,19.39000000,20.02000000,201104-201107,0.03249097
1216,2011-05-03,2011-07-29,19.68000000,22.76000000,201105-201108,0.15650407
1216,2011-06-01,2011-08-31,19.97000000,22.54000000,201106-201109,0.12869304
1216,2011-07-01,2011-09-30,20.26000000,21.04000000,201107-201110,0.03849951
1216,2011-08-01,2011-10-31,23.10000000,22.04000000,201108-201111,-0.04588745
1216,2011-09-01,2011-11-30,22.78000000,21.72000000,201109-201112,-0.04653205
1216,2011-10-03,2011-12-30,19.93000000,23.33000000,201110-201201,0.17059709
1216,2011-11-01,2012-01-31,21.83000000,23.04000000,201111-201202,0.05542831
1216,2011-12-01,2012-02-29,22.62000000,23.75000000,201112-201203,0.04995579
1216,2012-01-02,2012-03-30,22.83000000,21.54000000,201201-201204,-0.05650460
1216,2012-02-01,2012-04-30,22.78000000,23.97000000,201202-201205,0.05223881
1216,2012-03-01,2012-05-31,23.46000000,23.68000000,201203-201206,0.00937766
1216,2012-04-02,2012-06-29,21.54000000,25.10000000,201204-201207,0.16527391
1216,2012-05-02,2012-07-31,24.31000000,26.58000000,201205-201208,0.09337721
1216,2012-06-01,2012-08-31,23.65000000,27.56000000,201206-201209,0.16532770
1216,2012-07-02,2012-09-28,24.89000000,29.89000000,201207-201210,0.20088389
1216,2012-08-01,2012-10-31,27.31000000,29.66000000,201208-201211,0.08604907
1216,2012-09-03,2012-11-30,27.21000000,29.83000000,201209-201212,0.09628813
1216,2012-10-01,2012-12-28,29.54000000,30.63000000,201210-201301,0.03689912
1216,2016-01-04,2016-03-31,39.05000000,40.93000000,201601-201604,0.04814341
1216,2016-02-01,2016-04-29,40.28000000,42.16000000,201602-201605,0.04667329
1216,2016-03-01,2016-05-31,41.44000000,44.99000000,201603-201606,0.08566602
1216,2016-04-01,2016-06-30,40.42000000,46.00000000,201604-201607,0.13805047
1216,2016-05-03,2016-07-29,41.87000000,47.23000000,201605-201608,0.12801529
1216,2016-06-01,2016-08-31,45.42000000,44.82000000,201606-201609,-0.01321004
1216,2016-07-01,2016-09-30,47.02000000,43.93000000,201607-201610,-0.06571672
1216,2016-08-01,2016-10-31,47.81000000,45.65000000,201608-201611,-0.04517883
1216,2016-09-01,2016-11-30,43.55000000,40.72000000,201609-201612,-0.06498278
1216,2016-10-03,2016-12-30,45.20000000,39.89000000,201610-201701,-0.11747788
1216,2016-11-01,2017-01-24,45.42000000,39.97000000,201611-201702,-0.11999119
1216,2016-12-01,2017-02-24,40.72000000,40.79000000,201612-201703,0.00171906
1216,2017-01-03,2017-03-31,39.82000000,42.51000000,201701-201704,0.06755399
1216,2017-02-02,2017-04-28,39.22000000,41.61000000,201702-201705,0.06093830
1216,2017-03-01,2017-05-31,42.21000000,44.90000000,201703-201706,0.06372897
1216,2017-04-05,2017-06-30,43.48000000,45.57000000,201704-201707,0.04806808
1216,2017-05-02,2017-07-31,41.91000000,43.18000000,201705-201708,0.03030303
1216,2017-06-01,2017-08-31,44.53000000,49.74000000,201706-201709,0.11699978
1216,2017-07-03,2017-09-30,45.65000000,48.73000000,201707-201710,0.06746988
1216,2017-08-01,2017-10-31,44.08000000,48.81000000,201708-201711,0.10730490
1216,2017-09-01,2017-11-30,49.43000000,49.35000000,201709-201712,-0.00161845
1216,2017-10-02,2017-12-29,48.50000000,51.13000000,201710-201801,0.05422680
1216,2017-11-01,2018-01-31,49.04000000,54.23000000,201711-201802,0.10583197
1216,2017-12-01,2018-02-27,49.82000000,53.46000000,201712-201803,0.07306303
1216,2018-01-02,2018-03-31,52.06000000,53.46000000,201801-201804,0.02689205
1216,2018-02-01,2018-04-30,54.46000000,55.47000000,201802-201805,0.01854572
1216,2018-03-01,2018-05-31,53.69000000,56.63000000,201803-201806,0.05475880
1216,2018-04-02,2018-06-29,53.77000000,59.96000000,201804-201807,0.11511996
1216,2018-05-02,2018-07-31,54.62000000,62.60000000,201805-201808,0.14610033
1216,2018-06-01,2018-08-31,57.33000000,64.63000000,201806-201809,0.12733298
1216,2018-07-02,2018-09-28,59.58000000,66.38000000,201807-201810,0.11413226
1216,2018-08-01,2018-10-31,61.05000000,62.38000000,201808-201811,0.02178542
1216,2018-09-03,2018-11-30,63.46000000,60.13000000,201809-201812,-0.05247400
1216,2018-10-01,2018-12-28,65.71000000,58.13000000,201810-201901,-0.11535535
1216,2018-11-01,2019-01-30,63.46000000,59.88000000,201811-201902,-0.05641349
1216,2018-12-03,2019-02-27,61.05000000,62.46000000,201812-201903,0.02309582
1216,2019-01-02,2019-03-29,56.88000000,62.30000000,201901-201904,0.09528833
1216,2019-02-11,2019-04-30,60.38000000,61.13000000,201902-201905,0.01242133
1216,2019-03-04,2019-05-31,60.38000000,67.71000000,201903-201906,0.12139781
1216,2019-04-01,2019-06-28,62.46000000,68.88000000,201904-201907,0.10278578
1216,2019-05-02,2019-07-31,61.38000000,67.30000000,201905-201908,0.09644835
1216,2019-06-03,2019-08-30,67.38000000,65.83000000,201906-201909,-0.02300386
1216,2019-07-01,2019-09-27,67.88000000,64.29000000,201907-201910,-0.05288745
1216,2019-08-01,2019-10-31,66.26000000,64.63000000,201908-201911,-0.02460006
1216,2019-09-02,2019-11-29,65.92000000,62.31000000,201909-201912,-0.05476335
1216,2019-10-01,2019-12-31,62.91000000,63.77000000,201910-202001,0.01367032
1216,2019-11-01,2020-01-31,63.77000000,62.40000000,201911-202002,-0.02148346
1216,2019-12-02,2020-02-27,62.40000000,62.91000000,201912-202003,0.00817308
1216,2020-01-02,2020-03-31,63.77000000,56.38000000,202001-202004,-0.11588521
1216,2020-02-03,2020-04-30,62.74000000,59.73000000,202002-202005,-0.04797577
1216,2020-03-02,2020-05-29,61.19000000,62.57000000,202003-202006,0.02255270
1216,2020-04-01,2020-06-30,55.95000000,61.28000000,202004-202007,0.09526363
1216,2020-05-04,2020-07-31,58.70000000,61.45000000,202005-202008,0.04684838
1216,2020-06-01,2020-08-31,63.08000000,59.34000000,202006-202009,-0.05928979
1216,2020-07-01,2020-09-30,61.19000000,55.69000000,202007-202010,-0.08988397
1216,2020-08-03,2020-10-30,60.16000000,54.62000000,202008-202011,-0.09208777
1216,2020-09-01,2020-11-30,58.98000000,57.91000000,202009-202012,-0.01814174
1216,2020-10-05,2020-12-31,55.77000000,60.14000000,202010-202101,0.07835754
1227,2010-05-03,2010-07-30,16.57000000,21.33000000,201005-201008,0.28726614
1227,2010-06-01,2010-08-31,17.26000000,20.36000000,201006-201009,0.17960603
1227,2010-07-01,2010-09-30,17.83000000,20.04000000,201007-201010,0.12394840
1227,2010-08-02,2010-10-29,22.32000000,22.03000000,201008-201011,-0.01299283
1227,2010-09-01,2010-11-30,19.69000000,20.71000000,201009-201012,0.05180295
1227,2010-10-01,2010-12-31,19.88000000,20.36000000,201010-201101,0.02414487
1227,2010-11-01,2011-01-28,21.22000000,18.86000000,201011-201102,-0.11121583
1227,2010-12-01,2011-02-25,21.17000000,18.94000000,201012-201103,-0.10533774
1227,2011-01-03,2011-03-31,20.01000000,21.49000000,201101-201104,0.07396302
1227,2011-02-08,2011-04-29,18.70000000,24.85000000,201102-201105,0.32887701
1227,2011-03-01,2011-05-31,19.02000000,28.74000000,201103-201106,0.51104101
1227,2011-04-01,2011-06-30,21.44000000,28.74000000,201104-201107,0.34048507
1227,2011-05-03,2011-07-29,25.28000000,36.00000000,201105-201108,0.42405063
1227,2011-06-01,2011-08-31,30.09000000,35.38000000,201106-201109,0.17580592
1227,2011-07-01,2011-09-30,29.82000000,28.71000000,201107-201110,-0.03722334
1227,2011-08-01,2011-10-31,37.88000000,33.71000000,201108-201111,-0.11008448
1227,2011-09-01,2011-11-30,32.92000000,35.21000000,201109-201112,0.06956258
1227,2011-10-03,2011-12-30,28.10000000,31.45000000,201110-201201,0.11921708
1227,2011-11-01,2012-01-31,34.35000000,34.35000000,201111-201202,0.00000000
1227,2011-12-01,2012-02-29,35.21000000,35.72000000,201112-201203,0.01448452
1227,2012-01-02,2012-03-30,30.73000000,34.35000000,201201-201204,0.11780020
1227,2012-02-01,2012-04-30,36.58000000,31.11000000,201202-201205,-0.14953527
1227,2012-03-01,2012-05-31,35.72000000,31.07000000,201203-201206,-0.13017917
1227,2012-04-02,2012-06-29,32.82000000,29.23000000,201204-201207,-0.10938452
1227,2012-05-02,2012-07-31,31.55000000,34.92000000,201205-201208,0.10681458
1227,2012-06-01,2012-08-31,30.77000000,34.61000000,201206-201209,0.12479688
1227,2012-07-02,2012-09-28,29.64000000,35.40000000,201207-201210,0.19433198
1227,2012-08-01,2012-10-31,34.92000000,32.61000000,201208-201211,-0.06615120
1227,2012-09-03,2012-11-30,33.22000000,34.74000000,201209-201212,0.04575557
1227,2012-10-01,2012-12-28,35.40000000,34.61000000,201210-201301,-0.02231638
1227,2016-01-04,2016-03-31,51.80000000,50.72000000,201601-201604,-0.02084942
1227,2016-02-01,2016-04-29,50.85000000,49.77000000,201602-201605,-0.02123894
1227,2016-03-01,2016-05-31,52.89000000,49.39000000,201603-201606,-0.06617508
1227,2016-04-01,2016-06-30,50.22000000,50.15000000,201604-201607,-0.00139387
1227,2016-05-03,2016-07-29,50.03000000,50.41000000,201605-201608,0.00759544
1227,2016-06-01,2016-08-31,50.03000000,56.33000000,201606-201609,0.12592445
1227,2016-07-01,2016-09-30,50.53000000,57.77000000,201607-201610,0.14328122
1227,2016-08-01,2016-10-31,51.11000000,56.18000000,201608-201611,0.09919781
1227,2016-09-01,2016-11-30,55.54000000,54.39000000,201609-201612,-0.02070580
1227,2016-10-03,2016-12-30,57.48000000,55.10000000,201610-201701,-0.04140571
1227,2016-11-01,2017-01-24,56.69000000,55.25000000,201611-201702,-0.02540131
1227,2016-12-01,2017-02-24,54.17000000,55.39000000,201612-201703,0.02252169
1227,2017-01-03,2017-03-31,54.82000000,54.24000000,201701-201704,-0.01058008
1227,2017-02-02,2017-04-28,54.82000000,53.59000000,201702-201705,-0.02243707
1227,2017-03-01,2017-05-31,55.61000000,58.20000000,201703-201706,0.04657436
1227,2017-04-05,2017-06-30,54.24000000,58.77000000,201704-201707,0.08351770
1227,2017-05-02,2017-07-31,53.52000000,57.84000000,201705-201708,0.08071749
1227,2017-06-01,2017-08-31,57.26000000,58.89000000,201706-201709,0.02846664
1227,2017-07-03,2017-09-30,59.35000000,56.53000000,201707-201710,-0.04751474
1227,2017-08-01,2017-10-31,57.77000000,57.06000000,201708-201711,-0.01229012
1227,2017-09-01,2017-11-30,58.36000000,57.37000000,201709-201712,-0.01696367
1227,2017-10-02,2017-12-29,56.53000000,56.53000000,201710-201801,0.00000000
1227,2017-11-01,2018-01-31,57.37000000,57.14000000,201711-201802,-0.00400906
1227,2017-12-01,2018-02-27,56.22000000,52.40000000,201712-201803,-0.06794735
1227,2018-01-02,2018-03-31,56.75000000,51.79000000,201801-201804,-0.08740088
1227,2018-02-01,2018-04-30,57.14000000,50.87000000,201802-201805,-0.10973049
1227,2018-03-01,2018-05-31,51.71000000,46.75000000,201803-201806,-0.09591955
1227,2018-04-02,2018-06-29,52.25000000,47.13000000,201804-201807,-0.09799043
1227,2018-05-02,2018-07-31,51.48000000,46.77000000,201805-201808,-0.09149184
1227,2018-06-01,2018-08-31,46.37000000,41.08000000,201806-201809,-0.11408238
1227,2018-07-02,2018-09-28,47.28000000,40.13000000,201807-201810,-0.15122673
1227,2018-08-01,2018-10-31,46.53000000,36.70000000,201808-201811,-0.21126155
1227,2018-09-03,2018-11-30,41.08000000,38.59000000,201809-201812,-0.06061344
1227,2018-10-01,2018-12-28,40.13000000,39.26000000,201810-201901,-0.02167954
1227,2018-11-01,2019-01-30,36.10000000,39.42000000,201811-201902,0.09196676
1227,2018-12-03,2019-02-27,38.83000000,41.63000000,201812-201903,0.07210919
1227,2019-01-02,2019-03-29,38.20000000,40.92000000,201901-201904,0.07120419
1227,2019-02-11,2019-04-30,40.45000000,43.21000000,201902-201905,0.06823239
1227,2019-03-04,2019-05-31,42.82000000,47.88000000,201903-201906,0.11816908
1227,2019-04-01,2019-06-28,40.61000000,47.95000000,201904-201907,0.18074366
1227,2019-05-02,2019-07-31,42.74000000,49.49000000,201905-201908,0.15793168
1227,2019-06-03,2019-08-30,48.03000000,51.22000000,201906-201909,0.06641682
1227,2019-07-01,2019-09-27,47.95000000,51.14000000,201907-201910,0.06652763
1227,2019-08-01,2019-10-31,49.00000000,50.56000000,201908-201911,0.03183673
1227,2019-09-02,2019-11-29,52.46000000,54.60000000,201909-201912,0.04079299
1227,2019-10-01,2019-12-31,51.88000000,57.32000000,201910-202001,0.10485736
1227,2019-11-01,2020-01-31,50.23000000,56.99000000,201911-202002,0.13458093
1227,2019-12-02,2020-02-27,55.59000000,55.92000000,201912-202003,0.00593632
1227,2020-01-02,2020-03-31,56.33000000,50.23000000,202001-202004,-0.10829043
1227,2020-02-03,2020-04-30,58.72000000,55.42000000,202002-202005,-0.05619891
1227,2020-03-02,2020-05-29,56.08000000,52.29000000,202003-202006,-0.06758203
1227,2020-04-01,2020-06-30,51.06000000,51.88000000,202004-202007,0.01605954
1227,2020-05-04,2020-07-31,54.19000000,52.54000000,202005-202008,-0.03044842
1227,2020-06-01,2020-08-31,52.87000000,54.60000000,202006-202009,0.03272177
1227,2020-07-01,2020-09-30,52.46000000,52.11000000,202007-202010,-0.00667175
1227,2020-08-03,2020-10-30,52.54000000,52.37000000,202008-202011,-0.00323563
1227,2020-09-01,2020-11-30,54.25000000,53.48000000,202009-202012,-0.01419355
1227,2020-10-05,2020-12-31,52.45000000,52.54000000,202010-202101,0.00171592
1229,2017-11-01,2018-01-31,14.29000000,16.91000000,201711-201802,0.18334500
1229,2017-12-01,2018-02-27,14.73000000,16.97000000,201712-201803,0.15207060
1229,2018-01-02,2018-03-31,16.28000000,17.55000000,201801-201804,0.07800983
1229,2018-02-01,2018-04-30,17.33000000,16.97000000,201802-201805,-0.02077323
1229,2018-03-01,2018-05-31,17.08000000,17.15000000,201803-201806,0.00409836
1229,2018-04-02,2018-06-29,17.24000000,16.91000000,201804-201807,-0.01914153
1229,2018-05-02,2018-07-31,16.66000000,17.69000000,201805-201808,0.06182473
1229,2018-06-01,2018-08-31,17.13000000,18.78000000,201806-201809,0.09632224
1229,2018-07-02,2018-09-28,17.06000000,18.18000000,201807-201810,0.06565064
1229,2018-08-01,2018-10-31,17.82000000,15.69000000,201808-201811,-0.11952862
1229,2018-09-03,2018-11-30,18.62000000,15.69000000,201809-201812,-0.15735768
1229,2018-10-01,2018-12-28,18.26000000,15.27000000,201810-201901,-0.16374589
1229,2018-11-01,2019-01-30,15.87000000,15.53000000,201811-201902,-0.02142407
1229,2018-12-03,2019-02-27,16.02000000,16.30000000,201812-201903,0.01747815
1229,2019-01-02,2019-03-29,15.27000000,17.33000000,201901-201904,0.13490504
1229,2019-02-11,2019-04-30,15.53000000,17.46000000,201902-201905,0.12427560
1229,2019-03-04,2019-05-31,16.33000000,18.67000000,201903-201906,0.14329455
1229,2019-04-01,2019-06-28,17.28000000,19.27000000,201904-201907,0.11516204
1229,2019-05-02,2019-07-31,17.51000000,20.14000000,201905-201908,0.15019989
1229,2019-06-03,2019-08-30,18.60000000,19.13000000,201906-201909,0.02849462
1229,2019-07-01,2019-09-27,19.29000000,19.07000000,201907-201910,-0.01140487
1229,2019-08-01,2019-10-31,20.32000000,19.61000000,201908-201911,-0.03494094
1229,2019-09-02,2019-11-29,19.33000000,20.12000000,201909-201912,0.04086912
1229,2019-10-01,2019-12-31,19.13000000,20.91000000,201910-202001,0.09304757
1229,2019-11-01,2020-01-31,19.55000000,21.34000000,201911-202002,0.09156010
1229,2019-12-02,2020-02-27,20.03000000,21.51000000,201912-202003,0.07388917
1229,2020-01-02,2020-03-31,21.00000000,21.08000000,202001-202004,0.00380952
1229,2020-02-03,2020-04-30,21.25000000,24.39000000,202002-202005,0.14776471
1229,2020-03-02,2020-05-29,21.22000000,23.37000000,202003-202006,0.10131951
1229,2020-04-01,2020-06-30,21.45000000,24.05000000,202004-202007,0.12121212
1229,2020-05-04,2020-07-31,24.59000000,26.54000000,202005-202008,0.07930053
1229,2020-06-01,2020-08-31,23.77000000,28.57000000,202006-202009,0.20193521
1229,2020-07-01,2020-09-30,24.19000000,27.04000000,202007-202010,0.11781728
1229,2020-08-03,2020-10-30,26.74000000,27.15000000,202008-202011,0.01533283
1229,2020-09-01,2020-11-30,28.74000000,27.99000000,202009-202012,-0.02609603
1229,2020-10-05,2020-12-31,26.94000000,28.95000000,202010-202101,0.07461024
1234,2012-04-02,2012-06-29,24.34000000,25.28000000,201204-201207,0.03861956
1234,2012-05-02,2012-07-31,25.11000000,26.16000000,201205-201208,0.04181601
1234,2012-06-01,2012-08-31,24.31000000,26.30000000,201206-201209,0.08185932
1234,2012-07-02,2012-09-28,25.55000000,32.71000000,201207-201210,0.28023483
1234,2012-08-01,2012-10-31,26.03000000,23.27000000,201208-201211,-0.10603150
1234,2012-09-03,2012-11-30,27.29000000,25.49000000,201209-201212,-0.06595823
1234,2012-10-01,2012-12-28,30.80000000,26.27000000,201210-201301,-0.14707792
1262,2016-05-03,2016-07-29,123.62000000,127.97000000,201605-201608,0.03518848
1262,2016-06-01,2016-08-31,133.20000000,123.19000000,201606-201609,-0.07515015
1262,2016-07-01,2016-09-30,132.76000000,138.72000000,201607-201610,0.04489304
1262,2016-10-03,2016-12-30,142.78000000,131.07000000,201610-201701,-0.08201429
1262,2016-11-01,2017-01-24,146.38000000,137.82000000,201611-201702,-0.05847793
1262,2016-12-01,2017-02-24,130.17000000,147.28000000,201612-201703,0.13144350
1262,2017-02-02,2017-04-28,145.93000000,132.87000000,201702-201705,-0.08949496
1301,2010-01-04,2010-03-31,33.48000000,34.98000000,201001-201004,0.04480287
1301,2010-02-01,2010-04-30,33.63000000,34.98000000,201002-201005,0.04014273
1301,2010-03-01,2010-05-31,34.38000000,32.28000000,201003-201006,-0.06108202
1301,2010-04-01,2010-06-30,35.63000000,33.98000000,201004-201007,-0.04630929
1301,2010-05-03,2010-07-30,34.98000000,35.39000000,201005-201008,0.01172098
1301,2010-06-01,2010-08-31,31.58000000,37.56000000,201006-201009,0.18936035
1301,2010-07-01,2010-09-30,33.08000000,40.57000000,201007-201010,0.22642080
1301,2010-08-02,2010-10-29,35.86000000,46.44000000,201008-201011,0.29503625
1301,2010-09-01,2010-11-30,37.66000000,47.98000000,201009-201012,0.27403080
1301,2010-10-01,2010-12-31,40.73000000,51.57000000,201010-201101,0.26614289
1301,2010-11-01,2011-01-28,47.34000000,52.53000000,201011-201102,0.10963245
1301,2010-12-01,2011-02-25,49.67000000,52.63000000,201012-201103,0.05959332
1301,2011-01-03,2011-03-31,51.31000000,54.75000000,201101-201104,0.06704346
1301,2011-02-08,2011-04-29,53.96000000,61.89000000,201102-201105,0.14696071
1301,2011-03-01,2011-05-31,52.58000000,58.19000000,201103-201106,0.10669456
1301,2011-04-01,2011-06-30,55.01000000,54.75000000,201104-201107,-0.00472641
1301,2011-05-03,2011-07-29,61.36000000,61.18000000,201105-201108,-0.00293351
1301,2011-06-01,2011-08-31,60.04000000,50.80000000,201106-201109,-0.15389740
1301,2011-07-01,2011-09-30,56.07000000,46.06000000,201107-201110,-0.17852684
1301,2011-08-01,2011-10-31,56.95000000,50.18000000,201108-201111,-0.11887621
1301,2011-09-01,2011-11-30,51.03000000,44.77000000,201109-201112,-0.12267294
1301,2011-10-03,2011-12-30,43.58000000,45.56000000,201110-201201,0.04543369
1301,2011-11-01,2012-01-31,50.24000000,48.60000000,201111-201202,-0.03264331
1301,2011-12-01,2012-02-29,46.35000000,51.87000000,201112-201203,0.11909385
1301,2012-01-02,2012-03-30,44.66000000,49.00000000,201201-201204,0.09717868
1301,2012-02-01,2012-04-30,47.53000000,46.80000000,201202-201205,-0.01535872
1301,2012-03-01,2012-05-31,51.03000000,44.03000000,201203-201206,-0.13717421
1301,2012-04-02,2012-06-29,48.04000000,44.99000000,201204-201207,-0.06348876
1301,2012-05-02,2012-07-31,46.80000000,49.25000000,201205-201208,0.05235043
1301,2012-06-01,2012-08-31,43.47000000,47.88000000,201206-201209,0.10144928
1301,2012-07-02,2012-09-28,45.22000000,49.72000000,201207-201210,0.09951349
1301,2012-08-01,2012-10-31,49.25000000,47.23000000,201208-201211,-0.04101523
1301,2012-09-03,2012-11-30,47.82000000,45.39000000,201209-201212,-0.05081556
1301,2012-10-01,2012-12-28,49.54000000,46.64000000,201210-201301,-0.05853855
1301,2016-01-04,2016-03-31,47.64000000,52.51000000,201601-201604,0.10222502
1301,2016-02-01,2016-04-29,50.14000000,52.84000000,201602-201605,0.05384922
1301,2016-03-01,2016-05-31,52.31000000,51.98000000,201603-201606,-0.00630855
1301,2016-04-01,2016-06-30,52.31000000,51.19000000,201604-201607,-0.02141082
1301,2016-05-03,2016-07-29,51.98000000,53.58000000,201605-201608,0.03078107
1301,2016-06-01,2016-08-31,51.98000000,53.93000000,201606-201609,0.03751443
1301,2016-07-01,2016-09-30,51.85000000,53.58000000,201607-201610,0.03336548
1301,2016-08-01,2016-10-31,53.86000000,58.82000000,201608-201611,0.09209061
1301,2016-09-01,2016-11-30,53.03000000,62.54000000,201609-201612,0.17933245
1301,2016-10-03,2016-12-30,53.86000000,61.44000000,201610-201701,0.14073524
1301,2016-11-01,2017-01-24,58.54000000,62.13000000,201611-201702,0.06132559
1301,2016-12-01,2017-02-24,62.74000000,63.78000000,201612-201703,0.01657635
1301,2017-01-03,2017-03-31,62.06000000,62.33000000,201701-201704,0.00435063
1301,2017-02-02,2017-04-28,61.30000000,62.47000000,201702-201705,0.01908646
1301,2017-03-01,2017-05-31,62.68000000,61.78000000,201703-201706,-0.01435865
1301,2017-04-05,2017-06-30,63.85000000,63.85000000,201704-201707,0.00000000
1301,2017-05-02,2017-07-31,62.95000000,65.65000000,201705-201708,0.04289118
1301,2017-06-01,2017-08-31,61.57000000,68.04000000,201706-201709,0.10508364
1301,2017-07-03,2017-09-30,63.98000000,66.52000000,201707-201710,0.03969991
1301,2017-08-01,2017-10-31,66.15000000,66.59000000,201708-201711,0.00665155
1301,2017-09-01,2017-11-30,67.89000000,65.65000000,201709-201712,-0.03299455
1301,2017-10-02,2017-12-29,66.52000000,71.52000000,201710-201801,0.07516536
1301,2017-11-01,2018-01-31,66.23000000,74.99000000,201711-201802,0.13226634
1301,2017-12-01,2018-02-27,67.24000000,74.99000000,201712-201803,0.11525877
1301,2018-01-02,2018-03-31,71.08000000,75.36000000,201801-201804,0.06021384
1301,2018-02-01,2018-04-30,74.63000000,75.72000000,201802-201805,0.01460539
1301,2018-03-01,2018-05-31,73.91000000,77.89000000,201803-201806,0.05384928
1301,2018-04-02,2018-06-29,74.27000000,81.52000000,201804-201807,0.09761680
1301,2018-05-02,2018-07-31,76.44000000,85.89000000,201805-201808,0.12362637
1301,2018-06-01,2018-08-31,79.34000000,85.89000000,201806-201809,0.08255609
1301,2018-07-02,2018-09-28,81.52000000,89.32000000,201807-201810,0.09568204
1301,2018-08-01,2018-10-31,86.27000000,77.11000000,201808-201811,-0.10617828
1301,2018-09-03,2018-11-30,84.74000000,76.34000000,201809-201812,-0.09912674
1301,2018-10-01,2018-12-28,89.70000000,77.11000000,201810-201901,-0.14035674
1301,2018-11-01,2019-01-30,77.49000000,77.87000000,201811-201902,0.00490386
1301,2018-12-03,2019-02-27,77.87000000,78.25000000,201812-201903,0.00487993
1301,2019-01-02,2019-03-29,74.51000000,83.60000000,201901-201904,0.12199705
1301,2019-02-11,2019-04-30,76.34000000,85.51000000,201902-201905,0.12012051
1301,2019-03-04,2019-05-31,77.49000000,84.36000000,201903-201906,0.08865660
1301,2019-04-01,2019-06-28,82.07000000,87.41000000,201904-201907,0.06506641
1301,2019-05-02,2019-07-31,85.51000000,80.80000000,201905-201908,-0.05508128
1301,2019-06-03,2019-08-30,83.60000000,75.66000000,201906-201909,-0.09497608
1301,2019-07-01,2019-09-27,87.80000000,75.98000000,201907-201910,-0.13462415
1301,2019-08-01,2019-10-31,80.00000000,78.63000000,201908-201911,-0.01712500
1301,2019-09-02,2019-11-29,75.58000000,78.15000000,201909-201912,0.03400370
1301,2019-10-01,2019-12-31,76.22000000,80.24000000,201910-202001,0.05274206
1301,2019-11-01,2020-01-31,78.87000000,75.09000000,201911-202002,-0.04792697
1301,2019-12-02,2020-02-27,78.87000000,73.16000000,201912-202003,-0.07239762
1301,2020-01-02,2020-03-31,80.08000000,60.38000000,202001-202004,-0.24600400
1301,2020-02-03,2020-04-30,74.77000000,70.67000000,202002-202005,-0.05483483
1301,2020-03-02,2020-05-29,72.36000000,66.73000000,202003-202006,-0.07780542
1301,2020-04-01,2020-06-30,59.82000000,70.43000000,202004-202007,0.17736543
1301,2020-05-04,2020-07-31,68.74000000,66.45000000,202005-202008,-0.03331394
1301,2020-06-01,2020-08-31,67.37000000,66.20000000,202006-202009,-0.01736678
1301,2020-07-01,2020-09-30,70.43000000,66.54000000,202007-202010,-0.05523215
1301,2020-08-03,2020-10-30,65.52000000,66.96000000,202008-202011,0.02197802
1301,2020-09-01,2020-11-30,65.94000000,72.12000000,202009-202012,0.09372157
1301,2020-10-05,2020-12-31,67.72000000,81.60000000,202010-202101,0.20496161
1303,2010-01-04,2010-03-31,29.66000000,33.37000000,201001-201004,0.12508429
1303,2010-02-01,2010-04-30,30.38000000,34.09000000,201002-201005,0.12211982
1303,2010-03-01,2010-05-31,32.59000000,27.24000000,201003-201006,-0.16416079
1303,2010-04-01,2010-06-30,33.62000000,26.62000000,201004-201007,-0.20820940
1303,2010-05-03,2010-07-30,33.32000000,30.06000000,201005-201008,-0.09783914
1303,2010-06-01,2010-08-31,26.57000000,32.94000000,201006-201009,0.23974407
1303,2010-07-01,2010-09-30,26.00000000,36.46000000,201007-201010,0.40230769
1303,2010-08-02,2010-10-29,30.59000000,36.35000000,201008-201011,0.18829683
1303,2010-09-01,2010-11-30,33.05000000,36.19000000,201009-201012,0.09500756
1303,2010-10-01,2010-12-31,36.51000000,38.75000000,201010-201101,0.06135305
1303,2010-11-01,2011-01-28,37.31000000,42.91000000,201011-201102,0.15009381
1303,2010-12-01,2011-02-25,36.99000000,45.68000000,201012-201103,0.23492836
1303,2011-01-03,2011-03-31,38.70000000,46.21000000,201101-201104,0.19405685
1303,2011-02-08,2011-04-29,45.89000000,46.80000000,201102-201105,0.01983003
1303,2011-03-01,2011-05-31,45.15000000,42.48000000,201103-201106,-0.05913621
1303,2011-04-01,2011-06-30,46.37000000,40.83000000,201104-201107,-0.11947380
1303,2011-05-03,2011-07-29,45.89000000,45.20000000,201105-201108,-0.01503596
1303,2011-06-01,2011-08-31,43.49000000,39.19000000,201106-201109,-0.09887330
1303,2011-07-01,2011-09-30,41.04000000,37.60000000,201107-201110,-0.08382066
1303,2011-08-01,2011-10-31,42.08000000,38.51000000,201108-201111,-0.08483840
1303,2011-09-01,2011-11-30,39.76000000,31.31000000,201109-201112,-0.21252515
1303,2011-10-03,2011-12-30,37.26000000,34.09000000,201110-201201,-0.08507783
1303,2011-11-01,2012-01-31,38.06000000,35.45000000,201111-201202,-0.06857593
1303,2011-12-01,2012-02-29,32.78000000,40.95000000,201112-201203,0.24923734
1303,2012-01-02,2012-03-30,34.03000000,37.83000000,201201-201204,0.11166618
1303,2012-02-01,2012-04-30,35.28000000,34.14000000,201202-201205,-0.03231293
1303,2012-03-01,2012-05-31,40.61000000,29.72000000,201203-201206,-0.26816055
1303,2012-04-02,2012-06-29,37.03000000,30.29000000,201204-201207,-0.18201458
1303,2012-05-02,2012-07-31,34.43000000,34.50000000,201205-201208,0.00203311
1303,2012-06-01,2012-08-31,29.21000000,33.21000000,201206-201209,0.13693940
1303,2012-07-02,2012-09-28,30.29000000,34.68000000,201207-201210,0.14493232
1303,2012-08-01,2012-10-31,34.03000000,30.38000000,201208-201211,-0.10725830
1303,2012-09-03,2012-11-30,32.85000000,30.32000000,201209-201212,-0.07701674
1303,2012-10-01,2012-12-28,33.92000000,33.03000000,201210-201301,-0.02623821
1303,2016-01-04,2016-03-31,36.53000000,43.02000000,201601-201604,0.17766220
1303,2016-02-01,2016-04-29,37.55000000,40.22000000,201602-201605,0.07110519
1303,2016-03-01,2016-05-31,41.24000000,39.58000000,201603-201606,-0.04025218
1303,2016-04-01,2016-06-30,42.57000000,38.82000000,201604-201607,-0.08809020
1303,2016-05-03,2016-07-29,39.90000000,40.50000000,201605-201608,0.01503759
1303,2016-06-01,2016-08-31,39.46000000,40.64000000,201606-201609,0.02990370
1303,2016-07-01,2016-09-30,38.88000000,41.58000000,201607-201610,0.06944444
1303,2016-08-01,2016-10-31,41.31000000,44.06000000,201608-201611,0.06656984
1303,2016-09-01,2016-11-30,40.30000000,45.00000000,201609-201612,0.11662531
1303,2016-10-03,2016-12-30,41.24000000,47.74000000,201610-201701,0.15761397
1303,2016-11-01,2017-01-24,43.52000000,49.29000000,201611-201702,0.13258272
1303,2016-12-01,2017-02-24,45.93000000,50.02000000,201612-201703,0.08904855
1303,2017-01-03,2017-03-31,47.74000000,48.21000000,201701-201704,0.00984499
1303,2017-02-02,2017-04-28,49.89000000,48.75000000,201702-201705,-0.02285027
1303,2017-03-01,2017-05-31,48.62000000,48.01000000,201703-201706,-0.01254628
1303,2017-04-05,2017-06-30,48.28000000,50.63000000,201704-201707,0.04867440
1303,2017-05-02,2017-07-31,48.82000000,54.09000000,201705-201708,0.10794756
1303,2017-06-01,2017-08-31,47.95000000,54.23000000,201706-201709,0.13096976
1303,2017-07-03,2017-09-30,50.63000000,53.38000000,201707-201710,0.05431562
1303,2017-08-01,2017-10-31,54.09000000,52.95000000,201708-201711,-0.02107598
1303,2017-09-01,2017-11-30,53.95000000,53.81000000,201709-201712,-0.00259500
1303,2017-10-02,2017-12-29,52.95000000,55.44000000,201710-201801,0.04702550
1303,2017-11-01,2018-01-31,53.31000000,57.01000000,201711-201802,0.06940536
1303,2017-12-01,2018-02-27,53.38000000,57.37000000,201712-201803,0.07474710
1303,2018-01-02,2018-03-31,54.80000000,58.08000000,201801-201804,0.05985401
1303,2018-02-01,2018-04-30,57.01000000,58.08000000,201802-201805,0.01876864
1303,2018-03-01,2018-05-31,56.30000000,59.57000000,201803-201806,0.05808171
1303,2018-04-02,2018-06-29,58.08000000,62.06000000,201804-201807,0.06852617
1303,2018-05-02,2018-07-31,59.00000000,64.17000000,201805-201808,0.08762712
1303,2018-06-01,2018-08-31,60.57000000,64.54000000,201806-201809,0.06554400
1303,2018-07-02,2018-09-28,62.14000000,64.09000000,201807-201810,0.03138075
1303,2018-08-01,2018-10-31,64.09000000,58.12000000,201808-201811,-0.09315026
1303,2018-09-03,2018-11-30,63.94000000,56.16000000,201809-201812,-0.12167657
1303,2018-10-01,2018-12-28,64.24000000,57.06000000,201810-201901,-0.11176837
1303,2018-11-01,2019-01-30,58.20000000,57.67000000,201811-201902,-0.00910653
1303,2018-12-03,2019-02-27,56.23000000,58.12000000,201812-201903,0.03361195
1303,2019-01-02,2019-03-29,55.17000000,59.63000000,201901-201904,0.08084104
1303,2019-02-11,2019-04-30,56.31000000,59.03000000,201902-201905,0.04830403
1303,2019-03-04,2019-05-31,57.14000000,59.33000000,201903-201906,0.03832692
1303,2019-04-01,2019-06-28,59.03000000,59.41000000,201904-201907,0.00643740
1303,2019-05-02,2019-07-31,59.71000000,57.56000000,201905-201908,-0.03600737
1303,2019-06-03,2019-08-30,59.18000000,55.55000000,201906-201909,-0.06133829
1303,2019-07-01,2019-09-27,59.56000000,56.27000000,201907-201910,-0.05523842
1303,2019-08-01,2019-10-31,57.08000000,58.13000000,201908-201911,0.01839523
1303,2019-09-02,2019-11-29,55.30000000,57.73000000,201909-201912,0.04394213
1303,2019-10-01,2019-12-31,57.00000000,58.78000000,201910-202001,0.03122807
1303,2019-11-01,2020-01-31,57.97000000,56.27000000,201911-202002,-0.02932551
1303,2019-12-02,2020-02-27,57.81000000,54.98000000,201912-202003,-0.04895347
1303,2020-01-02,2020-03-31,58.61000000,44.16000000,202001-202004,-0.24654496
1303,2020-02-03,2020-04-30,55.30000000,53.45000000,202002-202005,-0.03345389
1303,2020-03-02,2020-05-29,54.66000000,50.78000000,202003-202006,-0.07098427
1303,2020-04-01,2020-06-30,43.35000000,52.15000000,202004-202007,0.20299885
1303,2020-05-04,2020-07-31,51.27000000,51.00000000,202005-202008,-0.00526624
1303,2020-06-01,2020-08-31,51.02000000,51.34000000,202006-202009,0.00627205
1303,2020-07-01,2020-09-30,52.64000000,49.67000000,202007-202010,-0.05642097
1303,2020-08-03,2020-10-30,50.25000000,49.00000000,202008-202011,-0.02487562
1303,2020-09-01,2020-11-30,50.75000000,53.59000000,202009-202012,0.05596059
1303,2020-10-05,2020-12-31,49.84000000,60.02000000,202010-202101,0.20425361
1304,2010-10-01,2010-12-31,12.71000000,13.45000000,201010-201101,0.05822187
1304,2010-11-01,2011-01-28,12.25000000,17.73000000,201011-201102,0.44734694
1304,2010-12-01,2011-02-25,12.83000000,17.16000000,201012-201103,0.33749026
1304,2011-01-03,2011-03-31,14.37000000,18.42000000,201101-201104,0.28183716
1304,2011-02-08,2011-04-29,18.63000000,17.60000000,201102-201105,-0.05528717
1304,2011-03-01,2011-05-31,17.04000000,16.19000000,201103-201106,-0.04988263
1304,2011-04-01,2011-06-30,18.49000000,15.22000000,201104-201107,-0.17685235
1304,2011-05-03,2011-07-29,17.60000000,18.19000000,201105-201108,0.03352273
1304,2011-06-01,2011-08-31,16.35000000,17.88000000,201106-201109,0.09357798
1304,2011-07-01,2011-09-30,15.36000000,16.36000000,201107-201110,0.06510417
1304,2011-08-01,2011-10-31,19.46000000,17.61000000,201108-201111,-0.09506680
1304,2011-09-01,2011-11-30,18.24000000,13.74000000,201109-201112,-0.24671053
1304,2011-10-03,2011-12-30,15.46000000,13.28000000,201110-201201,-0.14100906
1304,2011-11-01,2012-01-31,17.42000000,15.07000000,201111-201202,-0.13490241
1304,2011-12-01,2012-02-29,14.69000000,16.19000000,201112-201203,0.10211028
1304,2012-01-02,2012-03-30,12.65000000,15.86000000,201201-201204,0.25375494
1304,2012-02-01,2012-04-30,15.40000000,14.88000000,201202-201205,-0.03376623
1304,2012-03-01,2012-05-31,16.49000000,14.31000000,201203-201206,-0.13220133
1304,2012-04-02,2012-06-29,15.81000000,14.58000000,201204-201207,-0.07779886
1304,2012-05-02,2012-07-31,15.29000000,15.51000000,201205-201208,0.01438849
1304,2012-06-01,2012-08-31,14.26000000,16.30000000,201206-201209,0.14305750
1304,2012-07-02,2012-09-28,15.10000000,16.59000000,201207-201210,0.09867550
1304,2012-08-01,2012-10-31,15.67000000,14.29000000,201208-201211,-0.08806637
1304,2012-09-03,2012-11-30,16.43000000,14.71000000,201209-201212,-0.10468655
1304,2012-10-01,2012-12-28,16.62000000,15.10000000,201210-201301,-0.09145608
1312,2018-04-02,2018-06-29,24.57000000,24.16000000,201804-201807,-0.01668702
1312,2018-05-02,2018-07-31,27.46000000,24.40000000,201805-201808,-0.11143481
1313,2010-05-03,2010-07-30,9.36000000,8.63000000,201005-201008,-0.07799145
1313,2010-08-02,2010-10-29,8.81000000,11.23000000,201008-201011,0.27468785
1313,2010-10-01,2010-12-31,9.78000000,11.71000000,201010-201101,0.19734151
1313,2010-11-01,2011-01-28,11.16000000,11.76000000,201011-201102,0.05376344
1313,2010-12-01,2011-02-25,10.96000000,10.60000000,201012-201103,-0.03284672
1313,2011-01-03,2011-03-31,12.05000000,10.55000000,201101-201104,-0.12448133
1313,2011-02-08,2011-04-29,12.05000000,11.74000000,201102-201105,-0.02572614
1313,2011-03-01,2011-05-31,10.72000000,11.86000000,201103-201106,0.10634328
1313,2011-04-01,2011-06-30,10.65000000,11.13000000,201104-201107,0.04507042
1313,2011-05-03,2011-07-29,11.57000000,11.98000000,201105-201108,0.03543647
1313,2011-06-01,2011-08-31,11.76000000,9.07000000,201106-201109,-0.22874150
1313,2011-07-01,2011-09-30,11.23000000,7.12000000,201107-201110,-0.36598397
1313,2011-08-01,2011-10-31,12.38000000,8.01000000,201108-201111,-0.35298869
1313,2012-01-02,2012-03-30,7.91000000,8.86000000,201201-201204,0.12010114
1313,2012-02-01,2012-04-30,9.46000000,8.65000000,201202-201205,-0.08562368
1314,2010-01-04,2010-03-31,7.15000000,7.74000000,201001-201004,0.08251748
1314,2010-02-01,2010-04-30,6.51000000,8.84000000,201002-201005,0.35791091
1314,2010-03-01,2010-05-31,6.84000000,8.39000000,201003-201006,0.22660819
1314,2010-04-01,2010-06-30,7.77000000,9.18000000,201004-201007,0.18146718
1314,2010-05-03,2010-07-30,9.18000000,9.72000000,201005-201008,0.05882353
1314,2010-06-01,2010-08-31,8.45000000,10.64000000,201006-201009,0.25917160
1314,2010-07-01,2010-09-30,9.29000000,12.56000000,201007-201010,0.35199139
1314,2010-08-02,2010-10-29,10.08000000,14.59000000,201008-201011,0.44742063
1314,2010-09-01,2010-11-30,10.93000000,17.12000000,201009-201012,0.56633120
1314,2010-10-01,2010-12-31,12.48000000,16.28000000,201010-201101,0.30448718
1314,2010-11-01,2011-01-28,15.04000000,18.61000000,201011-201102,0.23736702
1314,2010-12-01,2011-02-25,16.87000000,19.04000000,201012-201103,0.12863071
1314,2011-01-03,2011-03-31,16.67000000,21.09000000,201101-201104,0.26514697
1314,2011-02-08,2011-04-29,19.91000000,20.08000000,201102-201105,0.00853842
1314,2011-03-01,2011-05-31,19.60000000,19.91000000,201103-201106,0.01581633
1314,2011-04-01,2011-06-30,21.32000000,18.47000000,201104-201107,-0.13367730
1314,2011-05-03,2011-07-29,19.83000000,25.23000000,201105-201108,0.27231467
1314,2011-06-01,2011-08-31,20.30000000,27.05000000,201106-201109,0.33251232
1314,2011-07-01,2011-09-30,18.53000000,20.94000000,201107-201110,0.13005936
1314,2011-08-01,2011-10-31,26.98000000,22.30000000,201108-201111,-0.17346182
1314,2011-09-01,2011-11-30,27.65000000,16.47000000,201109-201112,-0.40433996
1314,2011-10-03,2011-12-30,19.48000000,17.07000000,201110-201201,-0.12371663
1314,2011-11-01,2012-01-31,22.33000000,20.91000000,201111-201202,-0.06359158
1314,2011-12-01,2012-02-29,17.20000000,23.91000000,201112-201203,0.39011628
1314,2012-01-02,2012-03-30,16.85000000,21.13000000,201201-201204,0.25400593
1314,2012-02-01,2012-04-30,21.29000000,18.69000000,201202-201205,-0.12212306
1314,2012-03-01,2012-05-31,24.52000000,15.87000000,201203-201206,-0.35277325
1314,2012-04-02,2012-06-29,20.49000000,15.84000000,201204-201207,-0.22693997
1314,2012-05-02,2012-07-31,19.54000000,15.68000000,201205-201208,-0.19754350
1314,2012-06-01,2012-08-31,15.71000000,16.33000000,201206-201209,0.03946531
1314,2012-07-02,2012-09-28,15.93000000,16.94000000,201207-201210,0.06340239
1314,2012-08-01,2012-10-31,15.71000000,13.84000000,201208-201211,-0.11903246
1314,2012-09-03,2012-11-30,16.39000000,13.66000000,201209-201212,-0.16656498
1314,2012-10-01,2012-12-28,16.80000000,14.42000000,201210-201301,-0.14166667
1314,2016-12-01,2017-02-24,8.37000000,10.07000000,201612-201703,0.20310633
1314,2017-01-03,2017-03-31,8.33000000,9.62000000,201701-201704,0.15486194
1314,2017-02-02,2017-04-28,10.03000000,9.45000000,201702-201705,-0.05782652
1314,2017-03-01,2017-05-31,9.91000000,9.37000000,201703-201706,-0.05449041
1314,2017-04-05,2017-06-30,9.62000000,9.66000000,201704-201707,0.00415800
1314,2017-05-02,2017-07-31,9.41000000,10.44000000,201705-201708,0.10945802
1314,2017-07-03,2017-09-30,9.86000000,11.61000000,201707-201710,0.17748479
1314,2017-08-01,2017-10-31,10.69000000,11.15000000,201708-201711,0.04303087
1314,2017-09-01,2017-11-30,11.44000000,13.26000000,201709-201712,0.15909091
1314,2017-10-02,2017-12-29,11.73000000,12.72000000,201710-201801,0.08439898
1314,2017-11-01,2018-01-31,10.98000000,12.64000000,201711-201802,0.15118397
1314,2017-12-01,2018-02-27,12.97000000,11.15000000,201712-201803,-0.14032382
1314,2018-01-02,2018-03-31,12.77000000,10.40000000,201801-201804,-0.18559123
1314,2018-02-01,2018-04-30,12.85000000,10.82000000,201802-201805,-0.15797665
1314,2018-03-01,2018-05-31,10.86000000,11.44000000,201803-201806,0.05340700
1314,2018-04-02,2018-06-29,10.65000000,10.78000000,201804-201807,0.01220657
1314,2018-05-02,2018-07-31,10.69000000,11.69000000,201805-201808,0.09354537
1314,2018-06-01,2018-08-31,11.27000000,11.77000000,201806-201809,0.04436557
1314,2018-07-02,2018-09-28,10.65000000,11.56000000,201807-201810,0.08544601
1314,2018-08-01,2018-10-31,11.73000000,9.37000000,201808-201811,-0.20119352
1314,2018-09-03,2018-11-30,11.07000000,9.91000000,201809-201812,-0.10478771
1314,2018-10-01,2018-12-28,11.61000000,9.08000000,201810-201901,-0.21791559
1314,2018-11-01,2019-01-30,9.45000000,8.87000000,201811-201902,-0.06137566
1314,2018-12-03,2019-02-27,10.03000000,9.08000000,201812-201903,-0.09471585
1314,2019-01-02,2019-03-29,9.04000000,10.03000000,201901-201904,0.10951327
1314,2019-02-11,2019-04-30,8.79000000,9.66000000,201902-201905,0.09897611
1314,2019-03-04,2019-05-31,9.16000000,9.49000000,201903-201906,0.03602620
1314,2019-04-01,2019-06-28,9.78000000,9.60000000,201904-201907,-0.01840491
1314,2019-05-02,2019-07-31,9.66000000,9.46000000,201905-201908,-0.02070393
1314,2019-06-03,2019-08-30,9.37000000,9.03000000,201906-201909,-0.03628602
1314,2019-09-02,2019-11-29,9.14000000,8.89000000,201909-201912,-0.02735230
1314,2019-10-01,2019-12-31,9.14000000,8.92000000,201910-202001,-0.02407002
1314,2020-05-04,2020-07-31,7.19000000,7.35000000,202005-202008,0.02225313
1319,2010-01-04,2010-03-31,31.61000000,32.10000000,201001-201004,0.01550142
1319,2010-02-01,2010-04-30,25.89000000,30.03000000,201002-201005,0.15990730
1319,2010-03-01,2010-05-31,27.96000000,26.98000000,201003-201006,-0.03505007
1319,2010-04-01,2010-06-30,31.99000000,25.41000000,201004-201007,-0.20568928
1319,2010-05-03,2010-07-30,29.48000000,27.55000000,201005-201008,-0.06546811
1319,2010-06-01,2010-08-31,26.05000000,28.39000000,201006-201009,0.08982726
1319,2010-07-01,2010-09-30,25.41000000,30.24000000,201007-201010,0.19008264
1319,2010-08-02,2010-10-29,29.46000000,27.35000000,201008-201011,-0.07162254
1319,2010-09-01,2010-11-30,29.18000000,24.62000000,201009-201012,-0.15627142
1319,2010-10-01,2010-12-31,30.08000000,24.17000000,201010-201101,-0.19647606
1319,2010-11-01,2011-01-28,27.26000000,21.64000000,201011-201102,-0.20616288
1319,2010-12-01,2011-02-25,24.90000000,20.94000000,201012-201103,-0.15903614
1319,2011-12-01,2012-02-29,19.41000000,21.87000000,201112-201203,0.12673879
1319,2012-01-02,2012-03-30,19.22000000,19.10000000,201201-201204,-0.00624350
1319,2012-02-01,2012-04-30,21.54000000,17.64000000,201202-201205,-0.18105850
1319,2016-01-04,2016-03-31,27.41000000,33.68000000,201601-201604,0.22874863
1319,2016-02-01,2016-04-29,30.58000000,34.24000000,201602-201605,0.11968607
1319,2016-03-01,2016-05-31,34.52000000,33.68000000,201603-201606,-0.02433372
1319,2016-04-01,2016-06-30,34.90000000,33.30000000,201604-201607,-0.04584527
1319,2016-05-03,2016-07-29,33.44000000,40.99000000,201605-201608,0.22577751
1319,2016-06-01,2016-08-31,33.16000000,45.64000000,201606-201609,0.37635706
1319,2016-07-01,2016-09-30,33.75000000,53.13000000,201607-201610,0.57422222
1319,2016-08-01,2016-10-31,41.99000000,52.42000000,201608-201611,0.24839247
1319,2016-09-01,2016-11-30,44.49000000,48.56000000,201609-201612,0.09148123
1319,2016-10-03,2016-12-30,53.28000000,45.35000000,201610-201701,-0.14883634
1319,2016-11-01,2017-01-24,52.21000000,41.14000000,201611-201702,-0.21202835
1319,2016-12-01,2017-02-24,46.92000000,43.64000000,201612-201703,-0.06990622
1319,2017-01-03,2017-03-31,44.99000000,37.64000000,201701-201704,-0.16336964
1319,2017-02-02,2017-04-28,39.64000000,36.57000000,201702-201705,-0.07744702
1319,2017-03-01,2017-05-31,43.85000000,39.35000000,201703-201706,-0.10262258
1319,2017-04-05,2017-06-30,37.71000000,40.35000000,201704-201707,0.07000796
1319,2017-05-02,2017-07-31,36.78000000,41.55000000,201705-201708,0.12969005
1319,2017-06-01,2017-08-31,40.28000000,41.84000000,201706-201709,0.03872890
1319,2017-07-03,2017-09-30,41.14000000,45.99000000,201707-201710,0.11789013
1319,2017-08-01,2017-10-31,42.73000000,46.58000000,201708-201711,0.09010063
1319,2017-09-01,2017-11-30,41.40000000,43.32000000,201709-201712,0.04637681
1319,2017-10-02,2017-12-29,47.69000000,42.66000000,201710-201801,-0.10547285
1319,2017-11-01,2018-01-31,45.69000000,39.77000000,201711-201802,-0.12956883
1319,2017-12-01,2018-02-27,42.29000000,38.88000000,201712-201803,-0.08063372
1319,2018-01-02,2018-03-31,43.03000000,38.66000000,201801-201804,-0.10155705
1319,2018-02-01,2018-04-30,39.40000000,39.70000000,201802-201805,0.00761421
1319,2018-03-01,2018-05-31,39.25000000,37.47000000,201803-201806,-0.04535032
1319,2018-04-02,2018-06-29,38.96000000,34.77000000,201804-201807,-0.10754620
1319,2018-05-02,2018-07-31,39.18000000,34.94000000,201805-201808,-0.10821848
1319,2018-06-01,2018-08-31,37.25000000,34.05000000,201806-201809,-0.08590604
1326,2010-01-04,2010-03-31,35.16000000,37.92000000,201001-201004,0.07849829
1326,2010-02-01,2010-04-30,34.70000000,40.57000000,201002-201005,0.16916427
1326,2010-03-01,2010-05-31,37.10000000,36.69000000,201003-201006,-0.01105121
1326,2010-04-01,2010-06-30,38.22000000,37.82000000,201004-201007,-0.01046572
1326,2010-05-03,2010-07-30,40.01000000,37.79000000,201005-201008,-0.05548613
1326,2010-06-01,2010-08-31,35.57000000,38.60000000,201006-201009,0.08518414
1326,2010-07-01,2010-09-30,37.26000000,40.94000000,201007-201010,0.09876543
1326,2010-08-02,2010-10-29,38.33000000,47.61000000,201008-201011,0.24210801
1326,2010-09-01,2010-11-30,38.50000000,48.96000000,201009-201012,0.27168831
1326,2010-10-01,2010-12-31,41.21000000,53.24000000,201010-201101,0.29191944
1326,2010-11-01,2011-01-28,48.26000000,57.47000000,201011-201102,0.19084128
1326,2010-12-01,2011-02-25,49.29000000,54.76000000,201012-201103,0.11097586
1326,2011-01-03,2011-03-31,52.97000000,60.46000000,201101-201104,0.14140079
1326,2011-02-08,2011-04-29,57.47000000,62.62000000,201102-201105,0.08961197
1326,2011-03-01,2011-05-31,55.30000000,59.37000000,201103-201106,0.07359855
1326,2011-04-01,2011-06-30,60.46000000,58.02000000,201104-201107,-0.04035726
1326,2011-05-03,2011-07-29,61.27000000,60.83000000,201105-201108,-0.00718133
1326,2011-06-01,2011-08-31,60.73000000,51.28000000,201106-201109,-0.15560678
1326,2011-07-01,2011-09-30,56.93000000,46.33000000,201107-201110,-0.18619357
1326,2011-08-01,2011-10-31,56.58000000,50.93000000,201108-201111,-0.09985861
1326,2011-09-01,2011-11-30,51.34000000,45.05000000,201109-201112,-0.12251656
1326,2011-10-03,2011-12-30,45.52000000,46.51000000,201110-201201,0.02174868
1326,2011-11-01,2012-01-31,50.58000000,49.48000000,201111-201202,-0.02174773
1326,2011-12-01,2012-02-29,47.26000000,53.55000000,201112-201203,0.13309353
1326,2012-01-02,2012-03-30,45.75000000,50.17000000,201201-201204,0.09661202
1326,2012-02-01,2012-04-30,49.24000000,49.30000000,201202-201205,0.00121852
1326,2012-03-01,2012-05-31,52.85000000,45.98000000,201203-201206,-0.12999054
1326,2012-04-02,2012-06-29,49.65000000,45.63000000,201204-201207,-0.08096677
1326,2012-05-02,2012-07-31,49.42000000,48.68000000,201205-201208,-0.01497369
1326,2012-06-01,2012-08-31,44.82000000,47.39000000,201206-201209,0.05734047
1326,2012-07-02,2012-09-28,45.93000000,48.31000000,201207-201210,0.05181798
1326,2012-08-01,2012-10-31,49.05000000,42.42000000,201208-201211,-0.13516820
1326,2012-09-03,2012-11-30,47.33000000,42.18000000,201209-201212,-0.10881048
1326,2012-10-01,2012-12-28,48.31000000,45.98000000,201210-201301,-0.04823018
1326,2016-01-04,2016-03-31,45.67000000,53.70000000,201601-201604,0.17582658
1326,2016-02-01,2016-04-29,48.14000000,55.17000000,201602-201605,0.14603241
1326,2016-03-01,2016-05-31,50.15000000,55.04000000,201603-201606,0.09750748
1326,2016-04-01,2016-06-30,54.30000000,54.24000000,201604-201607,-0.00110497
1326,2016-05-03,2016-07-29,54.10000000,58.12000000,201605-201608,0.07430684
1326,2016-06-01,2016-08-31,54.84000000,57.63000000,201606-201609,0.05087527
1326,2016-07-01,2016-09-30,55.04000000,58.96000000,201607-201610,0.07122093
1326,2016-08-01,2016-10-31,58.33000000,65.67000000,201608-201611,0.12583576
1326,2016-09-01,2016-11-30,56.23000000,69.87000000,201609-201612,0.24257514
1326,2016-10-03,2016-12-30,59.59000000,67.35000000,201610-201701,0.13022319
1326,2016-11-01,2017-01-24,65.74000000,67.70000000,201611-201702,0.02981442
1326,2016-12-01,2017-02-24,69.59000000,67.98000000,201612-201703,-0.02313551
1326,2017-01-03,2017-03-31,68.05000000,66.02000000,201701-201704,-0.02983101
1326,2017-02-02,2017-04-28,66.58000000,64.91000000,201702-201705,-0.02508261
1326,2017-03-01,2017-05-31,66.44000000,63.86000000,201703-201706,-0.03883203
1326,2017-04-05,2017-06-30,66.44000000,66.79000000,201704-201707,0.00526791
1326,2017-05-02,2017-07-31,65.25000000,67.58000000,201705-201708,0.03570881
1326,2017-06-01,2017-08-31,63.37000000,70.48000000,201706-201709,0.11219820
1326,2017-07-03,2017-09-30,67.28000000,68.40000000,201707-201710,0.01664685
1326,2017-08-01,2017-10-31,68.10000000,68.03000000,201708-201711,-0.00102790
1326,2017-09-01,2017-11-30,70.56000000,67.58000000,201709-201712,-0.04223356
1326,2017-10-02,2017-12-29,68.25000000,76.50000000,201710-201801,0.12087912
1326,2017-11-01,2018-01-31,68.25000000,80.95000000,201711-201802,0.18608059
1326,2017-12-01,2018-02-27,70.04000000,80.58000000,201712-201803,0.15048544
1326,2018-01-02,2018-03-31,76.87000000,80.58000000,201801-201804,0.04826330
1326,2018-02-01,2018-04-30,82.07000000,81.32000000,201802-201805,-0.00913854
1326,2018-03-01,2018-05-31,78.73000000,85.41000000,201803-201806,0.08484695
1326,2018-04-02,2018-06-29,79.84000000,90.24000000,201804-201807,0.13026052
1326,2018-05-02,2018-07-31,82.07000000,94.71000000,201805-201808,0.15401487
1326,2018-06-01,2018-08-31,85.41000000,96.68000000,201806-201809,0.13195176
1326,2018-07-02,2018-09-28,91.72000000,100.61000000,201807-201810,0.09692543
1326,2018-08-01,2018-10-31,94.32000000,88.03000000,201808-201811,-0.06668787
1326,2018-09-03,2018-11-30,94.32000000,83.71000000,201809-201812,-0.11248940
1326,2018-10-01,2018-12-28,101.00000000,82.53000000,201810-201901,-0.18287129
1326,2018-11-01,2019-01-30,86.46000000,83.71000000,201811-201902,-0.03180662
1326,2018-12-03,2019-02-27,84.50000000,82.92000000,201812-201903,-0.01869822
1326,2019-01-02,2019-03-29,78.37000000,88.03000000,201901-201904,0.12326145
1326,2019-02-11,2019-04-30,81.35000000,87.25000000,201902-201905,0.07252612
1326,2019-03-04,2019-05-31,83.71000000,84.50000000,201903-201906,0.00943734
1326,2019-04-01,2019-06-28,86.46000000,85.79000000,201904-201907,-0.00774925
1326,2019-05-02,2019-07-31,88.82000000,79.13000000,201905-201908,-0.10909705
1326,2019-06-03,2019-08-30,83.71000000,73.38000000,201906-201909,-0.12340222
1326,2019-07-01,2019-09-27,84.96000000,72.22000000,201907-201910,-0.14995292
1326,2019-08-01,2019-10-31,78.22000000,73.80000000,201908-201911,-0.05650729
1326,2019-09-02,2019-11-29,72.88000000,72.72000000,201909-201912,-0.00219539
1326,2019-10-01,2019-12-31,72.63000000,72.88000000,201910-202001,0.00344210
1326,2019-11-01,2020-01-31,74.13000000,70.72000000,201911-202002,-0.04600027
1326,2019-12-02,2020-02-27,72.47000000,68.47000000,201912-202003,-0.05519525
1326,2020-01-02,2020-03-31,73.05000000,55.81000000,202001-202004,-0.23600274
1326,2020-02-03,2020-04-30,69.80000000,63.22000000,202002-202005,-0.09426934
1326,2020-03-02,2020-05-29,67.47000000,59.97000000,202003-202006,-0.11116052
1326,2020-04-01,2020-06-30,55.14000000,63.06000000,202004-202007,0.14363439
1326,2020-05-04,2020-07-31,60.72000000,59.11000000,202005-202008,-0.02651515
1326,2020-06-01,2020-08-31,60.39000000,59.46000000,202006-202009,-0.01539990
1326,2020-07-01,2020-09-30,63.58000000,59.37000000,202007-202010,-0.06621579
1326,2020-08-03,2020-10-30,58.41000000,60.34000000,202008-202011,0.03304229
1326,2020-09-01,2020-11-30,59.63000000,67.53000000,202009-202012,0.13248365
1326,2020-10-05,2020-12-31,60.07000000,74.28000000,202010-202101,0.23655735
1402,2010-01-04,2010-03-31,18.24000000,15.99000000,201001-201004,-0.12335526
1402,2010-02-01,2010-04-30,15.62000000,15.76000000,201002-201005,0.00896287
1402,2010-03-01,2010-05-31,16.59000000,14.50000000,201003-201006,-0.12597951
1402,2010-04-01,2010-06-30,16.08000000,15.30000000,201004-201007,-0.04850746
1402,2010-05-03,2010-07-30,15.53000000,17.02000000,201005-201008,0.09594334
1402,2010-06-01,2010-08-31,14.16000000,18.09000000,201006-201009,0.27754237
1402,2010-07-01,2010-09-30,14.75000000,20.79000000,201007-201010,0.40949153
1402,2010-08-02,2010-10-29,17.41000000,21.33000000,201008-201011,0.22515796
1402,2010-09-01,2010-11-30,18.06000000,21.79000000,201009-201012,0.20653378
1402,2010-10-01,2010-12-31,20.87000000,23.89000000,201010-201101,0.14470532
1402,2010-11-01,2011-01-28,22.05000000,23.96000000,201011-201102,0.08662132
1402,2010-12-01,2011-02-25,22.75000000,22.27000000,201012-201103,-0.02109890
1402,2011-01-03,2011-03-31,24.42000000,21.98000000,201101-201104,-0.09991810
1402,2011-02-08,2011-04-29,24.52000000,21.76000000,201102-201105,-0.11256117
1402,2011-03-01,2011-05-31,23.12000000,21.93000000,201103-201106,-0.05147059
1402,2011-04-01,2011-06-30,22.39000000,21.64000000,201104-201107,-0.03349710
1402,2011-05-03,2011-07-29,21.69000000,22.37000000,201105-201108,0.03135085
1402,2011-06-01,2011-08-31,22.25000000,19.92000000,201106-201109,-0.10471910
1402,2011-07-01,2011-09-30,22.03000000,16.52000000,201107-201110,-0.25011348
1402,2011-08-01,2011-10-31,23.21000000,18.67000000,201108-201111,-0.19560534
1402,2011-09-01,2011-11-30,19.51000000,17.33000000,201109-201112,-0.11173757
1402,2011-10-03,2011-12-30,15.78000000,18.43000000,201110-201201,0.16793409
1402,2011-11-01,2012-01-31,19.32000000,19.06000000,201111-201202,-0.01345756
1402,2011-12-01,2012-02-29,18.54000000,19.79000000,201112-201203,0.06742179
1402,2012-01-02,2012-03-30,18.19000000,17.91000000,201201-201204,-0.01539307
1402,2012-02-01,2012-04-30,19.19000000,17.28000000,201202-201205,-0.09953101
1402,2012-03-01,2012-05-31,19.48000000,15.84000000,201203-201206,-0.18685832
1402,2012-04-02,2012-06-29,17.80000000,16.52000000,201204-201207,-0.07191011
1402,2012-05-02,2012-07-31,17.62000000,17.64000000,201205-201208,0.00113507
1402,2012-06-01,2012-08-31,15.52000000,17.88000000,201206-201209,0.15206186
1402,2012-07-02,2012-09-28,16.78000000,18.79000000,201207-201210,0.11978546
1402,2012-08-01,2012-10-31,17.88000000,17.17000000,201208-201211,-0.03970917
1402,2012-09-03,2012-11-30,17.71000000,19.61000000,201209-201212,0.10728402
1402,2012-10-01,2012-12-28,18.56000000,18.79000000,201210-201301,0.01239224
1402,2016-01-04,2016-03-31,16.93000000,17.82000000,201601-201604,0.05256940
1402,2016-02-01,2016-04-29,16.46000000,16.36000000,201602-201605,-0.00607533
1402,2016-03-01,2016-05-31,17.27000000,15.58000000,201603-201606,-0.09785756
1402,2016-04-01,2016-06-30,17.34000000,16.26000000,201604-201607,-0.06228374
1402,2016-05-03,2016-07-29,16.29000000,17.58000000,201605-201608,0.07918969
1402,2016-06-01,2016-08-31,15.82000000,16.52000000,201606-201609,0.04424779
1402,2016-07-01,2016-09-30,16.56000000,16.55000000,201607-201610,-0.00060386
1402,2016-08-01,2016-10-31,17.58000000,17.26000000,201608-201611,-0.01820250
1402,2016-09-01,2016-11-30,16.45000000,16.59000000,201609-201612,0.00851064
1402,2016-10-03,2016-12-30,16.59000000,17.08000000,201610-201701,0.02953586
1402,2016-11-01,2017-01-24,17.12000000,18.35000000,201611-201702,0.07184579
1402,2016-12-01,2017-02-24,16.84000000,19.41000000,201612-201703,0.15261283
1402,2017-01-03,2017-03-31,17.15000000,18.57000000,201701-201704,0.08279883
1402,2017-02-02,2017-04-28,18.92000000,17.93000000,201702-201705,-0.05232558
1402,2017-03-01,2017-05-31,18.85000000,17.22000000,201703-201706,-0.08647215
1402,2017-04-05,2017-06-30,18.57000000,17.47000000,201704-201707,-0.05923533
1402,2017-05-02,2017-07-31,17.86000000,18.11000000,201705-201708,0.01399776
1402,2017-06-01,2017-08-31,17.15000000,17.60000000,201706-201709,0.02623907
1402,2017-07-03,2017-09-30,17.72000000,17.56000000,201707-201710,-0.00902935
1402,2017-08-01,2017-10-31,18.04000000,18.84000000,201708-201711,0.04434590
1402,2017-09-01,2017-11-30,17.60000000,18.62000000,201709-201712,0.05795455
1402,2017-10-02,2017-12-29,17.60000000,19.53000000,201710-201801,0.10965909
1402,2017-11-01,2018-01-31,18.88000000,18.99000000,201711-201802,0.00582627
1402,2017-12-01,2018-02-27,18.55000000,18.91000000,201712-201803,0.01940701
1402,2018-01-02,2018-03-31,19.53000000,19.28000000,201801-201804,-0.01280082
1402,2018-02-01,2018-04-30,19.02000000,20.70000000,201802-201805,0.08832808
1402,2018-03-01,2018-05-31,18.77000000,20.81000000,201803-201806,0.10868407
1402,2018-04-02,2018-06-29,19.20000000,21.06000000,201804-201807,0.09687500
1402,2018-05-02,2018-07-31,20.84000000,24.65000000,201805-201808,0.18282150
1402,2018-06-01,2018-08-31,21.10000000,27.03000000,201806-201809,0.28104265
1402,2018-07-02,2018-09-28,21.06000000,26.99000000,201807-201810,0.28157645
1402,2018-08-01,2018-10-31,24.42000000,23.48000000,201808-201811,-0.03849304
1402,2018-09-03,2018-11-30,26.16000000,21.51000000,201809-201812,-0.17775229
1402,2018-10-01,2018-12-28,26.31000000,21.10000000,201810-201901,-0.19802357
1402,2018-11-01,2019-01-30,23.18000000,22.46000000,201811-201902,-0.03106126
1402,2018-12-03,2019-02-27,22.15000000,23.06000000,201812-201903,0.04108352
1402,2019-01-02,2019-03-29,21.21000000,23.02000000,201901-201904,0.08533711
1402,2019-02-11,2019-04-30,22.42000000,25.48000000,201902-201905,0.13648528
1402,2019-03-04,2019-05-31,22.68000000,24.80000000,201903-201906,0.09347443
1402,2019-04-01,2019-06-28,23.06000000,25.33000000,201904-201907,0.09843886
1402,2019-05-02,2019-07-31,24.84000000,23.64000000,201905-201908,-0.04830918
1402,2019-06-03,2019-08-30,24.80000000,22.76000000,201906-201909,-0.08225806
1402,2019-07-01,2019-09-27,25.59000000,22.88000000,201907-201910,-0.10590074
1402,2019-08-01,2019-10-31,23.36000000,23.64000000,201908-201911,0.01198630
1402,2019-09-02,2019-11-29,22.92000000,23.76000000,201909-201912,0.03664921
1402,2019-10-01,2019-12-31,22.88000000,23.84000000,201910-202001,0.04195804
1402,2019-11-01,2020-01-31,23.72000000,22.52000000,201911-202002,-0.05059022
1402,2019-12-02,2020-02-27,23.68000000,22.56000000,201912-202003,-0.04729730
1402,2020-01-02,2020-03-31,23.88000000,18.01000000,202001-202004,-0.24581240
1402,2020-02-03,2020-04-30,22.48000000,20.76000000,202002-202005,-0.07651246
1402,2020-03-02,2020-05-29,22.36000000,21.48000000,202003-202006,-0.03935599
1402,2020-04-01,2020-06-30,17.97000000,22.28000000,202004-202007,0.23984418
1402,2020-05-04,2020-07-31,20.36000000,21.55000000,202005-202008,0.05844794
1402,2020-06-01,2020-08-31,21.80000000,22.26000000,202006-202009,0.02110092
1402,2020-07-01,2020-09-30,22.52000000,21.30000000,202007-202010,-0.05417407
1402,2020-08-03,2020-10-30,21.97000000,21.68000000,202008-202011,-0.01319982
1402,2020-09-01,2020-11-30,22.10000000,23.06000000,202009-202012,0.04343891
1402,2020-10-05,2020-12-31,21.68000000,24.37000000,202010-202101,0.12407749
1409,2010-10-01,2010-12-31,6.88000000,8.37000000,201010-201101,0.21656977
1409,2010-11-01,2011-01-28,8.08000000,7.85000000,201011-201102,-0.02846535
1409,2010-12-01,2011-02-25,8.00000000,6.83000000,201012-201103,-0.14625000
1409,2011-01-03,2011-03-31,8.68000000,6.91000000,201101-201104,-0.20391705
1409,2011-02-08,2011-04-29,8.35000000,6.96000000,201102-201105,-0.16646707
1409,2011-04-01,2011-06-30,6.91000000,6.28000000,201104-201107,-0.09117221
1434,2010-01-04,2010-03-31,13.07000000,12.95000000,201001-201004,-0.00918133
1434,2010-02-01,2010-04-30,11.74000000,12.90000000,201002-201005,0.09880750
1434,2010-03-01,2010-05-31,12.23000000,11.51000000,201003-201006,-0.05887163
1434,2010-04-01,2010-06-30,13.10000000,11.62000000,201004-201007,-0.11297710
1434,2010-05-03,2010-07-30,12.77000000,12.90000000,201005-201008,0.01018011
1434,2010-06-01,2010-08-31,11.31000000,12.66000000,201006-201009,0.11936340
1434,2010-07-01,2010-09-30,11.59000000,13.43000000,201007-201010,0.15875755
1434,2010-08-02,2010-10-29,12.90000000,14.72000000,201008-201011,0.14108527
1434,2010-09-01,2010-11-30,12.74000000,13.80000000,201009-201012,0.08320251
1434,2010-10-01,2010-12-31,13.38000000,15.01000000,201010-201101,0.12182362
1434,2010-11-01,2011-01-28,15.12000000,15.33000000,201011-201102,0.01388889
1434,2010-12-01,2011-02-25,14.01000000,14.54000000,201012-201103,0.03783012
1434,2011-01-03,2011-03-31,15.54000000,15.62000000,201101-201104,0.00514801
1434,2011-02-08,2011-04-29,16.20000000,16.39000000,201102-201105,0.01172840
1434,2011-03-01,2011-05-31,14.64000000,16.34000000,201103-201106,0.11612022
1434,2011-04-01,2011-06-30,15.70000000,16.65000000,201104-201107,0.06050955
1434,2011-05-03,2011-07-29,16.26000000,18.31000000,201105-201108,0.12607626
1434,2011-06-01,2011-08-31,16.39000000,16.57000000,201106-201109,0.01098231
1434,2011-07-01,2011-09-30,16.89000000,15.59000000,201107-201110,-0.07696862
1434,2011-08-01,2011-10-31,17.05000000,15.70000000,201108-201111,-0.07917889
1434,2011-09-01,2011-11-30,16.66000000,15.08000000,201109-201112,-0.09483794
1434,2011-10-03,2011-12-30,15.36000000,15.76000000,201110-201201,0.02604167
1434,2011-11-01,2012-01-31,15.70000000,15.95000000,201111-201202,0.01592357
1434,2011-12-01,2012-02-29,15.84000000,16.54000000,201112-201203,0.04419192
1434,2012-01-02,2012-03-30,15.56000000,16.07000000,201201-201204,0.03277635
1434,2012-02-01,2012-04-30,15.84000000,15.50000000,201202-201205,-0.02146465
1434,2012-03-01,2012-05-31,16.60000000,15.34000000,201203-201206,-0.07590361
1434,2012-04-02,2012-06-29,15.78000000,15.05000000,201204-201207,-0.04626109
1434,2012-05-02,2012-07-31,15.73000000,15.43000000,201205-201208,-0.01907184
1434,2012-06-01,2012-08-31,15.05000000,16.07000000,201206-201209,0.06777409
1434,2012-07-02,2012-09-28,14.91000000,16.55000000,201207-201210,0.10999329
1434,2012-08-01,2012-10-31,15.43000000,15.16000000,201208-201211,-0.01749838
1434,2012-09-03,2012-11-30,16.02000000,16.19000000,201209-201212,0.01061174
1434,2012-10-01,2012-12-28,16.49000000,16.49000000,201210-201301,0.00000000
1434,2016-01-04,2016-03-31,19.26000000,20.68000000,201601-201604,0.07372793
1434,2016-02-01,2016-04-29,19.43000000,19.46000000,201602-201605,0.00154400
1434,2016-03-01,2016-05-31,19.89000000,20.51000000,201603-201606,0.03117144
1434,2016-04-01,2016-06-30,20.32000000,20.41000000,201604-201607,0.00442913
1434,2016-05-03,2016-07-29,19.13000000,20.68000000,201605-201608,0.08102457
1434,2016-06-01,2016-08-31,20.38000000,20.95000000,201606-201609,0.02796860
1434,2016-07-01,2016-09-30,20.55000000,20.30000000,201607-201610,-0.01216545
1434,2016-08-01,2016-10-31,20.88000000,19.69000000,201608-201611,-0.05699234
1434,2016-09-01,2016-11-30,20.44000000,20.37000000,201609-201612,-0.00342466
1434,2016-10-03,2016-12-30,20.27000000,20.16000000,201610-201701,-0.00542674
1434,2016-11-01,2017-01-24,19.58000000,20.57000000,201611-201702,0.05056180
1434,2016-12-01,2017-02-24,20.06000000,21.33000000,201612-201703,0.06331007
1434,2017-01-03,2017-03-31,20.27000000,22.15000000,201701-201704,0.09274790
1434,2017-02-02,2017-04-28,20.10000000,21.53000000,201702-201705,0.07114428
1434,2017-03-01,2017-05-31,21.19000000,21.50000000,201703-201706,0.01462954
1434,2017-04-05,2017-06-30,22.83000000,20.88000000,201704-201707,-0.08541393
1434,2017-05-02,2017-07-31,21.56000000,21.45000000,201705-201708,-0.00510204
1434,2017-06-01,2017-08-31,21.19000000,21.52000000,201706-201709,0.01557338
1434,2017-07-03,2017-09-30,21.05000000,22.06000000,201707-201710,0.04798100
1434,2017-08-01,2017-10-31,21.38000000,22.20000000,201708-201711,0.03835360
1434,2017-09-01,2017-11-30,21.81000000,21.56000000,201709-201712,-0.01146263
1434,2017-10-02,2017-12-29,22.10000000,22.45000000,201710-201801,0.01583710
1434,2017-11-01,2018-01-31,22.17000000,23.28000000,201711-201802,0.05006766
1434,2017-12-01,2018-02-27,21.63000000,22.89000000,201712-201803,0.05825243
1434,2018-01-02,2018-03-31,22.45000000,23.03000000,201801-201804,0.02583519
1434,2018-02-01,2018-04-30,23.14000000,24.10000000,201802-201805,0.04148660
1434,2018-03-01,2018-05-31,22.74000000,23.93000000,201803-201806,0.05233069
1434,2018-04-02,2018-06-29,22.99000000,23.93000000,201804-201807,0.04088734
1434,2018-05-02,2018-07-31,24.54000000,24.63000000,201805-201808,0.00366748
1434,2018-06-01,2018-08-31,24.68000000,27.18000000,201806-201809,0.10129660
1434,2018-07-02,2018-09-28,23.71000000,28.32000000,201807-201810,0.19443273
1434,2018-08-01,2018-10-31,24.71000000,25.59000000,201808-201811,0.03561311
1434,2018-09-03,2018-11-30,26.80000000,25.55000000,201809-201812,-0.04664179
1434,2018-10-01,2018-12-28,27.98000000,26.27000000,201810-201901,-0.06111508
1434,2018-11-01,2019-01-30,25.59000000,26.76000000,201811-201902,0.04572098
1434,2018-12-03,2019-02-27,25.47000000,27.03000000,201812-201903,0.06124853
1434,2019-01-02,2019-03-29,25.74000000,27.98000000,201901-201904,0.08702409
1434,2019-02-11,2019-04-30,26.65000000,28.32000000,201902-201905,0.06266417
1434,2019-03-04,2019-05-31,27.22000000,29.58000000,201903-201906,0.08670096
1434,2019-04-01,2019-06-28,27.49000000,29.73000000,201904-201907,0.08148418
1434,2019-05-02,2019-07-31,28.32000000,28.35000000,201905-201908,0.00105932
1434,2019-06-03,2019-08-30,29.27000000,27.35000000,201906-201909,-0.06559617
1434,2019-07-01,2019-09-27,29.39000000,27.15000000,201907-201910,-0.07621640
1434,2019-08-01,2019-10-31,28.07000000,27.83000000,201908-201911,-0.00855005
1434,2019-09-02,2019-11-29,27.23000000,27.31000000,201909-201912,0.00293794
1434,2019-10-01,2019-12-31,27.55000000,27.47000000,201910-202001,-0.00290381
1434,2019-11-01,2020-01-31,27.87000000,27.15000000,201911-202002,-0.02583423
1434,2019-12-02,2020-02-27,27.15000000,26.91000000,201912-202003,-0.00883978
1434,2020-01-02,2020-03-31,27.55000000,24.74000000,202001-202004,-0.10199637
1434,2020-02-03,2020-04-30,26.91000000,27.35000000,202002-202005,0.01635080
1434,2020-03-02,2020-05-29,26.78000000,27.47000000,202003-202006,0.02576550
1434,2020-04-01,2020-06-30,24.74000000,29.23000000,202004-202007,0.18148747
1434,2020-05-04,2020-07-31,26.78000000,26.05000000,202005-202008,-0.02725915
1434,2020-06-01,2020-08-31,27.87000000,27.30000000,202006-202009,-0.02045210
1434,2020-07-01,2020-09-30,29.60000000,26.96000000,202007-202010,-0.08918919
1434,2020-08-03,2020-10-30,25.71000000,26.96000000,202008-202011,0.04861921
1434,2020-09-01,2020-11-30,26.87000000,26.44000000,202009-202012,-0.01600298
1434,2020-10-05,2020-12-31,26.91000000,26.78000000,202010-202101,-0.00483092
1440,2010-04-01,2010-06-30,8.10000000,8.28000000,201004-201007,0.02222222
1440,2010-05-03,2010-07-30,8.79000000,8.88000000,201005-201008,0.01023891
1440,2010-06-01,2010-08-31,7.97000000,9.60000000,201006-201009,0.20451694
1440,2010-07-01,2010-09-30,8.19000000,11.24000000,201007-201010,0.37240537
1440,2010-08-02,2010-10-29,9.29000000,13.25000000,201008-201011,0.42626480
1440,2010-09-01,2010-11-30,9.86000000,14.46000000,201009-201012,0.46653144
1440,2010-10-01,2010-12-31,11.31000000,14.30000000,201010-201101,0.26436782
1440,2010-11-01,2011-01-28,12.98000000,13.57000000,201011-201102,0.04545455
1440,2010-12-01,2011-02-25,14.33000000,11.57000000,201012-201103,-0.19260293
1440,2011-01-03,2011-03-31,15.09000000,12.85000000,201101-201104,-0.14844268
1440,2011-02-08,2011-04-29,13.67000000,12.62000000,201102-201105,-0.07681053
1440,2011-03-01,2011-05-31,11.80000000,12.23000000,201103-201106,0.03644068
1440,2011-04-01,2011-06-30,12.75000000,11.90000000,201104-201107,-0.06666667
1440,2011-05-03,2011-07-29,12.62000000,12.75000000,201105-201108,0.01030111
1440,2011-06-01,2011-08-31,12.00000000,10.63000000,201106-201109,-0.11416667
1440,2011-07-01,2011-09-30,11.90000000,9.57000000,201107-201110,-0.19579832
1440,2011-08-01,2011-10-31,13.02000000,9.47000000,201108-201111,-0.27265745
1440,2011-09-01,2011-11-30,10.60000000,6.99000000,201109-201112,-0.34056604
1440,2011-10-03,2011-12-30,9.04000000,7.21000000,201110-201201,-0.20243363
1440,2011-11-01,2012-01-31,9.39000000,8.34000000,201111-201202,-0.11182109
1440,2012-01-02,2012-03-30,7.13000000,9.36000000,201201-201204,0.31276297
1440,2012-02-01,2012-04-30,8.76000000,8.79000000,201202-201205,0.00342466
1440,2012-03-01,2012-05-31,9.89000000,8.97000000,201203-201206,-0.09302326
1440,2012-04-02,2012-06-29,9.32000000,8.87000000,201204-201207,-0.04828326
1440,2012-05-02,2012-07-31,9.11000000,8.87000000,201205-201208,-0.02634468
1440,2012-06-01,2012-08-31,8.37000000,9.59000000,201206-201209,0.14575866
1440,2012-07-02,2012-09-28,8.94000000,10.20000000,201207-201210,0.14093960
1440,2012-08-01,2012-10-31,8.80000000,9.26000000,201208-201211,0.05227273
1440,2012-09-03,2012-11-30,9.62000000,9.33000000,201209-201212,-0.03014553
1440,2012-10-01,2012-12-28,10.34000000,10.52000000,201210-201301,0.01740812
1440,2016-01-04,2016-03-31,10.98000000,10.67000000,201601-201604,-0.02823315
1440,2016-02-01,2016-04-29,10.82000000,10.27000000,201602-201605,-0.05083179
1440,2016-03-01,2016-05-31,10.98000000,10.12000000,201603-201606,-0.07832423
1440,2016-04-01,2016-06-30,10.55000000,9.68000000,201604-201607,-0.08246445
1440,2016-05-03,2016-07-29,10.27000000,11.34000000,201605-201608,0.10418695
1476,2012-10-01,2012-12-28,54.23000000,71.04000000,201210-201301,0.30997603
1476,2016-01-04,2016-03-31,326.16000000,319.89000000,201601-201604,-0.01922369
1476,2016-02-01,2016-04-29,360.30000000,278.34000000,201602-201605,-0.22747710
1476,2016-03-01,2016-05-31,308.56000000,264.37000000,201603-201606,-0.14321364
1476,2016-04-01,2016-06-30,315.36000000,234.53000000,201604-201607,-0.25631025
1476,2016-05-03,2016-07-29,267.39000000,279.75000000,201605-201608,0.04622462
1476,2016-06-01,2016-08-31,259.08000000,314.57000000,201606-201609,0.21418095
1476,2016-07-01,2016-09-30,233.78000000,292.66000000,201607-201610,0.25186072
1476,2016-08-01,2016-10-31,284.05000000,280.92000000,201608-201611,-0.01101919
1476,2016-09-01,2016-11-30,313.39000000,258.23000000,201609-201612,-0.17601072
1476,2016-10-03,2016-12-30,294.61000000,264.10000000,201610-201701,-0.10356064
1476,2016-11-01,2017-01-24,279.35000000,254.31000000,201611-201702,-0.08963666
1476,2016-12-01,2017-02-24,259.79000000,241.79000000,201612-201703,-0.06928673
1476,2017-01-03,2017-03-31,264.10000000,237.88000000,201701-201704,-0.09928058
1476,2017-02-02,2017-04-28,228.88000000,258.62000000,201702-201705,0.12993708
1476,2017-03-01,2017-05-31,242.58000000,239.84000000,201703-201706,-0.01129524
1476,2017-04-05,2017-06-30,235.14000000,290.31000000,201704-201707,0.23462618
1476,2017-05-02,2017-07-31,258.62000000,285.37000000,201705-201708,0.10343361
1476,2017-06-01,2017-08-31,245.32000000,303.85000000,201706-201709,0.23858634
1476,2017-07-03,2017-09-30,307.13000000,309.19000000,201707-201710,0.00670726
1476,2017-08-01,2017-10-31,289.89000000,296.05000000,201708-201711,0.02124944
1476,2017-09-01,2017-11-30,308.78000000,220.50000000,201709-201712,-0.28589935
1476,2017-10-02,2017-12-29,316.17000000,244.31000000,201710-201801,-0.22728279
1476,2017-11-01,2018-01-31,288.25000000,240.21000000,201711-201802,-0.16666088
1476,2017-12-01,2018-02-27,220.91000000,256.22000000,201712-201803,0.15983885
1476,2018-01-02,2018-03-31,243.90000000,280.86000000,201801-201804,0.15153752
1476,2018-02-01,2018-04-30,243.49000000,295.23000000,201802-201805,0.21249333
1476,2018-03-01,2018-05-31,250.47000000,300.57000000,201803-201806,0.20002395
1476,2018-04-02,2018-06-29,288.25000000,297.69000000,201804-201807,0.03274935
1476,2018-05-02,2018-07-31,292.35000000,297.44000000,201805-201808,0.01741064
1476,2018-06-01,2018-08-31,310.83000000,314.74000000,201806-201809,0.01257922
1476,2018-07-02,2018-09-28,297.28000000,318.96000000,201807-201810,0.07292788
1476,2018-08-01,2018-10-31,295.33000000,310.10000000,201808-201811,0.05001185
1476,2018-09-03,2018-11-30,320.64000000,326.55000000,201809-201812,0.01843189
1476,2018-10-01,2018-12-28,317.27000000,293.64000000,201810-201901,-0.07447915
1476,2018-11-01,2019-01-30,310.94000000,293.64000000,201811-201902,-0.05563774
1476,2018-12-03,2019-02-27,319.38000000,297.44000000,201812-201903,-0.06869560
1476,2019-01-02,2019-03-29,297.02000000,350.18000000,201901-201904,0.17897785
1476,2019-02-11,2019-04-30,299.97000000,371.27000000,201902-201905,0.23769044
1476,2019-03-04,2019-05-31,296.17000000,346.38000000,201903-201906,0.16953101
1476,2019-04-01,2019-06-28,345.53000000,335.83000000,201904-201907,-0.02807282
1476,2019-05-02,2019-07-31,370.43000000,356.66000000,201905-201908,-0.03717302
1476,2019-06-03,2019-08-30,336.67000000,333.23000000,201906-201909,-0.01021772
1476,2019-07-01,2019-09-27,343.43000000,361.00000000,201907-201910,0.05116035
1476,2019-08-01,2019-10-31,347.98000000,355.36000000,201908-201911,0.02120812
1476,2019-09-02,2019-11-29,334.96000000,343.64000000,201909-201912,0.02591354
1476,2019-10-01,2019-12-31,359.26000000,349.72000000,201910-202001,-0.02655458
1476,2019-11-01,2020-01-31,351.45000000,338.43000000,201911-202002,-0.03704652
1476,2019-12-02,2020-02-27,341.04000000,312.40000000,201912-202003,-0.08397842
1476,2020-01-02,2020-03-31,350.15000000,208.70000000,202001-202004,-0.40396973
1476,2020-02-03,2020-04-30,334.96000000,260.33000000,202002-202005,-0.22280272
1476,2020-03-02,2020-05-29,304.59000000,268.14000000,202003-202006,-0.11966906
1476,2020-04-01,2020-06-30,205.23000000,296.78000000,202004-202007,0.44608488
1476,2020-05-04,2020-07-31,249.49000000,310.13000000,202005-202008,0.24305583
1476,2020-06-01,2020-08-31,270.75000000,347.32000000,202006-202009,0.28280702
1476,2020-07-01,2020-09-30,295.48000000,321.78000000,202007-202010,0.08900772
1476,2020-08-03,2020-10-30,302.51000000,339.26000000,202008-202011,0.12148359
1476,2020-09-01,2020-11-30,342.84000000,358.53000000,202009-202012,0.04576479
1476,2020-10-05,2020-12-31,316.85000000,378.69000000,202010-202101,0.19517122
1477,2016-01-04,2016-03-31,124.30000000,107.61000000,201601-201604,-0.13427192
1477,2016-02-01,2016-04-29,125.41000000,95.93000000,201602-201605,-0.23506897
1477,2016-03-01,2016-05-31,114.56000000,90.37000000,201603-201606,-0.21115573
1477,2016-04-01,2016-06-30,106.22000000,83.70000000,201604-201607,-0.21201280
1477,2016-05-03,2016-07-29,92.32000000,91.76000000,201605-201608,-0.00606586
1477,2016-06-01,2016-08-31,90.93000000,91.49000000,201606-201609,0.00615858
1477,2016-07-01,2016-09-30,82.31000000,91.49000000,201607-201610,0.11152958
1477,2016-08-01,2016-10-31,93.99000000,75.93000000,201608-201611,-0.19214810
1477,2016-09-01,2016-11-30,89.66000000,76.54000000,201609-201612,-0.14633058
1477,2016-10-03,2016-12-30,91.49000000,75.63000000,201610-201701,-0.17335228
1477,2016-11-01,2017-01-24,75.93000000,70.75000000,201611-201702,-0.06822073
1477,2016-12-01,2017-02-24,79.29000000,75.93000000,201612-201703,-0.04237609
1477,2017-01-03,2017-03-31,78.07000000,75.93000000,201701-201704,-0.02741130
1477,2017-03-01,2017-05-31,75.93000000,82.34000000,201703-201706,0.08441986
1477,2017-05-02,2017-07-31,80.20000000,86.50000000,201705-201708,0.07855362
1477,2017-06-01,2017-08-31,83.25000000,91.30000000,201706-201709,0.09669670
1477,2017-07-03,2017-09-30,91.49000000,84.58000000,201707-201710,-0.07552738
1477,2017-08-01,2017-10-31,87.46000000,89.38000000,201708-201711,0.02195289
1477,2017-09-01,2017-11-30,91.94000000,77.21000000,201709-201712,-0.16021318
1477,2018-04-02,2018-06-29,86.82000000,87.78000000,201804-201807,0.01105736
1477,2018-07-02,2018-09-28,88.42000000,101.50000000,201807-201810,0.14793033
1477,2018-08-01,2018-10-31,92.45000000,111.21000000,201808-201811,0.20292050
1477,2018-09-03,2018-11-30,104.51000000,120.59000000,201809-201812,0.15386087
1477,2018-10-01,2018-12-28,101.50000000,113.89000000,201810-201901,0.12206897
1477,2018-11-01,2019-01-30,111.21000000,127.29000000,201811-201902,0.14459131
1477,2018-12-03,2019-02-27,117.91000000,125.62000000,201812-201903,0.06538886
1477,2019-01-02,2019-03-29,116.91000000,144.71000000,201901-201904,0.23778975
1477,2019-02-11,2019-04-30,130.98000000,142.70000000,201902-201905,0.08947931
1477,2019-03-04,2019-05-31,124.28000000,139.02000000,201903-201906,0.11860315
1477,2019-04-01,2019-06-28,140.36000000,140.69000000,201904-201907,0.00235110
1477,2019-05-02,2019-07-31,143.37000000,132.78000000,201905-201908,-0.07386483
1477,2019-06-03,2019-08-30,133.99000000,134.60000000,201906-201909,0.00455258
1477,2019-07-01,2019-09-27,142.03000000,119.69000000,201907-201910,-0.15729071
1477,2019-08-01,2019-10-31,130.97000000,123.69000000,201908-201911,-0.05558525
1477,2019-09-02,2019-11-29,134.60000000,110.59000000,201909-201912,-0.17838039
1477,2019-10-01,2019-12-31,121.14000000,114.60000000,201910-202001,-0.05398712
1477,2019-11-01,2020-01-31,122.96000000,110.59000000,201911-202002,-0.10060182
1477,2019-12-02,2020-02-27,108.41000000,108.05000000,201912-202003,-0.00332073
1477,2020-01-02,2020-03-31,114.60000000,77.12000000,202001-202004,-0.32705061
1477,2020-02-03,2020-04-30,110.59000000,92.77000000,202002-202005,-0.16113573
1477,2020-03-02,2020-05-29,106.23000000,104.77000000,202003-202006,-0.01374376
1477,2020-04-01,2020-06-30,78.22000000,112.78000000,202004-202007,0.44183073
1477,2020-05-04,2020-07-31,89.86000000,135.49000000,202005-202008,0.50778990
1477,2020-06-01,2020-08-31,107.32000000,148.25000000,202006-202009,0.38138278
1477,2020-07-01,2020-09-30,113.50000000,128.35000000,202007-202010,0.13083700
1477,2020-08-03,2020-10-30,134.74000000,142.24000000,202008-202011,0.05566276
1477,2020-09-01,2020-11-30,147.87000000,138.49000000,202009-202012,-0.06343410
1477,2020-10-05,2020-12-31,127.23000000,143.74000000,202010-202101,0.12976499
1503,2010-01-04,2010-03-31,26.60000000,24.68000000,201001-201004,-0.07218045
1503,2010-02-01,2010-04-30,24.43000000,24.33000000,201002-201005,-0.00409333
1503,2010-03-01,2010-05-31,24.78000000,23.18000000,201003-201006,-0.06456820
1503,2010-05-03,2010-07-30,24.36000000,22.90000000,201005-201008,-0.05993432
1503,2012-05-02,2012-07-31,24.16000000,24.62000000,201205-201208,0.01903974
1503,2012-07-02,2012-09-28,24.06000000,24.69000000,201207-201210,0.02618454
1504,2010-01-04,2010-03-31,7.71000000,7.63000000,201001-201004,-0.01037613
1504,2010-02-01,2010-04-30,6.89000000,7.66000000,201002-201005,0.11175617
1504,2010-03-01,2010-05-31,7.11000000,7.22000000,201003-201006,0.01547117
1504,2010-04-01,2010-06-30,7.77000000,7.28000000,201004-201007,-0.06306306
1504,2010-05-03,2010-07-30,7.58000000,8.78000000,201005-201008,0.15831135
1504,2010-06-01,2010-08-31,7.06000000,8.80000000,201006-201009,0.24645892
1504,2010-07-01,2010-09-30,7.14000000,10.31000000,201007-201010,0.44397759
1504,2010-08-02,2010-10-29,8.78000000,10.94000000,201008-201011,0.24601367
1504,2010-09-01,2010-11-30,8.95000000,10.74000000,201009-201012,0.20000000
1504,2010-10-01,2010-12-31,10.29000000,11.11000000,201010-201101,0.07968902
1504,2010-11-01,2011-01-28,10.94000000,10.37000000,201011-201102,-0.05210238
1504,2010-12-01,2011-02-25,11.06000000,9.92000000,201012-201103,-0.10307414
1504,2011-01-03,2011-03-31,11.23000000,11.74000000,201101-201104,0.04541407
1504,2011-02-08,2011-04-29,10.20000000,11.54000000,201102-201105,0.13137255
1504,2011-03-01,2011-05-31,9.94000000,12.22000000,201103-201106,0.22937626
1504,2011-04-01,2011-06-30,11.74000000,12.26000000,201104-201107,0.04429302
1504,2011-05-03,2011-07-29,11.40000000,12.20000000,201105-201108,0.07017544
1504,2011-06-01,2011-08-31,12.02000000,11.14000000,201106-201109,-0.07321131
1504,2011-07-01,2011-09-30,12.14000000,9.80000000,201107-201110,-0.19275124
1504,2011-08-01,2011-10-31,13.03000000,10.46000000,201108-201111,-0.19723715
1504,2011-09-01,2011-11-30,11.20000000,10.52000000,201109-201112,-0.06071429
1504,2011-10-03,2011-12-30,9.42000000,10.57000000,201110-201201,0.12208068
1504,2011-11-01,2012-01-31,10.52000000,11.58000000,201111-201202,0.10076046
1504,2011-12-01,2012-02-29,10.93000000,12.32000000,201112-201203,0.12717292
1504,2012-01-02,2012-03-30,10.52000000,12.06000000,201201-201204,0.14638783
1504,2012-02-01,2012-04-30,11.46000000,12.68000000,201202-201205,0.10645724
1504,2012-03-01,2012-05-31,12.74000000,12.03000000,201203-201206,-0.05572998
1504,2012-04-02,2012-06-29,12.32000000,11.43000000,201204-201207,-0.07224026
1504,2012-05-02,2012-07-31,12.65000000,11.86000000,201205-201208,-0.06245059
1504,2012-06-01,2012-08-31,11.82000000,12.29000000,201206-201209,0.03976311
1504,2012-07-02,2012-09-28,11.55000000,12.60000000,201207-201210,0.09090909
1504,2012-08-01,2012-10-31,11.89000000,12.32000000,201208-201211,0.03616484
1504,2012-09-03,2012-11-30,12.38000000,13.13000000,201209-201212,0.06058158
1504,2012-10-01,2012-12-28,12.60000000,13.81000000,201210-201301,0.09603175
1504,2016-01-04,2016-03-31,17.72000000,18.20000000,201601-201604,0.02708804
1504,2016-02-01,2016-04-29,18.10000000,17.68000000,201602-201605,-0.02320442
1504,2016-03-01,2016-05-31,18.97000000,18.14000000,201603-201606,-0.04375329
1504,2016-04-01,2016-06-30,18.10000000,18.79000000,201604-201607,0.03812155
1504,2016-05-03,2016-07-29,18.03000000,20.17000000,201605-201608,0.11869107
1504,2016-06-01,2016-08-31,18.24000000,19.07000000,201606-201609,0.04550439
1504,2016-07-01,2016-09-30,19.14000000,19.28000000,201607-201610,0.00731452
1504,2016-08-01,2016-10-31,20.07000000,20.03000000,201608-201611,-0.00199302
1504,2016-09-01,2016-11-30,18.82000000,19.03000000,201609-201612,0.01115834
1504,2016-10-03,2016-12-30,19.64000000,19.92000000,201610-201701,0.01425662
1504,2016-11-01,2017-01-24,19.64000000,20.14000000,201611-201702,0.02545825
1504,2016-12-01,2017-02-24,19.21000000,19.78000000,201612-201703,0.02967205
1504,2017-01-03,2017-03-31,19.82000000,22.03000000,201701-201704,0.11150353
1504,2017-02-02,2017-04-28,20.46000000,21.35000000,201702-201705,0.04349951
1504,2017-03-01,2017-05-31,19.78000000,20.74000000,201703-201706,0.04853387
1504,2017-04-05,2017-06-30,22.39000000,20.89000000,201704-201707,-0.06699419
1504,2017-05-02,2017-07-31,21.85000000,20.96000000,201705-201708,-0.04073227
1504,2017-06-01,2017-08-31,21.03000000,20.77000000,201706-201709,-0.01236329
1504,2017-07-03,2017-09-30,20.64000000,20.18000000,201707-201710,-0.02228682
1504,2017-08-01,2017-10-31,20.99000000,20.74000000,201708-201711,-0.01191043
1504,2017-09-01,2017-11-30,20.92000000,21.66000000,201709-201712,0.03537285
1504,2017-10-02,2017-12-29,20.37000000,20.99000000,201710-201801,0.03043692
1504,2017-11-01,2018-01-31,20.63000000,20.70000000,201711-201802,0.00339312
1504,2017-12-01,2018-02-27,21.18000000,19.52000000,201712-201803,-0.07837583
1504,2018-01-02,2018-03-31,21.03000000,18.08000000,201801-201804,-0.14027580
1504,2018-02-01,2018-04-30,20.63000000,17.79000000,201802-201805,-0.13766360
1504,2018-03-01,2018-05-31,19.15000000,17.79000000,201803-201806,-0.07101828
1504,2018-04-02,2018-06-29,18.16000000,16.87000000,201804-201807,-0.07103524
1504,2018-05-02,2018-07-31,17.83000000,17.11000000,201805-201808,-0.04038138
1504,2018-06-01,2018-08-31,17.79000000,17.23000000,201806-201809,-0.03147836
1504,2018-07-02,2018-09-28,16.83000000,16.96000000,201807-201810,0.00772430
1504,2018-08-01,2018-10-31,17.07000000,13.59000000,201808-201811,-0.20386643
1504,2018-09-03,2018-11-30,17.00000000,13.13000000,201809-201812,-0.22764706
1504,2018-10-01,2018-12-28,17.23000000,13.36000000,201810-201901,-0.22460824
1504,2018-11-01,2019-01-30,13.90000000,14.20000000,201811-201902,0.02158273
1504,2018-12-03,2019-02-27,13.90000000,14.59000000,201812-201903,0.04964029
1504,2019-01-02,2019-03-29,13.36000000,16.08000000,201901-201904,0.20359281
1504,2019-02-11,2019-04-30,14.20000000,17.69000000,201902-201905,0.24577465
1504,2019-03-04,2019-05-31,14.78000000,17.49000000,201903-201906,0.18335589
1504,2019-04-01,2019-06-28,16.23000000,17.46000000,201904-201907,0.07578558
1504,2019-05-02,2019-07-31,17.53000000,19.84000000,201905-201908,0.13177410
1504,2019-06-03,2019-08-30,17.42000000,19.84000000,201906-201909,0.13892078
1504,2019-07-01,2019-09-27,17.53000000,19.92000000,201907-201910,0.13633771
1504,2019-08-01,2019-10-31,19.00000000,21.55000000,201908-201911,0.13421053
1504,2019-09-02,2019-11-29,19.88000000,21.59000000,201909-201912,0.08601610
1504,2019-10-01,2019-12-31,20.16000000,20.87000000,201910-202001,0.03521825
1504,2019-11-01,2020-01-31,21.35000000,21.55000000,201911-202002,0.00936768
1504,2019-12-02,2020-02-27,21.51000000,21.31000000,201912-202003,-0.00929800
1504,2020-01-02,2020-03-31,21.19000000,19.20000000,202001-202004,-0.09391222
1504,2020-02-03,2020-04-30,21.59000000,21.39000000,202002-202005,-0.00926355
1504,2020-03-02,2020-05-29,21.35000000,22.47000000,202003-202006,0.05245902
1504,2020-04-01,2020-06-30,19.12000000,22.32000000,202004-202007,0.16736402
1504,2020-05-04,2020-07-31,21.39000000,22.45000000,202005-202008,0.04955587
1504,2020-06-01,2020-08-31,22.35000000,24.18000000,202006-202009,0.08187919
1504,2020-07-01,2020-09-30,22.28000000,24.63000000,202007-202010,0.10547576
1504,2020-08-03,2020-10-30,22.69000000,24.67000000,202008-202011,0.08726311
1504,2020-09-01,2020-11-30,24.39000000,24.39000000,202009-202012,0.00000000
1504,2020-10-05,2020-12-31,24.76000000,22.82000000,202010-202101,-0.07835218
1507,2011-06-01,2011-08-31,33.82000000,34.04000000,201106-201109,0.00650503
1507,2011-07-01,2011-09-30,36.74000000,31.47000000,201107-201110,-0.14344039
1507,2011-08-01,2011-10-31,37.47000000,32.13000000,201108-201111,-0.14251401
1507,2011-09-01,2011-11-30,33.78000000,29.53000000,201109-201112,-0.12581409
1507,2011-10-03,2011-12-30,30.16000000,30.03000000,201110-201201,-0.00431034
1507,2011-11-01,2012-01-31,31.57000000,31.01000000,201111-201202,-0.01773836
1507,2011-12-01,2012-02-29,31.44000000,30.59000000,201112-201203,-0.02703562
1507,2012-01-02,2012-03-30,30.75000000,31.11000000,201201-201204,0.01170732
1507,2012-02-01,2012-04-30,30.62000000,31.87000000,201202-201205,0.04082299
1507,2012-04-02,2012-06-29,30.35000000,32.92000000,201204-201207,0.08467875
1507,2012-05-02,2012-07-31,32.46000000,33.76000000,201205-201208,0.04004929
1507,2012-06-01,2012-08-31,31.28000000,36.86000000,201206-201209,0.17838875
1507,2012-07-02,2012-09-28,32.66000000,41.69000000,201207-201210,0.27648500
1507,2012-08-01,2012-10-31,33.97000000,40.10000000,201208-201211,0.18045334
1507,2012-09-03,2012-11-30,37.21000000,37.62000000,201209-201212,0.01101854
1507,2012-10-01,2012-12-28,42.44000000,36.86000000,201210-201301,-0.13147974
1507,2019-06-03,2019-08-30,61.99000000,60.52000000,201906-201909,-0.02371350
1536,2016-01-04,2016-03-31,92.23000000,108.96000000,201601-201604,0.18139434
1536,2016-02-01,2016-04-29,105.46000000,120.64000000,201602-201605,0.14394083
1536,2016-03-01,2016-05-31,104.29000000,119.86000000,201603-201606,0.14929523
1536,2016-04-01,2016-06-30,108.96000000,116.75000000,201604-201607,0.07149413
1536,2016-05-03,2016-07-29,118.30000000,115.43000000,201605-201608,-0.02426036
1536,2016-06-01,2016-08-31,120.64000000,130.95000000,201606-201609,0.08546088
1536,2016-07-01,2016-09-30,115.19000000,121.40000000,201607-201610,0.05391093
1536,2016-08-01,2016-10-31,116.22000000,104.68000000,201608-201611,-0.09929444
1536,2016-09-01,2016-11-30,128.56000000,97.52000000,201609-201612,-0.24144368
1536,2016-10-03,2016-12-30,124.18000000,99.51000000,201610-201701,-0.19866323
1536,2016-11-01,2017-01-24,105.08000000,103.09000000,201611-201702,-0.01893795
1536,2016-12-01,2017-02-24,96.72000000,111.70000000,201612-201703,0.15488007
1536,2017-01-03,2017-03-31,101.10000000,102.80000000,201701-201704,0.01681503
1536,2017-02-02,2017-04-28,101.90000000,107.66000000,201702-201705,0.05652601
1536,2017-03-01,2017-05-31,108.87000000,121.01000000,201703-201706,0.11150914
1536,2017-04-05,2017-06-30,106.04000000,121.42000000,201704-201707,0.14503961
1536,2017-05-02,2017-07-31,111.30000000,114.82000000,201705-201708,0.03162624
1536,2017-06-01,2017-08-31,119.80000000,116.90000000,201706-201709,-0.02420701
1536,2017-07-03,2017-09-30,119.80000000,119.38000000,201707-201710,-0.00350584
1536,2017-08-01,2017-10-31,114.82000000,116.48000000,201708-201711,0.01445741
1536,2017-09-01,2017-11-30,115.24000000,109.85000000,201709-201712,-0.04677195
1536,2017-10-02,2017-12-29,119.38000000,121.87000000,201710-201801,0.02085777
1536,2017-11-01,2018-01-31,117.73000000,101.97000000,201711-201802,-0.13386562
1536,2017-12-01,2018-02-27,107.36000000,107.36000000,201712-201803,0.00000000
1536,2018-01-02,2018-03-31,120.63000000,102.80000000,201801-201804,-0.14780734
1536,2018-02-01,2018-04-30,102.39000000,109.43000000,201802-201805,0.06875671
1536,2018-03-01,2018-05-31,107.78000000,120.21000000,201803-201806,0.11532752
1536,2018-04-02,2018-06-29,101.97000000,122.70000000,201804-201807,0.20329509
1536,2018-05-02,2018-07-31,109.02000000,110.68000000,201805-201808,0.01522656
1536,2018-06-01,2018-08-31,120.21000000,106.42000000,201806-201809,-0.11471591
1536,2018-07-02,2018-09-28,126.43000000,112.38000000,201807-201810,-0.11112869
1536,2018-08-01,2018-10-31,113.23000000,110.25000000,201808-201811,-0.02631811
1536,2018-09-03,2018-11-30,103.02000000,108.98000000,201809-201812,0.05785284
1536,2018-10-01,2018-12-28,115.36000000,102.59000000,201810-201901,-0.11069695
1536,2018-11-01,2019-01-30,111.53000000,102.17000000,201811-201902,-0.08392361
1536,2018-12-03,2019-02-27,114.94000000,102.17000000,201812-201903,-0.11110144
1536,2019-01-02,2019-03-29,102.59000000,96.63000000,201901-201904,-0.05809533
1536,2019-02-11,2019-04-30,102.17000000,95.78000000,201902-201905,-0.06254282
1536,2019-03-04,2019-05-31,103.44000000,78.33000000,201903-201906,-0.24274942
1536,2019-04-01,2019-06-28,97.06000000,86.41000000,201904-201907,-0.10972594
1536,2020-01-02,2020-03-31,102.49000000,66.95000000,202001-202004,-0.34676554
1536,2020-02-03,2020-04-30,102.05000000,83.93000000,202002-202005,-0.17756002
1589,2016-01-04,2016-03-31,156.03000000,192.20000000,201601-201604,0.23181439
1589,2016-02-01,2016-04-29,172.85000000,176.22000000,201602-201605,0.01949667
1589,2016-03-01,2016-05-31,205.24000000,182.53000000,201603-201606,-0.11065095
1589,2016-04-01,2016-06-30,192.20000000,171.59000000,201604-201607,-0.10723205
1589,2016-05-03,2016-07-29,172.01000000,148.71000000,201605-201608,-0.13545724
1589,2016-06-01,2016-08-31,185.05000000,151.80000000,201606-201609,-0.17968117
1590,2010-12-14,2011-02-25,104.12000000,104.12000000,201012-201103,0.00000000
1590,2011-02-08,2011-04-29,102.79000000,148.84000000,201102-201105,0.44800078
1590,2011-03-01,2011-05-31,107.46000000,178.88000000,201103-201106,0.66461939
1590,2011-04-01,2011-06-30,127.15000000,156.20000000,201104-201107,0.22847031
1590,2011-05-03,2011-07-29,142.17000000,153.13000000,201105-201108,0.07709081
1590,2011-06-01,2011-08-31,174.54000000,141.90000000,201106-201109,-0.18700584
1590,2011-07-01,2011-09-30,157.22000000,119.78000000,201107-201110,-0.23813764
1590,2011-08-01,2011-10-31,163.68000000,116.04000000,201108-201111,-0.29105572
1590,2011-09-01,2011-11-30,135.78000000,78.27000000,201109-201112,-0.42355281
1590,2011-10-03,2011-12-30,121.49000000,85.41000000,201110-201201,-0.29697918
1590,2011-11-01,2012-01-31,114.34000000,101.41000000,201111-201202,-0.11308379
1590,2011-12-01,2012-02-29,83.71000000,115.02000000,201112-201203,0.37402939
1590,2012-01-02,2012-03-30,82.01000000,104.47000000,201201-201204,0.27386904
1590,2012-02-01,2012-04-30,105.83000000,114.00000000,201202-201205,0.07719928
1590,2012-03-01,2012-05-31,116.38000000,112.98000000,201203-201206,-0.02921464
1590,2012-04-02,2012-06-29,104.13000000,115.70000000,201204-201207,0.11111111
1590,2012-05-02,2012-07-31,120.46000000,106.78000000,201205-201208,-0.11356467
1590,2012-06-01,2012-08-31,105.15000000,102.56000000,201206-201209,-0.02463148
1590,2012-07-02,2012-09-28,113.80000000,103.27000000,201207-201210,-0.09253076
1590,2012-08-01,2012-10-31,106.78000000,96.24000000,201208-201211,-0.09870762
1590,2012-09-03,2012-11-30,103.62000000,107.83000000,201209-201212,0.04062922
1590,2012-10-01,2012-12-28,107.83000000,118.02000000,201210-201301,0.09450060
1590,2016-01-04,2016-03-31,126.98000000,160.30000000,201601-201604,0.26240353
1590,2016-02-01,2016-04-29,133.73000000,180.55000000,201602-201605,0.35010843
1590,2016-03-01,2016-05-31,149.76000000,184.35000000,201603-201606,0.23096955
1590,2016-04-01,2016-06-30,164.94000000,201.65000000,201604-201607,0.22256578
1590,2016-05-03,2016-07-29,185.62000000,201.65000000,201605-201608,0.08635923
1590,2016-06-01,2016-08-31,189.83000000,203.38000000,201606-201609,0.07137966
1590,2016-07-01,2016-09-30,207.55000000,239.42000000,201607-201610,0.15355336
1590,2016-08-01,2016-10-31,210.93000000,215.82000000,201608-201611,0.02318305
1590,2016-09-01,2016-11-30,197.37000000,207.24000000,201609-201612,0.05000760
1590,2016-10-03,2016-12-30,239.85000000,220.54000000,201610-201701,-0.08050865
1590,2016-11-01,2017-01-24,218.39000000,222.68000000,201611-201702,0.01964376
1590,2016-12-01,2017-02-24,205.95000000,243.71000000,201612-201703,0.18334547
1590,2017-01-03,2017-03-31,215.39000000,256.15000000,201701-201704,0.18923813
1590,2017-02-02,2017-04-28,238.13000000,296.05000000,201702-201705,0.24322849
1590,2017-03-01,2017-05-31,251.86000000,284.90000000,201703-201706,0.13118399
1590,2017-04-05,2017-06-30,261.73000000,313.85000000,201704-201707,0.19913651
1590,2017-05-02,2017-07-31,296.91000000,361.46000000,201705-201708,0.21740595
1590,2017-06-01,2017-08-31,286.62000000,371.19000000,201706-201709,0.29505966
1590,2017-07-03,2017-09-30,318.65000000,368.98000000,201707-201710,0.15794759
1590,2017-08-01,2017-10-31,357.48000000,432.25000000,201708-201711,0.20915855
1590,2017-09-01,2017-11-30,365.00000000,452.16000000,201709-201712,0.23879452
1590,2017-10-02,2017-12-29,376.94000000,473.39000000,201710-201801,0.25587627
1590,2017-11-01,2018-01-31,428.27000000,409.68000000,201711-201802,-0.04340720
1590,2017-12-01,2018-02-27,447.73000000,473.39000000,201712-201803,0.05731133
1590,2018-01-02,2018-03-31,462.77000000,437.56000000,201801-201804,-0.05447631
1590,2018-02-01,2018-04-30,419.42000000,456.58000000,201802-201805,0.08859854
1590,2018-03-01,2018-05-31,467.20000000,455.70000000,201803-201806,-0.02461473
1590,2018-04-02,2018-06-29,453.93000000,383.58000000,201804-201807,-0.15497984
1590,2018-05-02,2018-07-31,436.23000000,295.10000000,201805-201808,-0.32352200
1590,2018-06-01,2018-08-31,464.54000000,267.55000000,201806-201809,-0.42405390
1590,2018-07-02,2018-09-28,353.94000000,271.17000000,201807-201810,-0.23385320
1590,2018-08-01,2018-10-31,304.83000000,241.70000000,201808-201811,-0.20709904
1590,2018-09-03,2018-11-30,253.94000000,293.85000000,201809-201812,0.15716311
1590,2018-10-01,2018-12-28,268.91000000,272.53000000,201810-201901,0.01346175
1590,2018-11-01,2019-01-30,265.73000000,319.24000000,201811-201902,0.20136981
1590,2018-12-03,2019-02-27,322.87000000,347.36000000,201812-201903,0.07585096
1590,2019-01-02,2019-03-29,272.08000000,361.87000000,201901-201904,0.33001323
1590,2019-02-11,2019-04-30,348.72000000,373.66000000,201902-201905,0.07151870
1590,2019-03-04,2019-05-31,361.41000000,295.66000000,201903-201906,-0.18192634
1590,2019-04-01,2019-06-28,382.73000000,315.61000000,201904-201907,-0.17537167
1590,2019-05-02,2019-07-31,373.66000000,293.39000000,201905-201908,-0.21482096
1590,2019-06-03,2019-08-30,287.04000000,293.39000000,201906-201909,0.02212235
1590,2019-07-01,2019-09-27,340.10000000,340.56000000,201907-201910,0.00135254
1590,2019-08-01,2019-10-31,297.02000000,384.80000000,201908-201911,0.29553565
1590,2019-09-02,2019-11-29,297.02000000,406.46000000,201909-201912,0.36846004
1590,2019-10-01,2019-12-31,345.17000000,429.96000000,201910-202001,0.24564707
1590,2019-11-01,2020-01-31,409.23000000,432.27000000,201911-202002,0.05630086
1590,2019-12-02,2020-02-27,409.23000000,443.79000000,201912-202003,0.08445129
1590,2020-01-02,2020-03-31,428.12000000,415.68000000,202001-202004,-0.02905727
1590,2020-02-03,2020-04-30,441.49000000,533.65000000,202002-202005,0.20874765
1590,2020-03-02,2020-05-29,451.16000000,474.67000000,202003-202006,0.05211012
1590,2020-04-01,2020-06-30,405.54000000,475.59000000,202004-202007,0.17273265
1590,2020-05-04,2020-07-31,508.77000000,565.91000000,202005-202008,0.11231008
1590,2020-06-01,2020-08-31,461.76000000,600.01000000,202006-202009,0.29939796
1590,2020-07-01,2020-09-30,477.43000000,604.13000000,202007-202010,0.26537922
1590,2020-08-03,2020-10-30,562.23000000,712.71000000,202008-202011,0.26764847
1590,2020-09-01,2020-11-30,633.19000000,770.24000000,202009-202012,0.21644372
1590,2020-10-05,2020-12-31,596.71000000,835.21000000,202010-202101,0.39969164
1605,2010-01-04,2010-03-31,8.14000000,7.98000000,201001-201004,-0.01965602
1605,2010-02-01,2010-04-30,6.90000000,8.81000000,201002-201005,0.27681159
1605,2010-03-01,2010-05-31,7.15000000,7.35000000,201003-201006,0.02797203
1605,2010-04-01,2010-06-30,8.02000000,7.63000000,201004-201007,-0.04862843
1605,2010-05-03,2010-07-30,8.75000000,8.97000000,201005-201008,0.02514286
1605,2010-06-01,2010-08-31,7.25000000,9.64000000,201006-201009,0.32965517
1605,2010-07-01,2010-09-30,7.54000000,11.88000000,201007-201010,0.57559682
1605,2010-08-02,2010-10-29,9.39000000,11.72000000,201008-201011,0.24813632
1605,2010-09-01,2010-11-30,9.87000000,11.40000000,201009-201012,0.15501520
1605,2010-10-01,2010-12-31,11.91000000,11.82000000,201010-201101,-0.00755668
1605,2010-11-01,2011-01-28,11.69000000,11.24000000,201011-201102,-0.03849444
1605,2010-12-01,2011-02-25,11.62000000,10.06000000,201012-201103,-0.13425129
1605,2011-01-03,2011-03-31,11.85000000,9.87000000,201101-201104,-0.16708861
1605,2011-02-08,2011-04-29,11.56000000,10.60000000,201102-201105,-0.08304498
1605,2011-03-01,2011-05-31,10.09000000,9.55000000,201103-201106,-0.05351833
1605,2011-04-01,2011-06-30,9.84000000,9.20000000,201104-201107,-0.06504065
1605,2011-05-03,2011-07-29,10.51000000,8.75000000,201105-201108,-0.16745956
1605,2011-06-01,2011-08-31,9.64000000,7.42000000,201106-201109,-0.23029046
1605,2011-07-01,2011-09-30,9.17000000,6.23000000,201107-201110,-0.32061069
1605,2011-08-01,2011-10-31,9.07000000,6.76000000,201108-201111,-0.25468578
1605,2011-09-01,2011-11-30,7.42000000,5.92000000,201109-201112,-0.20215633
1605,2011-10-03,2011-12-30,5.89000000,5.78000000,201110-201201,-0.01867572
1605,2011-11-01,2012-01-31,6.76000000,6.92000000,201111-201202,0.02366864
1605,2011-12-01,2012-02-29,6.33000000,7.58000000,201112-201203,0.19747235
1605,2012-01-02,2012-03-30,5.65000000,6.20000000,201201-201204,0.09734513
1605,2012-02-01,2012-04-30,6.89000000,5.64000000,201202-201205,-0.18142235
1605,2012-03-01,2012-05-31,7.48000000,5.22000000,201203-201206,-0.30213904
1605,2012-04-02,2012-06-29,6.11000000,5.46000000,201204-201207,-0.10638298
1605,2012-05-02,2012-07-31,5.89000000,6.00000000,201205-201208,0.01867572
1605,2012-06-01,2012-08-31,5.11000000,6.24000000,201206-201209,0.22113503
1605,2012-07-02,2012-09-28,5.50000000,6.79000000,201207-201210,0.23454545
1605,2012-08-01,2012-10-31,6.03000000,5.30000000,201208-201211,-0.12106136
1605,2012-09-03,2012-11-30,6.23000000,6.04000000,201209-201212,-0.03049759
1605,2012-10-01,2012-12-28,6.69000000,6.57000000,201210-201301,-0.01793722
1605,2016-01-04,2016-03-31,4.77000000,5.66000000,201601-201604,0.18658281
1605,2016-02-01,2016-04-29,4.78000000,5.60000000,201602-201605,0.17154812
1605,2016-03-01,2016-05-31,5.70000000,6.13000000,201603-201606,0.07543860
1605,2016-04-01,2016-06-30,5.58000000,5.79000000,201604-201607,0.03763441
1605,2016-05-03,2016-07-29,5.91000000,6.09000000,201605-201608,0.03045685
1605,2016-06-01,2016-08-31,6.15000000,6.76000000,201606-201609,0.09918699
1605,2016-07-01,2016-09-30,5.78000000,6.89000000,201607-201610,0.19204152
1605,2016-08-01,2016-10-31,6.69000000,7.47000000,201608-201611,0.11659193
1605,2016-09-01,2016-11-30,6.76000000,9.06000000,201609-201612,0.34023669
1605,2016-10-03,2016-12-30,6.76000000,8.01000000,201610-201701,0.18491124
1605,2016-11-01,2017-01-24,7.37000000,8.22000000,201611-201702,0.11533243
1605,2016-12-01,2017-02-24,8.96000000,9.60000000,201612-201703,0.07142857
1605,2017-01-03,2017-03-31,7.88000000,9.40000000,201701-201704,0.19289340
1605,2017-02-02,2017-04-28,8.76000000,9.16000000,201702-201705,0.04566210
1605,2017-03-01,2017-05-31,9.54000000,8.42000000,201703-201706,-0.11740042
1605,2017-04-05,2017-06-30,9.33000000,9.06000000,201704-201707,-0.02893891
1605,2017-05-02,2017-07-31,9.20000000,9.51000000,201705-201708,0.03369565
1605,2017-06-01,2017-08-31,8.59000000,10.40000000,201706-201709,0.21071013
1605,2017-07-03,2017-09-30,9.13000000,9.86000000,201707-201710,0.07995619
1605,2017-08-01,2017-10-31,9.61000000,11.01000000,201708-201711,0.14568158
1605,2017-09-01,2017-11-30,10.51000000,11.94000000,201709-201712,0.13606089
1605,2017-10-02,2017-12-29,9.90000000,12.58000000,201710-201801,0.27070707
1605,2017-11-01,2018-01-31,11.04000000,11.97000000,201711-201802,0.08423913
1605,2017-12-01,2018-02-27,11.54000000,12.12000000,201712-201803,0.05025997
1605,2018-01-02,2018-03-31,12.87000000,12.51000000,201801-201804,-0.02797203
1605,2018-02-01,2018-04-30,12.08000000,14.47000000,201802-201805,0.19784768
1605,2018-03-01,2018-05-31,12.79000000,17.90000000,201803-201806,0.39953088
1605,2018-04-02,2018-06-29,12.58000000,15.43000000,201804-201807,0.22655008
1605,2018-05-02,2018-07-31,14.19000000,15.51000000,201805-201808,0.09302326
1605,2018-06-01,2018-08-31,17.62000000,16.18000000,201806-201809,-0.08172531
1605,2018-07-02,2018-09-28,15.84000000,15.32000000,201807-201810,-0.03282828
1605,2018-08-01,2018-10-31,16.18000000,11.45000000,201808-201811,-0.29233622
1605,2018-09-03,2018-11-30,16.07000000,13.76000000,201809-201812,-0.14374611
1605,2018-10-01,2018-12-28,15.43000000,12.49000000,201810-201901,-0.19053791
1605,2018-11-01,2019-01-30,11.52000000,13.05000000,201811-201902,0.13281250
1605,2018-12-03,2019-02-27,14.24000000,13.53000000,201812-201903,-0.04985955
1605,2019-01-02,2019-03-29,12.45000000,13.16000000,201901-201904,0.05702811
1605,2019-02-11,2019-04-30,12.94000000,12.90000000,201902-201905,-0.00309119
1605,2019-03-04,2019-05-31,13.57000000,11.74000000,201903-201906,-0.13485630
1605,2019-04-01,2019-06-28,13.20000000,11.85000000,201904-201907,-0.10227273
1605,2019-05-02,2019-07-31,12.82000000,12.13000000,201905-201908,-0.05382215
1605,2019-06-03,2019-08-30,12.04000000,11.12000000,201906-201909,-0.07641196
1605,2019-07-01,2019-09-27,12.01000000,11.69000000,201907-201910,-0.02664446
1605,2019-08-01,2019-10-31,11.89000000,12.01000000,201908-201911,0.01009251
1605,2019-09-02,2019-11-29,11.37000000,11.45000000,201909-201912,0.00703606
1605,2019-10-01,2019-12-31,11.93000000,12.41000000,201910-202001,0.04023470
1605,2019-11-01,2020-01-31,11.97000000,11.93000000,201911-202002,-0.00334169
1605,2019-12-02,2020-02-27,11.29000000,11.24000000,201912-202003,-0.00442870
1605,2020-01-02,2020-03-31,12.49000000,8.87000000,202001-202004,-0.28983187
1605,2020-02-03,2020-04-30,11.69000000,10.60000000,202002-202005,-0.09324209
1605,2020-03-02,2020-05-29,11.33000000,11.20000000,202003-202006,-0.01147396
1605,2020-04-01,2020-06-30,8.91000000,12.15000000,202004-202007,0.36363636
1605,2020-05-04,2020-07-31,10.28000000,11.94000000,202005-202008,0.16147860
1605,2020-06-01,2020-08-31,11.33000000,14.07000000,202006-202009,0.24183583
1605,2020-07-01,2020-09-30,12.15000000,13.40000000,202007-202010,0.10288066
1605,2020-08-03,2020-10-30,11.94000000,14.82000000,202008-202011,0.24120603
1605,2020-09-01,2020-11-30,13.95000000,16.20000000,202009-202012,0.16129032
1605,2020-10-05,2020-12-31,13.74000000,16.12000000,202010-202101,0.17321689
1704,2010-01-04,2010-03-31,24.92000000,24.27000000,201001-201004,-0.02608347
1704,2010-02-01,2010-04-30,24.27000000,25.76000000,201002-201005,0.06139267
1704,2010-03-01,2010-05-31,24.82000000,24.18000000,201003-201006,-0.02578566
1704,2010-04-01,2010-06-30,24.27000000,24.92000000,201004-201007,0.02678204
1704,2010-05-03,2010-07-30,25.47000000,28.22000000,201005-201008,0.10797016
1704,2010-06-01,2010-08-31,24.21000000,43.37000000,201006-201009,0.79140851
1704,2010-07-01,2010-09-30,24.86000000,40.58000000,201007-201010,0.63234111
1704,2010-08-02,2010-10-29,28.22000000,43.23000000,201008-201011,0.53189227
1704,2010-09-01,2010-11-30,46.38000000,47.01000000,201009-201012,0.01358344
1704,2010-10-01,2010-12-31,41.14000000,41.81000000,201010-201101,0.01628585
1704,2010-11-01,2011-01-28,43.51000000,52.35000000,201011-201102,0.20317168
1704,2010-12-01,2011-02-25,46.59000000,56.77000000,201012-201103,0.21850182
1704,2011-01-03,2011-03-31,44.05000000,59.44000000,201101-201104,0.34937571
1704,2011-02-08,2011-04-29,51.71000000,59.30000000,201102-201105,0.14678012
1704,2011-03-01,2011-05-31,58.25000000,50.66000000,201103-201106,-0.13030043
1704,2011-04-01,2011-06-30,59.72000000,45.46000000,201104-201107,-0.23878098
1704,2011-05-03,2011-07-29,57.33000000,52.78000000,201105-201108,-0.07936508
1704,2011-06-01,2011-08-31,49.89000000,46.58000000,201106-201109,-0.06634596
1704,2011-07-01,2011-09-30,46.51000000,33.59000000,201107-201110,-0.27778972
1704,2011-08-01,2011-10-31,53.74000000,37.79000000,201108-201111,-0.29679940
1704,2011-09-01,2011-11-30,46.06000000,30.49000000,201109-201112,-0.33803734
1704,2011-10-03,2011-12-30,33.44000000,32.58000000,201110-201201,-0.02571770
1704,2011-11-01,2012-01-31,37.79000000,39.24000000,201111-201202,0.03836994
1704,2011-12-01,2012-02-29,32.62000000,40.73000000,201112-201203,0.24862048
1704,2012-01-02,2012-03-30,32.43000000,35.13000000,201201-201204,0.08325624
1704,2012-02-01,2012-04-30,41.93000000,33.71000000,201202-201205,-0.19604102
1704,2012-03-01,2012-05-31,41.25000000,34.98000000,201203-201206,-0.15200000
1704,2012-04-02,2012-06-29,35.31000000,35.57000000,201204-201207,0.00736335
1704,2012-05-02,2012-07-31,34.60000000,32.04000000,201205-201208,-0.07398844
1704,2012-06-01,2012-08-31,34.00000000,32.19000000,201206-201209,-0.05323529
1704,2012-07-02,2012-09-28,35.35000000,33.66000000,201207-201210,-0.04780764
1704,2012-08-01,2012-10-31,32.55000000,24.14000000,201208-201211,-0.25837174
1704,2012-09-03,2012-11-30,32.19000000,28.86000000,201209-201212,-0.10344828
1704,2012-10-01,2012-12-28,33.74000000,28.78000000,201210-201301,-0.14700652
1704,2016-01-04,2016-03-31,27.29000000,28.18000000,201601-201604,0.03261268
1704,2016-02-01,2016-04-29,25.39000000,32.50000000,201602-201605,0.28003151
1704,2016-03-01,2016-05-31,28.39000000,31.23000000,201603-201606,0.10003522
1704,2016-04-01,2016-06-30,28.65000000,34.19000000,201604-201607,0.19336824
1704,2016-05-03,2016-07-29,33.17000000,32.92000000,201605-201608,-0.00753693
1704,2016-06-01,2016-08-31,31.27000000,35.16000000,201606-201609,0.12440038
1704,2016-07-01,2016-09-30,34.19000000,33.84000000,201607-201610,-0.01023691
1704,2016-08-01,2016-10-31,33.53000000,33.98000000,201608-201611,0.01342082
1704,2016-09-01,2016-11-30,34.64000000,33.14000000,201609-201612,-0.04330254
1704,2016-10-03,2016-12-30,33.76000000,39.17000000,201610-201701,0.16024882
1704,2016-11-01,2017-01-24,33.84000000,38.95000000,201611-201702,0.15100473
1704,2016-12-01,2017-02-24,33.23000000,39.08000000,201612-201703,0.17604574
1704,2017-01-03,2017-03-31,38.38000000,39.17000000,201701-201704,0.02058364
1704,2017-02-02,2017-04-28,38.82000000,38.20000000,201702-201705,-0.01597115
1704,2017-03-01,2017-05-31,38.82000000,36.70000000,201703-201706,-0.05461103
1704,2017-04-05,2017-06-30,39.17000000,36.88000000,201704-201707,-0.05846311
1704,2017-05-02,2017-07-31,37.89000000,38.55000000,201705-201708,0.01741884
1704,2017-06-01,2017-08-31,36.26000000,38.27000000,201706-201709,0.05543298
1704,2017-07-03,2017-09-30,37.32000000,38.18000000,201707-201710,0.02304394
1704,2017-08-01,2017-10-31,38.86000000,38.98000000,201708-201711,0.00308801
1704,2017-09-01,2017-11-30,38.32000000,39.50000000,201709-201712,0.03079332
1704,2017-10-02,2017-12-29,38.18000000,45.89000000,201710-201801,0.20193819
1704,2017-11-01,2018-01-31,38.79000000,42.72000000,201711-201802,0.10131477
1704,2017-12-01,2018-02-27,39.27000000,42.20000000,201712-201803,0.07461166
1704,2018-01-02,2018-03-31,45.75000000,41.92000000,201801-201804,-0.08371585
1704,2018-02-01,2018-04-30,42.77000000,41.73000000,201802-201805,-0.02431611
1704,2018-03-01,2018-05-31,42.06000000,43.48000000,201803-201806,0.03376129
1704,2018-04-02,2018-06-29,41.96000000,44.61000000,201804-201807,0.06315539
1704,2018-05-02,2018-07-31,41.68000000,51.50000000,201805-201808,0.23560461
1704,2018-06-01,2018-08-31,43.29000000,51.80000000,201806-201809,0.19658120
1704,2018-07-02,2018-09-28,44.61000000,51.90000000,201807-201810,0.16341627
1704,2018-08-01,2018-10-31,51.70000000,51.90000000,201808-201811,0.00386847
1704,2018-09-03,2018-11-30,51.80000000,52.30000000,201809-201812,0.00965251
1704,2018-10-01,2018-12-28,51.90000000,52.70000000,201810-201901,0.01541426
1704,2018-11-01,2019-01-23,51.80000000,53.10000000,201811-201902,0.02509653
1707,2016-01-04,2016-03-31,124.41000000,127.52000000,201601-201604,0.02499799
1707,2016-02-01,2016-04-29,127.52000000,134.43000000,201602-201605,0.05418758
1707,2016-03-01,2016-05-31,129.59000000,142.38000000,201603-201606,0.09869589
1707,2016-04-01,2016-06-30,126.48000000,144.80000000,201604-201607,0.14484503
1707,2016-05-03,2016-07-29,138.23000000,151.84000000,201605-201608,0.09845909
1707,2016-06-01,2016-08-31,141.00000000,168.87000000,201606-201609,0.19765957
1707,2016-07-01,2016-09-30,145.83000000,184.48000000,201607-201610,0.26503463
1707,2016-08-01,2016-10-31,152.55000000,188.03000000,201608-201611,0.23257948
1707,2016-09-01,2016-11-30,174.91000000,169.58000000,201609-201612,-0.03047281
1707,2016-10-03,2016-12-30,182.71000000,132.69000000,201610-201701,-0.27376717
1707,2016-11-01,2017-01-24,186.97000000,126.66000000,201611-201702,-0.32256512
1707,2016-12-01,2017-02-24,170.29000000,145.10000000,201612-201703,-0.14792413
1707,2017-01-03,2017-03-31,119.56000000,135.53000000,201701-201704,0.13357310
1707,2017-03-01,2017-05-31,143.69000000,132.33000000,201703-201706,-0.07905909
1707,2018-03-01,2018-05-31,159.88000000,169.41000000,201803-201806,0.05960721
1707,2018-04-02,2018-06-29,182.25000000,168.68000000,201804-201807,-0.07445816
1707,2018-05-02,2018-07-31,182.25000000,177.52000000,201805-201808,-0.02595336
1707,2018-06-01,2018-08-31,178.95000000,163.93000000,201806-201809,-0.08393406
1707,2018-07-02,2018-09-28,171.61000000,162.04000000,201807-201810,-0.05576598
1707,2018-08-01,2018-10-31,180.17000000,147.31000000,201808-201811,-0.18238330
1707,2018-09-03,2018-11-30,155.62000000,148.82000000,201809-201812,-0.04369618
1707,2018-10-01,2018-12-28,162.04000000,143.91000000,201810-201901,-0.11188595
1707,2018-11-01,2019-01-30,148.06000000,156.37000000,201811-201902,0.05612589
1707,2018-12-03,2019-02-27,152.59000000,153.73000000,201812-201903,0.00747100
1707,2019-01-02,2019-03-29,140.51000000,150.33000000,201901-201904,0.06988826
1707,2019-02-11,2019-04-30,156.75000000,162.04000000,201902-201905,0.03374801
1707,2019-03-04,2019-05-31,158.64000000,163.93000000,201903-201906,0.03334594
1707,2019-05-02,2019-07-31,160.15000000,150.62000000,201905-201908,-0.05950671
1707,2019-06-03,2019-08-30,163.93000000,150.23000000,201906-201909,-0.08357226
1707,2020-03-02,2020-05-29,170.47000000,147.12000000,202003-202006,-0.13697425
1707,2020-04-01,2020-06-30,150.23000000,152.92000000,202004-202007,0.01790588
1707,2020-05-04,2020-07-31,152.57000000,149.70000000,202005-202008,-0.01881104
1710,2010-01-04,2010-03-31,13.51000000,14.12000000,201001-201004,0.04515174
1710,2010-02-01,2010-04-30,13.03000000,14.52000000,201002-201005,0.11435150
1710,2010-03-01,2010-05-31,14.47000000,12.31000000,201003-201006,-0.14927436
1710,2010-04-01,2010-06-30,13.91000000,12.71000000,201004-201007,-0.08626887
1710,2010-05-03,2010-07-30,14.39000000,13.66000000,201005-201008,-0.05072967
1710,2010-06-01,2010-08-31,12.23000000,13.86000000,201006-201009,0.13327882
1710,2010-07-01,2010-09-30,12.58000000,15.34000000,201007-201010,0.21939587
1710,2010-08-02,2010-10-29,13.83000000,18.42000000,201008-201011,0.33188720
1710,2010-09-01,2010-11-30,14.14000000,19.27000000,201009-201012,0.36280057
1710,2010-10-01,2010-12-31,15.45000000,21.44000000,201010-201101,0.38770227
1710,2010-11-01,2011-01-28,18.50000000,24.32000000,201011-201102,0.31459459
1710,2010-12-01,2011-02-25,19.30000000,23.38000000,201012-201103,0.21139896
1710,2011-01-03,2011-03-31,21.95000000,23.61000000,201101-201104,0.07562642
1710,2011-02-08,2011-04-29,26.00000000,23.95000000,201102-201105,-0.07884615
1710,2011-03-01,2011-05-31,24.80000000,24.23000000,201103-201106,-0.02298387
1710,2011-04-01,2011-06-30,23.72000000,23.95000000,201104-201107,0.00969646
1710,2011-05-03,2011-07-29,23.09000000,31.20000000,201105-201108,0.35123430
1710,2011-06-01,2011-08-31,23.49000000,27.96000000,201106-201109,0.19029374
1710,2011-07-01,2011-09-30,25.60000000,22.61000000,201107-201110,-0.11679688
1710,2011-08-01,2011-10-31,33.37000000,23.72000000,201108-201111,-0.28918190
1710,2011-09-01,2011-11-30,27.48000000,22.37000000,201109-201112,-0.18595342
1710,2011-10-03,2011-12-30,22.16000000,22.85000000,201110-201201,0.03113718
1710,2011-11-01,2012-01-31,23.90000000,25.85000000,201111-201202,0.08158996
1710,2011-12-01,2012-02-29,23.93000000,24.59000000,201112-201203,0.02758044
1710,2012-01-02,2012-03-30,22.25000000,22.94000000,201201-201204,0.03101124
1710,2012-02-01,2012-04-30,26.09000000,21.46000000,201202-201205,-0.17746263
1710,2012-03-01,2012-05-31,24.71000000,21.34000000,201203-201206,-0.13638203
1710,2012-04-02,2012-06-29,23.03000000,21.58000000,201204-201207,-0.06296135
1710,2012-05-02,2012-07-31,21.85000000,24.13000000,201205-201208,0.10434783
1710,2012-06-01,2012-08-31,20.98000000,23.40000000,201206-201209,0.11534795
1710,2012-07-02,2012-09-28,22.00000000,23.33000000,201207-201210,0.06045455
1710,2012-08-01,2012-10-31,24.13000000,21.62000000,201208-201211,-0.10401989
1710,2012-09-03,2012-11-30,23.08000000,25.21000000,201209-201212,0.09228769
1710,2012-10-01,2012-12-28,23.40000000,24.27000000,201210-201301,0.03717949
1710,2017-02-02,2017-04-28,23.33000000,18.23000000,201702-201705,-0.21860266
1710,2018-05-02,2018-07-31,25.98000000,28.52000000,201805-201808,0.09776751
1710,2018-07-02,2018-09-28,27.92000000,29.38000000,201807-201810,0.05229226
1710,2018-08-01,2018-10-31,28.13000000,24.16000000,201808-201811,-0.14113047
1710,2018-09-03,2018-11-30,27.23000000,22.18000000,201809-201812,-0.18545722
1710,2018-10-01,2018-12-28,30.38000000,22.26000000,201810-201901,-0.26728111
1717,2010-01-04,2010-03-31,13.99000000,13.49000000,201001-201004,-0.03573981
1717,2010-02-01,2010-04-30,12.72000000,13.86000000,201002-201005,0.08962264
1717,2010-03-01,2010-05-31,13.12000000,12.55000000,201003-201006,-0.04344512
1717,2010-04-01,2010-06-30,13.68000000,12.84000000,201004-201007,-0.06140351
1717,2010-05-03,2010-07-30,13.68000000,14.15000000,201005-201008,0.03435673
1717,2010-06-01,2010-08-31,12.35000000,14.53000000,201006-201009,0.17651822
1717,2010-07-01,2010-09-30,12.81000000,15.18000000,201007-201010,0.18501171
1717,2010-08-02,2010-10-29,14.26000000,16.45000000,201008-201011,0.15357644
1717,2010-09-01,2010-11-30,14.69000000,15.60000000,201009-201012,0.06194690
1717,2010-10-01,2010-12-31,15.22000000,15.78000000,201010-201101,0.03679369
1717,2010-11-01,2011-01-28,16.61000000,16.03000000,201011-201102,-0.03491872
1717,2010-12-01,2011-02-25,16.15000000,14.71000000,201012-201103,-0.08916409
1717,2011-01-03,2011-03-31,15.89000000,16.11000000,201101-201104,0.01384519
1717,2011-02-08,2011-04-29,16.03000000,15.99000000,201102-201105,-0.00249532
1717,2011-03-01,2011-05-31,15.04000000,15.62000000,201103-201106,0.03856383
1717,2011-04-01,2011-06-30,15.99000000,15.04000000,201104-201107,-0.05941213
1717,2011-05-03,2011-07-29,15.78000000,15.45000000,201105-201108,-0.02091255
1717,2011-06-01,2011-08-31,15.46000000,13.04000000,201106-201109,-0.15653299
1717,2011-07-01,2011-09-30,15.04000000,11.93000000,201107-201110,-0.20678191
1717,2011-08-01,2011-10-31,15.43000000,12.61000000,201108-201111,-0.18276086
1717,2011-09-01,2011-11-30,13.09000000,11.27000000,201109-201112,-0.13903743
1717,2011-10-03,2011-12-30,11.57000000,11.95000000,201110-201201,0.03284356
1717,2011-11-01,2012-01-31,12.64000000,12.28000000,201111-201202,-0.02848101
1717,2011-12-01,2012-02-29,11.73000000,13.40000000,201112-201203,0.14236999
1717,2012-01-02,2012-03-30,11.75000000,13.04000000,201201-201204,0.10978723
1717,2012-02-01,2012-04-30,12.38000000,11.57000000,201202-201205,-0.06542811
1717,2012-03-01,2012-05-31,13.50000000,11.42000000,201203-201206,-0.15407407
1717,2012-04-02,2012-06-29,12.87000000,11.83000000,201204-201207,-0.08080808
1717,2012-05-02,2012-07-31,12.13000000,12.07000000,201205-201208,-0.00494641
1717,2012-06-01,2012-08-31,11.09000000,13.10000000,201206-201209,0.18124436
1717,2012-07-02,2012-09-28,11.70000000,13.26000000,201207-201210,0.13333333
1717,2012-08-01,2012-10-31,12.33000000,12.04000000,201208-201211,-0.02351987
1717,2012-09-03,2012-11-30,13.10000000,13.50000000,201209-201212,0.03053435
1717,2012-10-01,2012-12-28,13.23000000,13.31000000,201210-201301,0.00604686
1717,2016-01-04,2016-03-31,19.37000000,20.39000000,201601-201604,0.05265875
1717,2016-02-01,2016-04-29,20.04000000,20.01000000,201602-201605,-0.00149701
1717,2016-03-01,2016-05-31,20.33000000,20.29000000,201603-201606,-0.00196754
1717,2016-04-01,2016-06-30,20.45000000,20.67000000,201604-201607,0.01075795
1717,2016-05-03,2016-07-29,19.86000000,23.08000000,201605-201608,0.16213494
1717,2016-06-01,2016-08-31,20.26000000,23.88000000,201606-201609,0.17867720
1717,2016-07-01,2016-09-30,21.10000000,23.43000000,201607-201610,0.11042654
1717,2016-08-01,2016-10-31,22.94000000,23.12000000,201608-201611,0.00784656
1717,2016-09-01,2016-11-30,23.88000000,22.98000000,201609-201612,-0.03768844
1717,2016-10-03,2016-12-30,23.22000000,22.87000000,201610-201701,-0.01507321
1717,2016-11-01,2017-01-24,23.08000000,23.57000000,201611-201702,0.02123050
1717,2016-12-01,2017-02-24,22.80000000,23.33000000,201612-201703,0.02324561
1717,2017-01-03,2017-03-31,23.05000000,22.90000000,201701-201704,-0.00650759
1717,2017-02-02,2017-04-28,23.57000000,22.42000000,201702-201705,-0.04879084
1717,2017-03-01,2017-05-31,23.15000000,22.52000000,201703-201706,-0.02721382
1717,2017-04-05,2017-06-30,22.94000000,23.67000000,201704-201707,0.03182214
1717,2017-05-02,2017-07-31,22.80000000,23.60000000,201705-201708,0.03508772
1717,2017-06-01,2017-08-31,22.70000000,24.16000000,201706-201709,0.06431718
1717,2017-07-03,2017-09-30,23.81000000,23.10000000,201707-201710,-0.02981940
1717,2017-08-01,2017-10-31,23.64000000,23.06000000,201708-201711,-0.02453469
1717,2017-09-01,2017-11-30,23.86000000,23.67000000,201709-201712,-0.00796312
1717,2017-10-02,2017-12-29,23.10000000,22.54000000,201710-201801,-0.02424242
1717,2017-11-01,2018-01-31,23.17000000,22.61000000,201711-201802,-0.02416918
1717,2017-12-01,2018-02-27,23.33000000,22.76000000,201712-201803,-0.02443206
1717,2018-01-02,2018-03-31,22.57000000,21.62000000,201801-201804,-0.04209127
1717,2018-02-01,2018-04-30,22.54000000,20.78000000,201802-201805,-0.07808341
1717,2018-03-01,2018-05-31,22.54000000,21.51000000,201803-201806,-0.04569654
1717,2018-04-02,2018-06-29,21.70000000,20.38000000,201804-201807,-0.06082949
1717,2018-05-02,2018-07-31,20.45000000,21.78000000,201805-201808,0.06503667
1717,2018-06-01,2018-08-31,20.96000000,21.38000000,201806-201809,0.02003817
1717,2018-07-02,2018-09-28,20.20000000,21.06000000,201807-201810,0.04257426
1717,2018-08-01,2018-10-31,21.78000000,18.32000000,201808-201811,-0.15886134
1717,2018-09-03,2018-11-30,21.45000000,19.07000000,201809-201812,-0.11095571
1717,2018-10-01,2018-12-28,21.30000000,18.64000000,201810-201901,-0.12488263
1717,2018-11-01,2019-01-30,18.56000000,19.83000000,201811-201902,0.06842672
1717,2018-12-03,2019-02-27,19.15000000,20.30000000,201812-201903,0.06005222
1717,2019-01-02,2019-03-29,18.64000000,19.47000000,201901-201904,0.04452790
1717,2019-02-11,2019-04-30,19.63000000,20.30000000,201902-201905,0.03413143
1717,2019-03-04,2019-05-31,20.43000000,21.14000000,201903-201906,0.03475281
1717,2019-04-01,2019-06-28,19.43000000,21.50000000,201904-201907,0.10653628
1717,2019-05-02,2019-07-31,20.50000000,21.53000000,201905-201908,0.05024390
1717,2019-06-03,2019-08-30,21.22000000,20.29000000,201906-201909,-0.04382658
1717,2019-07-01,2019-09-27,21.34000000,20.83000000,201907-201910,-0.02389878
1717,2019-08-01,2019-10-31,21.57000000,21.28000000,201908-201911,-0.01344460
1717,2019-09-02,2019-11-29,20.53000000,21.61000000,201909-201912,0.05260594
1717,2019-10-01,2019-12-31,20.99000000,21.85000000,201910-202001,0.04097189
1717,2019-11-01,2020-01-31,21.23000000,22.14000000,201911-202002,0.04286387
1717,2019-12-02,2020-02-27,21.44000000,22.14000000,201912-202003,0.03264925
1717,2020-01-02,2020-03-31,21.85000000,18.53000000,202001-202004,-0.15194508
1717,2020-02-03,2020-04-30,21.81000000,21.98000000,202002-202005,0.00779459
1717,2020-03-02,2020-05-29,21.89000000,26.29000000,202003-202006,0.20100503
1717,2020-04-01,2020-06-30,18.77000000,25.67000000,202004-202007,0.36760788
1717,2020-05-04,2020-07-31,21.69000000,26.47000000,202005-202008,0.22037805
1717,2020-06-01,2020-08-31,27.52000000,29.55000000,202006-202009,0.07376453
1717,2020-07-01,2020-09-30,25.76000000,28.01000000,202007-202010,0.08734472
1717,2020-08-03,2020-10-30,26.94000000,28.78000000,202008-202011,0.06829993
1717,2020-09-01,2020-11-30,29.25000000,29.77000000,202009-202012,0.01777778
1717,2020-10-05,2020-12-31,28.48000000,31.26000000,202010-202101,0.09761236
1718,2010-11-01,2011-01-28,11.49000000,12.31000000,201011-201102,0.07136641
1718,2011-02-08,2011-04-29,12.81000000,10.33000000,201102-201105,-0.19359875
1718,2011-03-01,2011-05-31,13.04000000,10.10000000,201103-201106,-0.22546012
1722,2010-01-04,2010-03-31,62.82000000,55.93000000,201001-201004,-0.10967845
1722,2010-02-01,2010-04-30,55.65000000,55.38000000,201002-201005,-0.00485175
1722,2010-03-01,2010-05-31,55.93000000,49.04000000,201003-201006,-0.12318970
1722,2010-04-01,2010-06-30,56.76000000,46.84000000,201004-201007,-0.17477097
1722,2010-05-03,2010-07-30,54.72000000,48.82000000,201005-201008,-0.10782164
1722,2010-06-01,2010-08-31,48.10000000,54.80000000,201006-201009,0.13929314
1722,2010-07-01,2010-09-30,46.95000000,54.58000000,201007-201010,0.16251331
1722,2010-08-02,2010-10-29,49.92000000,58.44000000,201008-201011,0.17067308
1722,2010-09-01,2010-11-30,55.64000000,61.51000000,201009-201012,0.10549964
1722,2010-10-01,2010-12-31,55.42000000,60.95000000,201010-201101,0.09978347
1722,2010-11-01,2011-01-28,59.56000000,61.23000000,201011-201102,0.02803895
1722,2010-12-01,2011-02-25,63.75000000,51.56000000,201012-201103,-0.19121569
1722,2011-01-03,2011-03-31,64.87000000,48.37000000,201101-201104,-0.25435486
1722,2011-02-08,2011-04-29,59.83000000,54.02000000,201102-201105,-0.09710847
1722,2011-03-01,2011-05-31,52.06000000,52.51000000,201103-201106,0.00864387
1722,2011-04-01,2011-06-30,49.38000000,49.38000000,201104-201107,0.00000000
1722,2011-05-03,2011-07-29,53.12000000,57.60000000,201105-201108,0.08433735
1722,2011-06-01,2011-08-31,53.07000000,51.68000000,201106-201109,-0.02619182
1722,2011-07-01,2011-09-30,50.44000000,43.03000000,201107-201110,-0.14690722
1722,2011-08-01,2011-10-31,56.20000000,44.80000000,201108-201111,-0.20284698
1722,2011-09-01,2011-11-30,51.56000000,40.28000000,201109-201112,-0.21877424
1722,2011-10-03,2011-12-30,41.19000000,40.39000000,201110-201201,-0.01942219
1722,2011-11-01,2012-01-31,45.26000000,43.94000000,201111-201202,-0.02916483
1722,2011-12-01,2012-02-29,42.51000000,47.15000000,201112-201203,0.10915079
1722,2012-01-02,2012-03-30,40.05000000,43.77000000,201201-201204,0.09288390
1722,2012-02-01,2012-04-30,44.40000000,40.10000000,201202-201205,-0.09684685
1722,2012-03-01,2012-05-31,47.38000000,39.76000000,201203-201206,-0.16082735
1722,2012-04-02,2012-06-29,43.94000000,39.13000000,201204-201207,-0.10946746
1722,2012-05-02,2012-07-31,40.91000000,40.79000000,201205-201208,-0.00293327
1722,2012-06-01,2012-08-31,38.96000000,43.72000000,201206-201209,0.12217659
1722,2012-07-02,2012-09-28,39.13000000,47.03000000,201207-201210,0.20189113
1722,2012-08-01,2012-10-31,41.42000000,41.17000000,201208-201211,-0.00603573
1722,2012-09-03,2012-11-30,44.01000000,44.72000000,201209-201212,0.01613270
1722,2012-10-01,2012-12-28,46.80000000,44.84000000,201210-201301,-0.04188034
1722,2016-01-04,2016-03-31,28.22000000,32.50000000,201601-201604,0.15166549
1722,2016-02-01,2016-04-29,28.33000000,29.29000000,201602-201605,0.03388634
1722,2016-03-01,2016-05-31,30.50000000,28.69000000,201603-201606,-0.05934426
1722,2016-04-01,2016-06-30,30.96000000,28.63000000,201604-201607,-0.07525840
1722,2016-05-03,2016-07-29,28.73000000,29.73000000,201605-201608,0.03480682
1722,2016-06-01,2016-08-31,28.89000000,29.38000000,201606-201609,0.01696089
1722,2016-07-01,2016-09-30,28.73000000,29.45000000,201607-201610,0.02506091
1722,2016-08-01,2016-10-31,29.79000000,29.66000000,201608-201611,-0.00436388
1722,2016-09-01,2016-11-30,29.41000000,28.43000000,201609-201612,-0.03332200
1722,2016-10-03,2016-12-30,29.69000000,28.15000000,201610-201701,-0.05186932
1722,2016-11-01,2017-01-24,29.52000000,28.53000000,201611-201702,-0.03353659
1722,2016-12-01,2017-02-24,28.18000000,29.80000000,201612-201703,0.05748758
1722,2017-01-03,2017-03-31,28.22000000,29.45000000,201701-201704,0.04358611
1722,2017-02-02,2017-04-28,28.71000000,28.60000000,201702-201705,-0.00383142
1722,2017-03-01,2017-05-31,29.66000000,28.11000000,201703-201706,-0.05225893
1722,2017-04-05,2017-06-30,29.34000000,28.36000000,201704-201707,-0.03340150
1722,2017-05-02,2017-07-31,28.88000000,28.74000000,201705-201708,-0.00484765
1722,2017-06-01,2017-08-31,28.46000000,29.74000000,201706-201709,0.04497540
1722,2017-07-03,2017-09-30,28.53000000,29.00000000,201707-201710,0.01647389
1722,2017-08-01,2017-10-31,28.71000000,29.11000000,201708-201711,0.01393243
1722,2017-09-01,2017-11-30,29.59000000,28.30000000,201709-201712,-0.04359581
1722,2017-10-02,2017-12-29,29.18000000,28.33000000,201710-201801,-0.02912954
1722,2017-11-01,2018-01-31,29.07000000,29.55000000,201711-201802,0.01651187
1722,2017-12-01,2018-02-27,28.44000000,28.78000000,201712-201803,0.01195499
1722,2018-01-02,2018-03-31,28.85000000,28.85000000,201801-201804,0.00000000
1722,2018-02-01,2018-04-30,29.51000000,29.59000000,201802-201805,0.00271095
1722,2018-03-01,2018-05-31,28.59000000,31.92000000,201803-201806,0.11647429
1722,2018-04-02,2018-06-29,28.78000000,30.92000000,201804-201807,0.07435719
1722,2018-05-02,2018-07-31,29.66000000,31.77000000,201805-201808,0.07113958
1722,2018-06-01,2018-08-31,31.77000000,32.87000000,201806-201809,0.03462386
1722,2018-07-02,2018-09-28,31.10000000,36.10000000,201807-201810,0.16077170
1722,2018-08-01,2018-10-31,31.73000000,32.60000000,201808-201811,0.02741885
1722,2018-09-03,2018-11-30,34.16000000,34.31000000,201809-201812,0.00439110
1722,2018-10-01,2018-12-28,37.57000000,33.53000000,201810-201901,-0.10753261
1722,2018-11-01,2019-01-30,32.99000000,33.65000000,201811-201902,0.02000606
1722,2018-12-03,2019-02-27,35.59000000,34.93000000,201812-201903,-0.01854453
1722,2019-01-02,2019-03-29,33.26000000,35.79000000,201901-201904,0.07606735
1722,2019-02-11,2019-04-30,33.57000000,34.89000000,201902-201905,0.03932082
1722,2019-03-04,2019-05-31,35.09000000,38.74000000,201903-201906,0.10401824
1722,2019-04-01,2019-06-28,36.06000000,37.07000000,201904-201907,0.02800887
1722,2019-05-02,2019-07-31,35.05000000,37.26000000,201905-201908,0.06305278
1722,2019-06-03,2019-08-30,38.62000000,36.94000000,201906-201909,-0.04350078
1722,2019-07-01,2019-09-27,37.07000000,37.02000000,201907-201910,-0.00134880
1722,2019-08-01,2019-10-31,36.87000000,39.46000000,201908-201911,0.07024681
1722,2019-09-02,2019-11-29,37.26000000,39.46000000,201909-201912,0.05904455
1722,2019-10-01,2019-12-31,36.86000000,40.31000000,201910-202001,0.09359740
1722,2019-11-01,2020-01-31,39.66000000,38.89000000,201911-202002,-0.01941503
1722,2019-12-02,2020-02-27,39.22000000,39.05000000,201912-202003,-0.00433452
1722,2020-01-02,2020-03-31,40.48000000,34.01000000,202001-202004,-0.15983202
1722,2020-02-03,2020-04-30,38.32000000,37.51000000,202002-202005,-0.02113779
1722,2020-03-02,2020-05-29,38.73000000,39.78000000,202003-202006,0.02711077
1722,2020-04-01,2020-06-30,33.85000000,40.48000000,202004-202007,0.19586411
1722,2020-05-04,2020-07-31,37.10000000,45.40000000,202005-202008,0.22371968
1722,2020-06-01,2020-08-31,40.03000000,45.96000000,202006-202009,0.14813890
1722,2020-07-01,2020-09-30,40.84000000,42.91000000,202007-202010,0.05068560
1722,2020-08-03,2020-10-30,45.07000000,43.33000000,202008-202011,-0.03860661
1722,2020-09-01,2020-11-30,45.19000000,45.79000000,202009-202012,0.01327727
1722,2020-10-05,2020-12-31,42.82000000,45.87000000,202010-202101,0.07122840
1723,2010-02-01,2010-04-30,42.55000000,49.13000000,201002-201005,0.15464160
1723,2010-03-01,2010-05-31,43.73000000,49.43000000,201003-201006,0.13034530
1723,2010-04-01,2010-06-30,46.20000000,48.30000000,201004-201007,0.04545455
1723,2010-05-03,2010-07-30,49.07000000,52.49000000,201005-201008,0.06969635
1723,2010-06-01,2010-08-31,49.07000000,54.40000000,201006-201009,0.10862034
1723,2010-07-01,2010-09-30,48.35000000,58.87000000,201007-201010,0.21758014
1723,2010-08-02,2010-10-29,53.09000000,60.78000000,201008-201011,0.14484837
1723,2010-09-01,2010-11-30,56.96000000,61.87000000,201009-201012,0.08620084
1723,2010-10-01,2010-12-31,59.69000000,65.41000000,201010-201101,0.09582845
1723,2010-11-01,2011-01-28,61.05000000,66.50000000,201011-201102,0.08927109
1723,2010-12-01,2011-02-25,62.14000000,69.50000000,201012-201103,0.11844223
1723,2011-01-03,2011-03-31,66.78000000,85.58000000,201101-201104,0.28152141
1723,2011-02-08,2011-04-29,65.69000000,96.21000000,201102-201105,0.46460649
1723,2011-03-01,2011-05-31,70.32000000,86.40000000,201103-201106,0.22866894
1723,2011-04-01,2011-06-30,86.40000000,83.67000000,201104-201107,-0.03159722
1723,2011-05-03,2011-07-29,93.49000000,93.50000000,201105-201108,0.00010696
1723,2011-06-01,2011-08-31,90.22000000,82.67000000,201106-201109,-0.08368433
1723,2011-07-01,2011-09-30,86.67000000,73.26000000,201107-201110,-0.15472482
1723,2011-08-01,2011-10-31,95.50000000,81.25000000,201108-201111,-0.14921466
1723,2011-09-01,2011-11-30,81.82000000,67.28000000,201109-201112,-0.17770716
1723,2011-10-03,2011-12-30,73.26000000,65.85000000,201110-201201,-0.10114660
1723,2011-11-01,2012-01-31,80.11000000,74.69000000,201111-201202,-0.06765697
1723,2011-12-01,2012-02-29,68.70000000,79.82000000,201112-201203,0.16186317
1723,2012-01-02,2012-03-30,64.43000000,79.82000000,201201-201204,0.23886388
1723,2012-02-01,2012-04-30,74.97000000,77.82000000,201202-201205,0.03801521
1723,2012-03-01,2012-05-31,78.96000000,76.68000000,201203-201206,-0.02887538
1723,2012-04-02,2012-06-29,81.82000000,77.25000000,201204-201207,-0.05585431
1723,2012-05-02,2012-07-31,78.68000000,79.55000000,201205-201208,0.01105745
1723,2012-06-01,2012-08-31,75.26000000,75.92000000,201206-201209,0.00876960
1723,2012-07-02,2012-09-28,78.68000000,78.34000000,201207-201210,-0.00432130
1723,2012-08-01,2012-10-31,78.95000000,76.83000000,201208-201211,-0.02685244
1723,2012-09-03,2012-11-30,76.23000000,77.74000000,201209-201212,0.01980847
1723,2012-10-01,2012-12-28,78.34000000,78.64000000,201210-201301,0.00382946
1723,2016-01-04,2016-03-31,74.22000000,80.23000000,201601-201604,0.08097548
1723,2016-02-01,2016-04-29,80.93000000,76.34000000,201602-201605,-0.05671568
1723,2016-03-01,2016-05-31,82.35000000,77.75000000,201603-201606,-0.05585914
1723,2016-04-01,2016-06-30,79.52000000,75.63000000,201604-201607,-0.04891851
1723,2016-05-03,2016-07-29,75.98000000,77.49000000,201605-201608,0.01987365
1723,2016-06-01,2016-08-31,77.75000000,75.28000000,201606-201609,-0.03176849
1723,2016-07-01,2016-09-30,75.28000000,76.38000000,201607-201610,0.01461211
1723,2016-08-01,2016-10-31,76.75000000,80.07000000,201608-201611,0.04325733
1723,2016-09-01,2016-11-30,75.28000000,81.92000000,201609-201612,0.08820404
1723,2016-10-03,2016-12-30,76.38000000,87.82000000,201610-201701,0.14977743
1723,2016-11-01,2017-01-24,80.44000000,90.41000000,201611-201702,0.12394331
1723,2016-12-01,2017-02-24,87.09000000,94.47000000,201612-201703,0.08473992
1723,2017-01-03,2017-03-31,89.30000000,87.09000000,201701-201704,-0.02474804
1723,2017-02-02,2017-04-28,92.25000000,88.19000000,201702-201705,-0.04401084
1723,2017-03-01,2017-05-31,94.47000000,90.04000000,201703-201706,-0.04689319
1723,2017-04-05,2017-06-30,87.45000000,85.98000000,201704-201707,-0.01680961
1723,2017-05-02,2017-07-31,87.82000000,87.84000000,201705-201708,0.00022774
1723,2017-06-01,2017-08-31,88.93000000,88.61000000,201706-201709,-0.00359834
1723,2017-09-01,2017-11-30,89.37000000,97.04000000,201709-201712,0.08582298
1723,2017-10-02,2017-12-29,96.66000000,97.81000000,201710-201801,0.01189737
1723,2017-12-01,2018-02-27,93.98000000,113.92000000,201712-201803,0.21217280
1723,2018-01-02,2018-03-31,97.81000000,117.76000000,201801-201804,0.20396687
1723,2018-02-01,2018-04-30,109.32000000,120.44000000,201802-201805,0.10171972
1723,2018-03-01,2018-05-31,116.99000000,119.29000000,201803-201806,0.01965980
1723,2018-04-02,2018-06-29,120.83000000,114.30000000,201804-201807,-0.05404287
1723,2018-05-02,2018-07-31,121.21000000,115.18000000,201805-201808,-0.04974837
1723,2018-06-01,2018-08-31,117.76000000,113.59000000,201806-201809,-0.03541101
1723,2018-07-02,2018-09-28,114.69000000,115.18000000,201807-201810,0.00427239
1723,2018-08-01,2018-10-31,116.76000000,99.34000000,201808-201811,-0.14919493
1723,2018-09-03,2018-11-30,111.61000000,102.91000000,201809-201812,-0.07795000
1723,2018-10-01,2018-12-28,115.57000000,108.45000000,201810-201901,-0.06160768
1723,2018-11-01,2019-01-30,98.95000000,107.26000000,201811-201902,0.08398181
1723,2018-12-03,2019-02-27,104.88000000,106.86000000,201812-201903,0.01887872
1723,2019-01-02,2019-03-29,107.26000000,106.47000000,201901-201904,-0.00736528
1723,2019-02-11,2019-04-30,108.05000000,106.47000000,201902-201905,-0.01462286
1723,2019-03-04,2019-05-31,107.26000000,104.49000000,201903-201906,-0.02582510
1723,2019-04-01,2019-06-28,106.47000000,106.47000000,201904-201907,0.00000000
1723,2019-05-02,2019-07-31,106.86000000,104.64000000,201905-201908,-0.02077485
1723,2019-06-03,2019-08-30,104.09000000,103.82000000,201906-201909,-0.00259391
1723,2019-07-01,2019-09-27,106.47000000,103.40000000,201907-201910,-0.02883441
1723,2019-08-01,2019-10-31,103.82000000,104.23000000,201908-201911,0.00394914
1723,2019-09-02,2019-11-29,103.82000000,101.76000000,201909-201912,-0.01984203
1723,2019-10-01,2019-12-31,104.23000000,100.93000000,201910-202001,-0.03166075
1723,2019-11-01,2020-01-31,102.99000000,98.87000000,201911-202002,-0.04000388
1789,2011-09-01,2011-11-30,41.87000000,27.60000000,201109-201112,-0.34081681
1789,2011-10-03,2011-12-30,26.13000000,29.01000000,201110-201201,0.11021814
1789,2011-11-01,2012-01-31,30.55000000,30.95000000,201111-201202,0.01309329
1789,2011-12-01,2012-02-29,28.67000000,38.05000000,201112-201203,0.32717126
1789,2012-01-02,2012-03-30,28.20000000,36.38000000,201201-201204,0.29007092
1789,2012-02-01,2012-04-30,31.15000000,35.50000000,201202-201205,0.13964687
1789,2012-03-01,2012-05-31,37.72000000,34.57000000,201203-201206,-0.08351007
1789,2012-04-02,2012-06-29,35.71000000,36.64000000,201204-201207,0.02604313
1789,2012-05-02,2012-07-31,37.72000000,38.72000000,201205-201208,0.02651113
1789,2012-06-01,2012-08-31,33.63000000,42.80000000,201206-201209,0.27267321
1789,2012-07-02,2012-09-28,39.06000000,42.24000000,201207-201210,0.08141321
1789,2012-08-01,2012-10-31,39.32000000,39.93000000,201208-201211,0.01551373
1789,2012-09-03,2012-11-30,42.80000000,43.86000000,201209-201212,0.02476636
1789,2012-10-01,2012-12-28,44.42000000,48.98000000,201210-201301,0.10265646
1789,2016-01-04,2016-03-31,42.50000000,40.69000000,201601-201604,-0.04258824
1789,2016-02-01,2016-04-29,41.27000000,34.83000000,201602-201605,-0.15604555
1789,2016-03-01,2016-05-31,45.61000000,38.56000000,201603-201606,-0.15457137
1789,2016-04-01,2016-06-30,39.91000000,35.81000000,201604-201607,-0.10273115
1789,2016-05-03,2016-07-29,34.91000000,36.47000000,201605-201608,0.04468634
1789,2016-06-01,2016-08-31,38.19000000,34.87000000,201606-201609,-0.08693375
1789,2016-07-01,2016-09-30,35.89000000,37.02000000,201607-201610,0.03148509
1789,2016-08-01,2016-10-31,36.43000000,34.53000000,201608-201611,-0.05215482
1789,2016-09-01,2016-11-30,34.92000000,33.93000000,201609-201612,-0.02835052
1789,2016-10-03,2016-12-30,36.55000000,33.20000000,201610-201701,-0.09165527
1789,2016-11-01,2017-01-24,33.71000000,32.86000000,201611-201702,-0.02521507
1789,2016-12-01,2017-02-24,33.93000000,38.01000000,201612-201703,0.12024757
1789,2017-01-03,2017-03-31,33.24000000,37.19000000,201701-201704,0.11883273
1789,2017-02-02,2017-04-28,33.16000000,35.60000000,201702-201705,0.07358263
1789,2017-03-01,2017-05-31,38.65000000,35.26000000,201703-201706,-0.08771022
1789,2017-04-05,2017-06-30,37.15000000,35.86000000,201704-201707,-0.03472409
1789,2017-05-02,2017-07-31,35.35000000,35.17000000,201705-201708,-0.00509194
1789,2017-06-01,2017-08-31,35.22000000,31.24000000,201706-201709,-0.11300398
1789,2017-07-03,2017-09-30,35.35000000,29.53000000,201707-201710,-0.16463932
1789,2017-08-01,2017-10-31,35.56000000,29.98000000,201708-201711,-0.15691789
1795,2019-03-04,2019-05-31,98.69000000,98.69000000,201903-201906,0.00000000
1802,2010-01-04,2010-03-31,17.97000000,23.29000000,201001-201004,0.29604897
1802,2010-02-01,2010-04-30,19.18000000,20.32000000,201002-201005,0.05943691
1802,2010-03-01,2010-05-31,19.94000000,20.38000000,201003-201006,0.02206620
1802,2010-04-01,2010-06-30,23.25000000,20.45000000,201004-201007,-0.12043011
1802,2010-05-03,2010-07-30,19.83000000,22.17000000,201005-201008,0.11800303
1802,2010-06-01,2010-08-31,20.42000000,22.21000000,201006-201009,0.08765916
1802,2010-07-01,2010-09-30,19.59000000,22.71000000,201007-201010,0.15926493
1802,2010-08-02,2010-10-29,22.60000000,26.51000000,201008-201011,0.17300885
1802,2010-09-01,2010-11-30,22.35000000,25.47000000,201009-201012,0.13959732
1802,2010-10-01,2010-12-31,23.03000000,26.04000000,201010-201101,0.13069909
1802,2010-11-01,2011-01-28,27.11000000,27.87000000,201011-201102,0.02803394
1802,2010-12-01,2011-02-25,26.65000000,25.82000000,201012-201103,-0.03114447
1802,2011-01-03,2011-03-31,26.86000000,26.65000000,201101-201104,-0.00781832
1802,2011-02-08,2011-04-29,27.76000000,33.45000000,201102-201105,0.20497118
1802,2011-03-01,2011-05-31,27.08000000,35.21000000,201103-201106,0.30022157
1802,2011-04-01,2011-06-30,26.97000000,36.18000000,201104-201107,0.34149055
1802,2011-05-03,2011-07-29,32.92000000,35.60000000,201105-201108,0.08140948
1802,2011-06-01,2011-08-31,35.14000000,29.90000000,201106-201109,-0.14911781
1802,2011-07-01,2011-09-30,36.32000000,28.23000000,201107-201110,-0.22274229
1802,2011-08-01,2011-10-31,36.92000000,29.74000000,201108-201111,-0.19447454
1802,2011-09-01,2011-11-30,29.34000000,23.56000000,201109-201112,-0.19700068
1802,2011-10-03,2011-12-30,27.99000000,24.88000000,201110-201201,-0.11111111
1802,2011-11-01,2012-01-31,29.50000000,27.27000000,201111-201202,-0.07559322
1802,2011-12-01,2012-02-29,25.04000000,28.74000000,201112-201203,0.14776358
1802,2012-01-02,2012-03-30,24.40000000,26.51000000,201201-201204,0.08647541
1802,2012-02-01,2012-04-30,27.07000000,23.20000000,201202-201205,-0.14296269
1802,2012-03-01,2012-05-31,29.30000000,22.29000000,201203-201206,-0.23924915
1802,2012-04-02,2012-06-29,25.44000000,19.97000000,201204-201207,-0.21501572
1802,2012-05-02,2012-07-31,24.56000000,24.14000000,201205-201208,-0.01710098
1802,2012-06-01,2012-08-31,21.77000000,25.20000000,201206-201209,0.15755627
1802,2012-07-02,2012-09-28,20.37000000,25.20000000,201207-201210,0.23711340
1802,2012-08-01,2012-10-31,23.88000000,23.67000000,201208-201211,-0.00879397
1802,2012-09-03,2012-11-30,25.62000000,23.21000000,201209-201212,-0.09406714
1802,2012-10-01,2012-12-28,24.60000000,25.41000000,201210-201301,0.03292683
1802,2016-01-04,2016-03-31,10.35000000,11.50000000,201601-201604,0.11111111
1802,2016-02-01,2016-04-29,10.18000000,11.72000000,201602-201605,0.15127701
1802,2016-03-01,2016-05-31,11.38000000,11.55000000,201603-201606,0.01493849
1802,2016-04-01,2016-06-30,11.38000000,11.72000000,201604-201607,0.02987698
1802,2016-05-03,2016-07-29,11.55000000,11.50000000,201605-201608,-0.00432900
1802,2016-06-01,2016-08-31,11.72000000,11.13000000,201606-201609,-0.05034130
1802,2016-07-01,2016-09-30,11.85000000,12.63000000,201607-201610,0.06582278
1802,2016-08-01,2016-10-31,11.42000000,11.30000000,201608-201611,-0.01050788
1802,2016-09-01,2016-11-30,11.26000000,11.56000000,201609-201612,0.02664298
1802,2016-10-03,2016-12-30,12.58000000,11.39000000,201610-201701,-0.09459459
1802,2016-11-01,2017-01-24,11.30000000,11.30000000,201611-201702,0.00000000
1802,2016-12-01,2017-02-24,11.64000000,15.02000000,201612-201703,0.29037801
1802,2017-01-03,2017-03-31,11.34000000,14.90000000,201701-201704,0.31393298
1802,2017-02-02,2017-04-28,11.39000000,13.18000000,201702-201705,0.15715540
1802,2017-03-01,2017-05-31,14.90000000,11.98000000,201703-201706,-0.19597315
1802,2017-04-05,2017-06-30,14.90000000,12.63000000,201704-201707,-0.15234899
1802,2017-05-02,2017-07-31,13.23000000,13.23000000,201705-201708,0.00000000
1802,2017-06-01,2017-08-31,11.86000000,14.04000000,201706-201709,0.18381113
1802,2017-07-03,2017-09-30,12.76000000,13.23000000,201707-201710,0.03683386
1802,2017-08-01,2017-10-31,13.65000000,13.31000000,201708-201711,-0.02490842
1802,2017-09-01,2017-11-30,14.00000000,14.38000000,201709-201712,0.02714286
1802,2017-10-02,2017-12-29,13.14000000,19.13000000,201710-201801,0.45585997
1802,2017-11-01,2018-01-31,13.23000000,16.61000000,201711-201802,0.25547997
1802,2017-12-01,2018-02-27,14.77000000,15.37000000,201712-201803,0.04062288
1802,2018-01-02,2018-03-31,18.96000000,16.05000000,201801-201804,-0.15348101
1802,2018-02-01,2018-04-30,16.56000000,17.04000000,201802-201805,0.02898551
1802,2018-03-01,2018-05-31,15.49000000,15.62000000,201803-201806,0.00839251
1802,2018-04-02,2018-06-29,15.75000000,14.72000000,201804-201807,-0.06539683
1802,2018-05-02,2018-07-31,16.82000000,14.64000000,201805-201808,-0.12960761
1802,2018-06-01,2018-08-31,15.41000000,14.42000000,201806-201809,-0.06424400
1802,2018-07-02,2018-09-28,14.64000000,14.33000000,201807-201810,-0.02117486
1802,2018-08-01,2018-10-31,14.90000000,11.68000000,201808-201811,-0.21610738
1802,2018-09-03,2018-11-30,14.42000000,12.21000000,201809-201812,-0.15325936
1802,2018-10-01,2018-12-28,14.46000000,11.37000000,201810-201901,-0.21369295
1802,2018-11-01,2019-01-30,11.81000000,11.51000000,201811-201902,-0.02540220
1802,2018-12-03,2019-02-27,12.39000000,12.03000000,201812-201903,-0.02905569
1802,2019-01-02,2019-03-29,11.42000000,12.12000000,201901-201904,0.06129597
1802,2019-02-11,2019-04-30,11.55000000,10.89000000,201902-201905,-0.05714286
1802,2019-03-04,2019-05-31,11.95000000,10.71000000,201903-201906,-0.10376569
1802,2019-04-01,2019-06-28,11.99000000,10.71000000,201904-201907,-0.10675563
1802,2019-05-02,2019-07-31,10.80000000,10.94000000,201905-201908,0.01296296
1802,2019-06-03,2019-08-30,10.76000000,10.53000000,201906-201909,-0.02137546
1802,2019-07-01,2019-09-27,10.80000000,10.53000000,201907-201910,-0.02500000
1802,2019-08-01,2019-10-31,10.89000000,10.48000000,201908-201911,-0.03764922
1802,2019-09-02,2019-11-29,10.57000000,10.30000000,201909-201912,-0.02554399
1802,2019-10-01,2019-12-31,10.57000000,10.30000000,201910-202001,-0.02554399
1802,2019-11-01,2020-01-31,10.53000000,9.40000000,201911-202002,-0.10731244
1802,2019-12-02,2020-02-27,10.44000000,9.17000000,201912-202003,-0.12164751
1802,2020-01-02,2020-03-31,10.30000000,6.68000000,202001-202004,-0.35145631
1802,2020-02-03,2020-04-30,9.08000000,8.10000000,202002-202005,-0.10792952
1802,2020-06-01,2020-08-31,8.07000000,10.39000000,202006-202009,0.28748451
1802,2020-08-03,2020-10-30,8.97000000,11.34000000,202008-202011,0.26421405
1802,2020-09-01,2020-11-30,10.35000000,16.22000000,202009-202012,0.56714976
1802,2020-10-05,2020-12-31,11.12000000,17.62000000,202010-202101,0.58453237
1904,2020-09-01,2020-11-30,24.46000000,26.36000000,202009-202012,0.07767784
1904,2020-10-05,2020-12-31,26.61000000,28.19000000,202010-202101,0.05937617
1907,2010-01-04,2010-03-31,7.57000000,7.12000000,201001-201004,-0.05944518
1907,2010-02-01,2010-04-30,6.58000000,6.90000000,201002-201005,0.04863222
1907,2010-03-01,2010-05-31,6.52000000,6.33000000,201003-201006,-0.02914110
1907,2010-04-01,2010-06-30,7.12000000,6.28000000,201004-201007,-0.11797753
1907,2010-05-03,2010-07-30,6.90000000,7.06000000,201005-201008,0.02318841
1907,2010-06-01,2010-08-31,6.31000000,7.40000000,201006-201009,0.17274168
1907,2010-07-01,2010-09-30,6.31000000,8.26000000,201007-201010,0.30903328
1907,2010-08-02,2010-10-29,7.12000000,8.70000000,201008-201011,0.22191011
1907,2010-09-01,2010-11-30,7.72000000,8.03000000,201009-201012,0.04015544
1907,2010-10-01,2010-12-31,8.29000000,8.61000000,201010-201101,0.03860072
1907,2010-11-01,2011-01-28,8.49000000,8.12000000,201011-201102,-0.04358068
1907,2010-12-01,2011-02-25,8.21000000,7.23000000,201012-201103,-0.11936663
1907,2011-01-03,2011-03-31,8.75000000,7.31000000,201101-201104,-0.16457143
1907,2011-05-03,2011-07-29,7.77000000,8.26000000,201105-201108,0.06306306
1907,2011-08-01,2011-10-31,8.21000000,7.51000000,201108-201111,-0.08526188
1907,2011-09-01,2011-11-30,7.48000000,7.23000000,201109-201112,-0.03342246
1907,2011-10-03,2011-12-30,6.93000000,7.39000000,201110-201201,0.06637807
1907,2011-11-01,2012-01-31,7.94000000,7.72000000,201111-201202,-0.02770781
1907,2011-12-01,2012-02-29,7.48000000,8.58000000,201112-201203,0.14705882
1907,2012-01-02,2012-03-30,7.45000000,8.21000000,201201-201204,0.10201342
1907,2012-02-01,2012-04-30,7.78000000,8.06000000,201202-201205,0.03598972
1907,2012-03-01,2012-05-31,8.58000000,7.60000000,201203-201206,-0.11421911
1907,2012-04-02,2012-06-29,8.18000000,7.54000000,201204-201207,-0.07823961
1907,2012-05-02,2012-07-31,8.09000000,7.83000000,201205-201208,-0.03213844
1907,2012-06-01,2012-08-31,7.45000000,7.63000000,201206-201209,0.02416107
1907,2012-07-02,2012-09-28,7.69000000,8.16000000,201207-201210,0.06111834
1907,2012-08-01,2012-10-31,7.86000000,7.77000000,201208-201211,-0.01145038
1907,2012-09-03,2012-11-30,7.77000000,8.06000000,201209-201212,0.03732304
1907,2012-10-01,2012-12-28,8.25000000,9.17000000,201210-201301,0.11151515
1909,2017-02-02,2017-04-28,18.34000000,20.28000000,201702-201705,0.10577972
1909,2017-03-01,2017-05-31,23.37000000,21.28000000,201703-201706,-0.08943089
1909,2017-04-05,2017-06-30,19.20000000,25.42000000,201704-201707,0.32395833
1909,2017-05-02,2017-07-31,20.32000000,29.62000000,201705-201708,0.45767717
1909,2017-06-01,2017-08-31,21.66000000,34.49000000,201706-201709,0.59233610
1909,2017-07-03,2017-09-30,25.72000000,35.42000000,201707-201710,0.37713841
1909,2017-08-01,2017-10-31,31.13000000,34.60000000,201708-201711,0.11146804
1909,2017-09-01,2017-11-30,35.07000000,31.95000000,201709-201712,-0.08896493
1909,2017-10-02,2017-12-29,37.25000000,32.62000000,201710-201801,-0.12429530
1909,2017-11-01,2018-01-31,34.76000000,26.03000000,201711-201802,-0.25115075
1909,2017-12-01,2018-02-27,32.69000000,28.49000000,201712-201803,-0.12847966
1909,2018-01-02,2018-03-31,32.30000000,25.41000000,201801-201804,-0.21331269
1909,2018-02-01,2018-04-30,26.89000000,27.08000000,201802-201805,0.00706582
1909,2018-03-01,2018-05-31,29.11000000,25.91000000,201803-201806,-0.10992786
1909,2018-04-02,2018-06-29,25.48000000,20.26000000,201804-201807,-0.20486656
1909,2018-05-02,2018-07-31,27.59000000,22.53000000,201805-201808,-0.18339978
1909,2018-06-01,2018-08-31,25.84000000,19.09000000,201806-201809,-0.26122291
2002,2010-01-04,2010-03-31,17.88000000,17.23000000,201001-201004,-0.03635347
2002,2010-02-01,2010-04-30,16.73000000,17.57000000,201002-201005,0.05020921
2002,2010-03-01,2010-05-31,17.20000000,16.02000000,201003-201006,-0.06860465
2002,2010-04-01,2010-06-30,17.41000000,15.63000000,201004-201007,-0.10224009
2002,2010-05-03,2010-07-30,17.49000000,16.98000000,201005-201008,-0.02915952
2002,2010-06-01,2010-08-31,15.79000000,16.95000000,201006-201009,0.07346422
2002,2010-07-01,2010-09-30,15.50000000,18.07000000,201007-201010,0.16580645
2002,2010-08-02,2010-10-29,17.26000000,17.37000000,201008-201011,0.00637312
2002,2010-09-01,2010-11-30,16.95000000,17.54000000,201009-201012,0.03480826
2002,2010-10-01,2010-12-31,18.01000000,18.74000000,201010-201101,0.04053304
2002,2010-11-01,2011-01-28,17.51000000,18.91000000,201011-201102,0.07995431
2002,2010-12-01,2011-02-25,17.54000000,18.74000000,201012-201103,0.06841505
2002,2011-01-03,2011-03-31,19.11000000,19.66000000,201101-201104,0.02878074
2002,2011-02-08,2011-04-29,19.52000000,19.80000000,201102-201105,0.01434426
2002,2011-03-01,2011-05-31,18.99000000,19.19000000,201103-201106,0.01053186
2002,2011-04-01,2011-06-30,19.61000000,19.36000000,201104-201107,-0.01274860
2002,2011-05-03,2011-07-29,19.80000000,18.74000000,201105-201108,-0.05353535
2002,2011-06-01,2011-08-31,19.16000000,19.61000000,201106-201109,0.02348643
2002,2011-07-01,2011-09-30,19.47000000,18.62000000,201107-201110,-0.04365691
2002,2011-08-01,2011-10-31,18.93000000,18.62000000,201108-201111,-0.01637612
2002,2011-09-01,2011-11-30,19.14000000,18.12000000,201109-201112,-0.05329154
2002,2011-10-03,2011-12-30,18.43000000,17.93000000,201110-201201,-0.02712968
2002,2011-11-01,2012-01-31,18.55000000,18.24000000,201111-201202,-0.01671159
2002,2011-12-01,2012-02-29,18.12000000,18.99000000,201112-201203,0.04801325
2002,2012-01-02,2012-03-30,17.77000000,18.77000000,201201-201204,0.05627462
2002,2012-02-01,2012-04-30,18.09000000,18.09000000,201202-201205,0.00000000
2002,2012-03-01,2012-05-31,19.11000000,17.43000000,201203-201206,-0.08791209
2002,2012-04-02,2012-06-29,18.49000000,17.43000000,201204-201207,-0.05732829
2002,2012-05-02,2012-07-31,18.21000000,17.51000000,201205-201208,-0.03844042
2002,2012-06-01,2012-08-31,17.25000000,16.85000000,201206-201209,-0.02318841
2002,2012-07-02,2012-09-28,17.34000000,17.58000000,201207-201210,0.01384083
2002,2012-08-01,2012-10-31,17.38000000,16.49000000,201208-201211,-0.05120829
2002,2012-09-03,2012-11-30,16.75000000,17.48000000,201209-201212,0.04358209
2002,2012-10-01,2012-12-28,17.25000000,17.97000000,201210-201301,0.04173913
2002,2016-01-04,2016-03-31,12.91000000,16.52000000,201601-201604,0.27962820
2002,2016-02-01,2016-04-29,13.27000000,16.70000000,201602-201605,0.25847777
2002,2016-03-01,2016-05-31,15.19000000,14.93000000,201603-201606,-0.01711652
2002,2016-04-01,2016-06-30,16.19000000,15.41000000,201604-201607,-0.04817789
2002,2016-05-03,2016-07-29,16.52000000,16.62000000,201605-201608,0.00605327
2002,2016-06-01,2016-08-31,15.45000000,16.59000000,201606-201609,0.07378641
2002,2016-07-01,2016-09-30,15.23000000,16.66000000,201607-201610,0.09389363
2002,2016-08-01,2016-10-31,16.85000000,17.19000000,201608-201611,0.02017804
2002,2016-09-01,2016-11-30,16.40000000,18.85000000,201609-201612,0.14939024
2002,2016-10-03,2016-12-30,16.81000000,18.58000000,201610-201701,0.10529447
2002,2016-11-01,2017-01-24,17.15000000,19.07000000,201611-201702,0.11195335
2002,2016-12-01,2017-02-24,18.77000000,19.45000000,201612-201703,0.03622802
2002,2017-01-03,2017-03-31,18.43000000,19.07000000,201701-201704,0.03472599
2002,2017-02-02,2017-04-28,19.15000000,18.25000000,201702-201705,-0.04699739
2002,2017-03-01,2017-05-31,19.38000000,18.66000000,201703-201706,-0.03715170
2002,2017-04-05,2017-06-30,19.56000000,18.66000000,201704-201707,-0.04601227
2002,2017-05-02,2017-07-31,18.28000000,19.35000000,201705-201708,0.05853392
2002,2017-06-01,2017-08-31,18.40000000,19.74000000,201706-201709,0.07282609
2002,2017-07-03,2017-09-30,19.15000000,19.07000000,201707-201710,-0.00417755
2002,2017-08-01,2017-10-31,19.62000000,19.15000000,201708-201711,-0.02395515
2002,2017-09-01,2017-11-30,19.62000000,19.11000000,201709-201712,-0.02599388
2002,2017-10-02,2017-12-29,19.11000000,19.31000000,201710-201801,0.01046572
2002,2017-11-01,2018-01-31,19.11000000,19.42000000,201711-201802,0.01622187
2002,2017-12-01,2018-02-27,19.07000000,18.80000000,201712-201803,-0.01415836
2002,2018-01-02,2018-03-31,19.27000000,18.29000000,201801-201804,-0.05085625
2002,2018-02-01,2018-04-30,19.38000000,18.33000000,201802-201805,-0.05417957
2002,2018-03-01,2018-05-31,19.03000000,18.41000000,201803-201806,-0.03258014
2002,2018-04-02,2018-06-29,18.33000000,18.49000000,201804-201807,0.00872886
2002,2018-05-02,2018-07-31,18.45000000,20.22000000,201805-201808,0.09593496
2002,2018-06-01,2018-08-31,18.53000000,20.34000000,201806-201809,0.09767944
2002,2018-07-02,2018-09-28,18.14000000,20.62000000,201807-201810,0.13671444
2002,2018-08-01,2018-10-31,20.18000000,19.73000000,201808-201811,-0.02229931
2002,2018-09-03,2018-11-30,20.10000000,19.41000000,201809-201812,-0.03432836
2002,2018-10-01,2018-12-28,20.62000000,19.61000000,201810-201901,-0.04898157
2002,2018-11-01,2019-01-30,19.45000000,20.58000000,201811-201902,0.05809769
2002,2018-12-03,2019-02-27,19.61000000,20.62000000,201812-201903,0.05150433
2002,2019-01-02,2019-03-29,19.41000000,20.46000000,201901-201904,0.05409583
2002,2019-02-11,2019-04-30,20.42000000,20.18000000,201902-201905,-0.01175318
2002,2019-03-04,2019-05-31,20.50000000,19.65000000,201903-201906,-0.04146341
2002,2019-04-01,2019-06-28,20.22000000,20.18000000,201904-201907,-0.00197824
2002,2019-05-02,2019-07-31,20.14000000,20.22000000,201905-201908,0.00397219
2002,2019-06-03,2019-08-30,19.53000000,19.50000000,201906-201909,-0.00153610
2002,2019-07-01,2019-09-27,20.10000000,19.38000000,201907-201910,-0.03582090
2002,2019-08-01,2019-10-31,20.05000000,19.76000000,201908-201911,-0.01446384
2002,2019-09-02,2019-11-29,19.54000000,19.71000000,201909-201912,0.00870010
2002,2019-10-01,2019-12-31,19.42000000,20.13000000,201910-202001,0.03656025
2002,2019-11-01,2020-01-31,19.84000000,19.46000000,201911-202002,-0.01915323
2002,2019-12-02,2020-02-27,19.71000000,19.38000000,201912-202003,-0.01674277
2002,2020-01-02,2020-03-31,20.22000000,15.96000000,202001-202004,-0.21068249
2002,2020-02-03,2020-04-30,19.38000000,16.85000000,202002-202005,-0.13054696
2002,2020-03-02,2020-05-29,19.29000000,16.68000000,202003-202006,-0.13530327
2002,2020-04-01,2020-06-30,15.84000000,17.44000000,202004-202007,0.10101010
2002,2020-05-04,2020-07-31,16.47000000,17.09000000,202005-202008,0.03764420
2002,2020-06-01,2020-08-31,16.93000000,17.18000000,202006-202009,0.01476669
2002,2020-07-01,2020-09-30,17.35000000,17.65000000,202007-202010,0.01729107
2002,2020-08-03,2020-10-30,16.92000000,17.52000000,202008-202011,0.03546099
2002,2020-09-01,2020-11-30,17.27000000,19.68000000,202009-202012,0.13954835
2002,2020-10-05,2020-12-31,17.78000000,21.37000000,202010-202101,0.20191226
2006,2010-01-04,2010-03-31,24.39000000,24.88000000,201001-201004,0.02009020
2006,2010-02-01,2010-04-30,25.19000000,23.46000000,201002-201005,-0.06867805
2006,2010-03-01,2010-05-31,25.36000000,18.97000000,201003-201006,-0.25197161
2006,2010-04-01,2010-06-30,25.15000000,17.53000000,201004-201007,-0.30298211
2006,2010-05-03,2010-07-30,22.84000000,19.92000000,201005-201008,-0.12784588
2006,2010-06-01,2010-08-31,18.63000000,19.64000000,201006-201009,0.05421363
2006,2010-07-01,2010-09-30,17.56000000,20.70000000,201007-201010,0.17881549
2006,2010-08-02,2010-10-29,20.38000000,20.31000000,201008-201011,-0.00343474
2006,2010-09-01,2010-11-30,19.85000000,20.10000000,201009-201012,0.01259446
2006,2010-10-01,2010-12-31,20.56000000,23.43000000,201010-201101,0.13959144
2006,2010-11-01,2011-01-28,20.38000000,24.35000000,201011-201102,0.19479882
2006,2010-12-01,2011-02-25,20.38000000,22.12000000,201012-201103,0.08537782
2006,2011-01-03,2011-03-31,24.46000000,24.21000000,201101-201104,-0.01022077
2006,2011-02-08,2011-04-29,24.85000000,23.96000000,201102-201105,-0.03581489
2006,2011-03-01,2011-05-31,22.69000000,23.36000000,201103-201106,0.02952843
2006,2011-04-01,2011-06-30,24.24000000,23.11000000,201104-201107,-0.04661716
2006,2011-05-03,2011-07-29,24.11000000,23.25000000,201105-201108,-0.03566985
2006,2011-06-01,2011-08-31,23.25000000,22.61000000,201106-201109,-0.02752688
2006,2011-07-01,2011-09-30,23.18000000,20.13000000,201107-201110,-0.13157895
2006,2011-08-01,2011-10-31,24.32000000,19.77000000,201108-201111,-0.18708882
2006,2011-09-01,2011-11-30,22.65000000,19.04000000,201109-201112,-0.15938190
2006,2011-10-03,2011-12-30,19.11000000,19.40000000,201110-201201,0.01517530
2006,2011-11-01,2012-01-31,20.02000000,20.43000000,201111-201202,0.02047952
2006,2011-12-01,2012-02-29,19.59000000,22.18000000,201112-201203,0.13221031
2006,2012-01-02,2012-03-30,19.48000000,21.85000000,201201-201204,0.12166324
2006,2012-02-01,2012-04-30,20.68000000,20.28000000,201202-201205,-0.01934236
2006,2012-03-01,2012-05-31,22.40000000,20.79000000,201203-201206,-0.07187500
2006,2012-04-02,2012-06-29,21.67000000,21.16000000,201204-201207,-0.02353484
2006,2012-05-02,2012-07-31,20.61000000,20.47000000,201205-201208,-0.00679282
2006,2012-06-01,2012-08-31,20.21000000,20.96000000,201206-201209,0.03711034
2006,2012-07-02,2012-09-28,20.90000000,22.78000000,201207-201210,0.08995215
2006,2012-08-01,2012-10-31,20.85000000,21.04000000,201208-201211,0.00911271
2006,2012-09-03,2012-11-30,21.08000000,22.71000000,201209-201212,0.07732448
2006,2012-10-01,2012-12-28,22.78000000,22.56000000,201210-201301,-0.00965759
2014,2010-01-04,2010-03-31,14.37000000,12.03000000,201001-201004,-0.16283925
2014,2010-02-01,2010-04-30,12.11000000,12.95000000,201002-201005,0.06936416
2014,2010-03-01,2010-05-31,11.86000000,10.57000000,201003-201006,-0.10876897
2014,2010-04-01,2010-06-30,11.90000000,10.33000000,201004-201007,-0.13193277
2014,2010-05-03,2010-07-30,12.99000000,10.61000000,201005-201008,-0.18321786
2014,2010-06-01,2010-08-31,10.49000000,11.54000000,201006-201009,0.10009533
2014,2010-07-01,2010-09-30,10.25000000,11.70000000,201007-201010,0.14146341
2014,2010-08-02,2010-10-27,10.86000000,10.81000000,201008-201011,-0.00460405
2014,2010-09-01,2010-11-30,11.74000000,12.27000000,201009-201012,0.04514480
2014,2010-10-01,2010-12-31,11.82000000,13.76000000,201010-201101,0.16412860
2014,2010-12-01,2011-02-25,12.19000000,14.25000000,201012-201103,0.16899098
2014,2011-01-03,2011-03-31,14.61000000,14.37000000,201101-201104,-0.01642710
2014,2011-02-08,2011-04-29,15.25000000,13.76000000,201102-201105,-0.09770492
2014,2011-03-01,2011-05-31,14.49000000,12.43000000,201103-201106,-0.14216701
2014,2011-04-01,2011-06-30,14.41000000,11.90000000,201104-201107,-0.17418459
2015,2010-01-04,2010-03-31,22.56000000,21.83000000,201001-201004,-0.03235816
2015,2010-02-01,2010-04-30,21.26000000,21.30000000,201002-201005,0.00188147
2015,2010-03-01,2010-05-31,21.87000000,18.00000000,201003-201006,-0.17695473
2015,2010-04-01,2010-06-30,21.95000000,18.07000000,201004-201007,-0.17676538
2015,2010-05-03,2010-07-30,21.06000000,19.45000000,201005-201008,-0.07644824
2015,2010-06-01,2010-08-31,17.94000000,20.87000000,201006-201009,0.16332219
2015,2010-07-01,2010-09-30,18.03000000,21.85000000,201007-201010,0.21186911
2015,2010-08-02,2010-10-29,19.94000000,21.34000000,201008-201011,0.07021063
2015,2010-09-01,2010-11-30,21.09000000,21.64000000,201009-201012,0.02607871
2015,2010-10-01,2010-12-31,21.81000000,23.63000000,201010-201101,0.08344796
2015,2010-11-01,2011-01-28,21.43000000,23.84000000,201011-201102,0.11245917
2015,2010-12-01,2011-02-25,22.02000000,21.19000000,201012-201103,-0.03769301
2015,2011-01-03,2011-03-31,24.52000000,22.15000000,201101-201104,-0.09665579
2015,2011-02-08,2011-04-29,24.78000000,22.15000000,201102-201105,-0.10613398
2015,2011-03-01,2011-05-31,21.81000000,21.85000000,201103-201106,0.00183402
2015,2011-04-01,2011-06-30,22.27000000,23.12000000,201104-201107,0.03816794
2015,2011-05-03,2011-07-29,22.10000000,23.81000000,201105-201108,0.07737557
2015,2011-06-01,2011-08-31,21.93000000,25.16000000,201106-201109,0.14728682
2015,2011-07-01,2011-09-30,23.06000000,23.32000000,201107-201110,0.01127493
2015,2011-08-01,2011-10-31,24.57000000,22.65000000,201108-201111,-0.07814408
2015,2011-09-01,2011-11-30,25.24000000,21.11000000,201109-201112,-0.16362916
2015,2011-10-03,2011-12-30,22.97000000,21.58000000,201110-201201,-0.06051371
2015,2011-11-01,2012-01-31,22.70000000,22.12000000,201111-201202,-0.02555066
2015,2011-12-01,2012-02-29,21.60000000,23.14000000,201112-201203,0.07129630
2015,2012-01-02,2012-03-30,21.40000000,23.19000000,201201-201204,0.08364486
2015,2012-02-01,2012-04-30,22.05000000,21.98000000,201202-201205,-0.00317460
2015,2012-03-01,2012-05-31,23.14000000,23.19000000,201203-201206,0.00216076
2015,2012-04-02,2012-06-29,23.19000000,22.34000000,201204-201207,-0.03665373
2015,2012-05-02,2012-07-31,22.47000000,22.72000000,201205-201208,0.01112595
2015,2012-06-01,2012-08-31,22.12000000,22.01000000,201206-201209,-0.00497288
2015,2012-07-02,2012-09-28,22.34000000,24.15000000,201207-201210,0.08102059
2015,2012-08-01,2012-10-31,22.72000000,21.96000000,201208-201211,-0.03345070
2015,2012-09-03,2012-11-30,22.44000000,23.39000000,201209-201212,0.04233512
2015,2012-10-01,2012-12-28,23.96000000,24.57000000,201210-201301,0.02545910
2015,2016-01-04,2016-03-31,21.71000000,24.02000000,201601-201604,0.10640258
2015,2016-02-01,2016-04-29,21.99000000,25.99000000,201602-201605,0.18190086
2015,2016-03-01,2016-05-31,22.33000000,24.68000000,201603-201606,0.10523959
2015,2016-04-01,2016-06-30,23.96000000,24.65000000,201604-201607,0.02879800
2015,2016-05-03,2016-07-29,26.73000000,25.53000000,201605-201608,-0.04489338
2015,2016-06-01,2016-08-31,25.50000000,24.65000000,201606-201609,-0.03333333
2015,2016-07-01,2016-09-30,24.90000000,24.81000000,201607-201610,-0.00361446
2015,2016-08-01,2016-10-31,25.57000000,25.44000000,201608-201611,-0.00508408
2015,2016-09-01,2016-11-30,24.81000000,27.51000000,201609-201612,0.10882709
2015,2016-10-03,2016-12-30,24.78000000,27.48000000,201610-201701,0.10895884
2015,2016-11-01,2017-01-24,25.41000000,29.09000000,201611-201702,0.14482487
2015,2016-12-01,2017-02-24,26.93000000,31.52000000,201612-201703,0.17044189
2015,2017-01-03,2017-03-31,27.27000000,31.46000000,201701-201704,0.15364870
2015,2017-02-02,2017-04-28,29.85000000,30.97000000,201702-201705,0.03752094
2015,2017-03-01,2017-05-31,31.33000000,30.67000000,201703-201706,-0.02106607
2015,2017-04-05,2017-06-30,31.70000000,32.55000000,201704-201707,0.02681388
2015,2017-05-02,2017-07-31,31.58000000,33.26000000,201705-201708,0.05319823
2015,2017-06-01,2017-08-31,30.97000000,33.84000000,201706-201709,0.09267033
2015,2017-07-03,2017-09-30,32.62000000,33.45000000,201707-201710,0.02544451
2015,2017-08-01,2017-10-31,33.90000000,33.52000000,201708-201711,-0.01120944
2015,2017-09-01,2017-11-30,33.90000000,33.71000000,201709-201712,-0.00560472
2015,2017-10-02,2017-12-29,33.77000000,35.83000000,201710-201801,0.06100089
2015,2017-11-01,2018-01-31,33.52000000,38.53000000,201711-201802,0.14946301
2015,2017-12-01,2018-02-27,33.45000000,39.56000000,201712-201803,0.18266069
2015,2018-01-02,2018-03-31,37.18000000,38.28000000,201801-201804,0.02958580
2015,2018-02-01,2018-04-30,38.73000000,38.47000000,201802-201805,-0.00671314
2015,2018-03-01,2018-05-31,40.46000000,37.83000000,201803-201806,-0.06500247
2015,2018-04-02,2018-06-29,38.15000000,37.63000000,201804-201807,-0.01363041
2015,2018-05-02,2018-07-31,38.53000000,37.10000000,201805-201808,-0.03711394
2015,2018-06-01,2018-08-31,37.51000000,39.70000000,201806-201809,0.05838443
2015,2018-07-02,2018-09-28,37.51000000,41.48000000,201807-201810,0.10583844
2015,2018-08-01,2018-10-31,37.51000000,40.11000000,201808-201811,0.06931485
2015,2018-09-03,2018-11-30,39.76000000,40.31000000,201809-201812,0.01383300
2015,2018-10-01,2018-12-28,41.34000000,40.04000000,201810-201901,-0.03144654
2015,2018-11-01,2019-01-30,40.11000000,39.83000000,201811-201902,-0.00698080
2015,2018-12-03,2019-02-27,40.24000000,40.52000000,201812-201903,0.00695825
2015,2019-01-02,2019-03-29,39.70000000,41.34000000,201901-201904,0.04130982
2015,2019-02-11,2019-04-30,39.83000000,41.61000000,201902-201905,0.04468993
2015,2019-03-04,2019-05-31,40.45000000,43.87000000,201903-201906,0.08454883
2015,2019-04-01,2019-06-28,41.20000000,43.05000000,201904-201907,0.04490291
2015,2019-05-02,2019-07-31,41.61000000,41.73000000,201905-201908,0.00288392
2015,2019-06-03,2019-08-30,43.87000000,39.91000000,201906-201909,-0.09026670
2015,2019-07-01,2019-09-27,43.41000000,37.57000000,201907-201910,-0.13453121
2015,2019-08-01,2019-10-31,41.81000000,38.52000000,201908-201911,-0.07868931
2015,2019-09-02,2019-11-29,39.91000000,39.54000000,201909-201912,-0.00927086
2015,2019-10-01,2019-12-31,37.86000000,39.25000000,201910-202001,0.03671421
2015,2019-11-01,2020-01-31,38.30000000,38.74000000,201911-202002,0.01148825
2015,2019-12-02,2020-02-27,39.39000000,39.69000000,201912-202003,0.00761615
2015,2020-01-02,2020-03-31,39.54000000,33.73000000,202001-202004,-0.14693981
2015,2020-02-03,2020-04-30,38.81000000,38.15000000,202002-202005,-0.01700593
2015,2020-03-02,2020-05-29,39.76000000,38.08000000,202003-202006,-0.04225352
2015,2020-04-01,2020-06-30,33.84000000,40.21000000,202004-202007,0.18823877
2015,2020-05-04,2020-07-31,37.28000000,40.75000000,202005-202008,0.09307940
2015,2020-06-01,2020-08-31,38.74000000,44.07000000,202006-202009,0.13758389
2015,2020-07-01,2020-09-30,40.21000000,43.22000000,202007-202010,0.07485700
2015,2020-08-03,2020-10-30,40.90000000,44.07000000,202008-202011,0.07750611
2015,2020-09-01,2020-11-30,43.84000000,45.31000000,202009-202012,0.03353102
2015,2020-10-05,2020-12-31,43.07000000,54.98000000,202010-202101,0.27652658
2027,2018-04-02,2018-06-29,16.51000000,19.52000000,201804-201807,0.18231375
2027,2018-05-02,2018-07-31,18.20000000,20.65000000,201805-201808,0.13461538
2027,2018-06-01,2018-08-31,19.23000000,26.94000000,201806-201809,0.40093604
2027,2018-07-02,2018-09-28,19.60000000,31.07000000,201807-201810,0.58520408
2027,2018-08-01,2018-10-31,20.90000000,25.20000000,201808-201811,0.20574163
2027,2018-09-03,2018-11-30,24.97000000,24.79000000,201809-201812,-0.00720865
2027,2018-10-01,2018-12-28,30.83000000,24.42000000,201810-201901,-0.20791437
2027,2018-11-01,2019-01-30,26.07000000,25.49000000,201811-201902,-0.02224779
2027,2018-12-03,2019-02-27,25.26000000,25.55000000,201812-201903,0.01148060
2027,2019-01-02,2019-03-29,24.62000000,26.39000000,201901-201904,0.07189277
2027,2019-02-11,2019-04-30,25.52000000,25.46000000,201902-201905,-0.00235110
2027,2019-03-04,2019-05-31,25.96000000,25.58000000,201903-201906,-0.01463790
2027,2019-04-01,2019-06-28,26.19000000,26.30000000,201904-201907,0.00420008
2027,2019-05-02,2019-07-31,25.43000000,26.86000000,201905-201908,0.05623280
2027,2019-06-03,2019-08-30,25.49000000,23.69000000,201906-201909,-0.07061593
2027,2019-07-01,2019-09-27,26.42000000,21.61000000,201907-201910,-0.18205905
2027,2019-08-01,2019-10-31,26.74000000,20.46000000,201908-201911,-0.23485415
2027,2019-09-02,2019-11-29,24.09000000,18.09000000,201909-201912,-0.24906600
2027,2019-10-01,2019-12-31,20.58000000,19.93000000,201910-202001,-0.03158406
2027,2019-11-01,2020-01-31,20.52000000,18.78000000,201911-202002,-0.08479532
2027,2019-12-02,2020-02-27,17.63000000,19.21000000,201912-202003,0.08961997
2027,2020-01-02,2020-03-31,19.96000000,16.73000000,202001-202004,-0.16182365
2027,2020-02-03,2020-04-30,18.25000000,16.57000000,202002-202005,-0.09205479
2027,2020-03-02,2020-05-29,19.52000000,16.69000000,202003-202006,-0.14497951
2027,2020-04-01,2020-06-30,15.54000000,16.85000000,202004-202007,0.08429858
2027,2020-05-04,2020-07-31,17.10000000,15.34000000,202005-202008,-0.10292398
2027,2020-06-01,2020-08-31,16.60000000,14.02000000,202006-202009,-0.15542169
2027,2020-07-01,2020-09-30,16.85000000,13.67000000,202007-202010,-0.18872404
2049,2010-11-01,2011-01-28,57.87000000,88.54000000,201011-201102,0.52998099
2049,2010-12-01,2011-02-25,76.10000000,107.06000000,201012-201103,0.40683311
2049,2011-01-03,2011-03-31,82.75000000,108.79000000,201101-201104,0.31468278
2049,2011-02-08,2011-04-29,89.70000000,164.93000000,201102-201105,0.83868450
2049,2011-03-01,2011-05-31,107.06000000,178.81000000,201103-201106,0.67018494
2049,2011-04-01,2011-06-30,111.40000000,161.45000000,201104-201107,0.44928187
2049,2011-05-03,2011-07-29,173.03000000,209.61000000,201105-201108,0.21140843
2049,2011-06-01,2011-08-31,185.18000000,178.98000000,201106-201109,-0.03348094
2049,2011-07-01,2011-09-30,172.74000000,127.33000000,201107-201110,-0.26288063
2049,2011-08-01,2011-10-31,224.02000000,165.17000000,201108-201111,-0.26269976
2049,2011-09-01,2011-11-30,184.38000000,143.24000000,201109-201112,-0.22312615
2049,2011-10-03,2011-12-30,121.92000000,147.75000000,201110-201201,0.21186024
2049,2011-11-01,2012-01-31,167.27000000,164.26000000,201111-201202,-0.01799486
2049,2011-12-01,2012-02-29,153.15000000,197.60000000,201112-201203,0.29023833
2049,2012-01-02,2012-03-30,142.94000000,200.00000000,201201-201204,0.39918847
2049,2012-02-01,2012-04-30,168.77000000,166.37000000,201202-201205,-0.01422054
2049,2012-03-01,2012-05-31,197.90000000,179.58000000,201203-201206,-0.09257201
2049,2012-04-02,2012-06-29,194.29000000,181.38000000,201204-201207,-0.06644706
2049,2012-05-02,2012-07-31,177.78000000,166.67000000,201205-201208,-0.06249297
2049,2012-06-01,2012-08-31,169.67000000,139.12000000,201206-201209,-0.18005540
2049,2012-07-02,2012-09-28,178.38000000,138.48000000,201207-201210,-0.22367978
2049,2012-08-01,2012-10-31,165.17000000,121.09000000,201208-201211,-0.26687655
2049,2012-09-03,2012-11-30,139.77000000,137.19000000,201209-201212,-0.01845890
2049,2012-10-01,2012-12-28,139.77000000,137.19000000,201210-201301,-0.01845890
2049,2016-01-04,2016-03-31,91.68000000,104.52000000,201601-201604,0.14005236
2049,2016-02-01,2016-04-29,93.89000000,104.15000000,201602-201605,0.10927681
2049,2016-03-01,2016-05-31,99.02000000,101.22000000,201603-201606,0.02221773
2049,2016-04-01,2016-06-30,103.42000000,108.92000000,201604-201607,0.05318120
2049,2016-05-03,2016-07-29,100.12000000,114.79000000,201605-201608,0.14652417
2049,2016-06-01,2016-08-31,103.05000000,124.17000000,201606-201609,0.20494905
2049,2016-07-01,2016-09-30,107.09000000,123.79000000,201607-201610,0.15594360
2049,2016-08-01,2016-10-31,116.99000000,105.62000000,201608-201611,-0.09718779
2049,2016-09-01,2016-11-30,124.17000000,100.32000000,201609-201612,-0.19207538
2049,2016-10-03,2016-12-30,124.17000000,112.05000000,201610-201701,-0.09760812
2049,2016-11-01,2017-01-24,106.00000000,121.89000000,201611-201702,0.14990566
2049,2016-12-01,2017-02-24,98.80000000,148.39000000,201612-201703,0.50192308
2049,2017-01-03,2017-03-31,112.05000000,144.23000000,201701-201704,0.28719322
2049,2017-02-02,2017-04-28,123.03000000,145.74000000,201702-201705,0.18458912
2049,2017-03-01,2017-05-31,146.12000000,152.94000000,201703-201706,0.04667397
2049,2017-04-05,2017-06-30,146.12000000,155.59000000,201704-201707,0.06480975
2049,2017-05-02,2017-07-31,148.39000000,165.81000000,201705-201708,0.11739336
2049,2017-06-01,2017-08-31,153.69000000,207.84000000,201706-201709,0.35233262
2049,2017-07-03,2017-09-30,152.18000000,211.73000000,201707-201710,0.39131292
2049,2017-08-01,2017-10-31,170.35000000,234.65000000,201708-201711,0.37745817
2049,2017-09-01,2017-11-30,209.79000000,256.80000000,201709-201712,0.22408122
2049,2017-10-02,2017-12-29,218.33000000,250.19000000,201710-201801,0.14592589
2049,2017-11-01,2018-01-31,233.87000000,293.31000000,201711-201802,0.25415829
2049,2017-12-01,2018-02-27,256.02000000,291.37000000,201712-201803,0.13807515
2049,2018-01-02,2018-03-31,248.64000000,329.44000000,201801-201804,0.32496782
2049,2018-02-01,2018-04-30,289.82000000,349.65000000,201802-201805,0.20643848
2049,2018-03-01,2018-05-31,294.09000000,330.22000000,201803-201806,0.12285355
2049,2018-04-02,2018-06-29,327.11000000,279.72000000,201804-201807,-0.14487481
2049,2018-05-02,2018-07-31,320.51000000,243.59000000,201805-201808,-0.23999251
2049,2018-06-01,2018-08-31,344.21000000,225.66000000,201806-201809,-0.34441184
2049,2018-07-02,2018-09-28,271.95000000,205.70000000,201807-201810,-0.24361096
2049,2018-08-01,2018-10-31,253.36000000,162.93000000,201808-201811,-0.35692296
2049,2018-09-03,2018-11-30,218.33000000,195.93000000,201809-201812,-0.10259699
2049,2018-10-01,2018-12-28,216.70000000,180.04000000,201810-201901,-0.16917397
2049,2018-11-01,2019-01-30,173.12000000,197.15000000,201811-201902,0.13880545
2049,2018-12-03,2019-02-27,215.07000000,225.66000000,201812-201903,0.04923978
2049,2019-01-02,2019-03-29,178.82000000,211.81000000,201901-201904,0.18448719
2049,2019-02-11,2019-04-30,204.89000000,239.10000000,201902-201905,0.16696764
2049,2019-03-04,2019-05-31,228.51000000,194.30000000,201903-201906,-0.14970898
2049,2019-04-01,2019-06-28,214.26000000,211.81000000,201904-201907,-0.01143471
2049,2019-05-02,2019-07-31,237.88000000,228.11000000,201905-201908,-0.04107113
2049,2019-06-03,2019-08-30,189.00000000,219.73000000,201906-201909,0.16259259
2049,2019-07-01,2019-09-27,226.07000000,233.55000000,201907-201910,0.03308710
2049,2019-08-01,2019-10-31,222.81000000,225.77000000,201908-201911,0.01328486
2049,2019-09-02,2019-11-29,223.62000000,224.91000000,201909-201912,0.00576871
2049,2019-10-01,2019-12-31,233.98000000,242.61000000,201910-202001,0.03688349
2049,2019-11-01,2020-01-31,230.09000000,264.20000000,201911-202002,0.14824634
2049,2019-12-02,2020-02-27,228.80000000,260.31000000,201912-202003,0.13771853
2049,2020-01-02,2020-03-31,246.06000000,173.11000000,202001-202004,-0.29647241
2049,2020-02-03,2020-04-30,259.88000000,248.65000000,202002-202005,-0.04321225
2049,2020-03-02,2020-05-29,256.86000000,264.63000000,202003-202006,0.03024994
2049,2020-04-01,2020-06-30,174.84000000,253.40000000,202004-202007,0.44932510
2049,2020-05-04,2020-07-31,238.73000000,266.79000000,202005-202008,0.11753864
2049,2020-06-01,2020-08-31,267.65000000,288.00000000,202006-202009,0.07603213
2049,2020-07-01,2020-09-30,258.15000000,254.91000000,202007-202010,-0.01255084
2049,2020-08-03,2020-10-30,265.92000000,222.71000000,202008-202011,-0.16249248
2049,2020-09-01,2020-11-30,291.13000000,275.89000000,202009-202012,-0.05234775
2049,2020-10-05,2020-12-31,251.78000000,347.23000000,202010-202101,0.37910080
2059,2016-01-04,2016-03-31,350.26000000,307.98000000,201601-201604,-0.12071033
2059,2016-02-01,2016-04-29,363.94000000,317.10000000,201602-201605,-0.12870253
2059,2016-03-01,2016-05-31,334.51000000,286.01000000,201603-201606,-0.14498819
2059,2016-04-01,2016-06-30,304.25000000,312.54000000,201604-201607,0.02724733
2059,2016-05-03,2016-07-29,320.00000000,321.24000000,201605-201608,0.00387500
2059,2016-06-01,2016-08-31,290.57000000,329.85000000,201606-201609,0.13518257
2059,2016-07-01,2016-09-30,315.03000000,345.17000000,201607-201610,0.09567343
2059,2016-08-01,2016-10-31,312.54000000,329.43000000,201608-201611,0.05404108
2059,2016-09-01,2016-11-30,326.45000000,310.27000000,201609-201612,-0.04956349
2059,2016-10-03,2016-12-30,353.26000000,354.96000000,201610-201701,0.00481232
2059,2016-11-01,2017-01-24,331.98000000,354.54000000,201611-201702,0.06795590
2059,2016-12-01,2017-02-24,311.13000000,360.92000000,201612-201703,0.16002957
2059,2017-01-03,2017-03-31,350.71000000,370.29000000,201701-201704,0.05582960
2059,2017-02-02,2017-04-28,353.26000000,395.40000000,201702-201705,0.11928891
2059,2017-03-01,2017-05-31,354.11000000,379.65000000,201703-201706,0.07212448
2059,2017-04-05,2017-06-30,365.60000000,363.48000000,201704-201707,-0.00579869
2059,2017-05-02,2017-07-31,392.42000000,361.35000000,201705-201708,-0.07917537
2059,2017-06-01,2017-08-31,374.97000000,364.93000000,201706-201709,-0.02677548
2059,2017-07-03,2017-09-30,366.03000000,362.33000000,201707-201710,-0.01010846
2059,2017-08-01,2017-10-31,362.62000000,350.60000000,201708-201711,-0.03314765
2059,2017-09-01,2017-11-30,353.64000000,356.24000000,201709-201712,0.00735211
2059,2017-10-02,2017-12-29,364.06000000,347.99000000,201710-201801,-0.04414108
2059,2017-11-01,2018-01-31,351.90000000,343.65000000,201711-201802,-0.02344416
2059,2017-12-01,2018-02-27,357.11000000,370.15000000,201712-201803,0.03651536
2059,2018-01-02,2018-03-31,349.29000000,351.90000000,201801-201804,0.00747230
2059,2018-02-01,2018-04-30,343.65000000,364.50000000,201802-201805,0.06067220
2059,2018-03-01,2018-05-31,361.46000000,380.57000000,201803-201806,0.05286892
2059,2018-04-02,2018-06-29,355.38000000,374.06000000,201804-201807,0.05256345
2059,2018-05-02,2018-07-31,361.89000000,366.67000000,201805-201808,0.01320843
2059,2018-06-01,2018-08-31,382.31000000,343.97000000,201806-201809,-0.10028511
2059,2018-07-02,2018-09-28,370.58000000,352.77000000,201807-201810,-0.04805980
2059,2018-08-01,2018-10-31,373.19000000,282.83000000,201808-201811,-0.24212867
2059,2018-09-03,2018-11-30,342.21000000,295.15000000,201809-201812,-0.13751790
2059,2018-10-01,2018-12-28,347.93000000,281.51000000,201810-201901,-0.19090047
2059,2018-11-01,2019-01-30,283.27000000,301.74000000,201811-201902,0.06520281
2059,2018-12-03,2019-02-27,307.02000000,294.71000000,201812-201903,-0.04009511
2059,2019-01-02,2019-03-29,276.23000000,302.18000000,201901-201904,0.09394345
2059,2019-02-11,2019-04-30,301.74000000,285.47000000,201902-201905,-0.05392059
2059,2019-03-04,2019-05-31,299.11000000,267.44000000,201903-201906,-0.10588078
2059,2019-04-01,2019-06-28,303.50000000,269.63000000,201904-201907,-0.11159802
2059,2019-05-02,2019-07-31,289.43000000,289.43000000,201905-201908,0.00000000
2059,2019-06-03,2019-08-30,265.68000000,296.84000000,201906-201909,0.11728395
2059,2019-07-01,2019-09-27,271.39000000,319.47000000,201907-201910,0.17716202
2059,2019-08-01,2019-10-31,287.67000000,329.88000000,201908-201911,0.14673063
2059,2019-09-02,2019-11-29,298.65000000,322.18000000,201909-201912,0.07878788
2059,2019-10-01,2019-12-31,321.28000000,327.61000000,201910-202001,0.01970244
2059,2019-11-01,2020-01-31,328.52000000,317.66000000,201911-202002,-0.03305735
2059,2019-12-02,2020-02-27,326.26000000,315.40000000,201912-202003,-0.03328634
2059,2020-01-02,2020-03-31,318.56000000,264.26000000,202001-202004,-0.17045455
2059,2020-02-03,2020-04-30,321.73000000,281.01000000,202002-202005,-0.12656575
2059,2020-03-02,2020-05-29,308.61000000,294.13000000,202003-202006,-0.04692006
2059,2020-04-01,2020-06-30,262.45000000,303.63000000,202004-202007,0.15690608
2059,2020-05-04,2020-07-31,283.27000000,305.89000000,202005-202008,0.07985314
2059,2020-06-01,2020-08-31,297.75000000,282.59000000,202006-202009,-0.05091520
2059,2020-07-01,2020-09-30,307.25000000,259.85000000,202007-202010,-0.15427177
2059,2020-08-03,2020-10-30,307.70000000,267.27000000,202008-202011,-0.13139422
2101,2010-01-04,2010-03-31,26.65000000,29.08000000,201001-201004,0.09118199
2101,2010-02-01,2010-04-30,27.49000000,28.12000000,201002-201005,0.02291742
2101,2010-03-01,2010-05-31,27.34000000,25.46000000,201003-201006,-0.06876372
2101,2010-04-01,2010-06-30,29.08000000,25.30000000,201004-201007,-0.12998624
2101,2010-05-03,2010-07-30,27.65000000,26.68000000,201005-201008,-0.03508137
2101,2010-06-01,2010-08-31,24.99000000,26.37000000,201006-201009,0.05522209
2101,2010-07-01,2010-09-30,24.96000000,26.46000000,201007-201010,0.06009615
2101,2010-08-02,2010-10-29,26.99000000,27.12000000,201008-201011,0.00481660
2101,2010-09-01,2010-11-30,26.87000000,30.93000000,201009-201012,0.15109788
2101,2010-10-01,2010-12-31,26.87000000,30.80000000,201010-201101,0.14625977
2101,2010-11-01,2011-01-28,27.12000000,28.87000000,201011-201102,0.06452802
2101,2010-12-01,2011-02-25,31.24000000,29.83000000,201012-201103,-0.04513444
2101,2011-01-03,2011-03-31,31.30000000,27.99000000,201101-201104,-0.10575080
2101,2011-02-08,2011-04-29,29.08000000,28.37000000,201102-201105,-0.02441541
2101,2011-03-01,2011-05-31,29.40000000,29.74000000,201103-201106,0.01156463
2101,2011-04-01,2011-06-30,28.18000000,29.24000000,201104-201107,0.03761533
2101,2011-05-03,2011-07-29,28.37000000,39.55000000,201105-201108,0.39407825
2101,2011-06-01,2011-08-31,29.83000000,32.58000000,201106-201109,0.09218907
2101,2011-07-01,2011-09-30,29.49000000,32.98000000,201107-201110,0.11834520
2101,2011-08-01,2011-10-31,40.29000000,34.99000000,201108-201111,-0.13154629
2101,2011-09-01,2011-11-30,32.34000000,29.03000000,201109-201112,-0.10235003
2101,2011-10-03,2011-12-30,32.38000000,30.43000000,201110-201201,-0.06022236
2101,2011-11-01,2012-01-31,35.53000000,32.04000000,201111-201202,-0.09822685
2101,2011-12-01,2012-02-29,30.53000000,32.78000000,201112-201203,0.07369800
2101,2012-01-02,2012-03-30,29.70000000,30.87000000,201201-201204,0.03939394
2101,2012-02-01,2012-04-30,32.28000000,28.76000000,201202-201205,-0.10904585
2101,2012-03-01,2012-05-31,33.05000000,27.62000000,201203-201206,-0.16429652
2101,2012-04-02,2012-06-29,30.87000000,27.82000000,201204-201207,-0.09880143
2101,2012-05-02,2012-07-31,29.66000000,28.29000000,201205-201208,-0.04619016
2101,2012-06-01,2012-08-31,26.68000000,29.09000000,201206-201209,0.09032984
2101,2012-07-02,2012-09-28,27.89000000,34.15000000,201207-201210,0.22445321
2101,2012-08-01,2012-10-31,28.29000000,28.29000000,201208-201211,0.00000000
2101,2012-09-03,2012-11-30,29.70000000,29.75000000,201209-201212,0.00168350
2101,2012-10-01,2012-12-28,34.56000000,29.67000000,201210-201301,-0.14149306
2101,2016-01-04,2016-03-31,25.18000000,27.81000000,201601-201604,0.10444797
2101,2016-02-01,2016-04-29,23.49000000,23.54000000,201602-201605,0.00212857
2101,2016-03-01,2016-05-31,24.88000000,23.24000000,201603-201606,-0.06591640
2101,2016-04-01,2016-06-30,26.69000000,24.14000000,201604-201607,-0.09554140
2101,2016-05-03,2016-07-29,23.19000000,24.58000000,201605-201608,0.05993963
2101,2016-06-01,2016-08-31,23.24000000,25.49000000,201606-201609,0.09681583
2101,2016-07-01,2016-09-30,24.06000000,26.45000000,201607-201610,0.09933500
2101,2016-08-01,2016-10-31,24.49000000,25.32000000,201608-201611,0.03389138
2101,2016-09-01,2016-11-30,25.36000000,25.49000000,201609-201612,0.00512618
2101,2016-10-03,2016-12-30,26.10000000,25.58000000,201610-201701,-0.01992337
2101,2016-11-01,2017-01-24,25.32000000,25.75000000,201611-201702,0.01698262
2101,2016-12-01,2017-02-24,25.40000000,27.19000000,201612-201703,0.07047244
2101,2017-01-03,2017-03-31,25.45000000,25.80000000,201701-201704,0.01375246
2101,2017-02-02,2017-04-28,26.67000000,25.06000000,201702-201705,-0.06036745
2101,2019-05-02,2019-07-31,33.40000000,35.04000000,201905-201908,0.04910180
2101,2019-06-03,2019-08-30,33.40000000,36.36000000,201906-201909,0.08862275
2101,2019-07-01,2019-09-27,32.84000000,42.86000000,201907-201910,0.30511571
2101,2019-08-01,2019-10-31,35.23000000,52.78000000,201908-201911,0.49815498
2101,2019-09-02,2019-11-29,36.36000000,45.76000000,201909-201912,0.25852585
2101,2019-10-01,2019-12-31,42.53000000,45.85000000,201910-202001,0.07806254
2101,2019-11-01,2020-01-31,53.16000000,46.14000000,201911-202002,-0.13205418
2101,2019-12-02,2020-02-27,45.62000000,40.68000000,201912-202003,-0.10828584
2101,2020-01-02,2020-03-31,45.85000000,38.00000000,202001-202004,-0.17121047
2101,2020-02-03,2020-04-30,45.00000000,38.96000000,202002-202005,-0.13422222
2101,2020-03-02,2020-05-29,40.87000000,37.90000000,202003-202006,-0.07266944
2101,2020-04-01,2020-06-30,37.08000000,42.88000000,202004-202007,0.15641855
2101,2020-05-04,2020-07-31,39.59000000,43.80000000,202005-202008,0.10633998
2101,2020-06-01,2020-08-31,38.77000000,45.72000000,202006-202009,0.17926232
2101,2020-07-01,2020-09-30,43.75000000,41.39000000,202007-202010,-0.05394286
2101,2020-08-03,2020-10-30,42.78000000,40.42000000,202008-202011,-0.05516597
2101,2020-09-01,2020-11-30,46.99000000,42.27000000,202009-202012,-0.10044690
2101,2020-10-05,2020-12-31,41.54000000,40.85000000,202010-202101,-0.01661050
2103,2010-01-04,2010-03-31,15.92000000,16.94000000,201001-201004,0.06407035
2103,2010-02-01,2010-04-30,15.38000000,18.22000000,201002-201005,0.18465540
2103,2010-03-01,2010-05-31,15.68000000,17.82000000,201003-201006,0.13647959
2103,2010-04-01,2010-06-30,16.88000000,17.86000000,201004-201007,0.05805687
2103,2010-05-03,2010-07-30,18.49000000,19.94000000,201005-201008,0.07842077
2103,2010-06-01,2010-08-31,17.70000000,20.02000000,201006-201009,0.13107345
2103,2010-07-01,2010-09-30,17.98000000,20.64000000,201007-201010,0.14794216
2103,2010-08-02,2010-10-29,20.04000000,23.81000000,201008-201011,0.18812375
2103,2010-09-01,2010-11-30,20.24000000,24.80000000,201009-201012,0.22529644
2103,2010-10-01,2010-12-31,20.69000000,28.91000000,201010-201101,0.39729338
2103,2010-11-01,2011-01-28,23.98000000,32.46000000,201011-201102,0.35362802
2103,2010-12-01,2011-02-25,25.44000000,29.34000000,201012-201103,0.15330189
2103,2011-01-03,2011-03-31,30.92000000,32.33000000,201101-201104,0.04560155
2103,2011-02-08,2011-04-29,33.92000000,36.62000000,201102-201105,0.07959906
2103,2011-03-01,2011-05-31,29.29000000,37.43000000,201103-201106,0.27791055
2103,2011-04-01,2011-06-30,34.26000000,36.19000000,201104-201107,0.05633392
2103,2011-05-03,2011-07-29,36.79000000,38.37000000,201105-201108,0.04294645
2103,2011-06-01,2011-08-31,37.90000000,36.01000000,201106-201109,-0.04986807
2103,2011-07-01,2011-09-30,37.17000000,33.36000000,201107-201110,-0.10250202
2103,2011-08-01,2011-10-31,38.42000000,38.76000000,201108-201111,0.00884956
2103,2011-09-01,2011-11-30,36.35000000,34.63000000,201109-201112,-0.04731774
2103,2011-10-03,2011-12-30,32.62000000,36.50000000,201110-201201,0.11894543
2103,2011-11-01,2012-01-31,38.47000000,38.07000000,201111-201202,-0.01039771
2103,2011-12-01,2012-02-29,36.06000000,36.89000000,201112-201203,0.02301719
2103,2012-01-02,2012-03-30,35.81000000,37.09000000,201201-201204,0.03574421
2103,2012-02-01,2012-04-30,38.12000000,34.73000000,201202-201205,-0.08892970
2103,2012-03-01,2012-05-31,37.09000000,35.76000000,201203-201206,-0.03585872
2103,2012-04-02,2012-06-29,36.99000000,36.01000000,201204-201207,-0.02649365
2103,2012-05-02,2012-07-31,35.52000000,39.64000000,201205-201208,0.11599099
2103,2012-06-01,2012-08-31,35.22000000,36.46000000,201206-201209,0.03520727
2103,2012-07-02,2012-09-28,36.70000000,37.62000000,201207-201210,0.02506812
2103,2012-08-01,2012-10-31,39.76000000,34.49000000,201208-201211,-0.13254527
2103,2012-09-03,2012-11-30,36.34000000,36.34000000,201209-201212,0.00000000
2103,2012-10-01,2012-12-28,38.20000000,34.15000000,201210-201301,-0.10602094
2103,2016-04-01,2016-06-30,19.65000000,21.23000000,201604-201607,0.08040712
2103,2016-05-03,2016-07-29,19.80000000,20.05000000,201605-201608,0.01262626
2103,2016-06-01,2016-08-31,19.58000000,21.71000000,201606-201609,0.10878447
2103,2016-07-01,2016-09-30,20.77000000,21.52000000,201607-201610,0.03610977
2103,2016-08-01,2016-10-31,19.94000000,24.31000000,201608-201611,0.21915747
2103,2016-09-01,2016-11-30,21.44000000,24.01000000,201609-201612,0.11986940
2103,2016-10-03,2016-12-30,21.56000000,24.65000000,201610-201701,0.14332096
2103,2016-11-01,2017-01-24,24.09000000,26.92000000,201611-201702,0.11747613
2103,2016-12-01,2017-02-24,24.76000000,26.84000000,201612-201703,0.08400646
2103,2017-01-03,2017-03-31,25.17000000,26.02000000,201701-201704,0.03377036
2103,2017-02-02,2017-04-28,28.30000000,25.73000000,201702-201705,-0.09081272
2103,2017-03-01,2017-05-31,26.62000000,25.28000000,201703-201706,-0.05033809
2103,2017-04-05,2017-06-30,26.14000000,26.06000000,201704-201707,-0.00306044
2103,2017-05-02,2017-07-31,25.50000000,26.00000000,201705-201708,0.01960784
2103,2017-06-01,2017-08-31,25.32000000,24.43000000,201706-201709,-0.03515008
2103,2017-07-03,2017-09-30,26.51000000,24.73000000,201707-201710,-0.06714447
2103,2017-11-01,2018-01-31,26.57000000,27.45000000,201711-201802,0.03312006
2103,2017-12-01,2018-02-27,28.18000000,25.31000000,201712-201803,-0.10184528
2103,2018-01-02,2018-03-31,28.72000000,23.43000000,201801-201804,-0.18419220
2103,2018-10-01,2018-12-28,27.47000000,21.38000000,201810-201901,-0.22169640
2104,2018-01-02,2018-03-31,33.19000000,32.98000000,201801-201804,-0.00632721
2104,2018-02-01,2018-04-30,34.15000000,30.09000000,201802-201805,-0.11888726
2104,2018-03-01,2018-05-31,34.96000000,34.00000000,201803-201806,-0.02745995
2104,2018-07-02,2018-09-28,32.73000000,32.50000000,201807-201810,-0.00702719
2104,2018-08-01,2018-10-31,33.86000000,28.54000000,201808-201811,-0.15711754
2104,2018-10-01,2018-12-28,32.54000000,32.13000000,201810-201901,-0.01259988
2104,2018-11-01,2019-01-30,29.61000000,35.47000000,201811-201902,0.19790611
2104,2018-12-03,2019-02-27,33.90000000,36.83000000,201812-201903,0.08643068
2104,2019-01-02,2019-03-29,32.09000000,34.48000000,201901-201904,0.07447803
2104,2019-02-11,2019-04-30,36.38000000,34.64000000,201902-201905,-0.04782848
2104,2019-03-04,2019-05-31,37.37000000,31.26000000,201903-201906,-0.16350013
2104,2019-04-01,2019-06-28,34.48000000,30.81000000,201904-201907,-0.10643852
2104,2019-05-02,2019-07-31,34.60000000,31.43000000,201905-201908,-0.09161850
2104,2019-06-03,2019-08-30,30.97000000,31.23000000,201906-201909,0.00839522
2104,2019-07-01,2019-09-27,31.06000000,31.62000000,201907-201910,0.01802962
2104,2019-08-01,2019-10-31,31.59000000,31.81000000,201908-201911,0.00696423
2104,2019-09-02,2019-11-29,31.28000000,29.72000000,201909-201912,-0.04987212
2104,2019-10-01,2019-12-31,31.96000000,30.50000000,201910-202001,-0.04568210
2104,2019-11-01,2020-01-31,31.57000000,29.63000000,201911-202002,-0.06145074
2104,2019-12-02,2020-02-27,29.48000000,26.32000000,201912-202003,-0.10719132
2104,2020-01-02,2020-03-31,30.94000000,18.84000000,202001-202004,-0.39107951
2105,2010-01-04,2010-03-31,24.61000000,23.14000000,201001-201004,-0.05973182
2105,2010-02-01,2010-04-30,20.85000000,23.18000000,201002-201005,0.11175060
2105,2010-03-01,2010-05-31,21.87000000,22.90000000,201003-201006,0.04709648
2105,2010-04-01,2010-06-30,23.18000000,22.42000000,201004-201007,-0.03278689
2105,2010-05-03,2010-07-30,23.48000000,28.04000000,201005-201008,0.19420784
2105,2010-06-01,2010-08-31,22.76000000,28.54000000,201006-201009,0.25395431
2105,2010-07-01,2010-09-30,22.32000000,30.16000000,201007-201010,0.35125448
2105,2010-08-02,2010-10-29,28.48000000,29.90000000,201008-201011,0.04985955
2105,2010-09-01,2010-11-30,28.41000000,28.54000000,201009-201012,0.00457585
2105,2010-10-01,2010-12-31,30.16000000,28.50000000,201010-201101,-0.05503979
2105,2010-11-01,2011-01-28,29.90000000,28.19000000,201011-201102,-0.05719064
2105,2010-12-01,2011-02-25,29.24000000,26.17000000,201012-201103,-0.10499316
2105,2011-01-03,2011-03-31,28.71000000,29.90000000,201101-201104,0.04144897
2105,2011-02-08,2011-04-29,28.41000000,31.70000000,201102-201105,0.11580429
2105,2011-03-01,2011-05-31,26.22000000,35.51000000,201103-201106,0.35430969
2105,2011-04-01,2011-06-30,30.29000000,36.17000000,201104-201107,0.19412347
2105,2011-05-03,2011-07-29,31.74000000,37.92000000,201105-201108,0.19470699
2105,2011-06-01,2011-08-31,35.77000000,36.23000000,201106-201109,0.01285994
2105,2011-07-01,2011-09-30,36.61000000,34.51000000,201107-201110,-0.05736138
2105,2011-08-01,2011-10-31,38.27000000,37.20000000,201108-201111,-0.02795924
2105,2011-09-01,2011-11-30,36.93000000,35.00000000,201109-201112,-0.05226103
2105,2011-10-03,2011-12-30,33.81000000,35.26000000,201110-201201,0.04288672
2105,2011-11-01,2012-01-31,37.42000000,37.79000000,201111-201202,0.00988776
2105,2011-12-01,2012-02-29,36.18000000,39.03000000,201112-201203,0.07877280
2105,2012-01-02,2012-03-30,34.83000000,38.17000000,201201-201204,0.09589434
2105,2012-02-01,2012-04-30,37.42000000,39.14000000,201202-201205,0.04596472
2105,2012-03-01,2012-05-31,39.19000000,38.76000000,201203-201206,-0.01097219
2105,2012-04-02,2012-06-29,37.20000000,40.38000000,201204-201207,0.08548387
2105,2012-05-02,2012-07-31,39.63000000,42.96000000,201205-201208,0.08402725
2105,2012-06-01,2012-08-31,38.60000000,39.19000000,201206-201209,0.01528497
2105,2012-07-02,2012-09-28,40.43000000,41.46000000,201207-201210,0.02547613
2105,2012-08-01,2012-10-31,43.88000000,39.36000000,201208-201211,-0.10300820
2105,2012-09-03,2012-11-30,39.03000000,39.89000000,201209-201212,0.02203433
2105,2012-10-01,2012-12-28,41.08000000,40.59000000,201210-201301,-0.01192795
2105,2016-01-04,2016-03-31,35.50000000,44.42000000,201601-201604,0.25126761
2105,2016-02-01,2016-04-29,36.80000000,46.07000000,201602-201605,0.25190217
2105,2016-03-01,2016-05-31,39.89000000,46.00000000,201603-201606,0.15317122
2105,2016-04-01,2016-06-30,43.94000000,46.41000000,201604-201607,0.05621302
2105,2016-05-03,2016-07-29,45.25000000,47.81000000,201605-201608,0.05657459
2105,2016-06-01,2016-08-31,46.48000000,48.38000000,201606-201609,0.04087780
2105,2016-07-01,2016-09-30,46.69000000,47.30000000,201607-201610,0.01306490
2105,2016-08-01,2016-10-31,48.45000000,46.16000000,201608-201611,-0.04726522
2105,2016-09-01,2016-11-30,47.45000000,43.07000000,201609-201612,-0.09230769
2105,2016-10-03,2016-12-30,47.66000000,43.64000000,201610-201701,-0.08434746
2105,2016-11-01,2017-01-24,46.80000000,44.65000000,201611-201702,-0.04594017
2105,2016-12-01,2017-02-24,42.93000000,46.87000000,201612-201703,0.09177731
2105,2017-01-03,2017-03-31,44.07000000,45.01000000,201701-201704,0.02132970
2105,2017-02-02,2017-04-28,44.15000000,44.72000000,201702-201705,0.01291053
2105,2017-03-01,2017-05-31,45.94000000,43.57000000,201703-201706,-0.05158903
2105,2017-04-05,2017-06-30,45.65000000,46.44000000,201704-201707,0.01730559
2105,2017-05-02,2017-07-31,45.01000000,45.99000000,201705-201708,0.02177294
2105,2017-06-01,2017-08-31,43.79000000,45.69000000,201706-201709,0.04338890
2105,2017-07-03,2017-09-30,46.87000000,45.46000000,201707-201710,-0.03008321
2105,2017-08-01,2017-10-31,46.06000000,44.78000000,201708-201711,-0.02778984
2105,2017-09-01,2017-11-30,45.23000000,38.69000000,201709-201712,-0.14459430
2105,2017-10-02,2017-12-29,45.84000000,39.51000000,201710-201801,-0.13808901
2105,2017-11-01,2018-01-31,44.78000000,38.24000000,201711-201802,-0.14604734
2105,2017-12-01,2018-02-27,38.31000000,37.78000000,201712-201803,-0.01383451
2105,2018-01-02,2018-03-31,38.91000000,35.41000000,201801-201804,-0.08995117
2105,2018-02-01,2018-04-30,38.39000000,36.05000000,201802-201805,-0.06095337
2105,2018-03-01,2018-05-31,37.63000000,34.32000000,201803-201806,-0.08796173
2105,2018-04-02,2018-06-29,35.22000000,34.51000000,201804-201807,-0.02015900
2105,2018-05-02,2018-07-31,35.64000000,37.05000000,201805-201808,0.03956229
2105,2018-06-01,2018-08-31,34.06000000,36.74000000,201806-201809,0.07868467
2105,2018-07-02,2018-09-28,34.06000000,37.60000000,201807-201810,0.10393423
2105,2018-08-01,2018-10-31,37.17000000,34.11000000,201808-201811,-0.08232446
2105,2018-09-03,2018-11-30,36.78000000,33.29000000,201809-201812,-0.09488853
2105,2018-10-01,2018-12-28,37.79000000,32.00000000,201810-201901,-0.15321514
2105,2018-11-01,2019-01-30,34.07000000,33.80000000,201811-201902,-0.00792486
2105,2018-12-03,2019-02-27,33.84000000,34.27000000,201812-201903,0.01270686
2105,2019-01-02,2019-03-29,31.49000000,32.86000000,201901-201904,0.04350587
2105,2019-02-11,2019-04-30,34.03000000,32.31000000,201902-201905,-0.05054364
2105,2019-03-04,2019-05-31,34.11000000,31.41000000,201903-201906,-0.07915567
2105,2019-04-01,2019-06-28,32.47000000,31.41000000,201904-201907,-0.03264552
2105,2019-05-02,2019-07-31,32.47000000,32.53000000,201905-201908,0.00184786
2105,2019-06-03,2019-08-30,31.33000000,35.43000000,201906-201909,0.13086499
2105,2019-07-01,2019-09-27,31.25000000,36.88000000,201907-201910,0.18016000
2105,2019-08-01,2019-10-31,31.85000000,38.53000000,201908-201911,0.20973312
2105,2019-09-02,2019-11-29,35.47000000,33.50000000,201909-201912,-0.05553989
2105,2019-10-01,2019-12-31,37.16000000,33.66000000,201910-202001,-0.09418730
2105,2019-11-01,2020-01-31,38.81000000,31.69000000,201911-202002,-0.18345787
2105,2019-12-02,2020-02-27,33.22000000,31.85000000,201912-202003,-0.04124022
2105,2020-01-02,2020-03-31,33.90000000,24.80000000,202001-202004,-0.26843658
2105,2020-02-03,2020-04-30,31.69000000,27.82000000,202002-202005,-0.12212054
2105,2020-03-02,2020-05-29,31.40000000,26.41000000,202003-202006,-0.15891720
2105,2020-04-01,2020-06-30,24.52000000,27.18000000,202004-202007,0.10848287
2105,2020-05-04,2020-07-31,27.46000000,28.13000000,202005-202008,0.02439913
2105,2020-06-01,2020-08-31,27.18000000,29.83000000,202006-202009,0.09749816
2105,2020-07-01,2020-09-30,27.30000000,30.57000000,202007-202010,0.11978022
2105,2020-08-03,2020-10-30,27.84000000,29.91000000,202008-202011,0.07435345
2105,2020-09-01,2020-11-30,30.16000000,35.21000000,202009-202012,0.16744032
2105,2020-10-05,2020-12-31,31.40000000,36.49000000,202010-202101,0.16210191
2106,2010-07-01,2010-09-30,11.06000000,13.50000000,201007-201010,0.22061483
2106,2010-09-01,2010-11-30,12.77000000,11.89000000,201009-201012,-0.06891151
2106,2011-03-01,2011-05-31,13.54000000,16.28000000,201103-201106,0.20236337
2106,2011-04-01,2011-06-30,14.75000000,16.36000000,201104-201107,0.10915254
2106,2011-05-03,2011-07-29,14.61000000,17.45000000,201105-201108,0.19438741
2106,2011-06-01,2011-08-31,16.14000000,16.99000000,201106-201109,0.05266419
2106,2011-07-01,2011-09-30,16.48000000,14.96000000,201107-201110,-0.09223301
2106,2011-08-01,2011-10-31,17.79000000,15.84000000,201108-201111,-0.10961214
2106,2011-09-01,2011-11-30,17.12000000,14.16000000,201109-201112,-0.17289720
2106,2011-10-03,2011-12-30,14.57000000,13.64000000,201110-201201,-0.06382979
2106,2011-11-01,2012-01-31,15.99000000,14.77000000,201111-201202,-0.07629769
2106,2011-12-01,2012-02-29,14.73000000,15.79000000,201112-201203,0.07196198
2106,2012-01-02,2012-03-30,13.51000000,15.57000000,201201-201204,0.15247964
2106,2012-02-01,2012-04-30,14.96000000,14.89000000,201202-201205,-0.00467914
2106,2012-03-01,2012-05-31,15.75000000,15.70000000,201203-201206,-0.00317460
2106,2012-04-02,2012-06-29,15.47000000,15.57000000,201204-201207,0.00646412
2106,2012-05-02,2012-07-31,15.32000000,18.15000000,201205-201208,0.18472585
2106,2012-06-01,2012-08-31,15.45000000,18.00000000,201206-201209,0.16504854
2106,2012-07-02,2012-09-28,15.66000000,18.25000000,201207-201210,0.16538953
2106,2012-08-01,2012-10-31,18.70000000,16.96000000,201208-201211,-0.09304813
2106,2012-09-03,2012-11-30,17.80000000,18.38000000,201209-201212,0.03258427
2106,2012-10-01,2012-12-28,18.08000000,18.73000000,201210-201301,0.03595133
2106,2016-01-04,2016-03-31,30.53000000,33.15000000,201601-201604,0.08581723
2106,2016-02-01,2016-04-29,30.89000000,36.39000000,201602-201605,0.17805115
2106,2016-03-01,2016-05-31,31.86000000,33.67000000,201603-201606,0.05681105
2106,2016-04-01,2016-06-30,32.89000000,33.09000000,201604-201607,0.00608088
2106,2016-05-03,2016-07-29,36.26000000,33.02000000,201605-201608,-0.08935466
2106,2016-06-01,2016-08-31,33.67000000,34.59000000,201606-201609,0.02732403
2106,2016-07-01,2016-09-30,33.48000000,34.42000000,201607-201610,0.02807646
2106,2016-08-01,2016-10-31,33.02000000,33.28000000,201608-201611,0.00787402
2106,2016-09-01,2016-11-30,34.52000000,31.97000000,201609-201612,-0.07387022
2106,2016-10-03,2016-12-30,34.35000000,33.49000000,201610-201701,-0.02503639
2106,2016-11-01,2017-01-24,33.63000000,33.08000000,201611-201702,-0.01635445
2106,2016-12-01,2017-02-24,32.04000000,34.18000000,201612-201703,0.06679151
2106,2017-01-03,2017-03-31,33.46000000,34.73000000,201701-201704,0.03795577
2106,2017-02-02,2017-04-28,33.15000000,33.49000000,201702-201705,0.01025641
2106,2017-03-01,2017-05-31,34.15000000,32.08000000,201703-201706,-0.06061493
2106,2017-04-05,2017-06-30,34.80000000,33.28000000,201704-201707,-0.04367816
2106,2017-05-02,2017-07-31,33.63000000,32.63000000,201705-201708,-0.02973536
2106,2017-06-01,2017-08-31,32.08000000,31.15000000,201706-201709,-0.02899002
2106,2017-07-03,2017-09-30,33.42000000,30.79000000,201707-201710,-0.07869539
2106,2017-08-01,2017-10-31,32.73000000,28.87000000,201708-201711,-0.11793462
2106,2017-09-01,2017-11-30,31.18000000,27.61000000,201709-201712,-0.11449647
2106,2017-10-02,2017-12-29,30.64000000,27.11000000,201710-201801,-0.11520888
2106,2017-11-01,2018-01-31,28.73000000,26.71000000,201711-201802,-0.07030978
2106,2017-12-01,2018-02-27,27.50000000,26.20000000,201712-201803,-0.04727273
2106,2018-01-02,2018-03-31,27.39000000,26.53000000,201801-201804,-0.03139832
2106,2018-02-01,2018-04-30,26.64000000,24.72000000,201802-201805,-0.07207207
2106,2018-03-01,2018-05-31,25.99000000,24.33000000,201803-201806,-0.06387072
2106,2018-04-02,2018-06-29,26.67000000,24.25000000,201804-201807,-0.09073866
2106,2018-05-02,2018-07-31,25.01000000,23.35000000,201805-201808,-0.06637345
2106,2018-06-01,2018-08-31,24.04000000,23.59000000,201806-201809,-0.01871880
2106,2018-10-01,2018-12-28,23.10000000,21.90000000,201810-201901,-0.05194805
2106,2018-11-01,2019-01-30,22.24000000,22.42000000,201811-201902,0.00809353
2106,2018-12-03,2019-02-27,22.91000000,23.02000000,201812-201903,0.00480140
2106,2019-01-02,2019-03-29,21.79000000,22.16000000,201901-201904,0.01698027
2201,2010-01-04,2010-03-31,47.56000000,43.37000000,201001-201004,-0.08809924
2201,2010-02-01,2010-04-30,38.88000000,45.16000000,201002-201005,0.16152263
2201,2010-03-01,2010-05-31,40.24000000,39.99000000,201003-201006,-0.00621272
2201,2010-04-01,2010-06-30,43.99000000,39.13000000,201004-201007,-0.11047965
2201,2010-05-03,2010-07-30,44.79000000,45.62000000,201005-201008,0.01853092
2201,2010-06-01,2010-08-31,39.81000000,57.82000000,201006-201009,0.45239889
2201,2010-07-01,2010-09-30,38.15000000,69.83000000,201007-201010,0.83040629
2201,2010-08-02,2010-10-29,48.78000000,74.16000000,201008-201011,0.52029520
2201,2010-09-01,2010-11-30,57.94000000,73.17000000,201009-201012,0.26285813
2201,2010-10-01,2010-12-31,70.57000000,76.39000000,201010-201101,0.08247131
2201,2010-11-01,2011-01-28,74.54000000,75.40000000,201011-201102,0.01153743
2201,2010-12-01,2011-02-25,76.39000000,72.31000000,201012-201103,-0.05341013
2201,2011-01-03,2011-03-31,76.76000000,67.23000000,201101-201104,-0.12415320
2201,2011-02-08,2011-04-29,76.51000000,73.79000000,201102-201105,-0.03555091
2201,2011-03-01,2011-05-31,71.93000000,86.42000000,201103-201106,0.20144585
2201,2011-04-01,2011-06-30,67.23000000,87.29000000,201104-201107,0.29837870
2201,2011-05-03,2011-07-29,73.91000000,94.13000000,201105-201108,0.27357597
2201,2011-06-01,2011-08-31,84.44000000,81.65000000,201106-201109,-0.03304121
2201,2011-07-01,2011-09-30,86.79000000,72.03000000,201107-201110,-0.17006568
2201,2011-08-01,2011-10-31,95.00000000,79.78000000,201108-201111,-0.16021053
2201,2011-09-01,2011-11-30,80.52000000,71.91000000,201109-201112,-0.10692996
2201,2011-10-03,2011-12-30,69.78000000,64.92000000,201110-201201,-0.06964746
2201,2011-11-01,2012-01-31,82.14000000,72.28000000,201111-201202,-0.12003896
2201,2011-12-01,2012-02-29,74.29000000,77.40000000,201112-201203,0.04186297
2201,2012-01-02,2012-03-30,64.05000000,70.41000000,201201-201204,0.09929742
2201,2012-02-01,2012-04-30,72.41000000,58.43000000,201202-201205,-0.19306726
2201,2012-03-01,2012-05-31,78.28000000,64.55000000,201203-201206,-0.17539601
2201,2012-04-02,2012-06-29,66.17000000,65.42000000,201204-201207,-0.01133444
2201,2012-05-02,2012-07-31,60.98000000,66.50000000,201205-201208,0.09052148
2201,2012-06-01,2012-08-31,61.42000000,68.78000000,201206-201209,0.11983067
2201,2012-07-02,2012-09-28,64.92000000,74.60000000,201207-201210,0.14910659
2201,2012-08-01,2012-10-31,68.66000000,64.61000000,201208-201211,-0.05898631
2201,2012-09-03,2012-11-30,68.78000000,66.38000000,201209-201212,-0.03489386
2201,2012-10-01,2012-12-28,75.23000000,69.54000000,201210-201301,-0.07563472
2201,2016-01-04,2016-03-31,38.24000000,40.85000000,201601-201604,0.06825314
2201,2016-02-01,2016-04-29,38.76000000,37.13000000,201602-201605,-0.04205366
2201,2016-03-01,2016-05-31,38.95000000,35.89000000,201603-201606,-0.07856226
2201,2016-04-01,2016-06-30,39.93000000,35.69000000,201604-201607,-0.10618583
2201,2016-05-03,2016-07-29,37.06000000,37.79000000,201605-201608,0.01969779
2201,2016-06-01,2016-08-31,36.40000000,36.59000000,201606-201609,0.00521978
2201,2016-07-01,2016-09-30,36.28000000,36.72000000,201607-201610,0.01212789
2201,2016-08-01,2016-10-31,38.12000000,36.86000000,201608-201611,-0.03305352
2201,2016-09-01,2016-11-30,36.46000000,36.86000000,201609-201612,0.01097093
2201,2016-10-03,2016-12-30,36.86000000,35.72000000,201610-201701,-0.03092784
2201,2016-11-01,2017-01-24,36.65000000,36.72000000,201611-201702,0.00190996
2201,2016-12-01,2017-02-24,36.72000000,38.12000000,201612-201703,0.03812636
2201,2017-01-03,2017-03-31,35.72000000,37.65000000,201701-201704,0.05403135
2201,2017-02-02,2017-04-28,37.06000000,36.39000000,201702-201705,-0.01807879
2201,2017-03-01,2017-05-31,38.26000000,35.86000000,201703-201706,-0.06272870
2201,2017-04-05,2017-06-30,37.79000000,36.39000000,201704-201707,-0.03704684
2201,2017-05-02,2017-07-31,35.99000000,35.61000000,201705-201708,-0.01055849
2201,2017-06-01,2017-08-31,36.12000000,35.07000000,201706-201709,-0.02906977
2201,2017-07-03,2017-09-30,36.32000000,34.94000000,201707-201710,-0.03799559
2201,2017-08-01,2017-10-31,35.21000000,34.00000000,201708-201711,-0.03436524
2201,2017-09-01,2017-11-30,35.14000000,32.24000000,201709-201712,-0.08252703
2201,2017-10-02,2017-12-29,34.81000000,32.58000000,201710-201801,-0.06406205
2201,2017-11-01,2018-01-31,34.13000000,32.04000000,201711-201802,-0.06123645
2201,2017-12-01,2018-02-27,32.31000000,31.50000000,201712-201803,-0.02506964
2201,2018-01-02,2018-03-31,32.31000000,30.49000000,201801-201804,-0.05632931
2201,2018-02-01,2018-04-30,31.84000000,30.56000000,201802-201805,-0.04020101
2201,2018-03-01,2018-05-31,31.50000000,31.98000000,201803-201806,0.01523810
2201,2018-04-02,2018-06-29,30.49000000,28.47000000,201804-201807,-0.06625123
2201,2018-05-02,2018-07-31,30.76000000,29.04000000,201805-201808,-0.05591678
2201,2018-06-01,2018-08-31,31.43000000,28.90000000,201806-201809,-0.08049634
2201,2018-07-02,2018-09-28,28.60000000,29.79000000,201807-201810,0.04160839
2201,2018-08-01,2018-10-31,29.38000000,24.78000000,201808-201811,-0.15656909
2201,2018-09-03,2018-11-30,29.10000000,24.71000000,201809-201812,-0.15085911
2201,2018-10-01,2018-12-28,29.65000000,24.99000000,201810-201901,-0.15716695
2201,2018-11-01,2019-01-30,24.71000000,25.19000000,201811-201902,0.01942533
2201,2018-12-03,2019-02-27,24.99000000,25.95000000,201812-201903,0.03841537
2201,2019-01-02,2019-03-29,24.64000000,26.70000000,201901-201904,0.08360390
2201,2019-02-11,2019-04-30,25.26000000,26.77000000,201902-201905,0.05977831
2201,2019-03-04,2019-05-31,26.02000000,32.74000000,201903-201906,0.25826287
2201,2019-04-01,2019-06-28,27.05000000,31.30000000,201904-201907,0.15711645
2201,2019-05-02,2019-07-31,26.91000000,33.57000000,201905-201908,0.24749164
2201,2019-06-03,2019-08-30,31.92000000,29.23000000,201906-201909,-0.08427318
2201,2019-07-01,2019-09-27,31.92000000,27.48000000,201907-201910,-0.13909774
2201,2019-08-01,2019-10-31,33.01000000,27.41000000,201908-201911,-0.16964556
2201,2019-09-02,2019-11-29,29.30000000,26.78000000,201909-201912,-0.08600683
2201,2019-10-01,2019-12-31,27.69000000,27.34000000,201910-202001,-0.01263994
2201,2019-11-01,2020-01-31,27.27000000,25.03000000,201911-202002,-0.08214155
2201,2019-12-02,2020-02-27,26.57000000,28.53000000,201912-202003,0.07376741
2201,2020-02-03,2020-04-30,23.98000000,24.34000000,202002-202005,0.01501251
2201,2020-03-02,2020-05-29,28.39000000,27.69000000,202003-202006,-0.02465657
2201,2020-04-01,2020-06-30,20.77000000,30.14000000,202004-202007,0.45113144
2201,2020-05-04,2020-07-31,23.36000000,33.15000000,202005-202008,0.41909247
2201,2020-06-01,2020-08-31,28.39000000,35.38000000,202006-202009,0.24621346
2201,2020-07-01,2020-09-30,29.86000000,32.10000000,202007-202010,0.07501674
2201,2020-08-03,2020-10-30,32.79000000,31.65000000,202008-202011,-0.03476670
2201,2020-09-01,2020-11-30,36.23000000,34.68000000,202009-202012,-0.04278222
2201,2020-10-05,2020-12-31,31.96000000,41.70000000,202010-202101,0.30475594
2204,2010-01-04,2010-03-31,24.58000000,23.92000000,201001-201004,-0.02685110
2204,2010-02-01,2010-04-30,20.20000000,24.86000000,201002-201005,0.23069307
2204,2010-03-01,2010-05-31,21.75000000,21.14000000,201003-201006,-0.02804598
2204,2010-04-01,2010-06-30,24.14000000,20.87000000,201004-201007,-0.13545982
2204,2010-05-03,2010-07-30,24.92000000,22.59000000,201005-201008,-0.09349920
2204,2010-06-01,2010-08-31,20.81000000,21.31000000,201006-201009,0.02402691
2204,2010-07-01,2010-09-30,20.70000000,27.57000000,201007-201010,0.33188406
2204,2010-08-02,2010-10-29,23.15000000,27.80000000,201008-201011,0.20086393
2204,2010-09-01,2010-11-30,21.47000000,32.33000000,201009-201012,0.50582208
2204,2010-10-01,2010-12-31,27.68000000,32.44000000,201010-201101,0.17196532
2204,2010-11-01,2011-01-28,27.74000000,30.81000000,201011-201102,0.11067051
2204,2010-12-01,2011-02-25,32.94000000,27.74000000,201012-201103,-0.15786278
2204,2011-01-03,2011-03-31,32.99000000,26.90000000,201101-201104,-0.18460139
2204,2011-02-08,2011-04-29,30.76000000,30.31000000,201102-201105,-0.01462939
2204,2011-03-01,2011-05-31,27.62000000,32.77000000,201103-201106,0.18645909
2204,2011-04-01,2011-06-30,27.29000000,33.05000000,201104-201107,0.21106632
2204,2011-05-03,2011-07-29,31.32000000,38.21000000,201105-201108,0.21998723
2204,2011-06-01,2011-08-31,32.21000000,35.25000000,201106-201109,0.09438063
2204,2011-07-01,2011-09-30,33.44000000,29.74000000,201107-201110,-0.11064593
2204,2011-08-01,2011-10-31,40.03000000,33.04000000,201108-201111,-0.17461904
2204,2011-09-01,2011-11-30,35.25000000,30.02000000,201109-201112,-0.14836879
2204,2011-10-03,2011-12-30,28.38000000,31.27000000,201110-201201,0.10183228
2204,2011-11-01,2012-01-31,35.25000000,35.88000000,201111-201202,0.01787234
2204,2011-12-01,2012-02-29,32.07000000,37.13000000,201112-201203,0.15777986
2204,2012-01-02,2012-03-30,30.88000000,32.81000000,201201-201204,0.06250000
2204,2012-02-01,2012-04-30,35.60000000,27.46000000,201202-201205,-0.22865169
2204,2012-03-01,2012-05-31,38.10000000,30.25000000,201203-201206,-0.20603675
2204,2012-04-02,2012-06-29,30.53000000,30.70000000,201204-201207,0.00556829
2204,2012-05-02,2012-07-31,29.34000000,29.90000000,201205-201208,0.01908657
2204,2012-06-01,2012-08-31,28.89000000,31.94000000,201206-201209,0.10557286
2204,2012-07-02,2012-09-28,30.42000000,32.99000000,201207-201210,0.08448389
2204,2012-08-01,2012-10-31,30.48000000,30.66000000,201208-201211,0.00590551
2204,2012-09-03,2012-11-30,32.29000000,31.12000000,201209-201212,-0.03623413
2204,2012-10-01,2012-12-28,33.10000000,31.76000000,201210-201301,-0.04048338
2204,2016-01-04,2016-03-31,26.57000000,28.68000000,201601-201604,0.07941287
2204,2016-02-01,2016-04-29,26.44000000,28.06000000,201602-201605,0.06127080
2204,2016-03-01,2016-05-31,26.76000000,29.80000000,201603-201606,0.11360239
2204,2016-04-01,2016-06-30,28.31000000,30.23000000,201604-201607,0.06782056
2204,2016-05-03,2016-07-29,28.00000000,30.95000000,201605-201608,0.10535714
2204,2016-06-01,2016-08-31,29.80000000,30.18000000,201606-201609,0.01275168
2204,2016-07-01,2016-09-30,30.05000000,30.44000000,201607-201610,0.01297837
2204,2016-08-01,2016-10-31,30.95000000,31.72000000,201608-201611,0.02487884
2204,2016-09-01,2016-11-30,30.31000000,34.35000000,201609-201612,0.13328934
2204,2016-10-03,2016-12-30,30.44000000,33.58000000,201610-201701,0.10315375
2204,2016-11-01,2017-01-24,31.40000000,36.72000000,201611-201702,0.16942675
2204,2016-12-01,2017-02-24,34.22000000,36.91000000,201612-201703,0.07860900
2204,2017-01-03,2017-03-31,33.64000000,35.63000000,201701-201704,0.05915577
2204,2017-02-02,2017-04-28,37.42000000,35.18000000,201702-201705,-0.05986104
2204,2017-03-01,2017-05-31,36.91000000,35.69000000,201703-201706,-0.03305337
2204,2017-04-05,2017-06-30,35.50000000,36.59000000,201704-201707,0.03070423
2204,2017-05-02,2017-07-31,35.11000000,34.48000000,201705-201708,-0.01794361
2204,2017-06-01,2017-08-31,36.33000000,37.12000000,201706-201709,0.02174511
2204,2017-07-03,2017-09-30,36.52000000,35.47000000,201707-201710,-0.02875137
2204,2017-08-01,2017-10-31,34.42000000,35.67000000,201708-201711,0.03631610
2204,2017-09-01,2017-11-30,36.46000000,35.54000000,201709-201712,-0.02523313
2204,2017-10-02,2017-12-29,35.93000000,34.35000000,201710-201801,-0.04397439
2204,2017-11-01,2018-01-31,35.60000000,35.21000000,201711-201802,-0.01095506
2204,2017-12-01,2018-02-27,35.60000000,35.54000000,201712-201803,-0.00168539
2204,2018-01-02,2018-03-31,34.61000000,36.33000000,201801-201804,0.04969662
2204,2018-02-01,2018-04-30,35.14000000,36.92000000,201802-201805,0.05065452
2204,2018-03-01,2018-05-31,35.28000000,38.45000000,201803-201806,0.08985261
2204,2018-04-02,2018-06-29,36.73000000,37.46000000,201804-201807,0.01987476
2204,2018-05-02,2018-07-31,36.99000000,36.15000000,201805-201808,-0.02270884
2204,2018-06-01,2018-08-31,38.58000000,35.26000000,201806-201809,-0.08605495
2204,2018-07-02,2018-09-28,37.65000000,35.05000000,201807-201810,-0.06905710
2204,2018-08-01,2018-10-31,36.08000000,31.85000000,201808-201811,-0.11723947
2204,2018-09-03,2018-11-30,35.26000000,31.50000000,201809-201812,-0.10663642
2204,2018-10-01,2018-12-28,35.05000000,33.21000000,201810-201901,-0.05249643
2204,2018-11-01,2019-01-30,31.98000000,32.66000000,201811-201902,0.02126329
2204,2018-12-03,2019-02-27,32.66000000,33.07000000,201812-201903,0.01255358
2204,2019-01-02,2019-03-29,32.46000000,38.95000000,201901-201904,0.19993839
2204,2019-02-11,2019-04-30,32.19000000,37.92000000,201902-201905,0.17800559
2204,2019-03-04,2019-05-31,33.49000000,37.65000000,201903-201906,0.12421618
2204,2019-04-01,2019-06-28,38.67000000,37.86000000,201904-201907,-0.02094647
2204,2019-05-02,2019-07-31,37.79000000,36.06000000,201905-201908,-0.04577931
2204,2019-06-03,2019-08-30,37.45000000,35.28000000,201906-201909,-0.05794393
2204,2019-07-01,2019-09-25,38.00000000,34.79000000,201907-201910,-0.08447368
2204,2019-08-01,2019-10-31,35.78000000,30.90000000,201908-201911,-0.13638904
2204,2019-09-02,2019-11-29,35.43000000,29.29000000,201909-201912,-0.17329946
2207,2010-01-04,2010-03-31,47.63000000,43.64000000,201001-201004,-0.08377073
2207,2010-02-01,2010-04-30,43.08000000,54.79000000,201002-201005,0.27181987
2207,2010-03-01,2010-05-31,40.78000000,48.56000000,201003-201006,0.19077979
2207,2010-04-01,2010-06-30,44.20000000,48.62000000,201004-201007,0.10000000
2207,2010-05-03,2010-07-30,52.73000000,52.26000000,201005-201008,-0.00891333
2207,2010-06-01,2010-08-31,48.06000000,57.49000000,201006-201009,0.19621307
2207,2010-07-01,2010-09-30,49.00000000,58.47000000,201007-201010,0.19326531
2207,2010-08-02,2010-10-29,53.31000000,58.21000000,201008-201011,0.09191521
2207,2010-09-01,2010-11-30,59.13000000,58.02000000,201009-201012,-0.01877220
2207,2010-10-01,2010-12-31,58.87000000,58.34000000,201010-201101,-0.00900289
2207,2010-11-01,2011-01-28,59.13000000,57.89000000,201011-201102,-0.02097074
2207,2010-12-01,2011-02-25,58.41000000,56.71000000,201012-201103,-0.02910461
2207,2011-01-03,2011-03-31,58.47000000,56.58000000,201101-201104,-0.03232427
2207,2011-02-08,2011-04-29,57.56000000,58.74000000,201102-201105,0.02050035
2207,2011-03-01,2011-05-31,56.90000000,62.07000000,201103-201106,0.09086116
2207,2011-04-01,2011-06-30,55.73000000,70.64000000,201104-201107,0.26753992
2207,2011-05-03,2011-07-29,60.76000000,97.47000000,201105-201108,0.60418038
2207,2011-06-01,2011-08-31,62.20000000,94.36000000,201106-201109,0.51704180
2207,2011-07-01,2011-09-30,69.33000000,89.17000000,201107-201110,0.28616760
2207,2011-08-01,2011-10-31,101.62000000,91.25000000,201108-201111,-0.10204684
2207,2011-09-01,2011-11-30,96.78000000,113.02000000,201109-201112,0.16780327
2207,2011-10-03,2011-12-30,87.10000000,100.58000000,201110-201201,0.15476464
2207,2011-11-01,2012-01-31,93.32000000,105.76000000,201111-201202,0.13330476
2207,2011-12-01,2012-02-29,113.02000000,137.91000000,201112-201203,0.22022651
2207,2012-01-02,2012-03-30,97.12000000,164.52000000,201201-201204,0.69398682
2207,2012-02-01,2012-04-30,104.73000000,128.58000000,201202-201205,0.22772844
2207,2012-03-01,2012-05-31,145.17000000,135.14000000,201203-201206,-0.06909141
2207,2012-04-02,2012-06-29,166.94000000,133.41000000,201204-201207,-0.20085061
2207,2012-05-02,2012-07-31,129.27000000,144.73000000,201205-201208,0.11959465
2207,2012-06-01,2012-08-31,128.92000000,155.54000000,201206-201209,0.20648464
2207,2012-07-02,2012-09-28,134.11000000,150.85000000,201207-201210,0.12482291
2207,2012-08-01,2012-10-31,146.89000000,149.77000000,201208-201211,0.01960651
2207,2012-09-03,2012-11-30,154.10000000,154.82000000,201209-201212,0.00467229
2207,2012-10-01,2012-12-28,149.77000000,167.78000000,201210-201301,0.12025105
2207,2016-01-04,2016-03-31,283.61000000,275.44000000,201601-201604,-0.02880716
2207,2016-02-01,2016-04-29,266.10000000,248.21000000,201602-201605,-0.06723036
2207,2016-03-01,2016-05-31,264.93000000,242.37000000,201603-201606,-0.08515457
2207,2016-04-01,2016-06-30,269.21000000,245.09000000,201604-201607,-0.08959548
2207,2016-05-03,2016-07-29,247.04000000,258.39000000,201605-201608,0.04594398
2207,2016-06-01,2016-08-31,244.70000000,283.43000000,201606-201609,0.15827544
2207,2016-07-01,2016-09-30,248.60000000,295.94000000,201607-201610,0.19042639
2207,2016-08-01,2016-10-31,262.84000000,296.75000000,201608-201611,0.12901385
2207,2016-09-01,2016-11-30,289.08000000,295.94000000,201609-201612,0.02373046
2207,2016-10-03,2016-12-30,291.50000000,297.96000000,201610-201701,0.02216123
2207,2016-11-01,2017-01-24,296.75000000,289.08000000,201611-201702,-0.02584667
2207,2016-12-01,2017-02-24,295.94000000,283.83000000,201612-201703,-0.04092046
2207,2017-01-03,2017-03-31,294.33000000,287.06000000,201701-201704,-0.02470017
2207,2017-02-02,2017-04-28,281.00000000,280.60000000,201702-201705,-0.00142349
2207,2017-03-01,2017-05-31,281.81000000,318.55000000,201703-201706,0.13037153
2207,2017-04-05,2017-06-30,290.69000000,307.65000000,201704-201707,0.05834394
2207,2017-05-02,2017-07-31,282.62000000,305.98000000,201705-201708,0.08265516
2207,2017-06-01,2017-08-31,316.13000000,296.40000000,201706-201709,-0.06241103
2207,2017-07-03,2017-09-30,310.88000000,292.64000000,201707-201710,-0.05867216
2207,2017-08-01,2017-10-31,308.07000000,291.81000000,201708-201711,-0.05278021
2207,2017-09-01,2017-11-30,294.31000000,289.31000000,201709-201712,-0.01698889
2207,2017-10-02,2017-12-29,296.40000000,295.15000000,201710-201801,-0.00421727
2207,2017-11-01,2018-01-31,294.73000000,316.41000000,201711-201802,0.07355885
2207,2017-12-01,2018-02-27,290.56000000,271.38000000,201712-201803,-0.06601046
2207,2018-01-02,2018-03-31,299.31000000,245.95000000,201801-201804,-0.17827670
2207,2018-02-01,2018-04-30,310.57000000,243.04000000,201802-201805,-0.21743890
2207,2018-03-01,2018-05-31,273.47000000,228.03000000,201803-201806,-0.16616082
2207,2018-04-02,2018-06-29,243.04000000,223.86000000,201804-201807,-0.07891705
2207,2018-05-02,2018-07-31,244.29000000,231.97000000,201805-201808,-0.05043186
2207,2018-06-01,2018-08-31,223.44000000,231.97000000,201806-201809,0.03817580
2207,2018-07-02,2018-09-28,221.36000000,228.05000000,201807-201810,0.03022226
2207,2018-08-01,2018-10-31,233.72000000,186.19000000,201808-201811,-0.20336300
2207,2018-09-03,2018-11-30,229.36000000,206.68000000,201809-201812,-0.09888385
2207,2018-10-01,2018-12-28,228.92000000,222.82000000,201810-201901,-0.02664686
2207,2018-11-01,2019-01-30,182.70000000,255.52000000,201811-201902,0.39857690
2207,2018-12-03,2019-02-27,209.30000000,291.71000000,201812-201903,0.39374104
2207,2019-01-02,2019-03-29,215.40000000,329.21000000,201901-201904,0.52836583
2207,2019-02-11,2019-04-30,255.52000000,407.26000000,201902-201905,0.59384784
2207,2019-03-04,2019-05-31,287.79000000,441.27000000,201903-201906,0.53330554
2207,2019-04-01,2019-06-28,323.54000000,443.01000000,201904-201907,0.36925882
2207,2019-05-02,2019-07-31,405.52000000,402.69000000,201905-201908,-0.00697869
2207,2019-06-03,2019-08-30,438.65000000,395.54000000,201906-201909,-0.09827881
2207,2019-07-01,2019-09-27,434.29000000,421.46000000,201907-201910,-0.02954247
2207,2019-08-01,2019-10-31,401.35000000,480.91000000,201908-201911,0.19823097
2207,2019-09-02,2019-11-29,389.28000000,533.65000000,201909-201912,0.37086416
2207,2019-10-01,2019-12-31,438.00000000,610.52000000,201910-202001,0.39388128
2207,2019-11-01,2020-01-31,485.38000000,555.99000000,201911-202002,0.14547365
2207,2019-12-02,2020-02-27,546.16000000,560.46000000,201912-202003,0.02618280
2207,2020-01-02,2020-03-31,599.79000000,438.89000000,202001-202004,-0.26826056
2207,2020-02-03,2020-04-30,553.31000000,497.89000000,202002-202005,-0.10016085
2207,2020-03-02,2020-05-29,536.33000000,479.12000000,202003-202006,-0.10666940
2207,2020-04-01,2020-06-30,423.25000000,628.40000000,202004-202007,0.48470171
2207,2020-05-04,2020-07-31,458.56000000,610.32000000,202005-202008,0.33094906
2207,2020-06-01,2020-08-31,486.27000000,543.82000000,202006-202009,0.11834989
2207,2020-07-01,2020-09-30,621.25000000,585.73000000,202007-202010,-0.05717505
2207,2020-08-03,2020-10-30,587.55000000,548.38000000,202008-202011,-0.06666667
2207,2020-09-01,2020-11-30,554.75000000,583.90000000,202009-202012,0.05254619
2207,2020-10-05,2020-12-31,583.90000000,585.73000000,202010-202101,0.00313410
2208,2010-07-01,2010-09-30,40.46000000,45.36000000,201007-201010,0.12110727
2208,2011-10-03,2011-12-30,42.51000000,39.61000000,201110-201201,-0.06821924
2208,2011-11-01,2012-01-31,42.77000000,40.21000000,201111-201202,-0.05985504
2208,2011-12-01,2012-02-29,41.41000000,42.51000000,201112-201203,0.02656363
2208,2012-01-02,2012-03-30,39.27000000,41.15000000,201201-201204,0.04787369
2227,2010-01-04,2010-03-31,31.56000000,31.98000000,201001-201004,0.01330798
2227,2010-03-01,2010-05-31,26.70000000,35.82000000,201003-201006,0.34157303
2227,2010-04-01,2010-06-30,31.64000000,35.35000000,201004-201007,0.11725664
2227,2010-05-03,2010-07-30,40.51000000,39.02000000,201005-201008,-0.03678104
2227,2010-06-01,2010-08-31,36.89000000,36.63000000,201006-201009,-0.00704798
2227,2010-07-01,2010-09-30,35.39000000,60.13000000,201007-201010,0.69906753
2227,2010-08-02,2010-10-29,41.75000000,60.55000000,201008-201011,0.45029940
2227,2010-09-01,2010-11-30,37.23000000,63.11000000,201009-201012,0.69513833
2227,2010-10-01,2010-12-31,64.18000000,59.70000000,201010-201101,-0.06980368
2227,2010-11-01,2011-01-28,61.83000000,50.96000000,201011-201102,-0.17580463
2227,2010-12-01,2011-02-25,64.61000000,51.17000000,201012-201103,-0.20801733
2227,2011-01-03,2011-03-31,59.06000000,46.70000000,201101-201104,-0.20927870
2227,2011-02-08,2011-04-29,50.96000000,50.32000000,201102-201105,-0.01255887
2227,2011-03-01,2011-05-31,50.75000000,52.45000000,201103-201106,0.03349754
2227,2011-04-01,2011-06-30,46.06000000,58.42000000,201104-201107,0.26834564
2227,2011-05-03,2011-07-29,50.96000000,62.18000000,201105-201108,0.22017268
2227,2011-06-01,2011-08-31,52.67000000,60.40000000,201106-201109,0.14676286
2227,2011-07-01,2011-09-30,58.00000000,46.64000000,201107-201110,-0.19586207
2227,2011-08-01,2011-10-31,63.29000000,51.52000000,201108-201111,-0.18596935
2227,2011-09-01,2011-11-30,59.52000000,52.63000000,201109-201112,-0.11575941
2227,2011-10-03,2011-12-30,44.19000000,57.52000000,201110-201201,0.30165196
2227,2011-11-01,2012-01-31,55.07000000,73.95000000,201111-201202,0.34283639
2227,2011-12-01,2012-02-29,53.30000000,95.94000000,201112-201203,0.80000000
2227,2012-01-02,2012-03-30,56.85000000,94.60000000,201201-201204,0.66402814
2227,2012-02-01,2012-04-30,79.06000000,81.06000000,201202-201205,0.02529724
2227,2012-03-01,2012-05-31,102.60000000,99.71000000,201203-201206,-0.02816764
2227,2012-04-02,2012-06-29,93.71000000,114.15000000,201204-201207,0.21811973
2227,2012-05-02,2012-07-31,86.61000000,115.22000000,201205-201208,0.33033137
2227,2012-06-01,2012-08-31,92.83000000,122.62000000,201206-201209,0.32090919
2227,2012-07-02,2012-09-28,111.04000000,118.69000000,201207-201210,0.06889409
2227,2012-08-01,2012-10-31,117.53000000,107.35000000,201208-201211,-0.08661618
2227,2012-09-03,2012-11-30,122.85000000,107.35000000,201209-201212,-0.12617013
2227,2012-10-01,2012-12-28,116.61000000,104.11000000,201210-201301,-0.10719492
2227,2016-01-04,2016-03-31,158.88000000,119.31000000,201601-201604,-0.24905589
2227,2016-02-01,2016-04-29,138.95000000,116.71000000,201602-201605,-0.16005757
2227,2016-03-01,2016-05-31,133.75000000,124.22000000,201603-201606,-0.07125234
2227,2016-04-01,2016-06-30,117.86000000,115.26000000,201604-201607,-0.02206007
2227,2016-05-03,2016-07-29,115.55000000,119.88000000,201605-201608,0.03747296
2227,2016-06-01,2016-08-31,124.22000000,125.63000000,201606-201609,0.01135083
2227,2016-07-01,2016-09-30,114.97000000,127.46000000,201607-201610,0.10863704
2227,2016-08-01,2016-10-31,120.17000000,121.95000000,201608-201611,0.01481235
2227,2016-09-01,2016-11-30,124.71000000,122.56000000,201609-201612,-0.01724000
2227,2016-10-03,2016-12-30,125.93000000,120.42000000,201610-201701,-0.04375447
2227,2016-11-01,2017-01-24,122.87000000,121.34000000,201611-201702,-0.01245219
2227,2016-12-01,2017-02-24,121.95000000,127.77000000,201612-201703,0.04772448
2227,2017-01-03,2017-03-31,121.34000000,129.61000000,201701-201704,0.06815560
2227,2017-02-02,2017-04-28,121.34000000,145.85000000,201702-201705,0.20199440
2227,2017-03-01,2017-05-31,127.77000000,186.91000000,201703-201706,0.46286296
2227,2017-04-05,2017-06-30,130.22000000,174.65000000,201704-201707,0.34119183
2227,2017-05-02,2017-07-31,145.85000000,175.57000000,201705-201708,0.20377100
2227,2017-06-01,2017-08-31,195.18000000,165.45000000,201706-201709,-0.15232093
2227,2017-07-03,2017-09-30,175.26000000,169.11000000,201707-201710,-0.03509072
2227,2017-08-01,2017-10-31,175.88000000,160.80000000,201708-201711,-0.08574028
2227,2017-09-01,2017-11-30,166.12000000,168.11000000,201709-201712,0.01197929
2227,2017-10-02,2017-12-29,169.11000000,177.08000000,201710-201801,0.04712909
2227,2017-11-01,2018-01-31,163.79000000,175.75000000,201711-201802,0.07302033
2227,2017-12-01,2018-02-27,170.77000000,172.10000000,201712-201803,0.00778825
2227,2018-01-02,2018-03-31,180.73000000,177.41000000,201801-201804,-0.01836994
2227,2018-02-01,2018-04-30,174.75000000,170.10000000,201802-201805,-0.02660944
2227,2018-03-01,2018-05-31,170.77000000,168.11000000,201803-201806,-0.01557651
2227,2018-04-02,2018-06-29,175.42000000,167.78000000,201804-201807,-0.04355262
2227,2018-05-02,2018-07-31,171.10000000,173.42000000,201805-201808,0.01355932
2227,2018-06-01,2018-08-31,166.78000000,174.97000000,201806-201809,0.04910661
2227,2018-07-02,2018-09-28,167.44000000,172.45000000,201807-201810,0.02992117
2227,2018-08-01,2018-10-31,175.42000000,154.77000000,201808-201811,-0.11771748
2227,2018-09-03,2018-11-30,174.97000000,165.95000000,201809-201812,-0.05155169
2227,2018-10-01,2018-12-28,172.81000000,164.87000000,201810-201901,-0.04594642
2227,2018-11-01,2019-01-30,156.93000000,165.95000000,201811-201902,0.05747786
2227,2018-12-03,2019-02-27,167.76000000,172.45000000,201812-201903,0.02795660
2227,2019-01-02,2019-03-29,164.87000000,183.27000000,201901-201904,0.11160308
2227,2019-02-11,2019-04-30,165.59000000,186.88000000,201902-201905,0.12857057
2227,2019-03-04,2019-05-31,174.61000000,195.90000000,201903-201906,0.12192887
2227,2019-04-01,2019-06-28,181.47000000,198.42000000,201904-201907,0.09340387
2227,2019-05-02,2019-07-31,192.29000000,196.26000000,201905-201908,0.02064590
2227,2019-06-03,2019-08-30,197.34000000,190.70000000,201906-201909,-0.03364751
2227,2019-07-01,2019-09-27,199.14000000,192.63000000,201907-201910,-0.03269057
2227,2019-08-01,2019-10-31,196.62000000,194.95000000,201908-201911,-0.00849354
2227,2019-09-02,2019-11-29,191.08000000,214.25000000,201909-201912,0.12125811
2227,2019-10-01,2019-12-31,193.02000000,221.58000000,201910-202001,0.14796394
2227,2019-11-01,2020-01-31,199.58000000,208.46000000,201911-202002,0.04449344
2227,2019-12-02,2020-02-27,218.88000000,193.79000000,201912-202003,-0.11462902
2227,2020-01-02,2020-03-31,221.20000000,178.35000000,202001-202004,-0.19371609
2227,2020-02-03,2020-04-30,202.28000000,208.07000000,202002-202005,0.02862369
2227,2020-03-02,2020-05-29,189.93000000,204.21000000,202003-202006,0.07518559
2227,2020-04-01,2020-06-30,175.26000000,208.07000000,202004-202007,0.18720758
2227,2020-05-04,2020-07-31,205.75000000,214.63000000,202005-202008,0.04315917
2227,2020-06-01,2020-08-31,208.07000000,205.48000000,202006-202009,-0.01244773
2227,2020-07-01,2020-09-30,208.84000000,203.81000000,202007-202010,-0.02408542
2227,2020-08-03,2020-10-30,211.54000000,205.48000000,202008-202011,-0.02864706
2227,2020-09-01,2020-11-30,204.65000000,218.43000000,202009-202012,0.06733447
2227,2020-10-05,2020-12-31,203.81000000,216.34000000,202010-202101,0.06147883
2231,2016-01-04,2016-03-31,186.59000000,191.22000000,201601-201604,0.02481376
2231,2016-02-01,2016-04-29,192.19000000,190.49000000,201602-201605,-0.00884541
2231,2016-03-01,2016-05-31,182.94000000,181.23000000,201603-201606,-0.00934733
2231,2016-04-01,2016-06-30,188.05000000,175.87000000,201604-201607,-0.06477001
2231,2016-05-03,2016-07-29,186.59000000,188.29000000,201605-201608,0.00911088
2231,2016-06-01,2016-08-31,178.79000000,188.96000000,201606-201609,0.05688238
2231,2016-07-01,2016-09-30,175.38000000,171.51000000,201607-201610,-0.02206637
2231,2016-08-01,2016-10-31,189.76000000,159.01000000,201608-201611,-0.16204680
2231,2016-09-01,2016-11-30,190.71000000,144.76000000,201609-201612,-0.24094174
2231,2016-10-03,2016-12-30,174.50000000,137.90000000,201610-201701,-0.20974212
2231,2016-11-01,2017-01-24,157.37000000,135.43000000,201611-201702,-0.13941666
2231,2016-12-01,2017-02-24,146.95000000,139.00000000,201612-201703,-0.05410003
2231,2017-01-03,2017-03-31,141.19000000,142.84000000,201701-201704,0.01168638
2231,2017-04-05,2017-06-30,143.66000000,217.68000000,201704-201707,0.51524433
2231,2017-05-02,2017-07-31,177.11000000,205.62000000,201705-201708,0.16097341
2231,2017-06-01,2017-08-31,187.25000000,202.88000000,201706-201709,0.08347130
2231,2017-07-03,2017-09-30,213.02000000,193.01000000,201707-201710,-0.09393484
2231,2017-08-01,2017-10-31,206.44000000,183.67000000,201708-201711,-0.11029839
2231,2017-09-01,2017-11-30,200.96000000,192.00000000,201709-201712,-0.04458599
2231,2017-10-02,2017-12-29,198.49000000,169.16000000,201710-201801,-0.14776563
2231,2017-11-01,2018-01-31,183.36000000,184.28000000,201711-201802,0.00501745
2231,2018-02-01,2018-04-30,183.36000000,236.14000000,201802-201805,0.28784904
2231,2018-03-01,2018-05-31,218.24000000,220.40000000,201803-201806,0.00989736
2231,2018-04-02,2018-06-29,247.25000000,240.77000000,201804-201807,-0.02620829
2231,2018-05-02,2018-07-31,237.07000000,221.33000000,201805-201808,-0.06639389
2231,2018-06-01,2018-08-31,221.94000000,188.29000000,201806-201809,-0.15161755
2231,2018-07-02,2018-09-28,240.46000000,161.65000000,201807-201810,-0.32774682
2231,2018-08-01,2018-10-31,223.82000000,132.52000000,201808-201811,-0.40791708
2231,2018-09-03,2018-11-30,185.10000000,174.08000000,201809-201812,-0.05953539
2231,2018-12-03,2019-02-27,187.58000000,221.69000000,201812-201903,0.18184241
2231,2019-01-02,2019-03-29,169.82000000,208.19000000,201901-201904,0.22594512
2231,2019-02-11,2019-04-30,196.46000000,195.04000000,201902-201905,-0.00722793
2231,2019-03-04,2019-05-31,227.02000000,195.40000000,201903-201906,-0.13928288
2231,2019-04-01,2019-06-28,209.25000000,193.49000000,201904-201907,-0.07531661
2231,2019-05-02,2019-07-31,200.73000000,218.06000000,201905-201908,0.08633488
2231,2019-06-03,2019-08-30,192.56000000,219.98000000,201906-201909,0.14239717
2231,2019-07-01,2019-09-27,199.25000000,190.80000000,201907-201910,-0.04240903
2231,2019-08-01,2019-10-31,218.44000000,195.79000000,201908-201911,-0.10368980
2231,2019-09-02,2019-11-29,219.98000000,189.65000000,201909-201912,-0.13787617
2231,2019-10-01,2019-12-31,199.25000000,191.57000000,201910-202001,-0.03854454
2231,2019-11-01,2020-01-31,195.02000000,166.23000000,201911-202002,-0.14762588
2231,2019-12-02,2020-02-27,185.04000000,155.10000000,201912-202003,-0.16180285
2239,2016-08-01,2016-10-31,134.96000000,144.82000000,201608-201611,0.07305868
2239,2016-09-01,2016-11-30,158.78000000,140.43000000,201609-201612,-0.11556871
2301,2010-01-04,2010-03-31,17.81000000,15.84000000,201001-201004,-0.11061202
2301,2010-02-01,2010-04-30,15.20000000,15.74000000,201002-201005,0.03552632
2301,2010-03-01,2010-05-31,15.72000000,13.66000000,201003-201006,-0.13104326
2301,2010-04-01,2010-06-30,15.78000000,13.34000000,201004-201007,-0.15462611
2301,2010-05-03,2010-07-30,15.54000000,15.37000000,201005-201008,-0.01093951
2301,2010-06-01,2010-08-31,13.47000000,14.75000000,201006-201009,0.09502598
2301,2010-07-01,2010-09-30,13.15000000,15.75000000,201007-201010,0.19771863
2301,2010-08-02,2010-10-29,15.76000000,16.17000000,201008-201011,0.02601523
2301,2010-09-01,2010-11-30,14.89000000,15.81000000,201009-201012,0.06178643
2301,2010-10-01,2010-12-31,15.67000000,16.03000000,201010-201101,0.02297384
2301,2010-11-01,2011-01-28,16.21000000,15.83000000,201011-201102,-0.02344232
2301,2010-12-01,2011-02-25,16.31000000,14.79000000,201012-201103,-0.09319436
2301,2011-01-03,2011-03-31,16.01000000,14.47000000,201101-201104,-0.09618988
2301,2011-02-08,2011-04-29,15.67000000,14.49000000,201102-201105,-0.07530313
2301,2011-03-01,2011-05-31,15.01000000,14.65000000,201103-201106,-0.02398401
2301,2011-04-01,2011-06-30,14.71000000,15.11000000,201104-201107,0.02719239
2301,2011-05-03,2011-07-29,14.71000000,15.07000000,201105-201108,0.02447315
2301,2011-06-01,2011-08-31,14.95000000,13.82000000,201106-201109,-0.07558528
2301,2011-07-01,2011-09-30,15.27000000,12.33000000,201107-201110,-0.19253438
2301,2011-08-01,2011-10-31,15.19000000,12.55000000,201108-201111,-0.17379855
2301,2011-09-01,2011-11-30,13.82000000,14.17000000,201109-201112,0.02532562
2301,2011-10-03,2011-12-30,11.95000000,14.96000000,201110-201201,0.25188285
2301,2011-11-01,2012-01-31,12.81000000,16.45000000,201111-201202,0.28415301
2301,2011-12-01,2012-02-29,14.52000000,17.53000000,201112-201203,0.20730028
2301,2012-01-02,2012-03-30,14.87000000,15.66000000,201201-201204,0.05312710
2301,2012-02-01,2012-04-30,16.19000000,15.64000000,201202-201205,-0.03397159
2301,2012-03-01,2012-05-31,17.28000000,16.76000000,201203-201206,-0.03009259
2301,2012-04-02,2012-06-29,15.73000000,16.36000000,201204-201207,0.04005086
2301,2012-05-02,2012-07-31,16.08000000,16.56000000,201205-201208,0.02985075
2301,2012-06-01,2012-08-31,16.08000000,17.01000000,201206-201209,0.05783582
2301,2012-07-02,2012-09-28,16.49000000,17.76000000,201207-201210,0.07701637
2301,2012-08-01,2012-10-31,16.93000000,17.46000000,201208-201211,0.03130538
2301,2012-09-03,2012-11-30,16.85000000,18.63000000,201209-201212,0.10563798
2301,2012-10-01,2012-12-28,17.69000000,18.09000000,201210-201301,0.02261164
2301,2016-01-04,2016-03-31,17.08000000,21.98000000,201601-201604,0.28688525
2301,2016-02-01,2016-04-29,19.88000000,21.98000000,201602-201605,0.10563380
2301,2016-03-01,2016-05-31,21.28000000,23.49000000,201603-201606,0.10385338
2301,2016-04-01,2016-06-30,21.58000000,24.66000000,201604-201607,0.14272475
2301,2016-05-03,2016-07-29,20.97000000,26.73000000,201605-201608,0.27467811
2301,2016-06-01,2016-08-31,23.79000000,28.26000000,201606-201609,0.18789407
2301,2016-07-01,2016-09-30,25.36000000,26.55000000,201607-201610,0.04692429
2301,2016-08-01,2016-10-31,27.43000000,26.67000000,201608-201611,-0.02770689
2301,2016-09-01,2016-11-30,28.08000000,29.61000000,201609-201612,0.05448718
2301,2016-10-03,2016-12-30,26.84000000,28.61000000,201610-201701,0.06594635
2301,2016-11-01,2017-01-24,26.52000000,27.79000000,201611-201702,0.04788839
2301,2016-12-01,2017-02-24,29.43000000,30.32000000,201612-201703,0.03024125
2301,2017-01-03,2017-03-31,28.29000000,30.79000000,201701-201704,0.08837045
2301,2017-02-02,2017-04-28,28.87000000,30.96000000,201702-201705,0.07239349
2301,2017-03-01,2017-05-31,30.55000000,29.73000000,201703-201706,-0.02684124
2301,2017-04-05,2017-06-30,31.32000000,29.43000000,201704-201707,-0.06034483
2301,2017-05-02,2017-07-31,30.67000000,28.76000000,201705-201708,-0.06227584
2301,2017-06-01,2017-08-31,29.43000000,27.98000000,201706-201709,-0.04926945
2301,2017-07-03,2017-09-30,29.85000000,27.07000000,201707-201710,-0.09313233
2301,2017-08-01,2017-10-31,28.55000000,26.66000000,201708-201711,-0.06619965
2301,2017-09-01,2017-11-30,28.13000000,23.09000000,201709-201712,-0.17916815
2301,2017-10-02,2017-12-29,27.66000000,25.44000000,201710-201801,-0.08026030
2301,2017-11-01,2018-01-31,25.69000000,26.82000000,201711-201802,0.04398599
2301,2017-12-01,2018-02-27,23.43000000,26.32000000,201712-201803,0.12334614
2301,2018-01-02,2018-03-31,25.44000000,25.94000000,201801-201804,0.01965409
2301,2018-02-01,2018-04-30,26.22000000,24.59000000,201802-201805,-0.06216629
2301,2018-03-01,2018-05-31,26.75000000,24.50000000,201803-201806,-0.08411215
2301,2018-04-02,2018-06-29,25.75000000,23.12000000,201804-201807,-0.10213592
2301,2018-05-02,2018-07-31,24.19000000,25.19000000,201805-201808,0.04133940
2301,2018-06-01,2018-08-31,24.47000000,24.98000000,201806-201809,0.02084185
2301,2018-07-02,2018-09-28,23.06000000,25.96000000,201807-201810,0.12575889
2301,2018-08-01,2018-10-31,25.06000000,24.00000000,201808-201811,-0.04229848
2301,2018-09-03,2018-11-30,24.68000000,27.65000000,201809-201812,0.12034036
2301,2018-10-01,2018-12-28,25.79000000,27.45000000,201810-201901,0.06436603
2301,2018-11-01,2019-01-30,25.02000000,30.59000000,201811-201902,0.22262190
2301,2018-12-03,2019-02-27,27.92000000,30.12000000,201812-201903,0.07879656
2301,2019-01-02,2019-03-29,27.48000000,30.32000000,201901-201904,0.10334789
2301,2019-02-11,2019-04-30,31.54000000,29.44000000,201902-201905,-0.06658212
2301,2019-03-04,2019-05-31,29.14000000,30.49000000,201903-201906,0.04632807
2301,2019-04-01,2019-06-28,30.15000000,30.76000000,201904-201907,0.02023217
2301,2019-05-02,2019-07-31,29.34000000,31.93000000,201905-201908,0.08827539
2301,2019-06-03,2019-08-30,30.76000000,36.04000000,201906-201909,0.17165150
2301,2019-07-01,2019-09-27,30.97000000,35.53000000,201907-201910,0.14723926
2301,2019-08-01,2019-10-31,33.34000000,36.18000000,201908-201911,0.08518296
2301,2019-09-02,2019-11-29,35.28000000,34.89000000,201909-201912,-0.01105442
2301,2019-10-01,2019-12-31,35.25000000,35.57000000,201910-202001,0.00907801
2301,2019-11-01,2020-01-31,36.00000000,34.02000000,201911-202002,-0.05500000
2301,2019-12-02,2020-02-27,34.81000000,31.61000000,201912-202003,-0.09192761
2301,2020-01-02,2020-03-31,35.46000000,29.77000000,202001-202004,-0.16046249
2301,2020-02-03,2020-04-30,33.88000000,33.52000000,202002-202005,-0.01062574
2301,2020-03-02,2020-05-29,30.89000000,34.67000000,202003-202006,0.12236970
2301,2020-04-01,2020-06-30,29.80000000,35.51000000,202004-202007,0.19161074
2301,2020-05-04,2020-07-31,33.52000000,38.04000000,202005-202008,0.13484487
2301,2020-06-01,2020-08-31,35.21000000,35.59000000,202006-202009,0.01079239
2301,2020-07-01,2020-09-30,35.86000000,35.36000000,202007-202010,-0.01394311
2301,2020-08-03,2020-10-30,37.28000000,35.70000000,202008-202011,-0.04238197
2301,2020-09-01,2020-11-30,35.44000000,36.85000000,202009-202012,0.03978555
2301,2020-10-05,2020-12-31,35.13000000,38.20000000,202010-202101,0.08738970
2303,2010-01-04,2010-03-31,8.03000000,7.96000000,201001-201004,-0.00871731
2303,2010-02-01,2010-04-30,7.32000000,7.56000000,201002-201005,0.03278689
2303,2010-03-01,2010-05-31,7.56000000,7.13000000,201003-201006,-0.05687831
2303,2010-04-01,2010-06-30,7.99000000,6.78000000,201004-201007,-0.15143930
2303,2010-05-03,2010-07-30,7.47000000,6.95000000,201005-201008,-0.06961178
2303,2010-06-01,2010-08-31,6.99000000,6.36000000,201006-201009,-0.09012876
2303,2010-07-01,2010-09-30,6.64000000,6.77000000,201007-201010,0.01957831
2303,2010-08-02,2010-10-29,7.09000000,7.12000000,201008-201011,0.00423131
2303,2010-09-01,2010-11-30,6.33000000,7.39000000,201009-201012,0.16745656
2303,2010-10-01,2010-12-31,6.77000000,7.97000000,201010-201101,0.17725258
2303,2010-11-01,2011-01-28,7.04000000,8.85000000,201011-201102,0.25710227
2303,2010-12-01,2011-02-25,7.51000000,7.53000000,201012-201103,0.00266312
2303,2011-01-03,2011-03-31,7.92000000,7.48000000,201101-201104,-0.05555556
2303,2011-02-08,2011-04-29,8.61000000,7.26000000,201102-201105,-0.15679443
2303,2011-03-01,2011-05-31,7.73000000,7.24000000,201103-201106,-0.06338939
2303,2011-04-01,2011-06-30,7.41000000,6.97000000,201104-201107,-0.05937922
2303,2011-05-03,2011-07-29,7.31000000,6.86000000,201105-201108,-0.06155951
2303,2011-06-01,2011-08-31,7.36000000,5.99000000,201106-201109,-0.18614130
2303,2011-07-01,2011-09-30,6.97000000,6.04000000,201107-201110,-0.13342898
2303,2011-08-01,2011-10-31,6.94000000,7.07000000,201108-201111,0.01873199
2303,2011-09-01,2011-11-30,6.23000000,6.89000000,201109-201112,0.10593900
2303,2011-10-03,2011-12-30,5.99000000,6.73000000,201110-201201,0.12353923
2303,2011-11-01,2012-01-31,6.97000000,8.21000000,201111-201202,0.17790531
2303,2011-12-01,2012-02-29,7.02000000,8.21000000,201112-201203,0.16951567
2303,2012-01-02,2012-03-30,6.68000000,7.66000000,201201-201204,0.14670659
2303,2012-02-01,2012-04-30,8.24000000,8.11000000,201202-201205,-0.01577670
2303,2012-03-01,2012-05-31,8.29000000,6.94000000,201203-201206,-0.16284680
2303,2012-04-02,2012-06-29,7.52000000,6.83000000,201204-201207,-0.09175532
2303,2012-05-02,2012-07-31,8.24000000,6.94000000,201205-201208,-0.15776699
2303,2012-06-01,2012-08-31,6.65000000,6.61000000,201206-201209,-0.00601504
2303,2012-07-02,2012-09-28,7.10000000,6.72000000,201207-201210,-0.05352113
2303,2012-08-01,2012-10-31,6.92000000,5.98000000,201208-201211,-0.13583815
2303,2012-09-03,2012-11-30,6.58000000,6.20000000,201209-201212,-0.05775076
2303,2012-10-01,2012-12-28,6.61000000,6.45000000,201210-201301,-0.02420575
2303,2016-01-04,2016-03-31,7.21000000,8.13000000,201601-201604,0.12760055
2303,2016-02-01,2016-04-29,7.88000000,7.33000000,201602-201605,-0.06979695
2303,2016-03-01,2016-05-31,8.19000000,7.46000000,201603-201606,-0.08913309
2303,2016-04-01,2016-06-30,8.04000000,7.70000000,201604-201607,-0.04228856
2303,2016-05-03,2016-07-29,7.12000000,7.61000000,201605-201608,0.06882022
2303,2016-06-01,2016-08-31,7.49000000,7.35000000,201606-201609,-0.01869159
2303,2016-07-01,2016-09-30,7.67000000,7.38000000,201607-201610,-0.03780965
2303,2016-08-01,2016-10-31,7.61000000,7.51000000,201608-201611,-0.01314060
2303,2016-09-01,2016-11-30,7.35000000,7.19000000,201609-201612,-0.02176871
2303,2016-10-03,2016-12-30,7.42000000,7.29000000,201610-201701,-0.01752022
2303,2016-11-01,2017-01-24,7.51000000,7.26000000,201611-201702,-0.03328895
2303,2016-12-01,2017-02-24,7.26000000,8.15000000,201612-201703,0.12258953
2303,2017-01-03,2017-03-31,7.29000000,7.80000000,201701-201704,0.06995885
2303,2017-02-02,2017-04-28,7.22000000,7.70000000,201702-201705,0.06648199
2303,2017-03-01,2017-05-31,7.93000000,7.96000000,201703-201706,0.00378310
2303,2017-04-05,2017-06-30,7.83000000,9.43000000,201704-201707,0.20434227
2303,2017-05-02,2017-07-31,7.70000000,9.21000000,201705-201708,0.19610390
2303,2017-06-01,2017-08-31,7.93000000,9.97000000,201706-201709,0.25725095
2303,2017-07-03,2017-09-30,9.21000000,9.94000000,201707-201710,0.07926167
2303,2017-08-01,2017-10-31,9.04000000,10.27000000,201708-201711,0.13606195
2303,2017-09-01,2017-11-30,10.63000000,10.14000000,201709-201712,-0.04609595
2303,2017-10-02,2017-12-29,10.04000000,9.41000000,201710-201801,-0.06274900
2303,2017-11-01,2018-01-31,10.27000000,9.44000000,201711-201802,-0.08081792
2303,2017-12-01,2018-02-27,10.17000000,9.37000000,201712-201803,-0.07866273
2303,2018-01-02,2018-03-31,9.44000000,10.27000000,201801-201804,0.08792373
2303,2018-02-01,2018-04-30,9.54000000,10.60000000,201802-201805,0.11111111
2303,2018-03-01,2018-05-31,9.28000000,11.03000000,201803-201806,0.18857759
2303,2018-04-02,2018-06-28,10.24000000,11.23000000,201804-201807,0.09667969
2303,2018-05-02,2018-07-31,10.77000000,12.11000000,201805-201808,0.12441968
2303,2018-06-01,2018-08-31,10.90000000,11.98000000,201806-201809,0.09908257
2303,2018-07-02,2018-09-28,12.06000000,11.15000000,201807-201810,-0.07545605
2303,2018-08-01,2018-10-31,12.01000000,8.15000000,201808-201811,-0.32139883
2303,2018-09-03,2018-11-30,11.80000000,7.97000000,201809-201812,-0.32457627
2303,2018-10-01,2018-12-28,10.98000000,7.77000000,201810-201901,-0.29234973
2303,2018-11-01,2019-01-30,8.25000000,7.83000000,201811-201902,-0.05090909
2303,2018-12-03,2019-02-27,8.08000000,7.90000000,201812-201903,-0.02227723
2303,2019-01-02,2019-03-29,7.66000000,8.04000000,201901-201904,0.04960836
2303,2019-02-11,2019-04-30,7.49000000,9.28000000,201902-201905,0.23898531
2303,2019-03-04,2019-05-31,7.90000000,8.90000000,201903-201906,0.12658228
2303,2019-04-01,2019-06-28,7.97000000,9.63000000,201904-201907,0.20828105
2303,2019-05-02,2019-07-31,9.35000000,9.92000000,201905-201908,0.06096257
2303,2019-06-03,2019-08-30,9.11000000,9.67000000,201906-201909,0.06147091
2303,2019-07-01,2019-09-27,9.91000000,9.63000000,201907-201910,-0.02825429
2303,2019-08-01,2019-10-31,9.63000000,10.06000000,201908-201911,0.04465213
2303,2019-09-02,2019-11-29,9.60000000,10.75000000,201909-201912,0.11979167
2303,2019-10-01,2019-12-31,9.81000000,11.82000000,201910-202001,0.20489297
2303,2019-11-01,2020-01-31,10.42000000,10.71000000,201911-202002,0.02783109
2303,2019-12-02,2020-02-27,10.85000000,11.00000000,201912-202003,0.01382488
2303,2020-01-02,2020-03-31,11.90000000,9.81000000,202001-202004,-0.17563025
2303,2020-02-03,2020-04-30,10.78000000,11.18000000,202002-202005,0.03710575
2303,2020-03-02,2020-05-29,10.96000000,11.10000000,202003-202006,0.01277372
2303,2020-04-01,2020-06-30,9.92000000,11.43000000,202004-202007,0.15221774
2303,2020-05-04,2020-07-31,11.03000000,16.87000000,202005-202008,0.52946510
2303,2020-06-01,2020-08-31,11.25000000,16.00000000,202006-202009,0.42222222
2303,2020-07-01,2020-09-30,11.57000000,21.55000000,202007-202010,0.86257563
2303,2020-08-03,2020-10-30,17.96000000,23.17000000,202008-202011,0.29008909
2303,2020-09-01,2020-11-30,16.53000000,30.57000000,202009-202012,0.84936479
2303,2020-10-05,2020-12-31,21.66000000,35.58000000,202010-202101,0.64265928
2308,2010-01-04,2010-03-31,60.16000000,60.16000000,201001-201004,0.00000000
2308,2010-02-01,2010-04-30,56.86000000,62.55000000,201002-201005,0.10007035
2308,2010-03-01,2010-05-31,56.57000000,60.16000000,201003-201006,0.06346120
2308,2010-04-01,2010-06-30,59.86000000,61.95000000,201004-201007,0.03491480
2308,2010-05-03,2010-07-30,61.65000000,68.65000000,201005-201008,0.11354420
2308,2010-06-01,2010-08-31,60.16000000,75.48000000,201006-201009,0.25465426
2308,2010-07-01,2010-09-30,62.85000000,81.07000000,201007-201010,0.28989658
2308,2010-08-02,2010-10-29,70.51000000,78.59000000,201008-201011,0.11459367
2308,2010-09-01,2010-11-30,75.48000000,84.18000000,201009-201012,0.11526232
2308,2010-10-01,2010-12-31,81.39000000,88.53000000,201010-201101,0.08772576
2308,2010-11-01,2011-01-28,80.14000000,83.56000000,201011-201102,0.04267532
2308,2010-12-01,2011-02-25,87.60000000,76.73000000,201012-201103,-0.12408676
2308,2011-01-03,2011-03-31,86.67000000,72.38000000,201101-201104,-0.16487827
2308,2011-02-08,2011-04-29,78.59000000,79.52000000,201102-201105,0.01183357
2308,2011-03-01,2011-05-31,79.21000000,70.82000000,201103-201106,-0.10592097
2308,2011-04-01,2011-06-30,73.62000000,65.54000000,201104-201107,-0.10975278
2308,2011-05-03,2011-07-29,80.45000000,66.57000000,201105-201108,-0.17252952
2308,2011-06-01,2011-08-31,71.45000000,55.48000000,201106-201109,-0.22351295
2308,2011-07-01,2011-09-30,65.23000000,47.32000000,201107-201110,-0.27456692
2308,2011-08-01,2011-10-31,69.18000000,46.54000000,201108-201111,-0.32726221
2308,2011-09-01,2011-11-30,56.13000000,42.42000000,201109-201112,-0.24425441
2308,2011-10-03,2011-12-30,46.99000000,46.99000000,201110-201201,0.00000000
2308,2011-11-01,2012-01-31,46.41000000,49.93000000,201111-201202,0.07584572
2308,2011-12-01,2012-02-29,43.34000000,52.74000000,201112-201203,0.21688971
2308,2012-01-02,2012-03-30,46.67000000,56.46000000,201201-201204,0.20977073
2308,2012-02-01,2012-04-30,49.93000000,56.65000000,201202-201205,0.13458842
2308,2012-03-01,2012-05-31,51.63000000,54.30000000,201203-201206,0.05171412
2308,2012-04-02,2012-06-29,55.09000000,59.33000000,201204-201207,0.07696497
2308,2012-05-02,2012-07-31,60.57000000,68.85000000,201205-201208,0.13670134
2308,2012-06-01,2012-08-31,53.85000000,69.19000000,201206-201209,0.28486537
2308,2012-07-02,2012-09-28,58.55000000,76.99000000,201207-201210,0.31494449
2308,2012-08-01,2012-10-31,67.83000000,67.70000000,201208-201211,-0.00191656
2308,2012-09-03,2012-11-30,69.87000000,70.55000000,201209-201212,0.00973236
2308,2012-10-01,2012-12-28,75.97000000,72.24000000,201210-201301,-0.04909833
2308,2016-01-04,2016-03-31,112.93000000,107.62000000,201601-201604,-0.04702028
2308,2016-02-01,2016-04-29,104.59000000,113.69000000,201602-201605,0.08700641
2308,2016-03-01,2016-05-31,101.94000000,113.69000000,201603-201606,0.11526388
2308,2016-04-01,2016-06-30,106.11000000,118.23000000,201604-201607,0.11422109
2308,2016-05-03,2016-07-29,110.65000000,131.49000000,201605-201608,0.18834162
2308,2016-06-01,2016-08-31,114.82000000,129.14000000,201606-201609,0.12471695
2308,2016-07-01,2016-09-30,119.37000000,130.71000000,201607-201610,0.09499874
2308,2016-08-01,2016-10-31,134.23000000,130.31000000,201608-201611,-0.02920361
2308,2016-09-01,2016-11-30,132.27000000,125.23000000,201609-201612,-0.05322447
2308,2016-10-03,2016-12-30,130.71000000,124.84000000,201610-201701,-0.04490858
2308,2016-11-01,2017-01-24,129.53000000,136.18000000,201611-201702,0.05133946
2308,2016-12-01,2017-02-24,123.66000000,133.84000000,201612-201703,0.08232250
2308,2017-01-03,2017-03-31,124.05000000,127.18000000,201701-201704,0.02523176
2308,2017-02-02,2017-04-28,133.05000000,133.05000000,201702-201705,0.00000000
2308,2017-03-01,2017-05-31,131.88000000,129.92000000,201703-201706,-0.01486200
2308,2017-04-05,2017-06-30,129.53000000,130.31000000,201704-201707,0.00602177
2308,2017-05-02,2017-07-31,136.18000000,129.51000000,201705-201708,-0.04897929
2308,2017-06-01,2017-08-31,130.71000000,133.54000000,201706-201709,0.02165098
2308,2017-07-03,2017-09-30,131.52000000,126.28000000,201707-201710,-0.03984185
2308,2017-08-01,2017-10-31,129.51000000,117.00000000,201708-201711,-0.09659486
2308,2017-09-01,2017-11-30,132.33000000,110.14000000,201709-201712,-0.16768684
2308,2017-10-02,2017-12-29,124.67000000,115.79000000,201710-201801,-0.07122804
2308,2017-11-01,2018-01-31,115.79000000,118.61000000,201711-201802,0.02435443
2308,2017-12-01,2018-02-27,110.55000000,112.16000000,201712-201803,0.01456355
2308,2018-01-02,2018-03-31,113.77000000,105.30000000,201801-201804,-0.07444845
2308,2018-02-01,2018-04-30,118.61000000,87.15000000,201802-201805,-0.26523902
2308,2018-03-01,2018-05-31,112.56000000,89.57000000,201803-201806,-0.20424662
2308,2018-04-02,2018-06-29,104.90000000,88.36000000,201804-201807,-0.15767398
2308,2018-05-02,2018-07-31,87.15000000,90.05000000,201805-201808,0.03327596
2308,2018-06-01,2018-08-31,92.39000000,104.00000000,201806-201809,0.12566295
2308,2018-07-02,2018-09-28,88.36000000,110.76000000,201807-201810,0.25350837
2308,2018-08-01,2018-10-31,90.89000000,109.92000000,201808-201811,0.20937397
2308,2018-09-03,2018-11-30,102.73000000,109.92000000,201809-201812,0.06998929
2308,2018-10-01,2018-12-28,109.49000000,109.49000000,201810-201901,0.00000000
2308,2018-11-01,2019-01-30,109.92000000,127.67000000,201811-201902,0.16148108
2308,2018-12-03,2019-02-27,109.92000000,129.79000000,201812-201903,0.18076783
2308,2019-01-02,2019-03-29,107.38000000,134.44000000,201901-201904,0.25200224
2308,2019-02-11,2019-04-30,128.09000000,137.40000000,201902-201905,0.07268327
2308,2019-03-04,2019-05-31,132.74000000,120.48000000,201903-201906,-0.09236101
2308,2019-04-01,2019-06-28,131.90000000,133.17000000,201904-201907,0.00962851
2308,2019-05-02,2019-07-31,134.86000000,132.21000000,201905-201908,-0.01965001
2308,2019-06-03,2019-08-30,125.14000000,127.85000000,201906-201909,0.02165575
2308,2019-07-01,2019-09-27,135.70000000,115.63000000,201907-201910,-0.14789978
2308,2019-08-01,2019-10-31,133.52000000,116.94000000,201908-201911,-0.12417615
2308,2019-09-02,2019-11-29,127.41000000,122.18000000,201909-201912,-0.04104858
2308,2019-10-01,2019-12-31,116.94000000,132.21000000,201910-202001,0.13057978
2308,2019-11-01,2020-01-31,116.50000000,124.80000000,201911-202002,0.07124464
2308,2019-12-02,2020-02-27,122.61000000,122.18000000,201912-202003,-0.00350705
2308,2020-01-02,2020-03-31,131.78000000,105.16000000,202001-202004,-0.20200334
2308,2020-02-03,2020-04-30,122.61000000,122.18000000,202002-202005,-0.00350705
2308,2020-03-02,2020-05-29,120.43000000,120.43000000,202003-202006,0.00000000
2308,2020-04-01,2020-06-30,104.72000000,146.18000000,202004-202007,0.39591291
2308,2020-05-04,2020-07-31,118.69000000,179.84000000,202005-202008,0.51520768
2308,2020-06-01,2020-08-31,125.67000000,169.95000000,202006-202009,0.35235140
2308,2020-07-01,2020-09-30,147.92000000,169.95000000,202007-202010,0.14893186
2308,2020-08-03,2020-10-30,182.09000000,170.85000000,202008-202011,-0.06172772
2308,2020-09-01,2020-11-30,171.30000000,201.88000000,202009-202012,0.17851722
2308,2020-10-05,2020-12-31,170.40000000,236.50000000,202010-202101,0.38791080
2311,2010-01-04,2010-03-31,15.81000000,15.70000000,201001-201004,-0.00695762
2311,2010-02-01,2010-04-30,13.21000000,16.84000000,201002-201005,0.27479182
2311,2010-03-01,2010-05-31,14.54000000,14.62000000,201003-201006,0.00550206
2311,2010-04-01,2010-06-30,16.02000000,13.89000000,201004-201007,-0.13295880
2311,2010-05-03,2010-07-30,16.46000000,15.17000000,201005-201008,-0.07837181
2311,2010-06-01,2010-08-31,14.64000000,13.30000000,201006-201009,-0.09153005
2311,2010-07-01,2010-09-30,13.53000000,15.23000000,201007-201010,0.12564671
2311,2010-08-02,2010-10-29,15.29000000,15.92000000,201008-201011,0.04120340
2311,2010-09-01,2010-11-30,13.24000000,19.00000000,201009-201012,0.43504532
2311,2010-10-01,2010-12-31,15.23000000,20.36000000,201010-201101,0.33683519
2311,2010-11-01,2011-01-28,16.50000000,22.08000000,201011-201102,0.33818182
2311,2010-12-01,2011-02-25,19.33000000,20.09000000,201012-201103,0.03931712
2311,2011-01-03,2011-03-31,19.91000000,19.24000000,201101-201104,-0.03365143
2311,2011-02-08,2011-04-29,21.53000000,20.09000000,201102-201105,-0.06688342
2311,2011-03-01,2011-05-31,20.54000000,21.35000000,201103-201106,0.03943525
2311,2011-04-01,2011-06-30,19.33000000,19.00000000,201104-201107,-0.01707191
2311,2011-05-03,2011-07-29,20.09000000,18.94000000,201105-201108,-0.05724241
2311,2011-06-01,2011-08-31,21.56000000,17.87000000,201106-201109,-0.17115028
2311,2011-07-01,2011-09-30,19.30000000,18.21000000,201107-201110,-0.05647668
2311,2011-08-01,2011-10-31,19.60000000,18.52000000,201108-201111,-0.05510204
2311,2011-09-01,2011-11-30,17.76000000,18.21000000,201109-201112,0.02533784
2311,2011-10-03,2011-12-30,17.73000000,17.80000000,201110-201201,0.00394811
2311,2011-11-01,2012-01-31,18.55000000,21.37000000,201111-201202,0.15202156
2311,2011-12-01,2012-02-29,19.24000000,19.79000000,201112-201203,0.02858628
2311,2012-01-02,2012-03-30,17.52000000,20.41000000,201201-201204,0.16495434
2311,2012-02-01,2012-04-30,20.82000000,20.31000000,201202-201205,-0.02449568
2311,2012-03-01,2012-05-31,19.48000000,19.41000000,201203-201206,-0.00359343
2311,2012-04-02,2012-06-29,20.58000000,16.80000000,201204-201207,-0.18367347
2311,2012-05-02,2012-07-31,20.79000000,16.05000000,201205-201208,-0.22799423
2311,2012-06-01,2012-08-31,18.90000000,18.00000000,201206-201209,-0.04761905
2311,2012-07-02,2012-09-28,17.18000000,18.16000000,201207-201210,0.05704307
2311,2012-08-01,2012-10-31,16.15000000,17.68000000,201208-201211,0.09473684
2311,2012-09-03,2012-11-30,18.52000000,19.57000000,201209-201212,0.05669546
2311,2012-10-01,2012-12-28,18.00000000,20.25000000,201210-201301,0.12500000
2311,2016-01-04,2016-03-31,33.75000000,34.54000000,201601-201604,0.02340741
2311,2016-02-01,2016-04-29,31.96000000,27.99000000,201602-201605,-0.12421777
2311,2016-03-01,2016-05-31,34.58000000,34.03000000,201603-201606,-0.01590515
2311,2016-04-01,2016-06-30,33.52000000,33.80000000,201604-201607,0.00835322
2311,2016-05-03,2016-07-29,28.64000000,35.05000000,201605-201608,0.22381285
2311,2016-06-01,2016-08-31,33.52000000,37.51000000,201606-201609,0.11903341
2311,2016-07-01,2016-09-30,33.62000000,36.16000000,201607-201610,0.07555027
2311,2016-08-01,2016-10-31,35.32000000,35.68000000,201608-201611,0.01019253
2311,2016-09-01,2016-11-30,37.03000000,32.94000000,201609-201612,-0.11045099
2311,2016-10-03,2016-12-30,36.59000000,31.78000000,201610-201701,-0.13145668
2311,2016-11-01,2017-01-24,35.63000000,32.99000000,201611-201702,-0.07409486
2311,2016-12-01,2017-02-24,33.03000000,36.82000000,201612-201703,0.11474417
2311,2017-01-03,2017-03-31,31.54000000,37.40000000,201701-201704,0.18579581
2311,2017-02-02,2017-04-28,35.15000000,36.63000000,201702-201705,0.04210526
2311,2017-03-01,2017-05-31,36.15000000,37.16000000,201703-201706,0.02793914
2311,2017-04-05,2017-06-30,37.93000000,37.69000000,201704-201707,-0.00632745
2311,2017-05-02,2017-07-31,36.24000000,39.19000000,201705-201708,0.08140177
2311,2017-06-01,2017-08-31,37.31000000,36.40000000,201706-201709,-0.02439024
2311,2017-07-03,2017-09-30,37.69000000,37.15000000,201707-201710,-0.01432741
2311,2017-08-01,2017-10-31,38.90000000,36.35000000,201708-201711,-0.06555270
2311,2017-09-01,2017-11-30,36.40000000,38.85000000,201709-201712,0.06730769
2311,2017-10-02,2017-12-29,37.20000000,38.15000000,201710-201801,0.02553763
2311,2017-11-01,2018-01-31,36.40000000,41.40000000,201711-201802,0.13736264
2311,2017-12-01,2018-02-27,38.60000000,39.75000000,201712-201803,0.02979275
2311,2018-01-02,2018-03-31,38.30000000,42.00000000,201801-201804,0.09660574
2311,2018-02-01,2018-04-17,40.65000000,44.50000000,201802-201805,0.09471095
2313,2016-01-04,2016-03-31,14.78000000,14.13000000,201601-201604,-0.04397835
2313,2016-02-01,2016-04-29,13.07000000,12.28000000,201602-201605,-0.06044376
2313,2016-03-01,2016-05-31,14.13000000,11.11000000,201603-201606,-0.21372965
2313,2016-04-01,2016-06-30,14.13000000,11.73000000,201604-201607,-0.16985138
2313,2017-03-01,2017-05-31,14.51000000,17.07000000,201703-201706,0.17643005
2313,2017-04-05,2017-06-30,16.48000000,18.13000000,201704-201707,0.10012136
2313,2017-05-02,2017-07-31,16.59000000,20.82000000,201705-201708,0.25497288
2313,2017-06-01,2017-08-31,17.39000000,24.38000000,201706-201709,0.40195515
2313,2017-07-03,2017-09-30,17.83000000,25.35000000,201707-201710,0.42176108
2313,2017-08-01,2017-10-31,21.01000000,26.55000000,201708-201711,0.26368396
2313,2017-09-01,2017-11-30,24.38000000,33.29000000,201709-201712,0.36546349
2313,2017-10-02,2017-12-29,26.44000000,28.76000000,201710-201801,0.08774584
2313,2017-11-01,2018-01-31,28.46000000,27.11000000,201711-201802,-0.04743500
2313,2017-12-01,2018-02-27,33.32000000,25.46000000,201712-201803,-0.23589436
2313,2018-01-02,2018-03-31,29.96000000,22.50000000,201801-201804,-0.24899866
2313,2018-02-01,2018-04-30,26.70000000,22.28000000,201802-201805,-0.16554307
2313,2018-03-01,2018-05-31,25.35000000,25.16000000,201803-201806,-0.00749507
2313,2018-04-02,2018-06-29,22.80000000,24.23000000,201804-201807,0.06271930
2313,2018-05-02,2018-07-31,23.48000000,23.68000000,201805-201808,0.00851789
2313,2018-06-01,2018-08-31,25.24000000,22.90000000,201806-201809,-0.09270998
2313,2018-07-02,2018-09-28,24.38000000,18.77000000,201807-201810,-0.23010664
2313,2018-08-01,2018-10-31,25.08000000,15.42000000,201808-201811,-0.38516746
2313,2018-09-03,2018-11-30,22.24000000,15.89000000,201809-201812,-0.28552158
2313,2018-12-03,2019-02-27,17.37000000,17.68000000,201812-201903,0.01784686
2313,2019-04-01,2019-06-28,19.71000000,20.29000000,201904-201907,0.02942669
2313,2019-05-02,2019-07-31,20.02000000,21.69000000,201905-201908,0.08341658
2313,2019-06-03,2019-08-30,18.19000000,25.79000000,201906-201909,0.41781198
2313,2019-07-01,2019-09-27,20.72000000,27.92000000,201907-201910,0.34749035
2313,2019-08-01,2019-10-31,21.21000000,34.34000000,201908-201911,0.61904762
2313,2019-09-02,2019-11-29,26.11000000,39.32000000,201909-201912,0.50593642
2313,2019-10-01,2019-12-31,28.84000000,36.23000000,201910-202001,0.25624133
2313,2019-11-01,2020-01-31,34.54000000,32.86000000,201911-202002,-0.04863926
2313,2019-12-02,2020-02-27,40.09000000,31.33000000,201912-202003,-0.21850836
2313,2020-01-02,2020-03-31,37.76000000,25.10000000,202001-202004,-0.33527542
2313,2020-02-03,2020-04-30,32.13000000,32.09000000,202002-202005,-0.00124494
2313,2020-03-02,2020-05-29,31.33000000,33.74000000,202003-202006,0.07692308
2313,2020-04-01,2020-06-30,25.51000000,38.32000000,202004-202007,0.50215602
2313,2020-05-04,2020-07-31,31.73000000,39.92000000,202005-202008,0.25811535
2313,2020-06-01,2020-08-31,34.70000000,35.93000000,202006-202009,0.03544669
2313,2020-07-01,2020-09-30,37.92000000,33.54000000,202007-202010,-0.11550633
2313,2020-08-03,2020-10-30,39.92000000,35.85000000,202008-202011,-0.10195391
2313,2020-09-01,2020-11-30,37.37000000,39.55000000,202009-202012,0.05833556
2313,2020-10-05,2020-12-31,35.31000000,35.81000000,202010-202101,0.01416029
2315,2010-01-04,2010-03-31,15.79000000,13.77000000,201001-201004,-0.12792907
2315,2010-02-01,2010-04-30,13.67000000,13.81000000,201002-201005,0.01024140
2315,2010-03-01,2010-05-31,13.20000000,12.35000000,201003-201006,-0.06439394
2315,2010-04-01,2010-06-30,13.86000000,11.50000000,201004-201007,-0.17027417
2315,2010-05-03,2010-07-30,13.53000000,12.35000000,201005-201008,-0.08721360
2315,2010-06-01,2010-08-31,11.93000000,11.35000000,201006-201009,-0.04861693
2315,2010-07-01,2010-09-30,11.36000000,14.17000000,201007-201010,0.24735915
2315,2010-10-01,2010-12-31,13.83000000,13.40000000,201010-201101,-0.03109183
2317,2010-01-04,2010-03-31,68.80000000,62.45000000,201001-201004,-0.09229651
2317,2010-02-01,2010-04-30,59.72000000,67.44000000,201002-201005,0.12926993
2317,2010-03-01,2010-05-31,59.26000000,56.54000000,201003-201006,-0.04589943
2317,2010-04-01,2010-06-30,63.58000000,51.77000000,201004-201007,-0.18575024
2317,2010-05-03,2010-07-30,66.76000000,58.58000000,201005-201008,-0.12252846
2317,2010-06-01,2010-08-31,56.54000000,56.98000000,201006-201009,0.00778210
2317,2010-07-01,2010-09-30,51.32000000,59.25000000,201007-201010,0.15452065
2317,2010-08-02,2010-10-29,60.63000000,58.49000000,201008-201011,-0.03529606
2317,2010-09-01,2010-11-30,54.71000000,54.71000000,201009-201012,0.00000000
2317,2010-10-01,2010-12-31,57.74000000,59.25000000,201010-201101,0.02615171
2317,2010-11-01,2011-01-28,59.00000000,63.03000000,201011-201102,0.06830508
2317,2010-12-01,2011-02-25,55.72000000,54.97000000,201012-201103,-0.01346016
2317,2011-01-03,2011-03-31,59.25000000,51.94000000,201101-201104,-0.12337553
2317,2011-02-08,2011-04-29,62.78000000,54.71000000,201102-201105,-0.12854412
2317,2011-03-01,2011-05-31,57.49000000,50.68000000,201103-201106,-0.11845538
2317,2011-04-01,2011-06-30,53.45000000,49.67000000,201104-201107,-0.07072030
2317,2011-05-03,2011-07-29,53.45000000,45.27000000,201105-201108,-0.15304022
2317,2011-06-01,2011-08-31,51.44000000,40.32000000,201106-201109,-0.21617418
2317,2011-07-01,2011-09-30,49.22000000,38.06000000,201107-201110,-0.22673710
2317,2011-08-01,2011-10-31,46.75000000,45.82000000,201108-201111,-0.01989305
2317,2011-09-01,2011-11-30,40.76000000,43.84000000,201109-201112,0.07556428
2317,2011-10-03,2011-12-30,37.30000000,45.60000000,201110-201201,0.22252011
2317,2011-11-01,2012-01-31,47.80000000,52.42000000,201111-201202,0.09665272
2317,2011-12-01,2012-02-29,45.54000000,56.38000000,201112-201203,0.23803250
2317,2012-01-02,2012-03-30,44.78000000,62.98000000,201201-201204,0.40643144
2317,2012-02-01,2012-04-30,52.37000000,50.83000000,201202-201205,-0.02940615
2317,2012-03-01,2012-05-31,56.38000000,48.13000000,201203-201206,-0.14632849
2317,2012-04-02,2012-06-29,61.06000000,49.17000000,201204-201207,-0.19472650
2317,2012-05-02,2012-07-31,49.28000000,46.54000000,201205-201208,-0.05560065
2317,2012-06-01,2012-08-31,46.92000000,51.11000000,201206-201209,0.08930094
2317,2012-07-02,2012-09-28,48.96000000,55.45000000,201207-201210,0.13255719
2317,2012-08-01,2012-10-31,46.64000000,53.46000000,201208-201211,0.14622642
2317,2012-09-03,2012-11-30,54.24000000,56.17000000,201209-201212,0.03558260
2317,2012-10-01,2012-12-28,55.03000000,53.58000000,201210-201301,-0.02634926
2317,2016-01-04,2016-03-31,62.56000000,67.15000000,201601-201604,0.07336957
2317,2016-02-01,2016-04-29,62.96000000,61.06000000,201602-201605,-0.03017789
2317,2016-03-01,2016-05-31,61.53000000,63.43000000,201603-201606,0.03087925
2317,2016-04-01,2016-06-30,65.73000000,65.33000000,201604-201607,-0.00608550
2317,2016-05-03,2016-07-29,59.87000000,69.61000000,201605-201608,0.16268582
2317,2016-06-01,2016-08-31,63.83000000,69.69000000,201606-201609,0.09180636
2317,2016-07-01,2016-09-30,65.49000000,70.23000000,201607-201610,0.07237746
2317,2016-08-01,2016-10-31,70.32000000,75.83000000,201608-201611,0.07835609
2317,2016-09-01,2016-11-30,69.22000000,72.90000000,201609-201612,0.05316383
2317,2016-10-03,2016-12-30,70.41000000,74.85000000,201610-201701,0.06305922
2317,2016-11-01,2017-01-24,75.21000000,74.41000000,201611-201702,-0.01063688
2317,2016-12-01,2017-02-24,73.25000000,79.56000000,201612-201703,0.08614334
2317,2017-01-03,2017-03-31,74.94000000,80.90000000,201701-201704,0.07953029
2317,2017-02-02,2017-04-28,74.76000000,87.84000000,201702-201705,0.17495987
2317,2017-03-01,2017-05-31,79.12000000,91.57000000,201703-201706,0.15735592
2317,2017-04-05,2017-06-30,87.13000000,104.02000000,201704-201707,0.19384827
2317,2017-05-02,2017-07-31,88.90000000,107.83000000,201705-201708,0.21293588
2317,2017-06-01,2017-08-31,92.90000000,107.83000000,201706-201709,0.16071044
2317,2017-07-03,2017-09-30,103.57000000,98.19000000,201707-201710,-0.05194554
2317,2017-08-01,2017-10-31,106.92000000,102.79000000,201708-201711,-0.03862701
2317,2017-09-01,2017-11-30,107.83000000,91.77000000,201709-201712,-0.14893814
2317,2017-10-02,2017-12-29,98.19000000,87.37000000,201710-201801,-0.11019452
2317,2017-11-01,2018-01-31,102.79000000,84.62000000,201711-201802,-0.17676817
2317,2017-12-01,2018-02-27,90.95000000,80.85000000,201712-201803,-0.11105003
2317,2018-01-02,2018-03-31,87.19000000,81.22000000,201801-201804,-0.06847115
2317,2018-02-01,2018-04-30,85.81000000,76.08000000,201802-201805,-0.11339005
2317,2018-03-01,2018-05-31,80.67000000,78.65000000,201803-201806,-0.02504029
2317,2018-04-02,2018-06-29,80.85000000,76.36000000,201804-201807,-0.05553494
2317,2018-05-02,2018-07-31,75.07000000,78.43000000,201805-201808,0.04475823
2317,2018-06-01,2018-08-31,79.47000000,75.33000000,201806-201809,-0.05209513
2317,2018-07-02,2018-09-28,74.34000000,74.12000000,201807-201810,-0.00295938
2317,2018-08-01,2018-10-31,78.70000000,60.78000000,201808-201811,-0.22770013
2317,2018-09-03,2018-11-30,74.96000000,55.46000000,201809-201812,-0.26013874
2317,2018-10-01,2018-12-28,74.78000000,54.61000000,201810-201901,-0.26972453
2317,2018-11-01,2019-01-30,61.63000000,54.00000000,201811-201902,-0.12380334
2317,2018-12-03,2019-02-27,57.08000000,56.08000000,201812-201903,-0.01751927
2317,2019-01-02,2019-03-29,54.07000000,56.70000000,201901-201904,0.04864065
2317,2019-02-11,2019-04-30,53.92000000,67.03000000,201902-201905,0.24313798
2317,2019-03-04,2019-05-31,55.69000000,57.00000000,201903-201906,0.02352307
2317,2019-04-01,2019-06-28,62.33000000,59.70000000,201904-201907,-0.04219477
2317,2019-05-02,2019-07-31,67.03000000,63.77000000,201905-201908,-0.04863494
2317,2019-06-03,2019-08-30,56.62000000,60.20000000,201906-201909,0.06322854
2317,2019-07-01,2019-09-27,61.25000000,59.39000000,201907-201910,-0.03036735
2317,2019-08-01,2019-10-31,63.20000000,65.39000000,201908-201911,0.03465190
2317,2019-09-02,2019-11-29,60.04000000,71.80000000,201909-201912,0.19586942
2317,2019-10-01,2019-12-31,58.90000000,73.66000000,201910-202001,0.25059423
2317,2019-11-01,2020-01-31,68.80000000,67.50000000,201911-202002,-0.01889535
2317,2019-12-02,2020-02-27,71.88000000,65.15000000,201912-202003,-0.09362827
2317,2020-01-02,2020-03-31,73.66000000,56.71000000,202001-202004,-0.23011132
2317,2020-02-03,2020-04-30,66.69000000,62.47000000,202002-202005,-0.06327785
2317,2020-03-02,2020-05-29,64.25000000,61.50000000,202003-202006,-0.04280156
2317,2020-04-01,2020-06-30,56.79000000,70.01000000,202004-202007,0.23278746
2317,2020-05-04,2020-07-31,60.44000000,66.87000000,202005-202008,0.10638650
2317,2020-06-01,2020-08-31,61.82000000,65.60000000,202006-202009,0.06114526
2317,2020-07-01,2020-09-30,69.69000000,66.02000000,202007-202010,-0.05266179
2317,2020-08-03,2020-10-30,65.77000000,66.11000000,202008-202011,0.00516953
2317,2020-09-01,2020-11-30,65.68000000,70.20000000,202009-202012,0.06881851
2317,2020-10-05,2020-12-31,66.28000000,78.48000000,202010-202101,0.18406759
2323,2010-01-04,2010-03-31,8.27000000,8.67000000,201001-201004,0.04836759
2323,2010-02-01,2010-04-30,8.29000000,8.81000000,201002-201005,0.06272618
2323,2010-03-01,2010-05-31,8.34000000,8.05000000,201003-201006,-0.03477218
2323,2010-04-01,2010-06-30,8.93000000,8.03000000,201004-201007,-0.10078387
2323,2010-05-03,2010-07-30,8.81000000,8.53000000,201005-201008,-0.03178207
2323,2010-06-01,2010-08-31,8.02000000,7.81000000,201006-201009,-0.02618454
2323,2010-07-01,2010-09-30,7.92000000,8.28000000,201007-201010,0.04545455
2323,2010-08-02,2010-10-29,8.65000000,8.00000000,201008-201011,-0.07514451
2323,2010-09-01,2010-11-30,7.74000000,7.51000000,201009-201012,-0.02971576
2323,2010-10-01,2010-12-31,8.22000000,7.96000000,201010-201101,-0.03163017
2323,2010-11-01,2011-01-28,7.97000000,7.96000000,201011-201102,-0.00125471
2323,2011-01-03,2011-03-31,7.97000000,7.09000000,201101-201104,-0.11041405
2324,2010-01-04,2010-03-31,17.28000000,16.32000000,201001-201004,-0.05555556
2324,2010-02-01,2010-04-30,17.65000000,17.22000000,201002-201005,-0.02436261
2324,2010-03-01,2010-05-31,18.07000000,15.63000000,201003-201006,-0.13503044
2324,2010-04-01,2010-06-30,16.12000000,15.18000000,201004-201007,-0.05831266
2324,2010-05-03,2010-07-30,16.97000000,16.48000000,201005-201008,-0.02887448
2324,2010-06-01,2010-08-31,15.40000000,15.29000000,201006-201009,-0.00714286
2324,2010-07-01,2010-09-30,14.79000000,15.91000000,201007-201010,0.07572684
2324,2010-08-02,2010-10-29,16.81000000,16.61000000,201008-201011,-0.01189768
2324,2010-09-01,2010-11-30,15.51000000,16.14000000,201009-201012,0.04061896
2324,2010-10-01,2010-12-31,16.08000000,16.46000000,201010-201101,0.02363184
2324,2010-11-01,2011-01-28,16.61000000,16.40000000,201011-201102,-0.01264299
2324,2010-12-01,2011-02-25,16.36000000,14.80000000,201012-201103,-0.09535452
2324,2011-01-03,2011-03-31,16.55000000,12.44000000,201101-201104,-0.24833837
2324,2011-02-08,2011-04-29,15.70000000,13.82000000,201102-201105,-0.11974522
2324,2011-03-01,2011-05-31,15.10000000,14.80000000,201103-201106,-0.01986755
2324,2011-04-01,2011-06-30,12.14000000,14.99000000,201104-201107,0.23476112
2324,2011-05-03,2011-07-29,13.84000000,15.93000000,201105-201108,0.15101156
2324,2011-06-01,2011-08-31,14.85000000,14.28000000,201106-201109,-0.03838384
2324,2011-07-01,2011-09-30,14.95000000,13.00000000,201107-201110,-0.13043478
2324,2011-08-01,2011-10-31,16.14000000,12.77000000,201108-201111,-0.20879802
2324,2011-09-01,2011-11-30,13.41000000,12.26000000,201109-201112,-0.08575690
2324,2011-10-03,2011-12-30,12.40000000,13.87000000,201110-201201,0.11854839
2324,2011-11-01,2012-01-31,12.68000000,15.25000000,201111-201202,0.20268139
2324,2011-12-01,2012-02-29,13.09000000,15.98000000,201112-201203,0.22077922
2324,2012-01-02,2012-03-30,13.78000000,15.25000000,201201-201204,0.10667634
2324,2012-02-01,2012-04-30,15.04000000,15.43000000,201202-201205,0.02593085
2324,2012-03-01,2012-05-31,15.64000000,14.15000000,201203-201206,-0.09526854
2324,2012-04-02,2012-06-29,15.48000000,12.56000000,201204-201207,-0.18863049
2324,2012-05-02,2012-07-31,16.35000000,12.95000000,201205-201208,-0.20795107
2324,2012-06-01,2012-08-31,13.55000000,12.70000000,201206-201209,-0.06273063
2324,2012-07-02,2012-09-28,12.58000000,12.75000000,201207-201210,0.01351351
2324,2012-08-01,2012-10-31,12.77000000,8.90000000,201208-201211,-0.30305403
2324,2012-09-03,2012-11-30,12.12000000,9.51000000,201209-201212,-0.21534653
2324,2012-10-01,2012-12-28,12.29000000,9.46000000,201210-201301,-0.23026851
2324,2016-01-04,2016-03-31,10.24000000,11.49000000,201601-201604,0.12207031
2324,2016-02-01,2016-04-29,10.81000000,10.81000000,201602-201605,0.00000000
2324,2016-03-01,2016-05-31,11.32000000,10.92000000,201603-201606,-0.03533569
2324,2016-04-01,2016-06-30,11.46000000,11.52000000,201604-201607,0.00523560
2324,2016-05-03,2016-07-29,10.61000000,12.09000000,201605-201608,0.13949105
2324,2016-06-01,2016-08-31,11.18000000,11.34000000,201606-201609,0.01431127
2324,2016-07-01,2016-09-30,11.49000000,11.67000000,201607-201610,0.01566580
2324,2016-08-01,2016-10-31,12.39000000,11.34000000,201608-201611,-0.08474576
2324,2016-09-01,2016-11-30,11.34000000,10.95000000,201609-201612,-0.03439153
2324,2016-10-03,2016-12-30,11.82000000,11.13000000,201610-201701,-0.05837563
2324,2016-11-01,2017-01-24,11.31000000,11.37000000,201611-201702,0.00530504
2324,2016-12-01,2017-02-24,10.98000000,11.61000000,201612-201703,0.05737705
2324,2017-01-03,2017-03-31,11.25000000,11.94000000,201701-201704,0.06133333
2324,2017-02-02,2017-04-28,11.22000000,12.18000000,201702-201705,0.08556150
2324,2017-03-01,2017-05-31,11.49000000,12.12000000,201703-201706,0.05483029
2324,2017-04-05,2017-06-30,12.12000000,12.36000000,201704-201707,0.01980198
2324,2017-05-02,2017-07-31,12.36000000,12.84000000,201705-201708,0.03883495
2324,2017-06-01,2017-08-31,12.36000000,13.90000000,201706-201709,0.12459547
2324,2017-07-03,2017-09-30,12.42000000,13.67000000,201707-201710,0.10064412
2324,2017-08-01,2017-10-31,12.94000000,14.22000000,201708-201711,0.09891808
2324,2017-09-01,2017-11-30,13.93000000,13.29000000,201709-201712,-0.04594401
2324,2017-10-02,2017-12-29,13.74000000,13.64000000,201710-201801,-0.00727802
2324,2017-11-01,2018-01-31,14.15000000,13.90000000,201711-201802,-0.01766784
2324,2017-12-01,2018-02-27,13.48000000,12.87000000,201712-201803,-0.04525223
2324,2018-01-02,2018-03-31,13.51000000,12.77000000,201801-201804,-0.05477424
2324,2018-02-01,2018-04-30,13.74000000,12.42000000,201802-201805,-0.09606987
2324,2018-03-01,2018-05-31,12.97000000,12.61000000,201803-201806,-0.02775636
2324,2018-04-02,2018-06-29,12.81000000,12.29000000,201804-201807,-0.04059329
2324,2018-05-02,2018-07-31,12.55000000,12.95000000,201805-201808,0.03187251
2324,2018-06-01,2018-08-31,12.68000000,13.12000000,201806-201809,0.03470032
2324,2018-07-02,2018-09-28,12.17000000,12.92000000,201807-201810,0.06162695
2324,2018-08-01,2018-10-31,13.05000000,11.62000000,201808-201811,-0.10957854
2324,2018-09-03,2018-11-30,13.12000000,12.00000000,201809-201812,-0.08536585
2324,2018-10-01,2018-12-28,12.98000000,11.89000000,201810-201901,-0.08397535
2324,2018-11-01,2019-01-30,11.72000000,12.40000000,201811-201902,0.05802048
2324,2018-12-03,2019-02-27,12.20000000,13.02000000,201812-201903,0.06721311
2324,2019-01-02,2019-03-29,11.89000000,13.05000000,201901-201904,0.09756098
2324,2019-02-11,2019-04-30,12.61000000,13.60000000,201902-201905,0.07850912
2324,2019-03-04,2019-05-31,12.92000000,13.39000000,201903-201906,0.03637771
2324,2019-04-01,2019-06-28,12.98000000,13.87000000,201904-201907,0.06856703
2324,2019-05-02,2019-07-31,13.56000000,13.83000000,201905-201908,0.01991150
2324,2019-06-03,2019-08-30,13.26000000,13.00000000,201906-201909,-0.01960784
2324,2019-07-01,2019-09-27,13.97000000,12.96000000,201907-201910,-0.07229778
2324,2019-08-01,2019-10-31,13.72000000,13.18000000,201908-201911,-0.03935860
2324,2019-09-02,2019-11-29,13.07000000,13.61000000,201909-201912,0.04131599
2324,2019-10-01,2019-12-31,13.11000000,13.65000000,201910-202001,0.04118993
2324,2019-11-01,2020-01-31,13.18000000,13.29000000,201911-202002,0.00834598
2324,2019-12-02,2020-02-27,13.54000000,13.36000000,201912-202003,-0.01329394
2324,2020-01-02,2020-03-31,13.65000000,12.53000000,202001-202004,-0.08205128
2324,2020-02-03,2020-04-30,13.14000000,13.83000000,202002-202005,0.05251142
2324,2020-03-02,2020-05-29,13.11000000,13.83000000,202003-202006,0.05491991
2324,2020-04-01,2020-06-30,12.85000000,13.94000000,202004-202007,0.08482490
2324,2020-05-04,2020-07-31,13.47000000,14.37000000,202005-202008,0.06681514
2324,2020-06-01,2020-08-31,13.68000000,14.25000000,202006-202009,0.04166667
2324,2020-07-01,2020-09-30,14.15000000,14.67000000,202007-202010,0.03674912
2324,2020-08-03,2020-10-30,14.13000000,14.33000000,202008-202011,0.01415428
2324,2020-09-01,2020-11-30,14.52000000,14.87000000,202009-202012,0.02410468
2324,2020-10-05,2020-12-31,14.56000000,15.94000000,202010-202101,0.09478022
2325,2010-01-04,2010-03-31,27.91000000,24.66000000,201001-201004,-0.11644572
2325,2010-02-01,2010-04-30,26.07000000,24.98000000,201002-201005,-0.04181051
2325,2010-03-01,2010-05-31,24.46000000,22.92000000,201003-201006,-0.06295993
2325,2010-04-01,2010-06-30,25.20000000,22.57000000,201004-201007,-0.10436508
2325,2010-05-03,2010-07-30,24.63000000,21.56000000,201005-201008,-0.12464474
2325,2010-06-01,2010-08-31,22.44000000,19.93000000,201006-201009,-0.11185383
2325,2010-07-01,2010-09-30,22.53000000,22.66000000,201007-201010,0.00577008
2325,2010-08-02,2010-10-29,22.32000000,23.15000000,201008-201011,0.03718638
2325,2010-09-01,2010-11-30,20.14000000,21.94000000,201009-201012,0.08937438
2325,2010-10-01,2010-12-31,22.80000000,24.18000000,201010-201101,0.06052632
2325,2010-11-01,2011-01-28,23.49000000,28.43000000,201011-201102,0.21030226
2325,2010-12-01,2011-02-25,22.25000000,28.26000000,201012-201103,0.27011236
2325,2011-01-03,2011-03-31,24.01000000,25.43000000,201101-201104,0.05914202
2325,2011-02-08,2011-04-29,28.33000000,26.39000000,201102-201105,-0.06847864
2325,2011-03-01,2011-05-31,27.91000000,26.64000000,201103-201106,-0.04550340
2325,2011-04-01,2011-06-30,25.15000000,25.53000000,201104-201107,0.01510934
2325,2011-05-03,2011-07-29,26.64000000,21.04000000,201105-201108,-0.21021021
2325,2011-06-01,2011-08-31,26.77000000,19.26000000,201106-201109,-0.28053792
2325,2011-07-01,2011-09-30,24.32000000,22.20000000,201107-201110,-0.08717105
2325,2011-08-01,2011-10-31,21.37000000,22.49000000,201108-201111,0.05240992
2325,2011-09-01,2011-11-30,19.44000000,20.24000000,201109-201112,0.04115226
2325,2011-10-03,2011-12-30,21.66000000,19.73000000,201110-201201,-0.08910434
2325,2011-11-01,2012-01-31,22.75000000,24.75000000,201111-201202,0.08791209
2325,2011-12-01,2012-02-29,21.08000000,25.22000000,201112-201203,0.19639469
2325,2012-01-02,2012-03-30,19.51000000,26.06000000,201201-201204,0.33572527
2325,2012-02-01,2012-04-30,24.64000000,25.22000000,201202-201205,0.02353896
2325,2012-03-01,2012-05-31,25.15000000,23.66000000,201203-201206,-0.05924453
2325,2012-04-02,2012-06-29,25.48000000,22.71000000,201204-201207,-0.10871272
2325,2012-05-02,2012-07-31,26.03000000,25.53000000,201205-201208,-0.01920861
2325,2012-06-01,2012-08-31,22.35000000,25.84000000,201206-201209,0.15615213
2325,2012-07-02,2012-09-28,23.62000000,24.96000000,201207-201210,0.05673158
2325,2012-08-01,2012-10-31,24.92000000,21.79000000,201208-201211,-0.12560193
2325,2012-09-03,2012-11-30,25.88000000,24.04000000,201209-201212,-0.07109737
2325,2012-10-01,2012-12-28,25.00000000,23.70000000,201210-201301,-0.05200000
2325,2016-01-04,2016-03-31,46.13000000,46.49000000,201601-201604,0.00780403
2325,2016-02-01,2016-04-29,46.40000000,42.83000000,201602-201605,-0.07693966
2325,2016-03-01,2016-05-31,45.60000000,47.39000000,201603-201606,0.03925439
2325,2016-04-01,2016-06-30,45.78000000,47.24000000,201604-201607,0.03189166
2325,2016-05-03,2016-07-29,41.57000000,46.32000000,201605-201608,0.11426510
2325,2016-06-01,2016-08-31,47.39000000,45.69000000,201606-201609,-0.03587255
2325,2016-07-01,2016-09-30,46.71000000,45.36000000,201607-201610,-0.02890173
2325,2016-08-01,2016-10-31,46.32000000,46.08000000,201608-201611,-0.00518135
2325,2016-09-01,2016-11-30,44.92000000,46.56000000,201609-201612,0.03650935
2325,2016-10-03,2016-12-30,45.55000000,46.18000000,201610-201701,0.01383095
2325,2016-11-01,2017-01-24,45.64000000,46.03000000,201611-201702,0.00854514
2325,2016-12-01,2017-02-24,46.08000000,46.71000000,201612-201703,0.01367188
2325,2017-01-03,2017-03-31,45.98000000,47.77000000,201701-201704,0.03892997
2325,2017-02-02,2017-04-28,45.60000000,47.19000000,201702-201705,0.03486842
2325,2017-03-01,2017-05-31,46.80000000,49.02000000,201703-201706,0.04743590
2325,2017-04-05,2017-06-30,48.01000000,47.43000000,201704-201707,-0.01208082
2325,2017-05-02,2017-07-31,47.53000000,48.01000000,201705-201708,0.01009888
2325,2017-06-01,2017-08-31,48.83000000,47.80000000,201706-201709,-0.02109359
2325,2017-07-03,2017-09-30,47.24000000,48.45000000,201707-201710,0.02561389
2325,2017-08-01,2017-10-31,48.25000000,47.80000000,201708-201711,-0.00932642
2325,2017-09-01,2017-11-30,47.70000000,50.00000000,201709-201712,0.04821803
2325,2017-10-02,2017-12-29,48.00000000,50.30000000,201710-201801,0.04791667
2325,2017-11-01,2018-01-31,47.80000000,50.40000000,201711-201802,0.05439331
2325,2017-12-01,2018-02-27,50.00000000,50.90000000,201712-201803,0.01800000
2325,2018-01-02,2018-03-31,50.10000000,50.80000000,201801-201804,0.01397206
2325,2018-02-01,2018-04-17,50.30000000,51.00000000,201802-201805,0.01391650
2327,2010-01-04,2010-03-31,27.54000000,28.94000000,201001-201004,0.05083515
2327,2010-02-01,2010-04-30,26.73000000,35.24000000,201002-201005,0.31836887
2327,2010-03-01,2010-05-31,25.44000000,33.03000000,201003-201006,0.29834906
2327,2010-04-01,2010-06-30,28.94000000,30.57000000,201004-201007,0.05632343
2327,2010-05-03,2010-07-30,35.83000000,33.38000000,201005-201008,-0.06837845
2327,2010-06-01,2010-08-31,32.44000000,29.29000000,201006-201009,-0.09710234
2327,2010-07-01,2010-09-30,29.99000000,31.39000000,201007-201010,0.04668223
2327,2010-08-02,2010-10-29,33.26000000,30.46000000,201008-201011,-0.08418521
2327,2010-09-01,2010-11-30,29.99000000,30.93000000,201009-201012,0.03134378
2327,2010-10-01,2010-12-31,30.34000000,33.57000000,201010-201101,0.10646012
2327,2010-11-01,2011-01-28,31.16000000,35.67000000,201011-201102,0.14473684
2327,2010-12-01,2011-02-25,31.27000000,34.39000000,201012-201103,0.09977614
2327,2011-01-03,2011-03-31,33.80000000,33.57000000,201101-201104,-0.00680473
2327,2011-02-08,2011-04-29,35.32000000,36.26000000,201102-201105,0.02661382
2327,2011-03-01,2011-05-31,34.97000000,36.61000000,201103-201106,0.04689734
2327,2011-04-01,2011-06-30,32.98000000,30.53000000,201104-201107,-0.07428745
2327,2011-05-03,2011-07-29,36.26000000,27.37000000,201105-201108,-0.24517375
2327,2011-06-01,2011-08-31,36.49000000,21.68000000,201106-201109,-0.40586462
2327,2011-07-01,2011-09-30,29.94000000,20.18000000,201107-201110,-0.32598530
2327,2011-08-01,2011-10-31,27.25000000,21.36000000,201108-201111,-0.21614679
2327,2011-09-01,2011-11-30,21.90000000,20.33000000,201109-201112,-0.07168950
2327,2011-10-03,2011-12-30,19.69000000,18.38000000,201110-201201,-0.06653123
2327,2011-11-01,2012-01-31,21.45000000,21.34000000,201111-201202,-0.00512821
2327,2011-12-01,2012-02-29,20.63000000,23.16000000,201112-201203,0.12263694
2327,2012-01-02,2012-03-30,18.34000000,20.79000000,201201-201204,0.13358779
2327,2012-02-01,2012-04-30,21.59000000,19.69000000,201202-201205,-0.08800371
2327,2012-03-01,2012-05-31,23.68000000,21.15000000,201203-201206,-0.10684122
2327,2012-04-02,2012-06-29,20.70000000,20.49000000,201204-201207,-0.01014493
2327,2012-05-02,2012-07-31,20.42000000,18.99000000,201205-201208,-0.07002938
2327,2012-06-01,2012-08-31,20.75000000,20.21000000,201206-201209,-0.02602410
2327,2012-07-02,2012-09-28,20.49000000,20.89000000,201207-201210,0.01952172
2327,2012-08-01,2012-10-31,19.39000000,19.84000000,201208-201211,0.02320784
2327,2012-09-03,2012-11-30,20.38000000,20.79000000,201209-201212,0.02011776
2327,2016-01-04,2016-03-31,56.56000000,56.78000000,201601-201604,0.00388967
2327,2016-02-01,2016-04-29,56.99000000,56.24000000,201602-201605,-0.01316020
2327,2016-03-01,2016-05-31,59.13000000,58.70000000,201603-201606,-0.00727211
2327,2016-04-01,2016-06-30,56.88000000,58.12000000,201604-201607,0.02180028
2327,2016-05-03,2016-07-29,56.35000000,59.20000000,201605-201608,0.05057675
2327,2016-06-01,2016-08-31,60.09000000,60.85000000,201606-201609,0.01264770
2327,2016-07-01,2016-09-30,57.46000000,58.86000000,201607-201610,0.02436478
2327,2016-08-01,2016-10-31,58.77000000,57.50000000,201608-201611,-0.02160966
2327,2016-09-01,2016-11-30,60.40000000,53.80000000,201609-201612,-0.10927152
2327,2016-10-03,2016-12-30,59.04000000,52.98000000,201610-201701,-0.10264228
2327,2016-11-01,2017-01-24,56.51000000,68.71000000,201611-201702,0.21589099
2327,2016-12-01,2017-02-24,53.71000000,68.36000000,201612-201703,0.27276112
2327,2017-01-03,2017-03-31,53.43000000,74.77000000,201701-201704,0.39940109
2327,2017-02-02,2017-04-28,68.26000000,96.29000000,201702-201705,0.41063580
2327,2017-03-01,2017-05-31,72.33000000,92.23000000,201703-201706,0.27512789
2327,2017-04-05,2017-06-30,75.95000000,97.35000000,201704-201707,0.28176432
2327,2017-05-02,2017-07-31,95.39000000,105.61000000,201705-201708,0.10713911
2327,2017-06-01,2017-08-31,90.14000000,127.69000000,201706-201709,0.41657422
2327,2017-07-03,2017-09-30,94.60000000,139.54000000,201707-201710,0.47505285
2327,2017-08-01,2017-10-31,105.61000000,157.64000000,201708-201711,0.49266168
2327,2017-09-01,2017-11-30,128.02000000,221.15000000,201709-201712,0.72746446
2327,2017-10-02,2017-12-29,140.20000000,232.35000000,201710-201801,0.65727532
2327,2017-11-01,2018-01-31,165.54000000,254.72000000,201711-201802,0.53872176
2327,2017-12-01,2018-02-27,204.05000000,217.54000000,201712-201803,0.06611125
2327,2018-01-02,2018-03-31,233.01000000,343.58000000,201801-201804,0.47452899
2327,2018-02-01,2018-04-30,254.07000000,412.69000000,201802-201805,0.62431613
2327,2018-03-01,2018-05-31,227.74000000,625.95000000,201803-201806,1.74852902
2327,2018-04-02,2018-06-29,331.07000000,740.48000000,201804-201807,1.23662670
2327,2018-05-02,2018-07-31,431.12000000,598.50000000,201805-201808,0.38824457
2327,2018-06-01,2018-08-31,646.36000000,534.90000000,201806-201809,-0.17244260
2327,2018-07-02,2018-09-28,809.59000000,351.74000000,201807-201810,-0.56553317
2327,2018-08-01,2018-10-31,609.23000000,241.77000000,201808-201811,-0.60315480
2327,2018-09-03,2018-11-30,482.02000000,283.54000000,201809-201812,-0.41176715
2327,2018-10-01,2018-12-28,360.17000000,244.46000000,201810-201901,-0.32126496
2327,2018-11-01,2019-01-30,265.92000000,246.38000000,201811-201902,-0.07348075
2327,2018-12-03,2019-02-27,311.90000000,265.15000000,201812-201903,-0.14988778
2327,2019-01-02,2019-03-29,240.62000000,247.53000000,201901-201904,0.02871748
2327,2019-02-11,2019-04-30,251.36000000,233.35000000,201902-201905,-0.07165022
2327,2019-03-04,2019-05-31,267.83000000,200.01000000,201903-201906,-0.25322033
2327,2019-04-01,2019-06-28,245.99000000,202.31000000,201904-201907,-0.17756819
2327,2019-05-02,2019-07-31,232.58000000,203.85000000,201905-201908,-0.12352739
2327,2019-06-03,2019-08-30,200.78000000,202.12000000,201906-201909,0.00667397
2327,2019-07-01,2019-09-27,208.82000000,219.49000000,201907-201910,0.05109664
2327,2019-08-01,2019-10-31,203.85000000,279.59000000,201908-201911,0.37154771
2327,2019-09-02,2019-11-29,210.14000000,293.84000000,201909-201912,0.39830589
2327,2019-10-01,2019-12-31,238.63000000,389.11000000,201910-202001,0.63059967
2327,2019-11-01,2020-01-31,281.37000000,344.15000000,201911-202002,0.22312258
2327,2019-12-02,2020-02-27,300.96000000,365.07000000,201912-202003,0.21301834
2327,2020-01-02,2020-03-31,388.22000000,244.42000000,202001-202004,-0.37040853
2327,2020-02-03,2020-04-30,349.05000000,348.15000000,202002-202005,-0.00257843
2327,2020-03-02,2020-05-29,372.64000000,329.90000000,202003-202006,-0.11469515
2327,2020-04-01,2020-06-30,242.64000000,348.27000000,202004-202007,0.43533630
2327,2020-05-04,2020-07-31,348.60000000,355.58000000,202005-202008,0.02002295
2327,2020-06-01,2020-08-31,343.25000000,304.39000000,202006-202009,-0.11321194
2327,2020-07-01,2020-09-30,346.90000000,321.30000000,202007-202010,-0.07379648
2327,2020-08-03,2020-10-30,356.49000000,324.96000000,202008-202011,-0.08844568
2327,2020-09-01,2020-11-30,308.05000000,404.03000000,202009-202012,0.31157280
2327,2020-10-05,2020-12-31,324.04000000,473.50000000,202010-202101,0.46123935
2328,2010-01-04,2010-03-31,36.40000000,33.70000000,201001-201004,-0.07417582
2328,2010-02-01,2010-04-30,31.75000000,34.03000000,201002-201005,0.07181102
2328,2010-03-01,2010-05-31,32.07000000,27.70000000,201003-201006,-0.13626442
2328,2010-04-01,2010-06-30,34.80000000,31.27000000,201004-201007,-0.10143678
2328,2010-05-03,2010-07-30,33.32000000,32.36000000,201005-201008,-0.02881152
2328,2010-06-01,2010-08-31,28.41000000,28.87000000,201006-201009,0.01619148
2328,2010-07-01,2010-09-30,30.78000000,32.46000000,201007-201010,0.05458090
2328,2010-08-02,2010-10-29,32.87000000,30.40000000,201008-201011,-0.07514451
2328,2010-09-01,2010-11-30,29.04000000,30.13000000,201009-201012,0.03753444
2328,2010-10-01,2010-12-31,31.86000000,30.86000000,201010-201101,-0.03138732
2328,2010-11-01,2011-01-28,30.47000000,29.93000000,201011-201102,-0.01772235
2328,2010-12-01,2011-02-25,30.47000000,25.48000000,201012-201103,-0.16376764
2330,2010-01-04,2010-03-31,40.23000000,38.13000000,201001-201004,-0.05219985
2330,2010-02-01,2010-04-30,37.07000000,38.31000000,201002-201005,0.03345023
2330,2010-03-01,2010-05-31,36.95000000,37.32000000,201003-201006,0.01001353
2330,2010-04-01,2010-06-30,38.50000000,37.57000000,201004-201007,-0.02415584
2330,2010-05-03,2010-07-30,38.19000000,40.67000000,201005-201008,0.06493847
2330,2010-06-01,2010-08-31,37.07000000,38.39000000,201006-201009,0.03560831
2330,2010-07-01,2010-09-30,37.20000000,40.41000000,201007-201010,0.08629032
2330,2010-08-02,2010-10-29,40.61000000,40.93000000,201008-201011,0.00787983
2330,2010-09-01,2010-11-30,38.52000000,41.32000000,201009-201012,0.07268951
2330,2010-10-01,2010-12-31,40.41000000,46.28000000,201010-201101,0.14526107
2330,2010-11-01,2011-01-28,41.39000000,49.73000000,201011-201102,0.20149795
2330,2010-12-01,2011-02-25,42.11000000,45.95000000,201012-201103,0.09118974
2330,2011-01-03,2011-03-31,46.34000000,46.02000000,201101-201104,-0.00690548
2330,2011-02-08,2011-04-29,49.21000000,47.71000000,201102-201105,-0.03048161
2330,2011-03-01,2011-05-31,46.54000000,49.99000000,201103-201106,0.07412978
2330,2011-04-01,2011-06-30,46.08000000,49.09000000,201104-201107,0.06532118
2330,2011-05-03,2011-07-29,48.62000000,48.95000000,201105-201108,0.00678733
2330,2011-06-01,2011-08-31,50.19000000,47.19000000,201106-201109,-0.05977286
2330,2011-07-01,2011-09-30,49.50000000,47.59000000,201107-201110,-0.03858586
2330,2011-08-01,2011-10-31,49.36000000,50.04000000,201108-201111,0.01377634
2330,2011-09-01,2011-11-30,46.64000000,50.72000000,201109-201112,0.08747856
2330,2011-10-03,2011-12-30,46.64000000,51.54000000,201110-201201,0.10506003
2330,2011-11-01,2012-01-31,50.18000000,53.37000000,201111-201202,0.06357114
2330,2011-12-01,2012-02-29,52.08000000,55.14000000,201112-201203,0.05875576
2330,2012-01-02,2012-03-30,50.99000000,57.73000000,201201-201204,0.13218278
2330,2012-02-01,2012-04-30,52.35000000,59.02000000,201202-201205,0.12741165
2330,2012-03-01,2012-05-31,54.46000000,57.86000000,201203-201206,0.06243114
2330,2012-04-02,2012-06-29,57.86000000,55.28000000,201204-201207,-0.04459039
2330,2012-05-02,2012-07-31,60.11000000,57.11000000,201205-201208,-0.04990850
2330,2012-06-01,2012-08-31,54.33000000,58.73000000,201206-201209,0.08098656
2330,2012-07-02,2012-09-28,56.64000000,63.31000000,201207-201210,0.11776130
2330,2012-08-01,2012-10-31,56.40000000,62.54000000,201208-201211,0.10886525
2330,2012-09-03,2012-11-30,59.15000000,69.59000000,201209-201212,0.17650042
2330,2012-10-01,2012-12-28,62.68000000,68.39000000,201210-201301,0.09109764
2330,2016-01-04,2016-03-31,106.67000000,123.88000000,201601-201604,0.16133871
2330,2016-02-01,2016-04-29,110.11000000,114.70000000,201602-201605,0.04168559
2330,2016-03-01,2016-05-31,116.23000000,119.67000000,201603-201606,0.02959649
2330,2016-04-01,2016-06-30,121.20000000,129.13000000,201604-201607,0.06542904
2330,2016-05-03,2016-07-29,112.79000000,137.08000000,201605-201608,0.21535597
2330,2016-06-01,2016-08-31,121.58000000,139.86000000,201606-201609,0.15035368
2330,2016-07-01,2016-09-30,131.91000000,145.03000000,201607-201610,0.09946175
2330,2016-08-01,2016-10-31,140.65000000,149.79000000,201608-201611,0.06498400
2330,2016-09-01,2016-11-30,137.87000000,145.42000000,201609-201612,0.05476173
2330,2016-10-03,2016-12-30,147.81000000,144.23000000,201610-201701,-0.02422028
2330,2016-11-01,2017-01-24,150.59000000,147.41000000,201611-201702,-0.02111694
2330,2016-12-01,2017-02-24,145.42000000,150.19000000,201612-201703,0.03280154
2330,2017-01-03,2017-03-31,145.42000000,150.19000000,201701-201704,0.03280154
2330,2017-02-02,2017-04-28,146.61000000,154.56000000,201702-201705,0.05422550
2330,2017-03-01,2017-05-31,147.81000000,161.32000000,201703-201706,0.09140112
2330,2017-04-05,2017-06-30,153.37000000,171.21000000,201704-201707,0.11632001
2330,2017-05-02,2017-07-31,156.15000000,176.14000000,201705-201708,0.12801793
2330,2017-06-01,2017-08-31,164.49000000,177.78000000,201706-201709,0.08079519
2330,2017-07-03,2017-09-30,171.62000000,177.78000000,201707-201710,0.03589325
2330,2017-08-01,2017-10-31,174.08000000,199.54000000,201708-201711,0.14625460
2330,2017-09-01,2017-11-30,177.78000000,185.58000000,201709-201712,0.04387445
2330,2017-10-02,2017-12-29,181.06000000,188.45000000,201710-201801,0.04081520
2330,2017-11-01,2018-01-31,199.13000000,209.39000000,201711-201802,0.05152413
2330,2017-12-01,2018-02-27,189.68000000,202.00000000,201712-201803,0.06495150
2330,2018-01-02,2018-03-31,190.92000000,203.23000000,201801-201804,0.06447727
2330,2018-02-01,2018-04-30,213.09000000,186.40000000,201802-201805,-0.12525224
2330,2018-03-01,2018-05-31,199.54000000,183.94000000,201803-201806,-0.07817981
2330,2018-04-02,2018-06-29,202.41000000,184.26000000,201804-201807,-0.08966948
2330,2018-05-02,2018-07-31,183.12000000,209.36000000,201805-201808,0.14329401
2330,2018-06-01,2018-08-31,183.94000000,217.88000000,201806-201809,0.18451669
2330,2018-07-02,2018-09-28,182.13000000,223.41000000,201807-201810,0.22665129
2330,2018-08-01,2018-10-31,211.07000000,199.15000000,201808-201811,-0.05647416
2330,2018-09-03,2018-11-30,218.73000000,191.92000000,201809-201812,-0.12257121
2330,2018-10-01,2018-12-28,223.83000000,191.92000000,201810-201901,-0.14256355
2330,2018-11-01,2019-01-30,200.43000000,188.09000000,201811-201902,-0.06156763
2330,2018-12-03,2019-02-27,200.00000000,203.41000000,201812-201903,0.01705000
2330,2019-01-02,2019-03-29,186.81000000,208.94000000,201901-201904,0.11846261
2330,2019-02-11,2019-04-30,194.04000000,220.43000000,201902-201905,0.13600289
2330,2019-03-04,2019-05-31,200.43000000,200.43000000,201903-201906,0.00000000
2330,2019-04-01,2019-06-28,208.94000000,210.17000000,201904-201907,0.00588686
2330,2019-05-02,2019-07-31,220.43000000,228.20000000,201905-201908,0.03524929
2330,2019-06-03,2019-08-30,202.56000000,227.76000000,201906-201909,0.12440758
2330,2019-07-01,2019-09-27,218.53000000,241.00000000,201907-201910,0.10282341
2330,2019-08-01,2019-10-31,225.56000000,264.48000000,201908-201911,0.17254832
2330,2019-09-02,2019-11-29,226.44000000,270.24000000,201909-201912,0.19342872
2330,2019-10-01,2019-12-31,248.09000000,295.42000000,201910-202001,0.19077754
2330,2019-11-01,2020-01-31,264.92000000,285.60000000,201911-202002,0.07806130
2330,2019-12-02,2020-02-27,272.45000000,282.03000000,201912-202003,0.03516242
2330,2020-01-02,2020-03-31,302.56000000,246.92000000,202001-202004,-0.18389741
2330,2020-02-03,2020-04-30,281.14000000,274.40000000,202002-202005,-0.02397382
2330,2020-03-02,2020-05-29,277.57000000,263.14000000,202003-202006,-0.05198689
2330,2020-04-01,2020-06-30,244.67000000,284.32000000,202004-202007,0.16205501
2330,2020-05-04,2020-07-31,265.84000000,386.51000000,202005-202008,0.45391965
2330,2020-06-01,2020-08-31,266.29000000,387.42000000,202006-202009,0.45488002
2330,2020-07-01,2020-09-30,288.41000000,395.48000000,202007-202010,0.37124233
2330,2020-08-03,2020-10-30,377.88000000,394.57000000,202008-202011,0.04416746
2330,2020-09-01,2020-11-30,395.14000000,438.87000000,202009-202012,0.11066964
2330,2020-10-05,2020-12-31,395.03000000,486.46000000,202010-202101,0.23145078
2332,2010-01-04,2010-03-31,21.95000000,21.69000000,201001-201004,-0.01184510
2332,2010-02-01,2010-04-30,21.33000000,20.17000000,201002-201005,-0.05438350
2332,2010-03-01,2010-05-31,21.76000000,16.50000000,201003-201006,-0.24172794
2332,2010-04-01,2010-06-30,21.76000000,16.24000000,201004-201007,-0.25367647
2337,2010-01-04,2010-03-31,25.17000000,29.37000000,201001-201004,0.16686532
2337,2010-02-01,2010-04-30,24.40000000,29.37000000,201002-201005,0.20368852
2337,2010-03-01,2010-05-31,24.47000000,29.58000000,201003-201006,0.20882714
2337,2010-04-01,2010-06-30,30.35000000,29.86000000,201004-201007,-0.01614498
2337,2010-05-03,2010-07-30,30.55000000,29.86000000,201005-201008,-0.02258592
2337,2010-06-01,2010-08-31,28.80000000,24.73000000,201006-201009,-0.14131944
2337,2010-07-01,2010-09-30,28.87000000,28.20000000,201007-201010,-0.02320748
2337,2010-08-02,2010-10-29,29.86000000,27.34000000,201008-201011,-0.08439384
2337,2010-09-01,2010-11-30,25.16000000,26.54000000,201009-201012,0.05484897
2337,2010-10-01,2010-12-31,27.92000000,29.59000000,201010-201101,0.05981375
2337,2010-11-01,2011-01-28,27.19000000,32.70000000,201011-201102,0.20264803
2337,2010-12-01,2011-02-25,27.12000000,31.18000000,201012-201103,0.14970501
2337,2011-01-03,2011-03-31,29.44000000,28.28000000,201101-201104,-0.03940217
2337,2011-02-08,2011-04-29,33.14000000,27.26000000,201102-201105,-0.17742909
2337,2011-03-01,2011-05-31,31.47000000,26.10000000,201103-201106,-0.17063870
2337,2011-04-01,2011-06-30,28.20000000,25.52000000,201104-201107,-0.09503546
2337,2011-05-03,2011-07-29,26.54000000,21.88000000,201105-201108,-0.17558402
2337,2011-06-01,2011-08-31,26.10000000,18.54000000,201106-201109,-0.28965517
2337,2011-07-01,2011-09-30,26.03000000,16.64000000,201107-201110,-0.36073761
2337,2011-08-01,2011-10-31,21.43000000,17.48000000,201108-201111,-0.18432105
2337,2011-09-01,2011-11-30,18.31000000,18.38000000,201109-201112,0.00382305
2337,2011-10-03,2011-12-30,15.95000000,18.38000000,201110-201201,0.15235110
2337,2011-11-01,2012-01-31,17.63000000,19.75000000,201111-201202,0.12024957
2337,2011-12-01,2012-02-29,19.29000000,19.00000000,201112-201203,-0.01503370
2337,2012-01-02,2012-03-30,18.01000000,16.72000000,201201-201204,-0.07162687
2337,2012-02-01,2012-04-30,20.44000000,14.64000000,201202-201205,-0.28375734
2337,2012-03-01,2012-05-31,18.84000000,13.08000000,201203-201206,-0.30573248
2337,2012-04-02,2012-06-29,16.48000000,14.24000000,201204-201207,-0.13592233
2337,2012-05-02,2012-07-31,14.97000000,11.74000000,201205-201208,-0.21576486
2337,2012-06-01,2012-08-31,13.17000000,12.77000000,201206-201209,-0.03037206
2337,2012-07-02,2012-09-28,14.42000000,15.47000000,201207-201210,0.07281553
2337,2012-08-01,2012-10-31,11.62000000,12.01000000,201208-201211,0.03356282
2337,2012-09-03,2012-11-30,12.85000000,12.88000000,201209-201212,0.00233463
2337,2012-10-01,2012-12-28,15.19000000,13.70000000,201210-201301,-0.09809085
2337,2017-02-02,2017-04-28,11.65000000,21.26000000,201702-201705,0.82489270
2337,2017-03-01,2017-05-31,15.57000000,22.76000000,201703-201706,0.46178548
2337,2017-04-05,2017-06-30,19.91000000,26.39000000,201704-201707,0.32546459
2337,2017-05-02,2017-07-31,21.10000000,26.08000000,201705-201708,0.23601896
2337,2017-06-01,2017-08-31,24.03000000,32.74000000,201706-201709,0.36246359
2337,2017-07-03,2017-09-30,26.55000000,37.56000000,201707-201710,0.41468927
2337,2017-08-01,2017-10-31,25.13000000,42.77000000,201708-201711,0.70194986
2337,2017-09-01,2017-11-30,33.28000000,36.86000000,201709-201712,0.10757212
2337,2017-10-02,2017-12-29,37.60000000,34.37000000,201710-201801,-0.08590426
2337,2017-11-01,2018-01-31,42.61000000,35.53000000,201711-201802,-0.16615818
2337,2017-12-01,2018-02-27,35.88000000,33.79000000,201712-201803,-0.05824972
2337,2018-01-02,2018-03-31,33.90000000,41.37000000,201801-201804,0.22035398
2337,2018-02-01,2018-04-30,35.53000000,36.97000000,201802-201805,0.04052913
2337,2018-03-01,2018-05-31,33.44000000,38.49000000,201803-201806,0.15101675
2337,2018-04-02,2018-06-29,40.20000000,33.75000000,201804-201807,-0.16044776
2337,2018-05-02,2018-07-31,34.83000000,33.05000000,201805-201808,-0.05110537
2337,2018-06-01,2018-08-31,37.79000000,26.98000000,201806-201809,-0.28605451
2337,2018-07-02,2018-09-28,32.27000000,20.81000000,201807-201810,-0.35512860
2337,2018-08-01,2018-10-31,33.24000000,14.02000000,201808-201811,-0.57821901
2337,2018-09-03,2018-11-30,26.61000000,16.76000000,201809-201812,-0.37016159
2337,2018-10-01,2018-12-28,21.10000000,15.00000000,201810-201901,-0.28909953
2337,2018-11-01,2019-01-30,14.55000000,15.86000000,201811-201902,0.09003436
2337,2018-12-03,2019-02-27,18.44000000,19.09000000,201812-201903,0.03524946
2337,2019-01-02,2019-03-29,14.51000000,17.09000000,201901-201904,0.17780841
2337,2019-02-11,2019-04-30,15.70000000,19.58000000,201902-201905,0.24713376
2337,2019-03-04,2019-05-31,18.93000000,17.25000000,201903-201906,-0.08874802
2337,2019-04-01,2019-06-28,17.38000000,18.93000000,201904-201907,0.08918297
2337,2019-05-02,2019-07-31,19.38000000,25.80000000,201905-201908,0.33126935
2337,2019-06-03,2019-08-30,17.05000000,22.53000000,201906-201909,0.32140762
2337,2019-07-01,2019-09-27,19.38000000,25.76000000,201907-201910,0.32920537
2337,2019-08-01,2019-10-31,25.31000000,25.43000000,201908-201911,0.00474121
2337,2019-09-02,2019-11-29,24.73000000,27.02000000,201909-201912,0.09260008
2337,2019-10-01,2019-12-31,25.51000000,30.42000000,201910-202001,0.19247354
2337,2019-11-01,2020-01-31,26.16000000,31.07000000,201911-202002,0.18769113
2337,2019-12-02,2020-02-27,27.55000000,26.98000000,201912-202003,-0.02068966
2337,2020-01-02,2020-03-31,31.07000000,20.85000000,202001-202004,-0.32893466
2337,2020-02-03,2020-04-30,31.23000000,29.52000000,202002-202005,-0.05475504
2337,2020-03-02,2020-05-29,25.92000000,26.25000000,202003-202006,0.01273148
2337,2020-04-01,2020-06-30,21.18000000,25.35000000,202004-202007,0.19688385
2337,2020-05-04,2020-07-31,29.76000000,26.90000000,202005-202008,-0.09610215
2337,2020-06-01,2020-08-31,26.08000000,25.63000000,202006-202009,-0.01725460
2337,2020-07-01,2020-09-30,25.72000000,27.12000000,202007-202010,0.05443235
2337,2020-08-03,2020-10-30,26.44000000,27.16000000,202008-202011,0.02723147
2337,2020-09-01,2020-11-30,25.50000000,32.67000000,202009-202012,0.28117647
2337,2020-10-05,2020-12-31,26.61000000,35.90000000,202010-202101,0.34911687
2344,2010-01-04,2010-03-31,7.10000000,6.75000000,201001-201004,-0.04929577
2344,2010-02-01,2010-04-30,5.87000000,6.87000000,201002-201005,0.17035775
2344,2010-03-01,2010-05-31,5.84000000,6.13000000,201003-201006,0.04965753
2344,2010-04-01,2010-06-30,6.75000000,6.15000000,201004-201007,-0.08888889
2344,2010-05-03,2010-07-30,6.84000000,6.16000000,201005-201008,-0.09941520
2344,2010-06-01,2010-08-31,6.19000000,6.09000000,201006-201009,-0.01615509
2344,2010-07-01,2010-09-30,6.04000000,6.26000000,201007-201010,0.03642384
2344,2010-08-02,2010-10-29,6.25000000,6.04000000,201008-201011,-0.03360000
2344,2010-09-01,2010-11-30,5.92000000,5.92000000,201009-201012,0.00000000
2344,2010-10-01,2010-12-31,6.21000000,6.50000000,201010-201101,0.04669887
2344,2010-11-01,2011-01-28,6.11000000,8.15000000,201011-201102,0.33387889
2344,2010-12-01,2011-02-25,6.11000000,7.41000000,201012-201103,0.21276596
2344,2011-01-03,2011-03-31,6.39000000,7.07000000,201101-201104,0.10641628
2344,2011-02-08,2011-04-29,7.77000000,6.81000000,201102-201105,-0.12355212
2344,2011-03-01,2011-05-31,7.44000000,6.93000000,201103-201106,-0.06854839
2344,2011-04-01,2011-06-30,6.99000000,6.41000000,201104-201107,-0.08297568
2344,2011-05-03,2011-07-29,6.72000000,5.81000000,201105-201108,-0.13541667
2344,2011-06-01,2011-08-31,7.10000000,4.63000000,201106-201109,-0.34788732
2344,2011-07-01,2011-09-30,6.38000000,4.62000000,201107-201110,-0.27586207
2344,2011-08-01,2011-10-31,5.95000000,4.28000000,201108-201111,-0.28067227
2344,2011-09-01,2011-11-30,4.53000000,2.84000000,201109-201112,-0.37306843
2344,2011-10-03,2011-12-30,4.33000000,3.17000000,201110-201201,-0.26789838
2344,2011-11-01,2012-01-31,4.32000000,3.64000000,201111-201202,-0.15740741
2344,2012-02-01,2012-04-30,3.79000000,3.69000000,201202-201205,-0.02638522
2344,2012-03-01,2012-05-31,4.75000000,3.60000000,201203-201206,-0.24210526
2344,2016-01-04,2016-03-31,5.79000000,7.13000000,201601-201604,0.23143351
2344,2016-02-01,2016-04-29,6.58000000,6.32000000,201602-201605,-0.03951368
2344,2016-03-01,2016-05-31,7.50000000,6.49000000,201603-201606,-0.13466667
2344,2016-04-01,2016-06-30,7.04000000,6.73000000,201604-201607,-0.04403409
2344,2016-05-03,2016-07-29,6.49000000,7.24000000,201605-201608,0.11556240
2344,2016-06-01,2016-08-31,6.56000000,7.89000000,201606-201609,0.20274390
2344,2016-07-01,2016-09-30,6.72000000,7.70000000,201607-201610,0.14583333
2344,2016-08-01,2016-10-31,7.36000000,7.56000000,201608-201611,0.02717391
2344,2016-09-01,2016-11-30,7.85000000,7.55000000,201609-201612,-0.03821656
2344,2016-10-03,2016-12-30,7.70000000,7.60000000,201610-201701,-0.01298701
2344,2016-11-01,2017-01-24,7.53000000,9.76000000,201611-201702,0.29614874
2344,2016-12-01,2017-02-24,7.59000000,8.50000000,201612-201703,0.11989460
2344,2017-01-03,2017-03-31,7.66000000,12.96000000,201701-201704,0.69190601
2344,2017-02-02,2017-04-28,9.76000000,13.00000000,201702-201705,0.33196721
2344,2017-03-01,2017-05-31,8.42000000,13.34000000,201703-201706,0.58432304
2344,2017-04-05,2017-06-30,13.34000000,13.91000000,201704-201707,0.04272864
2344,2017-05-02,2017-07-31,12.42000000,13.91000000,201705-201708,0.11996779
2344,2017-06-01,2017-08-31,14.56000000,18.25000000,201706-201709,0.25343407
2344,2017-07-03,2017-09-30,13.83000000,21.28000000,201707-201710,0.53868402
2344,2017-08-01,2017-10-31,13.53000000,20.90000000,201708-201711,0.54471545
2344,2017-09-01,2017-11-30,18.37000000,22.90000000,201709-201712,0.24659771
2344,2017-10-02,2017-12-29,21.56000000,18.78000000,201710-201801,-0.12894249
2344,2017-11-01,2018-01-31,21.06000000,18.94000000,201711-201802,-0.10066477
2344,2017-12-01,2018-02-27,21.54000000,15.94000000,201712-201803,-0.25998143
2344,2018-01-02,2018-03-31,19.10000000,15.66000000,201801-201804,-0.18010471
2344,2018-02-01,2018-04-30,19.30000000,14.65000000,201802-201805,-0.24093264
2344,2018-03-01,2018-05-31,15.66000000,16.06000000,201803-201806,0.02554278
2344,2018-04-02,2018-06-29,15.82000000,15.62000000,201804-201807,-0.01264223
2344,2018-05-02,2018-07-31,14.49000000,15.98000000,201805-201808,0.10282954
2344,2018-06-01,2018-08-31,15.82000000,14.60000000,201806-201809,-0.07711757
2344,2018-07-02,2018-09-28,15.30000000,12.28000000,201807-201810,-0.19738562
2344,2018-08-01,2018-10-31,15.98000000,11.34000000,201808-201811,-0.29036295
2344,2018-09-03,2018-11-30,14.31000000,12.70000000,201809-201812,-0.11250874
2344,2018-10-01,2018-12-28,12.44000000,11.47000000,201810-201901,-0.07797428
2344,2018-11-01,2019-01-30,11.60000000,12.44000000,201811-201902,0.07241379
2344,2018-12-03,2019-02-27,13.50000000,12.99000000,201812-201903,-0.03777778
2344,2019-01-02,2019-03-29,11.22000000,12.49000000,201901-201904,0.11319073
2344,2019-02-11,2019-04-30,12.28000000,13.59000000,201902-201905,0.10667752
2344,2019-03-04,2019-05-31,12.78000000,12.06000000,201903-201906,-0.05633803
2344,2019-04-01,2019-06-28,12.57000000,12.87000000,201904-201907,0.02386635
2344,2019-05-02,2019-07-31,13.55000000,17.32000000,201905-201908,0.27822878
2344,2019-06-03,2019-08-30,11.98000000,15.34000000,201906-201909,0.28046745
2344,2019-07-01,2019-09-27,13.12000000,16.06000000,201907-201910,0.22408537
2344,2019-08-01,2019-10-31,17.50000000,15.43000000,201908-201911,-0.11828571
2344,2019-09-02,2019-11-29,16.11000000,15.70000000,201909-201912,-0.02545003
2344,2019-10-01,2019-12-31,16.24000000,17.59000000,201910-202001,0.08312808
2344,2019-11-01,2020-01-31,15.34000000,15.25000000,201911-202002,-0.00586701
2344,2019-12-02,2020-02-27,15.48000000,14.40000000,201912-202003,-0.06976744
2344,2020-01-02,2020-03-31,17.68000000,10.21000000,202001-202004,-0.42251131
2344,2020-02-03,2020-04-30,14.89000000,12.60000000,202002-202005,-0.15379449
2344,2020-03-02,2020-05-29,14.22000000,12.37000000,202003-202006,-0.13009845
2344,2020-04-01,2020-06-30,10.44000000,12.01000000,202004-202007,0.15038314
2344,2020-05-04,2020-07-31,12.06000000,11.88000000,202005-202008,-0.01492537
2344,2020-06-01,2020-08-31,12.19000000,11.02000000,202006-202009,-0.09598031
2344,2020-07-01,2020-09-30,12.19000000,12.65000000,202007-202010,0.03773585
2344,2020-08-03,2020-10-30,11.79000000,15.37000000,202008-202011,0.30364716
2344,2020-09-01,2020-11-30,11.15000000,16.59000000,202009-202012,0.48789238
2344,2020-10-05,2020-12-31,12.65000000,26.34000000,202010-202101,1.08221344
2345,2016-06-01,2016-08-31,32.62000000,39.89000000,201606-201609,0.22286941
2345,2016-07-01,2016-09-30,33.15000000,39.01000000,201607-201610,0.17677225
2345,2016-08-01,2016-10-31,43.65000000,40.29000000,201608-201611,-0.07697595
2345,2016-09-01,2016-11-30,39.17000000,34.78000000,201609-201612,-0.11207557
2345,2016-10-03,2016-12-30,38.21000000,40.69000000,201610-201701,0.06490448
2345,2016-11-01,2017-01-24,39.49000000,45.17000000,201611-201702,0.14383388
2345,2016-12-01,2017-02-24,35.98000000,45.17000000,201612-201703,0.25541968
2345,2017-01-03,2017-03-31,41.33000000,53.48000000,201701-201704,0.29397532
2345,2017-02-02,2017-04-28,45.17000000,54.76000000,201702-201705,0.21230905
2345,2017-03-01,2017-05-31,45.81000000,53.64000000,201703-201706,0.17092338
2345,2017-04-05,2017-06-30,56.44000000,62.04000000,201704-201707,0.09922041
2345,2017-05-02,2017-07-31,52.12000000,67.10000000,201705-201708,0.28741366
2345,2017-06-01,2017-08-31,54.36000000,65.85000000,201706-201709,0.21136865
2345,2017-07-03,2017-09-30,62.36000000,82.02000000,201707-201710,0.31526620
2345,2017-08-01,2017-10-31,67.52000000,81.02000000,201708-201711,0.19994076
2345,2017-09-01,2017-11-30,70.43000000,91.69000000,201709-201712,0.30186000
2345,2017-10-02,2017-12-29,82.94000000,88.35000000,201710-201801,0.06522788
2345,2017-11-01,2018-01-31,81.44000000,97.52000000,201711-201802,0.19744597
2345,2017-12-01,2018-02-27,87.52000000,93.36000000,201712-201803,0.06672761
2345,2018-01-02,2018-03-31,92.94000000,80.52000000,201801-201804,-0.13363460
2345,2018-02-01,2018-04-30,97.52000000,57.01000000,201802-201805,-0.41540197
2345,2018-03-01,2018-05-31,97.11000000,71.93000000,201803-201806,-0.25929358
2345,2018-04-02,2018-06-29,78.19000000,73.52000000,201804-201807,-0.05972631
2345,2018-05-02,2018-07-31,60.18000000,88.79000000,201805-201808,0.47540711
2345,2018-06-01,2018-08-31,75.19000000,95.32000000,201806-201809,0.26772177
2345,2018-07-02,2018-09-28,73.02000000,73.99000000,201807-201810,0.01328403
2345,2018-08-01,2018-10-31,91.41000000,74.17000000,201808-201811,-0.18860081
2345,2018-09-03,2018-11-30,94.89000000,84.88000000,201809-201812,-0.10549057
2345,2018-10-01,2018-12-28,75.91000000,85.83000000,201810-201901,0.13068107
2345,2018-11-01,2019-01-30,77.48000000,93.58000000,201811-201902,0.20779556
2345,2018-12-03,2019-02-27,88.36000000,94.45000000,201812-201903,0.06892259
2345,2019-01-02,2019-03-29,85.49000000,108.38000000,201901-201904,0.26775061
2345,2019-02-11,2019-04-30,94.89000000,114.04000000,201902-201905,0.20181263
2345,2019-03-04,2019-05-31,94.02000000,106.64000000,201903-201906,0.13422676
2345,2019-04-01,2019-06-28,113.60000000,114.47000000,201904-201907,0.00765845
2345,2019-05-02,2019-07-31,116.65000000,120.27000000,201905-201908,0.03103300
2345,2019-06-03,2019-08-30,104.90000000,148.54000000,201906-201909,0.41601525
2345,2019-07-01,2019-09-27,116.65000000,146.74000000,201907-201910,0.25795114
2345,2019-08-01,2019-10-31,122.51000000,162.90000000,201908-201911,0.32968737
2345,2019-09-02,2019-11-29,147.19000000,142.71000000,201909-201912,-0.03043685
2345,2019-10-01,2019-12-31,145.40000000,150.78000000,201910-202001,0.03700138
2345,2019-11-01,2020-01-31,156.62000000,146.30000000,201911-202002,-0.06589197
2345,2019-12-02,2020-02-27,141.81000000,146.74000000,201912-202003,0.03476483
2345,2020-01-02,2020-03-31,157.07000000,146.30000000,202001-202004,-0.06856815
2345,2020-02-03,2020-04-30,147.19000000,195.21000000,202002-202005,0.32624499
2345,2020-03-02,2020-05-29,145.40000000,216.75000000,202003-202006,0.49071527
2345,2020-04-01,2020-06-30,149.44000000,204.63000000,202004-202007,0.36931210
2345,2020-05-04,2020-07-31,187.13000000,211.28000000,202005-202008,0.12905467
2345,2020-06-01,2020-08-31,217.65000000,215.42000000,202006-202009,-0.01024581
2345,2020-07-01,2020-09-30,206.88000000,204.83000000,202007-202010,-0.00990913
2345,2020-08-03,2020-10-30,214.50000000,191.02000000,202008-202011,-0.10946387
2345,2020-09-01,2020-11-30,218.18000000,220.02000000,202009-202012,0.00843340
2345,2020-10-05,2020-12-31,201.15000000,290.91000000,202010-202101,0.44623415
2347,2010-01-04,2010-03-31,26.01000000,26.35000000,201001-201004,0.01307190
2347,2010-02-01,2010-04-30,24.50000000,28.34000000,201002-201005,0.15673469
2347,2010-03-01,2010-05-31,26.39000000,25.97000000,201003-201006,-0.01591512
2347,2010-04-01,2010-06-30,26.91000000,26.39000000,201004-201007,-0.01932367
2347,2010-05-03,2010-07-30,27.93000000,27.48000000,201005-201008,-0.01611171
2347,2010-06-01,2010-08-31,26.27000000,28.12000000,201006-201009,0.07042254
2347,2010-07-01,2010-09-30,25.78000000,30.94000000,201007-201010,0.20015516
2347,2010-08-02,2010-10-29,28.08000000,32.01000000,201008-201011,0.13995726
2347,2010-09-01,2010-11-30,28.42000000,32.60000000,201009-201012,0.14707952
2347,2010-10-01,2010-12-31,30.60000000,33.63000000,201010-201101,0.09901961
2347,2010-11-01,2011-01-28,32.43000000,32.73000000,201011-201102,0.00925069
2347,2010-12-01,2011-02-25,32.73000000,30.00000000,201012-201103,-0.08340972
2347,2011-01-03,2011-03-31,33.03000000,29.31000000,201101-201104,-0.11262489
2347,2011-02-08,2011-04-29,31.37000000,31.24000000,201102-201105,-0.00414409
2347,2011-03-01,2011-05-31,30.43000000,28.76000000,201103-201106,-0.05488005
2347,2011-04-01,2011-06-30,30.13000000,29.78000000,201104-201107,-0.01161633
2347,2011-05-03,2011-07-29,31.96000000,32.63000000,201105-201108,0.02096370
2347,2011-06-01,2011-08-31,29.14000000,32.41000000,201106-201109,0.11221688
2347,2011-07-01,2011-09-30,29.83000000,29.41000000,201107-201110,-0.01407979
2347,2011-08-01,2011-10-31,33.56000000,32.68000000,201108-201111,-0.02622169
2347,2011-09-01,2011-11-30,32.32000000,31.31000000,201109-201112,-0.03125000
2347,2011-10-03,2011-12-30,28.84000000,32.24000000,201110-201201,0.11789182
2347,2011-11-01,2012-01-31,33.03000000,32.19000000,201111-201202,-0.02543143
2347,2011-12-01,2012-02-29,31.93000000,32.85000000,201112-201203,0.02881303
2347,2012-01-02,2012-03-30,32.24000000,32.32000000,201201-201204,0.00248139
2347,2012-02-01,2012-04-30,31.71000000,30.21000000,201202-201205,-0.04730369
2347,2012-03-01,2012-05-31,32.63000000,29.41000000,201203-201206,-0.09868219
2347,2012-04-02,2012-06-29,32.32000000,32.02000000,201204-201207,-0.00928218
2347,2012-05-02,2012-07-31,31.00000000,30.72000000,201205-201208,-0.00903226
2347,2012-06-01,2012-08-31,29.37000000,31.33000000,201206-201209,0.06673476
2347,2012-07-02,2012-09-28,31.75000000,31.14000000,201207-201210,-0.01921260
2347,2012-08-01,2012-10-31,31.09000000,28.98000000,201208-201211,-0.06786748
2347,2012-09-03,2012-11-30,31.42000000,25.98000000,201209-201212,-0.17313813
2347,2012-10-01,2012-12-28,31.38000000,25.09000000,201210-201301,-0.20044614
2347,2016-01-04,2016-03-31,17.54000000,18.82000000,201601-201604,0.07297605
2347,2016-02-01,2016-04-29,17.54000000,18.20000000,201602-201605,0.03762828
2347,2016-03-01,2016-05-31,18.82000000,18.39000000,201603-201606,-0.02284803
2347,2016-04-01,2016-06-30,18.88000000,19.73000000,201604-201607,0.04502119
2347,2016-05-03,2016-07-29,17.77000000,21.40000000,201605-201608,0.20427687
2347,2016-06-01,2016-08-31,18.42000000,20.83000000,201606-201609,0.13083605
2347,2016-07-01,2016-09-30,19.50000000,21.57000000,201607-201610,0.10615385
2347,2016-08-01,2016-10-31,21.46000000,20.95000000,201608-201611,-0.02376514
2347,2016-09-01,2016-11-30,20.70000000,20.27000000,201609-201612,-0.02077295
2347,2016-10-03,2016-12-30,21.42000000,20.21000000,201610-201701,-0.05648926
2347,2016-11-01,2017-01-24,21.08000000,20.27000000,201611-201702,-0.03842505
2347,2016-12-01,2017-02-24,20.24000000,20.98000000,201612-201703,0.03656126
2347,2017-01-03,2017-03-31,20.11000000,20.30000000,201701-201704,0.00944804
2347,2017-02-02,2017-04-28,20.08000000,20.33000000,201702-201705,0.01245020
2347,2017-03-01,2017-05-31,21.04000000,21.45000000,201703-201706,0.01948669
2347,2017-04-05,2017-06-30,20.61000000,21.20000000,201704-201707,0.02862688
2347,2017-05-02,2017-07-31,20.49000000,20.89000000,201705-201708,0.01952172
2347,2017-06-01,2017-08-31,21.42000000,21.58000000,201706-201709,0.00746965
2347,2017-07-03,2017-09-30,21.08000000,23.31000000,201707-201710,0.10578748
2347,2017-08-01,2017-10-31,21.01000000,24.46000000,201708-201711,0.16420752
2347,2017-09-01,2017-11-30,21.61000000,26.00000000,201709-201712,0.20314669
2347,2017-10-02,2017-12-29,23.31000000,25.97000000,201710-201801,0.11411411
2347,2017-11-01,2018-01-31,24.53000000,26.41000000,201711-201802,0.07664085
2347,2017-12-01,2018-02-27,25.42000000,24.78000000,201712-201803,-0.02517703
2347,2018-01-02,2018-03-31,26.16000000,27.85000000,201801-201804,0.06460245
2347,2018-02-01,2018-04-30,26.22000000,27.37000000,201802-201805,0.04385965
2347,2018-03-01,2018-05-31,25.07000000,30.74000000,201803-201806,0.22616673
2347,2018-04-02,2018-06-29,28.34000000,29.46000000,201804-201807,0.03952011
2347,2018-05-02,2018-07-31,27.44000000,27.95000000,201805-201808,0.01858601
2347,2018-06-01,2018-08-31,30.16000000,27.74000000,201806-201809,-0.08023873
2347,2018-07-02,2018-09-28,28.75000000,26.29000000,201807-201810,-0.08556522
2347,2018-08-01,2018-10-31,27.89000000,22.47000000,201808-201811,-0.19433489
2347,2018-09-03,2018-11-30,27.30000000,24.47000000,201809-201812,-0.10366300
2347,2018-10-01,2018-12-28,25.98000000,24.57000000,201810-201901,-0.05427252
2347,2018-11-01,2019-01-30,23.01000000,25.51000000,201811-201902,0.10864841
2347,2018-12-03,2019-02-27,25.41000000,25.31000000,201812-201903,-0.00393546
2347,2019-01-02,2019-03-29,23.99000000,24.97000000,201901-201904,0.04085035
2347,2019-02-11,2019-04-30,25.58000000,25.98000000,201902-201905,0.01563722
2347,2019-03-04,2019-05-31,24.97000000,25.82000000,201903-201906,0.03404085
2347,2019-04-01,2019-06-28,25.01000000,26.32000000,201904-201907,0.05237905
2347,2019-05-02,2019-07-31,26.09000000,25.88000000,201905-201908,-0.00804906
2347,2019-06-03,2019-08-30,25.61000000,26.33000000,201906-201909,0.02811402
2347,2019-07-01,2019-09-27,26.25000000,25.84000000,201907-201910,-0.01561905
2347,2019-08-01,2019-10-31,25.75000000,25.87000000,201908-201911,0.00466019
2347,2019-09-02,2019-11-29,26.09000000,26.23000000,201909-201912,0.00536604
2347,2019-10-01,2019-12-31,26.16000000,26.69000000,201910-202001,0.02025994
2347,2019-11-01,2020-01-31,25.94000000,26.69000000,201911-202002,0.02891288
2347,2019-12-02,2020-02-27,26.30000000,26.76000000,201912-202003,0.01749049
2347,2020-01-02,2020-03-31,26.62000000,26.44000000,202001-202004,-0.00676183
2347,2020-02-03,2020-04-30,26.48000000,28.40000000,202002-202005,0.07250755
2347,2020-03-02,2020-05-29,26.19000000,31.60000000,202003-202006,0.20656739
2347,2020-04-01,2020-06-30,26.12000000,31.42000000,202004-202007,0.20290965
2347,2020-05-04,2020-07-31,27.69000000,33.04000000,202005-202008,0.19321055
2347,2020-06-01,2020-08-31,32.06000000,32.96000000,202006-202009,0.02807236
2347,2020-07-01,2020-09-30,31.57000000,31.15000000,202007-202010,-0.01330377
2347,2020-08-03,2020-10-30,32.06000000,32.02000000,202008-202011,-0.00124766
2347,2020-09-01,2020-11-30,32.96000000,33.57000000,202009-202012,0.01850728
2347,2020-10-05,2020-12-31,30.28000000,35.45000000,202010-202101,0.17073976
2349,2010-01-04,2010-03-31,33.22000000,31.15000000,201001-201004,-0.06231186
2349,2010-02-01,2010-04-30,30.47000000,32.01000000,201002-201005,0.05054152
2349,2010-03-01,2010-05-31,30.32000000,30.55000000,201003-201006,0.00758575
2349,2010-04-01,2010-06-30,33.29000000,30.40000000,201004-201007,-0.08681286
2349,2010-05-03,2010-07-30,32.58000000,34.57000000,201005-201008,0.06108042
2349,2010-06-01,2010-08-31,30.47000000,31.75000000,201006-201009,0.04200853
2349,2010-07-01,2010-09-30,30.36000000,33.14000000,201007-201010,0.09156785
2349,2010-08-02,2010-10-29,34.91000000,32.39000000,201008-201011,-0.07218562
2349,2010-09-01,2010-11-30,32.54000000,30.25000000,201009-201012,-0.07037492
2349,2010-10-01,2010-12-31,33.10000000,32.39000000,201010-201101,-0.02145015
2349,2010-11-01,2011-01-28,32.09000000,33.22000000,201011-201102,0.03521346
2349,2011-01-03,2011-03-31,32.28000000,33.18000000,201101-201104,0.02788104
2349,2011-03-01,2011-05-31,33.71000000,30.85000000,201103-201106,-0.08484129
2349,2011-04-01,2011-06-30,33.03000000,29.83000000,201104-201107,-0.09688162
2349,2018-06-01,2018-08-31,41.49000000,28.76000000,201806-201809,-0.30682092
2350,2010-01-04,2010-03-31,20.20000000,20.30000000,201001-201004,0.00495050
2350,2010-02-01,2010-04-30,20.75000000,20.60000000,201002-201005,-0.00722892
2350,2010-03-01,2010-05-31,19.65000000,20.80000000,201003-201006,0.05852417
2350,2010-04-01,2010-06-15,20.30000000,20.80000000,201004-201007,0.02463054
2352,2010-01-04,2010-03-31,12.14000000,10.45000000,201001-201004,-0.13920923
2352,2010-02-01,2010-04-30,9.66000000,10.89000000,201002-201005,0.12732919
2352,2010-03-01,2010-05-31,9.28000000,9.72000000,201003-201006,0.04741379
2352,2010-04-01,2010-06-30,10.68000000,9.34000000,201004-201007,-0.12546816
2352,2010-05-03,2010-07-30,10.94000000,10.56000000,201005-201008,-0.03473492
2352,2010-06-01,2010-08-31,9.51000000,10.56000000,201006-201009,0.11041009
2352,2010-07-01,2010-09-30,9.19000000,12.93000000,201007-201010,0.40696409
2352,2010-08-02,2010-10-29,10.62000000,12.49000000,201008-201011,0.17608286
2352,2010-09-01,2010-11-30,10.33000000,11.73000000,201009-201012,0.13552759
2352,2010-10-01,2010-12-31,12.87000000,11.61000000,201010-201101,-0.09790210
2352,2010-11-01,2011-01-28,12.52000000,12.02000000,201011-201102,-0.03993610
2352,2010-12-01,2011-02-25,11.97000000,10.39000000,201012-201103,-0.13199666
2352,2011-01-03,2011-03-31,11.70000000,10.39000000,201101-201104,-0.11196581
2352,2011-02-08,2011-04-29,11.73000000,9.51000000,201102-201105,-0.18925831
2352,2011-03-01,2011-05-31,10.48000000,9.05000000,201103-201106,-0.13645038
2352,2011-04-01,2011-06-30,10.16000000,8.05000000,201104-201107,-0.20767717
2352,2011-05-03,2011-07-29,9.02000000,5.96000000,201105-201108,-0.33924612
2352,2011-06-01,2011-08-31,9.19000000,5.01000000,201106-201109,-0.45484222
2352,2011-07-01,2011-09-30,7.91000000,5.14000000,201107-201110,-0.35018963
2352,2016-06-01,2016-08-31,7.03000000,8.91000000,201606-201609,0.26742532
2352,2016-07-01,2016-09-30,7.52000000,9.19000000,201607-201610,0.22207447
2352,2016-08-01,2016-10-31,8.15000000,9.19000000,201608-201611,0.12760736
2352,2016-09-01,2016-11-30,8.81000000,10.64000000,201609-201612,0.20771850
2352,2016-10-03,2016-12-30,9.12000000,10.40000000,201610-201701,0.14035088
2352,2016-11-01,2017-01-24,9.29000000,11.29000000,201611-201702,0.21528525
2352,2016-12-01,2017-02-24,10.60000000,11.05000000,201612-201703,0.04245283
2352,2017-01-03,2017-03-31,10.64000000,12.16000000,201701-201704,0.14285714
2352,2017-02-02,2017-04-28,11.60000000,13.26000000,201702-201705,0.14310345
2352,2017-03-01,2017-05-31,11.02000000,14.61000000,201703-201706,0.32577132
2352,2017-04-05,2017-06-30,12.40000000,16.06000000,201704-201707,0.29516129
2352,2017-05-02,2017-07-31,13.23000000,17.46000000,201705-201708,0.31972789
2352,2017-06-01,2017-08-31,15.26000000,15.78000000,201706-201709,0.03407602
2352,2017-07-03,2017-09-30,15.92000000,15.89000000,201707-201710,-0.00188442
2352,2017-08-01,2017-10-31,17.68000000,16.07000000,201708-201711,-0.09106335
2352,2017-09-01,2017-11-30,15.78000000,14.61000000,201709-201712,-0.07414449
2352,2017-10-02,2017-12-29,15.82000000,15.45000000,201710-201801,-0.02338812
2352,2017-11-01,2018-01-31,16.18000000,15.53000000,201711-201802,-0.04017305
2352,2017-12-01,2018-02-27,14.76000000,14.87000000,201712-201803,0.00745257
2352,2018-01-02,2018-03-31,15.67000000,16.07000000,201801-201804,0.02552648
2352,2018-02-01,2018-04-30,15.53000000,14.94000000,201802-201805,-0.03799099
2352,2018-03-01,2018-05-31,14.76000000,15.49000000,201803-201806,0.04945799
2352,2018-04-02,2018-06-29,15.93000000,15.71000000,201804-201807,-0.01381042
2352,2018-05-02,2018-07-31,14.83000000,16.66000000,201805-201808,0.12339852
2352,2018-06-01,2018-08-31,15.60000000,16.21000000,201806-201809,0.03910256
2352,2018-07-02,2018-09-28,15.60000000,15.47000000,201807-201810,-0.00833333
2352,2018-08-01,2018-10-31,17.02000000,13.61000000,201808-201811,-0.20035253
2352,2018-09-03,2018-11-30,16.13000000,14.74000000,201809-201812,-0.08617483
2352,2018-10-01,2018-12-28,15.40000000,15.28000000,201810-201901,-0.00779221
2352,2018-11-01,2019-01-30,13.88000000,15.16000000,201811-201902,0.09221902
2352,2018-12-03,2019-02-27,14.97000000,15.43000000,201812-201903,0.03072812
2352,2019-01-02,2019-03-29,15.28000000,15.32000000,201901-201904,0.00261780
2352,2019-02-11,2019-04-30,15.05000000,15.24000000,201902-201905,0.01262458
2352,2019-03-04,2019-05-31,15.40000000,15.01000000,201903-201906,-0.02532468
2352,2019-04-01,2019-06-28,15.20000000,15.59000000,201904-201907,0.02565789
2352,2019-05-02,2019-07-31,15.24000000,15.67000000,201905-201908,0.02821522
2352,2019-06-03,2019-08-30,14.77000000,16.23000000,201906-201909,0.09884902
2352,2019-07-01,2019-09-27,15.55000000,17.12000000,201907-201910,0.10096463
2352,2019-08-01,2019-10-31,15.58000000,18.50000000,201908-201911,0.18741977
2352,2019-09-02,2019-11-29,16.64000000,17.89000000,201909-201912,0.07512019
2352,2019-10-01,2019-12-31,17.69000000,17.24000000,201910-202001,-0.02543810
2352,2019-11-01,2020-01-31,18.54000000,16.35000000,201911-202002,-0.11812298
2352,2019-12-02,2020-02-27,17.53000000,15.18000000,201912-202003,-0.13405590
2352,2020-01-02,2020-03-31,17.24000000,11.98000000,202001-202004,-0.30510441
2352,2020-02-03,2020-04-30,16.03000000,13.72000000,202002-202005,-0.14410480
2352,2020-03-02,2020-05-29,14.90000000,13.44000000,202003-202006,-0.09798658
2352,2020-04-01,2020-06-30,12.51000000,14.29000000,202004-202007,0.14228617
2352,2020-05-04,2020-07-31,13.48000000,14.13000000,202005-202008,0.04821958
2352,2020-06-01,2020-08-31,13.52000000,15.69000000,202006-202009,0.16050296
2352,2020-07-01,2020-09-30,14.41000000,15.61000000,202007-202010,0.08327550
2352,2020-08-03,2020-10-30,14.30000000,15.78000000,202008-202011,0.10349650
2352,2020-09-01,2020-11-30,15.73000000,19.83000000,202009-202012,0.26064844
2352,2020-10-05,2020-12-31,15.61000000,24.42000000,202010-202101,0.56438181
2353,2010-01-04,2010-03-31,55.17000000,52.38000000,201001-201004,-0.05057096
2353,2010-02-01,2010-04-30,49.53000000,48.14000000,201002-201005,-0.02806380
2353,2010-03-01,2010-05-31,50.54000000,44.73000000,201003-201006,-0.11495845
2353,2010-04-01,2010-06-30,52.21000000,41.99000000,201004-201007,-0.19574794
2353,2010-05-03,2010-07-30,48.14000000,49.78000000,201005-201008,0.03406730
2353,2010-06-01,2010-08-31,43.95000000,43.58000000,201006-201009,-0.00841866
2353,2010-07-01,2010-09-30,41.38000000,46.07000000,201007-201010,0.11333978
2353,2010-08-02,2010-10-29,50.95000000,51.58000000,201008-201011,0.01236506
2353,2010-09-01,2010-11-30,44.45000000,52.22000000,201009-201012,0.17480315
2353,2010-10-01,2010-12-31,46.01000000,52.28000000,201010-201101,0.13627472
2353,2010-11-01,2011-01-28,53.90000000,46.01000000,201011-201102,-0.14638219
2353,2010-12-01,2011-02-25,53.61000000,41.66000000,201012-201103,-0.22290617
2353,2011-01-03,2011-03-31,52.22000000,34.81000000,201101-201104,-0.33339717
2353,2011-02-08,2011-04-29,44.50000000,31.10000000,201102-201105,-0.30112360
2353,2011-03-01,2011-05-31,42.53000000,32.55000000,201103-201106,-0.23465789
2353,2011-04-01,2011-06-30,33.13000000,29.01000000,201104-201107,-0.12435859
2353,2011-05-03,2011-07-29,31.57000000,25.00000000,201105-201108,-0.20810896
2353,2011-06-01,2011-08-31,32.38000000,21.90000000,201106-201109,-0.32365658
2353,2011-07-01,2011-09-30,28.93000000,23.59000000,201107-201110,-0.18458348
2353,2011-08-01,2011-10-31,25.10000000,21.72000000,201108-201111,-0.13466135
2353,2011-09-01,2011-11-30,21.15000000,20.97000000,201109-201112,-0.00851064
2353,2011-10-03,2011-12-30,22.44000000,21.97000000,201110-201201,-0.02094474
2353,2011-11-01,2012-01-31,21.72000000,25.88000000,201111-201202,0.19152855
2353,2011-12-01,2012-02-29,21.97000000,28.16000000,201112-201203,0.28174784
2353,2012-01-02,2012-03-30,21.47000000,24.50000000,201201-201204,0.14112715
2353,2012-02-01,2012-04-30,25.69000000,20.97000000,201202-201205,-0.18372908
2353,2012-03-01,2012-05-31,27.72000000,19.12000000,201203-201206,-0.31024531
2353,2012-04-02,2012-06-29,24.56000000,19.28000000,201204-201207,-0.21498371
2353,2012-05-02,2012-07-31,21.90000000,17.27000000,201205-201208,-0.21141553
2353,2012-06-01,2012-08-31,18.81000000,16.55000000,201206-201209,-0.12014886
2353,2012-07-02,2012-09-28,19.34000000,18.02000000,201207-201210,-0.06825233
2353,2012-08-01,2012-10-31,16.93000000,14.14000000,201208-201211,-0.16479622
2353,2012-09-03,2012-11-30,16.52000000,15.83000000,201209-201212,-0.04176755
2353,2012-10-01,2012-12-28,17.96000000,15.77000000,201210-201301,-0.12193764
2353,2016-01-04,2016-03-31,7.37000000,7.85000000,201601-201604,0.06512890
2353,2016-02-01,2016-04-29,7.28000000,7.31000000,201602-201605,0.00412088
2353,2016-03-01,2016-05-31,7.60000000,8.14000000,201603-201606,0.07105263
2353,2016-04-01,2016-06-30,7.85000000,9.60000000,201604-201607,0.22292994
2353,2016-05-03,2016-07-29,7.12000000,9.98000000,201605-201608,0.40168539
2353,2016-06-01,2016-08-31,8.33000000,9.36000000,201606-201609,0.12364946
2353,2016-07-01,2016-09-30,9.41000000,9.56000000,201607-201610,0.01594049
2353,2016-08-01,2016-10-31,10.08000000,9.52000000,201608-201611,-0.05555556
2353,2016-09-01,2016-11-30,9.43000000,8.87000000,201609-201612,-0.05938494
2353,2016-10-03,2016-12-30,9.56000000,8.60000000,201610-201701,-0.10041841
2353,2016-11-01,2017-01-24,9.49000000,9.46000000,201611-201702,-0.00316122
2353,2016-12-01,2017-02-24,8.83000000,9.69000000,201612-201703,0.09739524
2353,2017-01-03,2017-03-31,8.60000000,9.46000000,201701-201704,0.10000000
2353,2017-02-02,2017-04-28,9.62000000,9.36000000,201702-201705,-0.02702703
2353,2017-03-01,2017-05-31,9.62000000,10.84000000,201703-201706,0.12681913
2353,2017-04-05,2017-06-30,9.46000000,10.48000000,201704-201707,0.10782241
2353,2017-05-02,2017-07-31,9.52000000,10.07000000,201705-201708,0.05777311
2353,2017-06-01,2017-08-31,10.74000000,10.31000000,201706-201709,-0.04003724
2353,2017-07-03,2017-09-30,10.51000000,10.31000000,201707-201710,-0.01902950
2353,2017-08-01,2017-10-31,10.14000000,10.58000000,201708-201711,0.04339250
2353,2017-09-01,2017-11-30,10.79000000,13.91000000,201709-201712,0.28915663
2353,2017-10-02,2017-12-29,10.38000000,16.38000000,201710-201801,0.57803468
2353,2017-11-01,2018-01-31,10.62000000,18.76000000,201711-201802,0.76647834
2353,2017-12-01,2018-02-27,13.80000000,16.69000000,201712-201803,0.20942029
2353,2018-01-02,2018-03-31,16.18000000,16.75000000,201801-201804,0.03522868
2353,2018-02-01,2018-04-30,18.55000000,15.47000000,201802-201805,-0.16603774
2353,2018-03-01,2018-05-31,16.69000000,16.65000000,201803-201806,-0.00239664
2353,2018-04-02,2018-06-29,16.48000000,16.89000000,201804-201807,0.02487864
2353,2018-05-02,2018-07-31,15.47000000,17.48000000,201805-201808,0.12992889
2353,2018-06-01,2018-08-31,16.62000000,17.97000000,201806-201809,0.08122744
2353,2018-07-02,2018-09-28,16.69000000,17.65000000,201807-201810,0.05751947
2353,2018-08-01,2018-10-31,17.65000000,15.17000000,201808-201811,-0.14050992
2353,2018-09-03,2018-11-30,17.86000000,13.91000000,201809-201812,-0.22116461
2353,2018-10-01,2018-12-28,17.58000000,13.60000000,201810-201901,-0.22639363
2353,2018-11-01,2019-01-30,15.59000000,13.63000000,201811-201902,-0.12572162
2353,2018-12-03,2019-02-27,14.23000000,14.23000000,201812-201903,0.00000000
2353,2019-01-02,2019-03-29,13.35000000,13.81000000,201901-201904,0.03445693
2353,2019-02-11,2019-04-30,13.91000000,14.65000000,201902-201905,0.05319914
2353,2019-03-04,2019-05-31,14.51000000,13.32000000,201903-201906,-0.08201241
2353,2019-04-01,2019-06-28,13.95000000,13.46000000,201904-201907,-0.03512545
2353,2019-05-02,2019-07-31,14.54000000,13.80000000,201905-201908,-0.05089409
2353,2019-06-03,2019-08-30,13.35000000,12.52000000,201906-201909,-0.06217228
2353,2019-07-01,2019-09-27,13.70000000,12.96000000,201907-201910,-0.05401460
2353,2019-08-01,2019-10-31,13.65000000,12.96000000,201908-201911,-0.05054945
2353,2019-09-02,2019-11-29,12.56000000,13.07000000,201909-201912,0.04060510
2353,2019-10-01,2019-12-31,12.93000000,13.00000000,201910-202001,0.00541377
2353,2019-11-01,2020-01-31,13.07000000,12.31000000,201911-202002,-0.05814843
2353,2019-12-02,2020-02-27,12.89000000,11.91000000,201912-202003,-0.07602793
2353,2020-01-02,2020-03-31,12.96000000,11.36000000,202001-202004,-0.12345679
2353,2020-02-03,2020-04-30,12.05000000,12.12000000,202002-202005,0.00580913
2353,2020-03-02,2020-05-29,11.76000000,11.91000000,202003-202006,0.01275510
2353,2020-04-01,2020-06-30,11.40000000,13.03000000,202004-202007,0.14298246
2353,2020-05-04,2020-07-31,11.76000000,15.46000000,202005-202008,0.31462585
2353,2020-06-01,2020-08-31,12.45000000,17.78000000,202006-202009,0.42811245
2353,2020-07-01,2020-09-30,13.03000000,18.88000000,202007-202010,0.44896393
2353,2020-08-03,2020-10-30,15.49000000,18.16000000,202008-202011,0.17236927
2353,2020-09-01,2020-11-30,18.27000000,17.63000000,202009-202012,-0.03503010
2353,2020-10-05,2020-12-31,18.69000000,18.01000000,202010-202101,-0.03638309
2354,2010-01-04,2010-03-31,57.30000000,54.71000000,201001-201004,-0.04520070
2354,2010-02-01,2010-04-30,57.53000000,61.52000000,201002-201005,0.06935512
2354,2010-03-01,2010-05-31,55.18000000,54.71000000,201003-201006,-0.00851758
2354,2010-04-01,2010-06-30,58.47000000,50.49000000,201004-201007,-0.13648025
2354,2010-05-03,2010-07-30,60.59000000,51.19000000,201005-201008,-0.15514111
2354,2010-06-01,2010-08-31,54.01000000,49.51000000,201006-201009,-0.08331790
2354,2010-07-01,2010-09-30,49.31000000,53.40000000,201007-201010,0.08294464
2354,2010-08-02,2010-10-29,54.48000000,51.56000000,201008-201011,-0.05359765
2354,2010-09-01,2010-11-30,50.16000000,53.94000000,201009-201012,0.07535885
2354,2010-10-01,2010-12-31,52.64000000,63.10000000,201010-201101,0.19870821
2354,2010-11-01,2011-01-28,51.62000000,63.37000000,201011-201102,0.22762495
2354,2010-12-01,2011-02-25,55.01000000,57.17000000,201012-201103,0.03926559
2354,2011-01-03,2011-03-31,62.30000000,60.41000000,201101-201104,-0.03033708
2354,2011-02-08,2011-04-29,62.83000000,73.89000000,201102-201105,0.17603056
2354,2011-03-01,2011-05-31,60.68000000,74.70000000,201103-201106,0.23104812
2354,2011-04-01,2011-06-30,60.95000000,64.18000000,201104-201107,0.05299426
2354,2011-05-03,2011-07-29,75.24000000,71.73000000,201105-201108,-0.04665072
2354,2011-06-01,2011-08-31,77.13000000,58.86000000,201106-201109,-0.23687281
2354,2011-07-01,2011-09-30,68.50000000,56.58000000,201107-201110,-0.17401460
2354,2011-08-01,2011-10-31,76.59000000,60.58000000,201108-201111,-0.20903512
2354,2011-09-01,2011-11-30,58.58000000,50.06000000,201109-201112,-0.14544213
2354,2011-10-03,2011-12-30,55.66000000,55.20000000,201110-201201,-0.00826446
2354,2011-11-01,2012-01-31,61.43000000,66.29000000,201111-201202,0.07911444
2354,2011-12-01,2012-02-29,53.55000000,77.43000000,201112-201203,0.44593838
2354,2012-01-02,2012-03-30,54.69000000,69.72000000,201201-201204,0.27482172
2354,2012-02-01,2012-04-30,66.86000000,58.86000000,201202-201205,-0.11965301
2354,2012-03-01,2012-05-31,79.43000000,61.43000000,201203-201206,-0.22661463
2354,2012-04-02,2012-06-29,67.15000000,61.43000000,201204-201207,-0.08518243
2354,2012-05-02,2012-07-31,61.15000000,60.86000000,201205-201208,-0.00474244
2354,2012-06-01,2012-08-31,58.29000000,68.99000000,201206-201209,0.18356493
2354,2012-07-02,2012-09-28,61.72000000,68.99000000,201207-201210,0.11779002
2354,2012-08-01,2012-10-31,61.43000000,61.42000000,201208-201211,-0.00016279
2354,2012-09-03,2012-11-30,70.80000000,61.42000000,201209-201212,-0.13248588
2354,2012-10-01,2012-12-28,68.38000000,55.01000000,201210-201301,-0.19552501
2354,2016-01-04,2016-03-31,48.34000000,51.33000000,201601-201604,0.06185354
2354,2016-02-01,2016-04-29,46.00000000,47.35000000,201602-201605,0.02934783
2354,2016-03-01,2016-05-31,47.06000000,52.96000000,201603-201606,0.12537187
2354,2016-04-01,2016-06-30,51.47000000,53.60000000,201604-201607,0.04138333
2354,2016-05-03,2016-07-29,47.49000000,54.95000000,201605-201608,0.15708570
2354,2016-06-01,2016-08-31,52.96000000,63.27000000,201606-201609,0.19467523
2354,2016-07-01,2016-09-30,53.32000000,68.26000000,201607-201610,0.28019505
2354,2016-08-01,2016-10-31,55.24000000,68.12000000,201608-201611,0.23316437
2354,2016-09-01,2016-11-30,61.92000000,62.17000000,201609-201612,0.00403747
2354,2016-10-03,2016-12-30,67.82000000,63.43000000,201610-201701,-0.06473017
2354,2016-11-01,2017-01-24,67.67000000,65.36000000,201611-201702,-0.03413625
2354,2016-12-01,2017-02-24,61.20000000,68.19000000,201612-201703,0.11421569
2354,2017-01-03,2017-03-31,63.58000000,68.78000000,201701-201704,0.08178673
2354,2017-02-02,2017-04-28,65.88000000,68.41000000,201702-201705,0.03840316
2354,2017-03-01,2017-05-31,69.23000000,63.36000000,201703-201706,-0.08478983
2354,2017-04-05,2017-06-30,69.75000000,68.26000000,201704-201707,-0.02136201
2354,2017-05-02,2017-07-31,68.19000000,70.32000000,201705-201708,0.03123625
2354,2017-06-01,2017-08-31,63.95000000,74.19000000,201706-201709,0.16012510
2354,2017-07-03,2017-09-30,68.49000000,68.54000000,201707-201710,0.00073003
2354,2017-08-01,2017-10-31,70.55000000,74.42000000,201708-201711,0.05485471
2354,2017-09-01,2017-11-30,74.58000000,64.59000000,201709-201712,-0.13395012
2354,2017-10-02,2017-12-29,68.23000000,65.98000000,201710-201801,-0.03297670
2354,2017-11-01,2018-01-31,73.57000000,64.59000000,201711-201802,-0.12206062
2354,2017-12-01,2018-02-27,64.98000000,61.49000000,201712-201803,-0.05370883
2354,2018-01-02,2018-03-31,65.83000000,61.65000000,201801-201804,-0.06349689
2354,2018-02-01,2018-04-30,65.83000000,57.23000000,201802-201805,-0.13063953
2354,2018-03-01,2018-05-31,61.72000000,57.15000000,201803-201806,-0.07404407
2354,2018-04-02,2018-06-29,61.34000000,57.77000000,201804-201807,-0.05820020
2354,2018-05-02,2018-07-31,57.62000000,61.55000000,201805-201808,0.06820548
2354,2018-06-01,2018-08-31,57.85000000,63.25000000,201806-201809,0.09334486
2354,2018-07-02,2018-09-28,56.69000000,60.41000000,201807-201810,0.06562004
2354,2018-08-01,2018-10-31,62.60000000,53.20000000,201808-201811,-0.15015974
2354,2018-09-03,2018-11-30,63.17000000,50.44000000,201809-201812,-0.20151971
2354,2018-10-01,2018-12-28,60.98000000,49.06000000,201810-201901,-0.19547393
2354,2018-11-01,2019-01-30,53.52000000,48.01000000,201811-201902,-0.10295217
2354,2018-12-03,2019-02-27,51.33000000,51.17000000,201812-201903,-0.00311709
2354,2019-01-02,2019-03-29,48.74000000,49.87000000,201901-201904,0.02318424
2354,2019-02-11,2019-04-30,48.25000000,56.12000000,201902-201905,0.16310881
2354,2019-03-04,2019-05-31,50.44000000,49.87000000,201903-201906,-0.01130056
2354,2019-04-01,2019-06-28,51.74000000,51.17000000,201904-201907,-0.01101662
2354,2019-05-02,2019-07-31,56.28000000,54.77000000,201905-201908,-0.02683014
2354,2019-06-03,2019-08-30,50.20000000,54.00000000,201906-201909,0.07569721
2354,2019-07-01,2019-09-27,51.98000000,55.11000000,201907-201910,0.06021547
2354,2019-08-01,2019-10-31,54.17000000,55.54000000,201908-201911,0.02529075
2354,2019-09-02,2019-11-29,54.09000000,56.73000000,201909-201912,0.04880754
2354,2019-10-01,2019-12-31,55.79000000,56.39000000,201910-202001,0.01075462
2354,2019-11-01,2020-01-31,57.33000000,51.53000000,201911-202002,-0.10116867
2354,2019-12-02,2020-02-27,56.90000000,50.68000000,201912-202003,-0.10931459
2354,2020-01-02,2020-03-31,56.47000000,42.16000000,202001-202004,-0.25340889
2354,2020-02-03,2020-04-30,50.51000000,49.06000000,202002-202005,-0.02870719
2354,2020-03-02,2020-05-29,50.00000000,45.91000000,202003-202006,-0.08180000
2354,2020-04-01,2020-06-30,41.74000000,48.13000000,202004-202007,0.15309056
2354,2020-05-04,2020-07-31,47.96000000,48.25000000,202005-202008,0.00604671
2354,2020-06-01,2020-08-31,46.00000000,46.47000000,202006-202009,0.01021739
2354,2020-07-01,2020-09-30,48.55000000,45.84000000,202007-202010,-0.05581874
2354,2020-08-03,2020-10-30,47.98000000,44.60000000,202008-202011,-0.07044602
2354,2020-09-01,2020-11-30,47.18000000,46.82000000,202009-202012,-0.00763035
2354,2020-10-05,2020-12-31,45.40000000,47.53000000,202010-202101,0.04691630
2355,2016-02-01,2016-04-29,39.16000000,48.96000000,201602-201605,0.25025536
2355,2016-03-01,2016-05-31,45.52000000,53.76000000,201603-201606,0.18101933
2355,2016-04-01,2016-06-30,43.05000000,51.88000000,201604-201607,0.20511034
2355,2016-05-03,2016-07-29,48.29000000,52.41000000,201605-201608,0.08531787
2355,2016-06-01,2016-08-31,53.76000000,58.76000000,201606-201609,0.09300595
2355,2016-07-01,2016-09-30,51.06000000,54.25000000,201607-201610,0.06247552
2355,2016-08-01,2016-10-31,52.93000000,47.03000000,201608-201611,-0.11146798
2355,2016-09-01,2016-11-30,57.36000000,48.11000000,201609-201612,-0.16126220
2355,2016-10-03,2016-12-30,54.41000000,47.18000000,201610-201701,-0.13287999
2355,2016-11-01,2017-01-24,46.71000000,48.11000000,201611-201702,0.02997217
2355,2016-12-01,2017-02-24,47.65000000,47.72000000,201612-201703,0.00146905
2355,2017-01-03,2017-03-31,47.49000000,47.96000000,201701-201704,0.00989682
2356,2010-01-04,2010-03-31,7.69000000,7.33000000,201001-201004,-0.04681404
2356,2010-02-01,2010-04-30,7.21000000,7.37000000,201002-201005,0.02219140
2356,2010-03-01,2010-05-31,7.27000000,7.05000000,201003-201006,-0.03026135
2356,2010-04-01,2010-06-30,7.41000000,6.95000000,201004-201007,-0.06207827
2356,2010-05-03,2010-07-30,7.35000000,7.62000000,201005-201008,0.03673469
2356,2010-06-01,2010-08-31,6.97000000,7.06000000,201006-201009,0.01291248
2356,2010-07-01,2010-09-30,6.95000000,7.28000000,201007-201010,0.04748201
2356,2010-08-02,2010-10-29,7.66000000,7.21000000,201008-201011,-0.05874674
2356,2010-09-01,2010-11-30,6.94000000,7.01000000,201009-201012,0.01008646
2356,2010-10-01,2010-12-31,7.33000000,7.39000000,201010-201101,0.00818554
2356,2010-11-01,2011-01-28,7.21000000,7.64000000,201011-201102,0.05963939
2356,2010-12-01,2011-02-25,7.06000000,6.85000000,201012-201103,-0.02974504
2356,2011-01-03,2011-03-31,7.53000000,6.72000000,201101-201104,-0.10756972
2356,2011-02-08,2011-04-29,7.41000000,6.90000000,201102-201105,-0.06882591
2356,2011-03-01,2011-05-31,6.97000000,6.90000000,201103-201106,-0.01004304
2356,2011-04-01,2011-06-30,6.72000000,6.72000000,201104-201107,0.00000000
2356,2011-05-03,2011-07-29,6.88000000,6.80000000,201105-201108,-0.01162791
2356,2011-06-01,2011-08-31,6.88000000,5.26000000,201106-201109,-0.23546512
2356,2011-07-01,2011-09-30,6.77000000,5.38000000,201107-201110,-0.20531758
2356,2011-08-01,2011-10-31,7.06000000,5.24000000,201108-201111,-0.25779037
2356,2011-09-01,2011-11-30,5.31000000,4.85000000,201109-201112,-0.08662900
2356,2011-10-03,2011-12-30,5.28000000,5.33000000,201110-201201,0.00946970
2356,2011-11-01,2012-01-31,5.28000000,6.00000000,201111-201202,0.13636364
2356,2011-12-01,2012-02-29,5.12000000,6.73000000,201112-201203,0.31445313
2356,2012-01-02,2012-03-30,5.28000000,6.22000000,201201-201204,0.17803030
2356,2012-02-01,2012-04-30,6.05000000,5.40000000,201202-201205,-0.10743802
2356,2012-03-01,2012-05-31,6.61000000,4.77000000,201203-201206,-0.27836611
2356,2012-04-02,2012-06-29,6.12000000,4.63000000,201204-201207,-0.24346405
2356,2012-05-02,2012-07-31,5.69000000,4.61000000,201205-201208,-0.18980668
2356,2012-06-01,2012-08-31,4.68000000,5.03000000,201206-201209,0.07478632
2356,2012-07-02,2012-09-28,4.62000000,5.95000000,201207-201210,0.28787879
2356,2012-08-01,2012-10-31,4.62000000,5.13000000,201208-201211,0.11038961
2356,2012-09-03,2012-11-30,5.12000000,5.62000000,201209-201212,0.09765625
2356,2012-10-01,2012-12-28,5.90000000,5.72000000,201210-201301,-0.03050847
2356,2016-01-04,2016-03-31,13.05000000,12.61000000,201601-201604,-0.03371648
2356,2016-02-01,2016-04-29,14.78000000,13.20000000,201602-201605,-0.10690122
2356,2016-03-01,2016-05-31,14.71000000,13.42000000,201603-201606,-0.08769545
2356,2016-04-01,2016-06-30,12.64000000,14.13000000,201604-201607,0.11787975
2356,2016-05-03,2016-07-29,12.80000000,16.20000000,201605-201608,0.26562500
2356,2016-06-01,2016-08-31,13.79000000,15.41000000,201606-201609,0.11747643
2356,2016-07-01,2016-09-30,14.44000000,16.76000000,201607-201610,0.16066482
2356,2016-08-01,2016-10-31,16.23000000,16.17000000,201608-201611,-0.00369686
2356,2016-09-01,2016-11-30,15.02000000,14.11000000,201609-201612,-0.06058589
2356,2016-10-03,2016-12-30,16.85000000,14.47000000,201610-201701,-0.14124629
2356,2016-11-01,2017-01-24,16.27000000,15.38000000,201611-201702,-0.05470191
2356,2016-12-01,2017-02-24,14.14000000,14.92000000,201612-201703,0.05516266
2356,2017-01-03,2017-03-31,14.40000000,14.89000000,201701-201704,0.03402778
2356,2017-02-02,2017-04-28,15.05000000,14.69000000,201702-201705,-0.02392027
2356,2017-03-01,2017-05-31,14.79000000,14.63000000,201703-201706,-0.01081812
2356,2017-04-05,2017-06-30,14.47000000,16.23000000,201704-201707,0.12163096
2356,2017-05-02,2017-07-31,14.76000000,16.70000000,201705-201708,0.13143631
2356,2017-06-01,2017-08-31,14.89000000,16.57000000,201706-201709,0.11282740
2356,2017-07-03,2017-09-30,16.63000000,15.67000000,201707-201710,-0.05772700
2356,2017-08-01,2017-10-31,16.53000000,16.19000000,201708-201711,-0.02056866
2356,2017-09-01,2017-11-30,16.81000000,15.56000000,201709-201712,-0.07436050
2356,2017-10-02,2017-12-29,16.01000000,16.43000000,201710-201801,0.02623360
2356,2017-11-01,2018-01-31,16.19000000,16.46000000,201711-201802,0.01667696
2356,2017-12-01,2018-02-27,15.56000000,16.15000000,201712-201803,0.03791774
2356,2018-01-02,2018-03-31,16.77000000,16.01000000,201801-201804,-0.04531902
2356,2018-02-01,2018-04-30,16.36000000,15.60000000,201802-201805,-0.04645477
2356,2018-03-01,2018-05-31,16.15000000,16.77000000,201803-201806,0.03839009
2356,2018-04-02,2018-06-29,16.15000000,16.57000000,201804-201807,0.02600619
2356,2018-05-02,2018-07-31,15.77000000,18.14000000,201805-201808,0.15028535
2356,2018-06-01,2018-08-31,16.53000000,20.44000000,201806-201809,0.23653962
2356,2018-07-02,2018-09-28,16.43000000,20.33000000,201807-201810,0.23737066
2356,2018-08-01,2018-10-31,18.11000000,18.51000000,201808-201811,0.02208724
2356,2018-09-03,2018-11-30,20.30000000,16.40000000,201809-201812,-0.19211823
2356,2018-10-01,2018-12-28,19.96000000,16.36000000,201810-201901,-0.18036072
2356,2018-11-01,2019-01-30,18.85000000,17.55000000,201811-201902,-0.06896552
2356,2018-12-03,2019-02-27,16.85000000,17.66000000,201812-201903,0.04807122
2356,2019-01-02,2019-03-29,16.36000000,17.40000000,201901-201904,0.06356968
2356,2019-02-11,2019-04-30,17.48000000,18.40000000,201902-201905,0.05263158
2356,2019-03-04,2019-05-31,17.59000000,17.66000000,201903-201906,0.00397953
2356,2019-04-01,2019-06-28,17.59000000,18.33000000,201904-201907,0.04206936
2356,2019-05-02,2019-07-31,18.29000000,18.37000000,201905-201908,0.00437397
2356,2019-06-03,2019-08-30,17.14000000,16.95000000,201906-201909,-0.01108518
2356,2019-07-01,2019-09-27,18.74000000,16.87000000,201907-201910,-0.09978655
2356,2019-08-01,2019-10-31,18.33000000,17.42000000,201908-201911,-0.04964539
2356,2019-09-02,2019-11-29,16.99000000,18.02000000,201909-201912,0.06062390
2356,2019-10-01,2019-12-31,17.23000000,18.02000000,201910-202001,0.04585026
2356,2019-11-01,2020-01-31,17.39000000,18.10000000,201911-202002,0.04082806
2356,2019-12-02,2020-02-27,18.06000000,18.10000000,201912-202003,0.00221484
2356,2020-01-02,2020-03-31,18.10000000,18.37000000,202001-202004,0.01491713
2356,2020-02-03,2020-04-30,18.10000000,18.53000000,202002-202005,0.02375691
2356,2020-03-02,2020-05-29,17.90000000,19.24000000,202003-202006,0.07486034
2356,2020-04-01,2020-06-30,18.13000000,19.79000000,202004-202007,0.09156095
2356,2020-05-04,2020-07-31,18.21000000,20.68000000,202005-202008,0.13563976
2356,2020-06-01,2020-08-31,19.47000000,18.82000000,202006-202009,-0.03338469
2356,2020-07-01,2020-09-30,20.46000000,18.57000000,202007-202010,-0.09237537
2356,2020-08-03,2020-10-30,20.14000000,18.70000000,202008-202011,-0.07149950
2356,2020-09-01,2020-11-30,18.90000000,19.28000000,202009-202012,0.02010582
2356,2020-10-05,2020-12-31,18.24000000,19.85000000,202010-202101,0.08826754
2357,2010-01-04,2010-03-31,19.33000000,17.32000000,201001-201004,-0.10398345
2357,2010-02-01,2010-04-30,18.86000000,19.11000000,201002-201005,0.01325557
2357,2010-03-01,2010-05-17,17.89000000,15.79000000,201003-201006,-0.11738401
2357,2010-04-01,2010-06-30,17.42000000,75.02000000,201004-201007,3.30654420
2357,2010-05-03,2010-07-30,18.51000000,75.64000000,201005-201008,3.08643976
2357,2010-06-24,2010-08-31,75.33000000,66.87000000,201006-201009,-0.11230585
2357,2010-07-01,2010-09-30,69.85000000,70.16000000,201007-201010,0.00443808
2357,2010-08-02,2010-10-29,76.74000000,77.84000000,201008-201011,0.01433412
2357,2010-09-01,2010-11-30,66.72000000,82.53000000,201009-201012,0.23696043
2357,2010-10-01,2010-12-31,70.01000000,86.76000000,201010-201101,0.23925154
2357,2010-11-01,2011-01-28,78.62000000,82.06000000,201011-201102,0.04375477
2357,2010-12-01,2011-02-25,83.16000000,84.26000000,201012-201103,0.01322751
2357,2011-01-03,2011-03-31,85.35000000,79.72000000,201101-201104,-0.06596368
2357,2011-02-08,2011-04-29,82.06000000,80.81000000,201102-201105,-0.01523276
2357,2011-03-01,2011-05-31,86.45000000,93.97000000,201103-201106,0.08698670
2357,2011-04-01,2011-06-30,77.68000000,89.27000000,201104-201107,0.14920185
2357,2011-05-03,2011-07-29,82.38000000,92.84000000,201105-201108,0.12697257
2357,2011-06-01,2011-08-31,93.81000000,98.04000000,201106-201109,0.04509114
2357,2011-07-01,2011-09-30,89.58000000,92.44000000,201107-201110,0.03192677
2357,2011-08-01,2011-10-31,99.25000000,84.24000000,201108-201111,-0.15123426
2357,2011-09-01,2011-11-30,100.45000000,81.84000000,201109-201112,-0.18526630
2357,2011-10-03,2011-12-30,86.04000000,86.24000000,201110-201201,0.00232450
2357,2011-11-01,2012-01-31,83.04000000,93.64000000,201111-201202,0.12764933
2357,2011-12-01,2012-02-29,83.64000000,110.45000000,201112-201203,0.32054041
2357,2012-01-02,2012-03-30,86.04000000,111.45000000,201201-201204,0.29532775
2357,2012-02-01,2012-04-30,94.24000000,118.05000000,201202-201205,0.25265280
2357,2012-03-01,2012-05-31,114.65000000,119.65000000,201203-201206,0.04361099
2357,2012-04-02,2012-06-29,110.85000000,108.65000000,201204-201207,-0.01984664
2357,2012-05-02,2012-07-31,126.26000000,111.45000000,201205-201208,-0.11729764
2357,2012-06-01,2012-08-31,114.45000000,126.23000000,201206-201209,0.10292704
2357,2012-07-02,2012-09-28,109.65000000,134.46000000,201207-201210,0.22626539
2357,2012-08-01,2012-10-31,113.25000000,132.14000000,201208-201211,0.16679912
2357,2012-09-03,2012-11-30,127.49000000,135.30000000,201209-201212,0.06125971
2357,2012-10-01,2012-12-28,133.19000000,137.84000000,201210-201301,0.03491253
2357,2016-01-04,2016-03-31,136.59000000,150.67000000,201601-201604,0.10308222
2357,2016-02-01,2016-04-29,143.37000000,147.80000000,201602-201605,0.03089907
2357,2016-03-01,2016-05-31,142.33000000,145.98000000,201603-201606,0.02564463
2357,2016-04-01,2016-06-30,147.80000000,138.42000000,201604-201607,-0.06346414
2357,2016-05-03,2016-07-29,142.85000000,144.68000000,201605-201608,0.01281064
2357,2016-06-01,2016-08-31,145.46000000,147.83000000,201606-201609,0.01629314
2357,2016-07-01,2016-09-30,139.98000000,153.89000000,201607-201610,0.09937134
2357,2016-08-01,2016-10-31,148.06000000,152.24000000,201608-201611,0.02823180
2357,2016-09-01,2016-11-30,148.66000000,145.36000000,201609-201612,-0.02219830
2357,2016-10-03,2016-12-30,156.09000000,145.91000000,201610-201701,-0.06521878
2357,2016-11-01,2017-01-24,151.41000000,150.31000000,201611-201702,-0.00726504
2357,2016-12-01,2017-02-24,144.80000000,152.79000000,201612-201703,0.05517956
2357,2017-01-03,2017-03-31,147.01000000,165.18000000,201701-201704,0.12359703
2357,2017-02-02,2017-04-28,148.11000000,163.25000000,201702-201705,0.10222132
2357,2017-03-01,2017-05-31,151.14000000,156.92000000,201703-201706,0.03824269
2357,2017-04-05,2017-06-30,168.75000000,158.29000000,201704-201707,-0.06198519
2357,2017-05-02,2017-07-31,166.28000000,154.72000000,201705-201708,-0.06952129
2357,2017-06-01,2017-08-31,159.12000000,146.53000000,201706-201709,-0.07912267
2357,2017-07-03,2017-09-30,158.02000000,145.36000000,201707-201710,-0.08011644
2357,2017-08-01,2017-10-31,155.82000000,152.97000000,201708-201711,-0.01829034
2357,2017-09-01,2017-11-30,148.58000000,161.77000000,201709-201712,0.08877372
2357,2017-10-02,2017-12-29,144.77000000,163.82000000,201710-201801,0.13158804
2357,2017-11-01,2018-01-31,152.39000000,164.70000000,201711-201802,0.08077958
2357,2017-12-01,2018-02-27,158.25000000,162.35000000,201712-201803,0.02590837
2357,2018-01-02,2018-03-31,162.94000000,161.77000000,201801-201804,-0.00718056
2357,2018-02-01,2018-04-30,165.87000000,162.94000000,201802-201805,-0.01766444
2357,2018-03-01,2018-05-31,160.01000000,159.13000000,201803-201806,-0.00549966
2357,2018-04-02,2018-06-29,161.18000000,163.23000000,201804-201807,0.01271870
2357,2018-05-02,2018-07-31,163.52000000,163.42000000,201805-201808,-0.00061155
2357,2018-06-01,2018-08-31,162.65000000,162.18000000,201806-201809,-0.00288964
2357,2018-07-02,2018-09-28,160.01000000,163.73000000,201807-201810,0.02324855
2357,2018-08-01,2018-10-31,164.66000000,142.02000000,201808-201811,-0.13749545
2357,2018-09-03,2018-11-30,161.25000000,135.20000000,201809-201812,-0.16155039
2357,2018-10-01,2018-12-28,165.90000000,124.97000000,201810-201901,-0.24671489
2357,2018-11-01,2019-01-30,146.98000000,146.36000000,201811-201902,-0.00421826
2357,2018-12-03,2019-02-27,139.54000000,136.13000000,201812-201903,-0.02443744
2357,2019-01-02,2019-03-29,126.21000000,138.30000000,201901-201904,0.09579273
2357,2019-02-11,2019-04-30,142.02000000,146.36000000,201902-201905,0.03055908
2357,2019-03-04,2019-05-31,137.06000000,134.58000000,201903-201906,-0.01809427
2357,2019-04-01,2019-06-28,137.99000000,138.30000000,201904-201907,0.00224654
2357,2019-05-02,2019-07-31,147.91000000,147.20000000,201905-201908,-0.00480022
2357,2019-06-03,2019-08-30,133.65000000,135.26000000,201906-201909,0.01204639
2357,2019-07-01,2019-09-27,138.61000000,136.92000000,201907-201910,-0.01219248
2357,2019-08-01,2019-10-31,142.23000000,136.92000000,201908-201911,-0.03733390
2357,2019-09-02,2019-11-29,135.93000000,152.83000000,201909-201912,0.12432870
2357,2019-10-01,2019-12-31,131.95000000,153.50000000,201910-202001,0.16331944
2357,2019-11-01,2020-01-31,138.25000000,148.52000000,201911-202002,0.07428571
2357,2019-12-02,2020-02-27,151.84000000,136.59000000,201912-202003,-0.10043467
2357,2020-01-02,2020-03-31,153.83000000,135.59000000,202001-202004,-0.11857245
2357,2020-02-03,2020-04-30,146.87000000,134.27000000,202002-202005,-0.08579015
2357,2020-03-02,2020-05-29,133.94000000,139.57000000,202003-202006,0.04203375
2357,2020-04-01,2020-06-30,131.28000000,151.84000000,202004-202007,0.15661182
2357,2020-05-04,2020-07-31,131.62000000,152.20000000,202005-202008,0.15635922
2357,2020-06-01,2020-08-31,139.24000000,170.82000000,202006-202009,0.22680264
2357,2020-07-01,2020-09-30,151.84000000,178.21000000,202007-202010,0.17366965
2357,2020-08-03,2020-10-30,149.73000000,170.47000000,202008-202011,0.13851600
2357,2020-09-01,2020-11-30,173.28000000,175.04000000,202009-202012,0.01015697
2357,2020-10-05,2020-12-31,173.64000000,176.10000000,202010-202101,0.01416724
2360,2010-01-04,2010-03-31,40.77000000,39.29000000,201001-201004,-0.03630120
2360,2010-02-01,2010-04-30,36.44000000,38.60000000,201002-201005,0.05927552
2360,2010-03-01,2010-05-31,37.52000000,35.30000000,201003-201006,-0.05916844
2360,2010-04-01,2010-06-30,39.23000000,35.36000000,201004-201007,-0.09864899
2360,2010-05-03,2010-07-30,38.03000000,38.89000000,201005-201008,0.02261373
2360,2010-06-01,2010-08-31,34.96000000,44.52000000,201006-201009,0.27345538
2360,2010-07-01,2010-09-30,36.04000000,45.06000000,201007-201010,0.25027747
2360,2010-08-02,2010-10-29,38.89000000,47.66000000,201008-201011,0.22550784
2360,2010-09-01,2010-11-30,44.52000000,47.12000000,201009-201012,0.05840072
2360,2010-10-01,2010-12-31,44.82000000,52.68000000,201010-201101,0.17536814
2360,2010-11-01,2011-01-28,47.72000000,54.44000000,201011-201102,0.14082146
2360,2010-12-01,2011-02-25,49.48000000,53.35000000,201012-201103,0.07821342
2360,2011-01-03,2011-03-31,54.38000000,57.46000000,201101-201104,0.05663847
2360,2011-02-08,2011-04-29,54.50000000,57.16000000,201102-201105,0.04880734
2360,2011-03-01,2011-05-31,54.13000000,55.52000000,201103-201106,0.02567892
2360,2011-04-01,2011-06-30,55.95000000,55.28000000,201104-201107,-0.01197498
2360,2011-05-03,2011-07-29,54.98000000,47.60000000,201105-201108,-0.13423063
2360,2011-06-01,2011-08-31,56.55000000,48.06000000,201106-201109,-0.15013263
2360,2011-07-01,2011-09-30,55.65000000,41.50000000,201107-201110,-0.25426774
2360,2011-08-01,2011-10-31,47.80000000,39.66000000,201108-201111,-0.17029289
2360,2011-09-01,2011-11-30,47.08000000,42.02000000,201109-201112,-0.10747664
2360,2011-10-03,2011-12-30,40.71000000,39.00000000,201110-201201,-0.04200442
2360,2011-11-01,2012-01-31,42.42000000,44.45000000,201111-201202,0.04785479
2360,2011-12-01,2012-02-29,44.91000000,44.25000000,201112-201203,-0.01469606
2360,2012-01-02,2012-03-30,38.41000000,49.38000000,201201-201204,0.28560271
2360,2012-02-01,2012-04-30,43.47000000,43.73000000,201202-201205,0.00598114
2360,2012-03-01,2012-05-31,45.90000000,44.06000000,201203-201206,-0.04008715
2360,2012-04-02,2012-06-29,49.70000000,44.45000000,201204-201207,-0.10563380
2360,2012-05-02,2012-07-31,44.32000000,45.61000000,201205-201208,0.02910650
2360,2012-06-01,2012-08-31,43.47000000,42.61000000,201206-201209,-0.01978376
2360,2012-07-02,2012-09-28,45.17000000,42.00000000,201207-201210,-0.07017932
2360,2012-08-01,2012-10-31,45.88000000,37.85000000,201208-201211,-0.17502180
2360,2012-09-03,2012-11-30,42.54000000,45.61000000,201209-201212,0.07216737
2360,2012-10-01,2012-12-28,42.07000000,44.04000000,201210-201301,0.04682672
2360,2016-01-04,2016-03-31,48.99000000,52.48000000,201601-201604,0.07123903
2360,2016-02-01,2016-04-29,49.67000000,54.30000000,201602-201605,0.09321522
2360,2016-03-01,2016-05-31,56.04000000,59.31000000,201603-201606,0.05835118
2360,2016-04-01,2016-06-30,52.63000000,58.24000000,201604-201607,0.10659320
2360,2016-05-03,2016-07-29,54.60000000,61.05000000,201605-201608,0.11813187
2360,2016-06-01,2016-08-31,59.08000000,63.87000000,201606-201609,0.08107651
2360,2016-07-01,2016-09-30,58.02000000,65.66000000,201607-201610,0.13167873
2360,2016-08-01,2016-10-31,62.42000000,62.39000000,201608-201611,-0.00048062
2360,2016-09-01,2016-11-30,61.14000000,61.53000000,201609-201612,0.00637880
2360,2016-10-03,2016-12-30,66.83000000,58.73000000,201610-201701,-0.12120305
2360,2016-11-01,2017-01-24,62.47000000,63.79000000,201611-201702,0.02113014
2360,2016-12-01,2017-02-24,60.99000000,73.06000000,201612-201703,0.19790130
2360,2017-01-03,2017-03-31,59.27000000,71.58000000,201701-201704,0.20769361
2360,2017-02-02,2017-04-28,65.51000000,73.53000000,201702-201705,0.12242406
2360,2017-03-01,2017-05-31,71.35000000,73.45000000,201703-201706,0.02943238
2360,2017-04-05,2017-06-30,72.28000000,76.33000000,201704-201707,0.05603210
2360,2017-05-02,2017-07-31,71.74000000,76.86000000,201705-201708,0.07136883
2360,2017-06-01,2017-08-31,73.22000000,83.30000000,201706-201709,0.13766730
2360,2017-07-03,2017-09-30,74.15000000,84.91000000,201707-201710,0.14511126
2360,2017-08-01,2017-10-31,76.30000000,118.31000000,201708-201711,0.55058978
2360,2017-09-01,2017-11-30,81.69000000,142.05000000,201709-201712,0.73889093
2360,2017-10-02,2017-12-29,88.53000000,130.38000000,201710-201801,0.47272111
2360,2017-11-01,2018-01-31,114.69000000,133.60000000,201711-201802,0.16487924
2360,2017-12-01,2018-02-27,135.21000000,128.77000000,201712-201803,-0.04762961
2360,2018-01-02,2018-03-31,128.37000000,136.01000000,201801-201804,0.05951546
2360,2018-02-01,2018-04-30,134.40000000,120.72000000,201802-201805,-0.10178571
2360,2018-03-01,2018-05-31,129.17000000,120.32000000,201803-201806,-0.06851436
2360,2018-04-02,2018-06-29,137.22000000,131.99000000,201804-201807,-0.03811398
2360,2018-05-02,2018-07-31,127.56000000,142.74000000,201805-201808,0.11900282
2360,2018-06-01,2018-08-31,126.36000000,140.26000000,201806-201809,0.11000317
2360,2018-07-02,2018-09-28,131.99000000,121.23000000,201807-201810,-0.08152133
2360,2018-08-01,2018-10-31,156.81000000,89.78000000,201808-201811,-0.42745998
2360,2018-09-03,2018-11-30,137.36000000,98.47000000,201809-201812,-0.28312464
2360,2018-10-01,2018-12-28,120.81000000,97.64000000,201810-201901,-0.19178876
2360,2018-11-01,2019-01-30,95.99000000,99.30000000,201811-201902,0.03448276
2360,2018-12-03,2019-02-27,107.99000000,105.92000000,201812-201903,-0.01916844
2360,2019-01-02,2019-03-29,97.64000000,121.23000000,201901-201904,0.24160180
2360,2019-02-11,2019-04-30,100.54000000,122.05000000,201902-201905,0.21394470
2360,2019-03-04,2019-05-31,108.40000000,107.57000000,201903-201906,-0.00765683
2360,2019-04-01,2019-06-28,123.30000000,114.19000000,201904-201907,-0.07388483
2360,2019-05-02,2019-07-31,134.05000000,124.91000000,201905-201908,-0.06818351
2360,2019-06-03,2019-08-30,110.47000000,129.16000000,201906-201909,0.16918620
2360,2019-07-01,2019-09-27,119.57000000,124.91000000,201907-201910,0.04466003
2360,2019-08-01,2019-10-31,121.94000000,129.59000000,201908-201911,0.06273577
2360,2019-09-02,2019-11-29,134.26000000,118.54000000,201909-201912,-0.11708625
2360,2019-10-01,2019-12-31,130.01000000,123.21000000,201910-202001,-0.05230367
2360,2019-11-01,2020-01-31,121.51000000,127.89000000,201911-202002,0.05250597
2360,2019-12-02,2020-02-27,118.54000000,120.66000000,201912-202003,0.01788426
2360,2020-01-02,2020-03-31,124.06000000,105.79000000,202001-202004,-0.14726745
2360,2020-02-03,2020-04-30,124.06000000,118.12000000,202002-202005,-0.04788006
2360,2020-03-02,2020-05-29,120.66000000,111.32000000,202003-202006,-0.07740759
2360,2020-04-01,2020-06-30,103.67000000,128.74000000,202004-202007,0.24182502
2360,2020-05-04,2020-07-31,118.54000000,142.09000000,202005-202008,0.19866712
2360,2020-06-01,2020-08-31,115.14000000,139.07000000,202006-202009,0.20783394
2360,2020-07-01,2020-09-30,127.46000000,132.16000000,202007-202010,0.03687431
2360,2020-08-03,2020-10-30,145.11000000,117.47000000,202008-202011,-0.19047619
2360,2020-09-01,2020-11-30,140.79000000,129.57000000,202009-202012,-0.07969316
2360,2020-10-05,2020-12-31,136.48000000,145.11000000,202010-202101,0.06323271
2362,2010-01-04,2010-03-31,28.41000000,36.47000000,201001-201004,0.28370292
2362,2010-02-01,2010-04-30,29.71000000,37.34000000,201002-201005,0.25681589
2362,2010-03-01,2010-05-31,34.85000000,33.55000000,201003-201006,-0.03730273
2362,2010-04-01,2010-06-30,37.88000000,36.69000000,201004-201007,-0.03141499
2362,2010-05-03,2010-07-30,36.58000000,37.29000000,201005-201008,0.01940951
2362,2010-06-01,2010-08-31,32.47000000,36.80000000,201006-201009,0.13335387
2362,2010-07-01,2010-09-30,35.19000000,39.34000000,201007-201010,0.11793123
2362,2010-08-02,2010-10-29,37.90000000,37.35000000,201008-201011,-0.01451187
2362,2010-09-01,2010-11-30,36.85000000,36.63000000,201009-201012,-0.00597015
2362,2010-10-01,2010-12-31,39.29000000,37.35000000,201010-201101,-0.04937643
2362,2010-11-01,2011-01-28,37.02000000,35.41000000,201011-201102,-0.04349001
2362,2010-12-01,2011-02-25,37.24000000,28.28000000,201012-201103,-0.24060150
2362,2011-01-03,2011-03-31,37.90000000,32.98000000,201101-201104,-0.12981530
2362,2011-02-08,2011-04-29,35.58000000,36.24000000,201102-201105,0.01854975
2362,2011-03-01,2011-05-31,29.05000000,31.43000000,201103-201106,0.08192771
2362,2011-04-01,2011-06-30,33.59000000,30.82000000,201104-201107,-0.08246502
2362,2011-05-03,2011-07-29,34.58000000,31.67000000,201105-201108,-0.08415269
2362,2011-06-01,2011-08-31,31.54000000,26.48000000,201106-201109,-0.16043120
2362,2011-07-01,2011-09-30,30.99000000,29.25000000,201107-201110,-0.05614714
2362,2011-08-01,2011-10-31,32.57000000,29.98000000,201108-201111,-0.07952103
2362,2011-09-01,2011-11-30,26.37000000,25.39000000,201109-201112,-0.03716344
2362,2011-10-03,2011-12-30,28.46000000,26.99000000,201110-201201,-0.05165144
2362,2011-11-01,2012-01-31,30.26000000,28.17000000,201111-201202,-0.06906808
2362,2011-12-01,2012-02-29,26.94000000,29.75000000,201112-201203,0.10430586
2362,2012-01-02,2012-03-30,26.82000000,27.30000000,201201-201204,0.01789709
2362,2012-02-01,2012-04-30,28.03000000,25.70000000,201202-201205,-0.08312522
2362,2012-03-01,2012-05-31,29.75000000,24.12000000,201203-201206,-0.18924370
2362,2012-04-02,2012-06-29,26.94000000,24.17000000,201204-201207,-0.10282108
2362,2012-05-02,2012-07-31,26.09000000,23.09000000,201205-201208,-0.11498658
2362,2012-06-01,2012-08-31,22.96000000,23.01000000,201206-201209,0.00217770
2362,2012-07-02,2012-09-28,24.17000000,25.37000000,201207-201210,0.04964832
2362,2012-08-01,2012-10-31,23.15000000,22.31000000,201208-201211,-0.03628510
2362,2012-09-03,2012-11-30,23.06000000,22.25000000,201209-201212,-0.03512576
2362,2012-10-01,2012-12-28,25.55000000,21.24000000,201210-201301,-0.16868885
2371,2010-01-04,2010-03-31,20.07000000,19.21000000,201001-201004,-0.04285002
2371,2010-02-01,2010-04-30,17.39000000,16.35000000,201002-201005,-0.05980449
2371,2010-03-01,2010-05-31,17.29000000,14.94000000,201003-201006,-0.13591671
2371,2010-04-01,2010-06-30,19.46000000,14.41000000,201004-201007,-0.25950668
2371,2010-05-03,2010-07-30,16.02000000,14.76000000,201005-201008,-0.07865169
2371,2010-06-01,2010-08-31,14.68000000,13.55000000,201006-201009,-0.07697548
2371,2010-07-01,2010-09-30,14.08000000,15.57000000,201007-201010,0.10582386
2371,2010-08-02,2010-10-29,14.86000000,18.25000000,201008-201011,0.22812921
2371,2010-09-01,2010-11-30,13.47000000,18.40000000,201009-201012,0.36599852
2371,2010-10-01,2010-12-31,16.66000000,19.92000000,201010-201101,0.19567827
2371,2010-11-01,2011-01-28,18.35000000,17.24000000,201011-201102,-0.06049046
2371,2010-12-01,2011-02-25,19.66000000,17.46000000,201012-201103,-0.11190234
2371,2011-01-03,2011-03-23,20.22000000,17.06000000,201101-201104,-0.15628091
2371,2011-02-08,2011-04-29,16.05000000,15.28000000,201102-201105,-0.04797508
2371,2011-03-01,2011-05-31,17.79000000,14.38000000,201103-201106,-0.19168072
2371,2011-04-11,2011-06-30,17.57000000,14.16000000,201104-201107,-0.19408082
2371,2011-05-03,2011-07-29,14.80000000,15.76000000,201105-201108,0.06486486
2371,2011-06-01,2011-08-31,14.70000000,13.31000000,201106-201109,-0.09455782
2371,2011-07-01,2011-09-30,14.27000000,12.14000000,201107-201110,-0.14926419
2371,2011-08-01,2011-10-31,16.83000000,11.34000000,201108-201111,-0.32620321
2371,2011-09-01,2011-11-30,13.63000000,8.85000000,201109-201112,-0.35069699
2371,2011-10-03,2011-12-30,11.71000000,8.10000000,201110-201201,-0.30828352
2371,2011-11-01,2012-01-31,11.23000000,8.96000000,201111-201202,-0.20213713
2371,2011-12-01,2012-02-29,9.17000000,10.56000000,201112-201203,0.15158124
2371,2012-01-02,2012-03-30,7.84000000,9.15000000,201201-201204,0.16709184
2371,2012-02-01,2012-04-30,9.08000000,8.52000000,201202-201205,-0.06167401
2371,2012-03-01,2012-05-31,10.53000000,6.98000000,201203-201206,-0.33713200
2371,2012-04-02,2012-06-29,9.17000000,6.77000000,201204-201207,-0.26172301
2371,2017-01-03,2017-03-31,10.23000000,13.84000000,201701-201704,0.35288368
2371,2017-02-02,2017-04-28,19.54000000,11.77000000,201702-201705,-0.39764585
2371,2017-03-01,2017-05-31,16.29000000,10.92000000,201703-201706,-0.32965009
2371,2017-04-05,2017-06-30,12.94000000,14.00000000,201704-201707,0.08191654
2371,2017-06-01,2017-08-31,10.86000000,14.86000000,201706-201709,0.36832413
2371,2017-07-03,2017-09-30,13.95000000,13.52000000,201707-201710,-0.03082437
2371,2017-08-01,2017-10-31,12.99000000,14.80000000,201708-201711,0.13933795
2371,2017-09-01,2017-11-30,14.70000000,19.01000000,201709-201712,0.29319728
2371,2017-10-02,2017-12-29,13.47000000,19.96000000,201710-201801,0.48181143
2371,2017-11-01,2018-01-31,15.02000000,24.84000000,201711-201802,0.65379494
2371,2017-12-01,2018-02-27,18.69000000,26.30000000,201712-201803,0.40716961
2371,2018-01-02,2018-03-31,20.06000000,23.13000000,201801-201804,0.15304088
2371,2018-02-01,2018-04-30,24.79000000,23.13000000,201802-201805,-0.06696248
2371,2018-03-01,2018-05-31,26.19000000,23.44000000,201803-201806,-0.10500191
2371,2018-04-02,2018-06-29,23.07000000,28.17000000,201804-201807,0.22106632
2371,2018-05-02,2018-07-31,22.71000000,40.53000000,201805-201808,0.78467635
2371,2018-06-01,2018-08-31,23.96000000,38.98000000,201806-201809,0.62687813
2371,2018-07-02,2018-09-28,28.06000000,41.89000000,201807-201810,0.49287242
2371,2018-08-01,2018-10-31,40.07000000,37.42000000,201808-201811,-0.06613427
2371,2018-09-03,2018-11-30,37.88000000,42.09000000,201809-201812,0.11114044
2371,2018-10-01,2018-12-28,38.66000000,26.92000000,201810-201901,-0.30367305
2371,2018-11-01,2019-01-30,38.66000000,27.96000000,201811-201902,-0.27677186
2371,2018-12-03,2019-02-27,41.11000000,27.85000000,201812-201903,-0.32254926
2371,2019-01-02,2019-03-29,27.02000000,25.26000000,201901-201904,-0.06513694
2371,2019-02-11,2019-04-30,26.82000000,24.74000000,201902-201905,-0.07755406
2371,2019-03-04,2019-05-31,27.85000000,22.61000000,201903-201906,-0.18815081
2371,2019-04-01,2019-06-28,25.10000000,19.49000000,201904-201907,-0.22350598
2371,2019-05-02,2019-07-31,24.42000000,20.99000000,201905-201908,-0.14045864
2371,2019-06-03,2019-08-30,22.35000000,17.51000000,201906-201909,-0.21655481
2371,2019-07-01,2019-09-27,20.63000000,17.67000000,201907-201910,-0.14348037
2371,2019-08-01,2019-10-31,19.90000000,19.02000000,201908-201911,-0.04422111
2371,2019-09-02,2019-11-29,18.03000000,22.92000000,201909-201912,0.27121464
2371,2019-10-01,2019-12-31,17.36000000,21.83000000,201910-202001,0.25748848
2371,2019-11-01,2020-01-31,18.97000000,20.37000000,201911-202002,0.07380074
2371,2019-12-02,2020-02-27,22.76000000,21.88000000,201912-202003,-0.03866432
2371,2020-01-02,2020-03-31,21.88000000,20.37000000,202001-202004,-0.06901280
2371,2020-02-03,2020-04-30,20.01000000,22.35000000,202002-202005,0.11694153
2371,2020-03-02,2020-05-29,21.98000000,21.57000000,202003-202006,-0.01865332
2371,2020-04-01,2020-06-30,21.72000000,21.83000000,202004-202007,0.00506446
2371,2020-05-04,2020-07-31,21.62000000,16.63000000,202005-202008,-0.23080481
2371,2020-06-01,2020-08-31,21.98000000,17.88000000,202006-202009,-0.18653321
2371,2020-07-01,2020-09-30,19.64000000,17.46000000,202007-202010,-0.11099796
2371,2020-08-03,2020-10-30,14.97000000,21.88000000,202008-202011,0.46158985
2371,2020-09-01,2020-11-30,18.19000000,21.88000000,202009-202012,0.20285871
2371,2020-10-05,2020-12-31,17.36000000,27.49000000,202010-202101,0.58352535
2373,2010-08-02,2010-10-29,37.45000000,35.94000000,201008-201011,-0.04032043
2374,2010-01-04,2010-03-31,41.68000000,35.50000000,201001-201004,-0.14827255
2374,2010-02-01,2010-04-30,38.99000000,36.44000000,201002-201005,-0.06540138
2374,2010-03-01,2010-05-31,36.64000000,32.57000000,201003-201006,-0.11108079
2374,2010-04-01,2010-06-30,36.03000000,32.20000000,201004-201007,-0.10630031
2374,2010-05-03,2010-07-30,36.77000000,34.85000000,201005-201008,-0.05221648
2374,2010-06-01,2010-08-31,32.54000000,35.06000000,201006-201009,0.07744315
2374,2010-07-01,2010-09-30,32.34000000,36.69000000,201007-201010,0.13450835
2374,2010-08-02,2010-10-29,35.38000000,36.05000000,201008-201011,0.01893725
2374,2010-09-01,2010-11-30,35.42000000,35.42000000,201009-201012,0.00000000
2374,2010-10-01,2010-12-31,37.19000000,35.49000000,201010-201101,-0.04571121
2374,2010-11-01,2011-01-28,36.05000000,35.35000000,201011-201102,-0.01941748
2376,2010-02-01,2010-04-30,11.68000000,13.32000000,201002-201005,0.14041096
2376,2010-03-01,2010-05-31,11.39000000,12.88000000,201003-201006,0.13081651
2376,2010-04-01,2010-06-30,11.95000000,12.06000000,201004-201007,0.00920502
2376,2010-05-03,2010-07-30,13.25000000,12.90000000,201005-201008,-0.02641509
2376,2010-06-01,2010-08-31,13.00000000,10.78000000,201006-201009,-0.17076923
2376,2010-07-01,2010-09-30,12.10000000,12.53000000,201007-201010,0.03553719
2376,2016-01-04,2016-03-31,21.77000000,21.65000000,201601-201604,-0.00551217
2376,2016-02-01,2016-04-29,20.98000000,21.04000000,201602-201605,0.00285987
2376,2016-04-01,2016-06-30,21.50000000,23.33000000,201604-201607,0.08511628
2376,2016-05-03,2016-07-29,20.70000000,26.38000000,201605-201608,0.27439614
2376,2016-06-01,2016-08-31,22.93000000,28.47000000,201606-201609,0.24160488
2376,2016-07-01,2016-09-30,23.54000000,27.10000000,201607-201610,0.15123195
2376,2016-08-01,2016-10-31,27.59000000,27.07000000,201608-201611,-0.01884741
2376,2016-09-01,2016-11-30,27.78000000,27.49000000,201609-201612,-0.01043916
2376,2016-10-03,2016-12-30,26.94000000,28.08000000,201610-201701,0.04231626
2376,2016-11-01,2017-01-24,27.03000000,26.71000000,201611-201702,-0.01183870
2376,2016-12-01,2017-02-24,27.07000000,27.88000000,201612-201703,0.02992242
2376,2017-01-03,2017-03-31,27.88000000,27.29000000,201701-201704,-0.02116212
2376,2017-02-02,2017-04-28,26.74000000,26.02000000,201702-201705,-0.02692595
2376,2017-03-01,2017-05-31,27.68000000,25.27000000,201703-201706,-0.08706647
2376,2017-04-05,2017-06-30,27.82000000,26.71000000,201704-201707,-0.03989935
2376,2017-12-01,2018-02-27,33.28000000,48.89000000,201712-201803,0.46905048
2376,2018-01-02,2018-03-31,36.72000000,46.46000000,201801-201804,0.26525054
2376,2018-02-01,2018-04-30,49.87000000,45.49000000,201802-201805,-0.08782835
2376,2018-03-01,2018-05-31,49.24000000,55.02000000,201803-201806,0.11738424
2376,2018-04-02,2018-06-29,47.09000000,46.88000000,201804-201807,-0.00445955
2376,2018-05-02,2018-07-31,45.00000000,45.62000000,201805-201808,0.01377778
2376,2018-06-01,2018-08-31,55.57000000,38.93000000,201806-201809,-0.29944215
2376,2018-07-02,2018-09-28,46.11000000,35.81000000,201807-201810,-0.22337888
2376,2018-08-01,2018-10-31,45.62000000,30.05000000,201808-201811,-0.34129768
2376,2018-09-03,2018-11-30,38.64000000,28.87000000,201809-201812,-0.25284679
2376,2018-10-01,2018-12-28,36.56000000,29.87000000,201810-201901,-0.18298687
2376,2018-11-01,2019-01-30,31.58000000,29.83000000,201811-201902,-0.05541482
2376,2018-12-03,2019-02-27,30.54000000,35.59000000,201812-201903,0.16535691
2376,2019-01-02,2019-03-29,29.27000000,36.48000000,201901-201904,0.24632730
2376,2019-02-11,2019-04-30,30.28000000,36.89000000,201902-201905,0.21829590
2376,2019-03-04,2019-05-31,36.33000000,33.99000000,201903-201906,-0.06440958
2376,2019-04-01,2019-06-28,36.63000000,39.53000000,201904-201907,0.07917008
2376,2019-05-02,2019-07-31,37.22000000,36.84000000,201905-201908,-0.01020956
2376,2019-06-03,2019-08-30,33.36000000,41.56000000,201906-201909,0.24580336
2376,2019-07-01,2019-09-27,39.97000000,39.08000000,201907-201910,-0.02226670
2376,2019-08-01,2019-10-31,35.85000000,40.06000000,201908-201911,0.11743375
2376,2019-09-02,2019-11-29,40.46000000,39.59000000,201909-201912,-0.02150272
2376,2019-10-01,2019-12-31,38.92000000,39.12000000,201910-202001,0.00513875
2376,2019-11-01,2020-01-31,40.30000000,40.30000000,201911-202002,0.00000000
2376,2019-12-02,2020-02-27,39.91000000,41.01000000,201912-202003,0.02756201
2376,2020-01-02,2020-03-31,39.36000000,40.14000000,202001-202004,0.01981707
2376,2020-02-03,2020-04-30,40.22000000,40.93000000,202002-202005,0.01765291
2376,2020-03-02,2020-05-29,41.09000000,46.44000000,202003-202006,0.13020200
2376,2020-04-01,2020-06-30,41.32000000,51.56000000,202004-202007,0.24782188
2376,2020-05-04,2020-07-31,40.30000000,68.15000000,202005-202008,0.69106700
2376,2020-06-01,2020-08-31,48.49000000,68.88000000,202006-202009,0.42049907
2376,2020-07-01,2020-09-30,53.60000000,61.26000000,202007-202010,0.14291045
2376,2020-08-03,2020-10-30,66.94000000,58.25000000,202008-202011,-0.12981775
2376,2020-09-01,2020-11-30,69.53000000,63.69000000,202009-202012,-0.08399252
2376,2020-10-05,2020-12-31,62.72000000,63.12000000,202010-202101,0.00637755
2377,2010-01-04,2010-03-31,9.29000000,8.72000000,201001-201004,-0.06135630
2377,2010-02-01,2010-04-30,8.77000000,8.59000000,201002-201005,-0.02052452
2377,2010-03-01,2010-05-31,8.57000000,7.96000000,201003-201006,-0.07117853
2377,2010-04-01,2010-06-30,8.79000000,7.48000000,201004-201007,-0.14903299
2377,2010-05-03,2010-07-30,8.55000000,7.83000000,201005-201008,-0.08421053
2377,2010-06-01,2010-08-31,7.89000000,7.08000000,201006-201009,-0.10266160
2377,2016-01-04,2016-03-31,28.95000000,31.46000000,201601-201604,0.08670121
2377,2016-02-01,2016-04-29,26.16000000,32.70000000,201602-201605,0.25000000
2377,2016-03-01,2016-05-31,28.76000000,33.02000000,201603-201606,0.14812239
2377,2016-04-01,2016-06-30,31.24000000,37.52000000,201604-201607,0.20102433
2377,2016-05-03,2016-07-29,32.51000000,44.19000000,201605-201608,0.35927407
2377,2016-06-01,2016-08-31,33.40000000,51.17000000,201606-201609,0.53203593
2377,2016-07-01,2016-09-30,36.83000000,54.51000000,201607-201610,0.48004344
2377,2016-08-01,2016-10-31,44.38000000,60.80000000,201608-201611,0.36998648
2377,2016-09-01,2016-11-30,50.50000000,56.85000000,201609-201612,0.12574257
2377,2016-10-03,2016-12-30,53.91000000,49.23000000,201610-201701,-0.08681135
2377,2016-11-01,2017-01-24,59.53000000,50.56000000,201611-201702,-0.15068033
2377,2016-12-01,2017-02-24,54.98000000,47.55000000,201612-201703,-0.13514005
2377,2017-01-03,2017-03-31,49.83000000,47.22000000,201701-201704,-0.05237809
2377,2017-02-02,2017-04-28,49.36000000,40.46000000,201702-201705,-0.18030794
2377,2017-03-01,2017-05-31,46.35000000,46.82000000,201703-201706,0.01014024
2377,2017-04-05,2017-06-30,47.35000000,47.29000000,201704-201707,-0.00126716
2377,2017-05-02,2017-07-31,42.34000000,52.44000000,201705-201708,0.23854511
2377,2017-06-01,2017-08-31,47.22000000,48.89000000,201706-201709,0.03536637
2377,2017-07-03,2017-09-30,47.15000000,46.68000000,201707-201710,-0.00996819
2377,2017-08-01,2017-10-31,53.44000000,52.30000000,201708-201711,-0.02133234
2377,2017-09-01,2017-11-30,49.03000000,52.16000000,201709-201712,0.06383847
2377,2017-10-02,2017-12-29,46.82000000,54.51000000,201710-201801,0.16424605
2377,2017-11-01,2018-01-31,52.44000000,68.53000000,201711-201802,0.30682685
2377,2017-12-01,2018-02-27,50.45000000,60.84000000,201712-201803,0.20594648
2377,2018-01-02,2018-03-31,56.86000000,67.74000000,201801-201804,0.19134717
2377,2018-02-01,2018-04-30,67.39000000,66.46000000,201802-201805,-0.01380027
2377,2018-03-01,2018-05-31,63.97000000,88.95000000,201803-201806,0.39049554
2377,2018-04-02,2018-06-29,72.23000000,67.03000000,201804-201807,-0.07199225
2377,2018-05-02,2018-07-31,66.96000000,74.72000000,201805-201808,0.11589008
2377,2018-06-01,2018-08-31,90.02000000,79.36000000,201806-201809,-0.11841813
2377,2018-07-02,2018-09-28,67.10000000,61.48000000,201807-201810,-0.08375559
2377,2018-08-01,2018-10-31,78.63000000,50.89000000,201808-201811,-0.35279156
2377,2018-09-03,2018-11-30,80.10000000,54.02000000,201809-201812,-0.32559301
2377,2018-10-01,2018-12-28,62.67000000,56.93000000,201810-201901,-0.09159087
2377,2018-11-01,2019-01-30,52.53000000,55.22000000,201811-201902,0.05120883
2377,2018-12-03,2019-02-27,56.04000000,60.95000000,201812-201903,0.08761599
2377,2019-01-02,2019-03-29,57.38000000,64.46000000,201901-201904,0.12338794
2377,2019-02-11,2019-04-30,56.48000000,63.79000000,201902-201905,0.12942635
2377,2019-03-04,2019-05-31,62.97000000,61.55000000,201903-201906,-0.02255042
2377,2019-04-01,2019-06-28,65.50000000,65.57000000,201904-201907,0.00106870
2377,2019-05-02,2019-07-31,63.34000000,65.43000000,201905-201908,0.03299653
2377,2019-06-03,2019-08-30,61.85000000,66.17000000,201906-201909,0.06984640
2377,2019-07-01,2019-09-27,66.69000000,71.30000000,201907-201910,0.06912581
2377,2019-08-01,2019-10-31,64.90000000,71.07000000,201908-201911,0.09506934
2377,2019-09-02,2019-11-29,66.57000000,66.25000000,201909-201912,-0.00480697
2377,2019-10-01,2019-12-31,70.91000000,68.46000000,201910-202001,-0.03455084
2377,2019-11-01,2020-01-31,71.38000000,73.28000000,201911-202002,0.02661810
2377,2019-12-02,2020-02-27,66.17000000,71.70000000,201912-202003,0.08357262
2377,2020-01-02,2020-03-31,70.20000000,70.04000000,202001-202004,-0.00227920
2377,2020-02-03,2020-04-30,72.88000000,73.43000000,202002-202005,0.00754665
2377,2020-03-02,2020-05-29,71.46000000,79.75000000,202003-202006,0.11600896
2377,2020-04-01,2020-06-30,70.59000000,84.88000000,202004-202007,0.20243661
2377,2020-05-04,2020-07-31,71.46000000,103.05000000,202005-202008,0.44206549
2377,2020-06-01,2020-08-31,81.73000000,110.10000000,202006-202009,0.34711856
2377,2020-07-01,2020-09-30,88.44000000,108.07000000,202007-202010,0.22195839
2377,2020-08-03,2020-10-30,103.44000000,93.44000000,202008-202011,-0.09667440
2377,2020-09-01,2020-11-30,109.69000000,101.57000000,202009-202012,-0.07402680
2377,2020-10-05,2020-12-31,106.03000000,107.66000000,202010-202101,0.01537301
2379,2010-01-04,2010-03-31,43.10000000,39.51000000,201001-201004,-0.08329466
2379,2010-02-01,2010-04-30,38.77000000,39.51000000,201002-201005,0.01908692
2379,2010-03-01,2010-05-31,39.97000000,35.73000000,201003-201006,-0.10607956
2379,2010-04-01,2010-06-30,39.69000000,32.78000000,201004-201007,-0.17409927
2379,2010-05-03,2010-07-30,38.26000000,33.70000000,201005-201008,-0.11918453
2379,2010-06-01,2010-08-31,35.04000000,31.11000000,201006-201009,-0.11215753
2379,2010-07-01,2010-09-30,32.32000000,35.48000000,201007-201010,0.09777228
2379,2010-08-02,2010-10-29,33.88000000,35.68000000,201008-201011,0.05312869
2379,2010-09-01,2010-11-30,30.96000000,35.04000000,201009-201012,0.13178295
2379,2010-10-01,2010-12-31,35.43000000,34.20000000,201010-201101,-0.03471634
2379,2010-11-01,2011-01-28,35.83000000,33.61000000,201011-201102,-0.06195925
2379,2010-12-01,2011-02-25,35.14000000,28.60000000,201012-201103,-0.18611269
2379,2011-01-03,2011-03-31,33.71000000,25.95000000,201101-201104,-0.23019875
2379,2011-02-08,2011-04-29,32.29000000,28.01000000,201102-201105,-0.13254878
2379,2011-03-01,2011-05-31,28.60000000,31.60000000,201103-201106,0.10489510
2379,2011-04-01,2011-06-30,26.44000000,27.23000000,201104-201107,0.02987897
2379,2011-05-03,2011-07-29,28.75000000,25.85000000,201105-201108,-0.10086957
2379,2011-06-01,2011-08-31,31.80000000,23.81000000,201106-201109,-0.25125786
2379,2011-07-01,2011-09-30,26.49000000,27.31000000,201107-201110,0.03095508
2379,2011-08-01,2011-10-31,26.09000000,26.68000000,201108-201111,0.02261403
2379,2011-09-01,2011-11-30,23.37000000,23.05000000,201109-201112,-0.01369277
2379,2011-10-03,2011-12-30,26.63000000,23.34000000,201110-201201,-0.12354487
2379,2011-11-01,2012-01-31,26.84000000,28.84000000,201111-201202,0.07451565
2379,2011-12-01,2012-02-29,24.66000000,32.84000000,201112-201203,0.33171127
2379,2012-01-02,2012-03-30,22.76000000,28.37000000,201201-201204,0.24648506
2379,2012-02-01,2012-04-30,28.89000000,33.37000000,201202-201205,0.15507096
2379,2012-03-01,2012-05-31,33.16000000,31.26000000,201203-201206,-0.05729795
2379,2012-04-02,2012-06-29,27.73000000,28.47000000,201204-201207,0.02668590
2379,2012-05-02,2012-07-31,34.79000000,27.42000000,201205-201208,-0.21184248
2379,2012-06-01,2012-08-31,29.58000000,31.21000000,201206-201209,0.05510480
2379,2012-07-02,2012-09-28,28.63000000,32.15000000,201207-201210,0.12294796
2379,2012-08-01,2012-10-31,27.89000000,30.43000000,201208-201211,0.09107207
2379,2012-09-03,2012-11-30,32.65000000,32.42000000,201209-201212,-0.00704441
2379,2012-10-01,2012-12-28,32.04000000,33.92000000,201210-201301,0.05867665
2379,2016-01-04,2016-03-31,52.40000000,60.54000000,201601-201604,0.15534351
2379,2016-02-01,2016-04-29,58.70000000,61.84000000,201602-201605,0.05349233
2379,2016-03-01,2016-05-31,57.26000000,60.47000000,201603-201606,0.05606008
2379,2016-04-01,2016-06-30,59.79000000,68.34000000,201604-201607,0.14300050
2379,2016-05-03,2016-07-29,62.46000000,79.01000000,201605-201608,0.26496958
2379,2016-06-01,2016-08-31,59.79000000,86.88000000,201606-201609,0.45308580
2379,2016-07-01,2016-09-30,68.20000000,72.75000000,201607-201610,0.06671554
2379,2016-08-01,2016-10-31,80.72000000,75.58000000,201608-201611,-0.06367691
2379,2016-09-01,2016-11-30,86.17000000,69.93000000,201609-201612,-0.18846466
2379,2016-10-03,2016-12-30,76.29000000,72.05000000,201610-201701,-0.05557740
2379,2016-11-01,2017-01-24,73.81000000,76.99000000,201611-201702,0.04308359
2379,2016-12-01,2017-02-24,70.99000000,80.88000000,201612-201703,0.13931540
2379,2017-01-03,2017-03-31,72.05000000,76.64000000,201701-201704,0.06370576
2379,2017-02-02,2017-04-28,74.52000000,72.05000000,201702-201705,-0.03314546
2379,2017-03-01,2017-05-31,77.70000000,70.99000000,201703-201706,-0.08635779
2379,2017-04-05,2017-06-30,79.82000000,77.35000000,201704-201707,-0.03094463
2379,2017-05-02,2017-07-31,72.40000000,79.82000000,201705-201708,0.10248619
2379,2017-06-01,2017-08-31,72.05000000,82.64000000,201706-201709,0.14698126
2379,2017-07-03,2017-09-30,78.05000000,78.63000000,201707-201710,0.00743113
2379,2017-08-01,2017-10-31,78.76000000,83.80000000,201708-201711,0.06399187
2379,2017-09-01,2017-11-30,81.23000000,82.32000000,201709-201712,0.01341869
2379,2017-10-02,2017-12-29,79.74000000,80.48000000,201710-201801,0.00928016
2379,2017-11-01,2018-01-31,87.12000000,86.01000000,201711-201802,-0.01274105
2379,2017-12-01,2018-02-27,79.00000000,85.64000000,201712-201803,0.08405063
2379,2018-01-02,2018-03-31,80.48000000,95.98000000,201801-201804,0.19259443
2379,2018-02-01,2018-04-30,85.64000000,83.43000000,201802-201805,-0.02580570
2379,2018-03-01,2018-05-31,85.27000000,84.54000000,201803-201806,-0.00856104
2379,2018-04-02,2018-06-29,92.29000000,81.95000000,201804-201807,-0.11203814
2379,2018-05-02,2018-07-31,83.43000000,90.81000000,201805-201808,0.08845739
2379,2018-06-01,2018-08-31,86.01000000,110.01000000,201806-201809,0.27903732
2379,2018-07-02,2018-09-28,83.43000000,104.25000000,201807-201810,0.24955052
2379,2018-08-01,2018-10-31,90.44000000,95.05000000,201808-201811,0.05097302
2379,2018-09-03,2018-11-30,105.95000000,108.46000000,201809-201812,0.02369042
2379,2018-10-01,2018-12-28,104.25000000,109.61000000,201810-201901,0.05141487
2379,2018-11-01,2019-01-30,98.11000000,125.32000000,201811-201902,0.27734176
2379,2018-12-03,2019-02-27,113.44000000,136.44000000,201812-201903,0.20275035
2379,2019-01-02,2019-03-29,105.39000000,139.50000000,201901-201904,0.32365500
2379,2019-02-11,2019-04-30,125.32000000,160.20000000,201902-201905,0.27832748
2379,2019-03-04,2019-05-31,133.76000000,153.30000000,201903-201906,0.14608254
2379,2019-04-01,2019-06-28,141.80000000,175.15000000,201904-201907,0.23519041
2379,2019-05-02,2019-07-31,157.52000000,160.58000000,201905-201908,0.01942610
2379,2019-06-03,2019-08-30,157.90000000,164.80000000,201906-201909,0.04369854
2379,2019-07-01,2019-09-27,178.98000000,182.09000000,201907-201910,0.01737624
2379,2019-08-01,2019-10-31,164.80000000,179.32000000,201908-201911,0.08810680
2379,2019-09-02,2019-11-29,167.10000000,182.49000000,201909-201912,0.09210054
2379,2019-10-01,2019-12-31,182.09000000,186.05000000,201910-202001,0.02174749
2379,2019-11-01,2020-01-31,181.30000000,195.95000000,201911-202002,0.08080530
2379,2019-12-02,2020-02-27,178.53000000,178.13000000,201912-202003,-0.00224052
2379,2020-01-02,2020-03-31,196.74000000,172.99000000,202001-202004,-0.12071770
2379,2020-02-03,2020-04-30,192.78000000,203.86000000,202002-202005,0.05747484
2379,2020-03-02,2020-05-29,178.13000000,204.65000000,202003-202006,0.14888003
2379,2020-04-01,2020-06-30,168.63000000,236.72000000,202004-202007,0.40378343
2379,2020-05-04,2020-07-31,191.59000000,296.49000000,202005-202008,0.54752336
2379,2020-06-01,2020-08-31,213.36000000,300.85000000,202006-202009,0.41005812
2379,2020-07-01,2020-09-30,248.59000000,300.40000000,202007-202010,0.20841546
2379,2020-08-03,2020-10-30,308.76000000,289.81000000,202008-202011,-0.06137453
2379,2020-09-01,2020-11-30,306.78000000,302.44000000,202009-202012,-0.01414695
2379,2020-10-05,2020-12-31,300.00000000,318.34000000,202010-202101,0.06113333
2382,2010-01-04,2010-03-31,29.41000000,26.29000000,201001-201004,-0.10608637
2382,2010-02-01,2010-04-30,27.49000000,25.31000000,201002-201005,-0.07930156
2382,2010-03-01,2010-05-31,27.91000000,24.84000000,201003-201006,-0.10999642
2382,2010-04-01,2010-06-30,26.21000000,24.97000000,201004-201007,-0.04731019
2382,2010-05-03,2010-07-30,24.93000000,26.28000000,201005-201008,0.05415162
2382,2010-06-01,2010-08-31,24.88000000,22.02000000,201006-201009,-0.11495177
2382,2010-07-01,2010-09-30,24.29000000,22.97000000,201007-201010,-0.05434335
2382,2010-08-02,2010-10-29,26.83000000,25.47000000,201008-201011,-0.05068953
2382,2010-09-01,2010-11-30,20.59000000,27.14000000,201009-201012,0.31811559
2382,2010-10-01,2010-12-31,22.84000000,27.73000000,201010-201101,0.21409807
2382,2010-11-01,2011-01-28,25.83000000,27.87000000,201011-201102,0.07897793
2382,2010-12-01,2011-02-25,27.05000000,26.33000000,201012-201103,-0.02661738
2382,2011-01-03,2011-03-31,27.87000000,25.15000000,201101-201104,-0.09759598
2382,2011-02-08,2011-04-29,27.23000000,25.60000000,201102-201105,-0.05986045
2382,2011-03-01,2011-05-31,27.55000000,29.50000000,201103-201106,0.07078040
2382,2011-04-01,2011-06-30,24.88000000,30.81000000,201104-201107,0.23834405
2382,2011-05-03,2011-07-29,26.19000000,32.17000000,201105-201108,0.22833142
2382,2011-06-01,2011-08-31,29.68000000,28.02000000,201106-201109,-0.05592992
2382,2011-07-01,2011-09-30,30.90000000,28.40000000,201107-201110,-0.08090615
2382,2011-08-01,2011-10-31,33.13000000,28.59000000,201108-201111,-0.13703592
2382,2011-09-01,2011-11-30,27.64000000,28.16000000,201109-201112,0.01881331
2382,2011-10-03,2011-12-30,27.40000000,30.41000000,201110-201201,0.10985401
2382,2011-11-01,2012-01-31,29.79000000,30.17000000,201111-201202,0.01275596
2382,2011-12-01,2012-02-29,29.40000000,34.70000000,201112-201203,0.18027211
2382,2012-01-02,2012-03-30,30.12000000,36.90000000,201201-201204,0.22509960
2382,2012-02-01,2012-04-30,30.22000000,36.66000000,201202-201205,0.21310390
2382,2012-03-01,2012-05-31,34.03000000,37.23000000,201203-201206,0.09403468
2382,2012-04-02,2012-06-29,36.85000000,37.90000000,201204-201207,0.02849389
2382,2012-05-02,2012-07-31,38.76000000,37.42000000,201205-201208,-0.03457172
2382,2012-06-01,2012-08-31,36.47000000,38.88000000,201206-201209,0.06608171
2382,2012-07-02,2012-09-28,38.09000000,39.18000000,201207-201210,0.02861643
2382,2012-08-01,2012-10-31,35.96000000,33.60000000,201208-201211,-0.06562848
2382,2012-09-03,2012-11-30,40.34000000,36.72000000,201209-201212,-0.08973723
2382,2012-10-01,2012-12-28,39.18000000,34.35000000,201210-201301,-0.12327718
2382,2016-01-04,2016-03-31,30.13000000,33.47000000,201601-201604,0.11085297
2382,2016-02-01,2016-04-29,31.98000000,30.97000000,201602-201605,-0.03158224
2382,2016-03-01,2016-05-31,33.65000000,34.54000000,201603-201606,0.02644874
2382,2016-04-01,2016-06-30,33.35000000,36.33000000,201604-201607,0.08935532
2382,2016-05-03,2016-07-29,31.26000000,38.65000000,201605-201608,0.23640435
2382,2016-06-01,2016-08-31,34.54000000,37.13000000,201606-201609,0.07498552
2382,2016-07-01,2016-09-30,36.98000000,41.37000000,201607-201610,0.11871282
2382,2016-08-01,2016-10-31,38.20000000,40.48000000,201608-201611,0.05968586
2382,2016-09-01,2016-11-30,37.19000000,37.57000000,201609-201612,0.01021780
2382,2016-10-03,2016-12-30,41.81000000,38.14000000,201610-201701,-0.08777804
2382,2016-11-01,2017-01-24,40.99000000,40.23000000,201611-201702,-0.01854111
2382,2016-12-01,2017-02-24,37.32000000,40.29000000,201612-201703,0.07958199
2382,2017-01-03,2017-03-31,37.95000000,39.03000000,201701-201704,0.02845850
2382,2017-02-02,2017-04-28,40.04000000,39.53000000,201702-201705,-0.01273726
2382,2017-03-01,2017-05-31,39.53000000,43.52000000,201703-201706,0.10093600
2382,2017-04-05,2017-06-30,39.85000000,45.54000000,201704-201707,0.14278545
2382,2017-05-02,2017-07-31,39.72000000,47.44000000,201705-201708,0.19436052
2382,2017-06-01,2017-08-31,43.14000000,45.52000000,201706-201709,0.05516922
2382,2017-07-03,2017-09-30,45.42000000,46.31000000,201707-201710,0.01959489
2382,2017-08-01,2017-10-31,48.30000000,47.04000000,201708-201711,-0.02608696
2382,2017-09-01,2017-11-30,45.52000000,40.75000000,201709-201712,-0.10478910
2382,2017-10-02,2017-12-29,46.51000000,41.01000000,201710-201801,-0.11825414
2382,2017-11-01,2018-01-31,46.91000000,42.07000000,201711-201802,-0.10317630
2382,2017-12-01,2018-02-27,41.14000000,39.49000000,201712-201803,-0.04010695
2382,2018-01-02,2018-03-31,41.01000000,39.16000000,201801-201804,-0.04511095
2382,2018-02-01,2018-04-30,42.40000000,35.84000000,201802-201805,-0.15471698
2382,2018-03-01,2018-05-31,38.96000000,35.11000000,201803-201806,-0.09881930
2382,2018-04-02,2018-06-29,39.09000000,35.45000000,201804-201807,-0.09311844
2382,2018-05-02,2018-07-31,35.51000000,37.33000000,201805-201808,0.05125317
2382,2018-06-01,2018-08-31,36.51000000,37.26000000,201806-201809,0.02054232
2382,2018-07-02,2018-09-28,35.11000000,37.54000000,201807-201810,0.06921105
2382,2018-08-01,2018-10-31,37.61000000,34.47000000,201808-201811,-0.08348843
2382,2018-09-03,2018-11-30,36.84000000,35.25000000,201809-201812,-0.04315961
2382,2018-10-01,2018-12-28,37.61000000,37.19000000,201810-201901,-0.01116724
2382,2018-11-01,2019-01-30,34.72000000,39.45000000,201811-201902,0.13623272
2382,2018-12-03,2019-02-27,35.50000000,40.36000000,201812-201903,0.13690141
2382,2019-01-02,2019-03-29,36.77000000,40.79000000,201901-201904,0.10932826
2382,2019-02-11,2019-04-30,39.87000000,41.78000000,201902-201905,0.04790569
2382,2019-03-04,2019-05-31,39.94000000,41.56000000,201903-201906,0.04056084
2382,2019-04-01,2019-06-28,41.21000000,42.62000000,201904-201907,0.03421500
2382,2019-05-02,2019-07-31,42.06000000,43.06000000,201905-201908,0.02377556
2382,2019-06-03,2019-08-30,41.28000000,42.31000000,201906-201909,0.02495155
2382,2019-07-01,2019-09-27,42.91000000,42.39000000,201907-201910,-0.01211839
2382,2019-08-01,2019-10-31,41.94000000,43.81000000,201908-201911,0.04458751
2382,2019-09-02,2019-11-29,41.86000000,45.16000000,201909-201912,0.07883421
2382,2019-10-01,2019-12-31,42.24000000,48.15000000,201910-202001,0.13991477
2382,2019-11-01,2020-01-31,44.86000000,46.43000000,201911-202002,0.03499777
2382,2019-12-02,2020-02-27,45.46000000,46.43000000,201912-202003,0.02133744
2382,2020-01-02,2020-03-31,47.93000000,45.08000000,202001-202004,-0.05946172
2382,2020-02-03,2020-04-30,45.76000000,48.60000000,202002-202005,0.06206294
2382,2020-03-02,2020-05-29,46.13000000,52.42000000,202003-202006,0.13635378
2382,2020-04-01,2020-06-30,44.71000000,53.17000000,202004-202007,0.18921941
2382,2020-05-04,2020-07-31,47.93000000,61.26000000,202005-202008,0.27811392
2382,2020-06-01,2020-08-31,52.35000000,60.40000000,202006-202009,0.15377268
2382,2020-07-01,2020-09-30,53.62000000,59.30000000,202007-202010,0.10593062
2382,2020-08-03,2020-10-30,57.73000000,56.48000000,202008-202011,-0.02165252
2382,2020-09-01,2020-11-30,61.10000000,60.40000000,202009-202012,-0.01145663
2382,2020-10-05,2020-12-31,58.04000000,63.46000000,202010-202101,0.09338387
2383,2016-06-01,2016-08-31,47.81000000,65.45000000,201606-201609,0.36896047
2383,2016-07-01,2016-09-30,53.40000000,64.61000000,201607-201610,0.20992509
2383,2016-08-01,2016-10-31,52.97000000,66.58000000,201608-201611,0.25693789
2383,2016-09-01,2016-11-30,64.77000000,63.33000000,201609-201612,-0.02223252
2383,2016-10-03,2016-12-30,63.78000000,68.01000000,201610-201701,0.06632173
2383,2016-11-01,2017-01-24,65.67000000,82.75000000,201611-201702,0.26008832
2383,2016-12-01,2017-02-24,62.72000000,85.02000000,201612-201703,0.35554847
2383,2017-01-03,2017-03-31,67.41000000,89.17000000,201701-201704,0.32280077
2383,2017-02-02,2017-04-28,90.69000000,91.06000000,201702-201705,0.00407983
2383,2017-03-01,2017-05-31,82.75000000,94.47000000,201703-201706,0.14163142
2383,2017-04-05,2017-06-30,90.69000000,111.47000000,201704-201707,0.22913221
2383,2017-05-02,2017-07-31,88.80000000,112.98000000,201705-201708,0.27229730
2383,2017-06-01,2017-08-31,93.33000000,118.76000000,201706-201709,0.27247402
2383,2017-07-03,2017-09-30,108.45000000,112.51000000,201707-201710,0.03743661
2383,2017-08-01,2017-10-31,113.36000000,93.76000000,201708-201711,-0.17290049
2383,2017-09-01,2017-11-30,116.42000000,89.07000000,201709-201712,-0.23492527
2383,2017-10-02,2017-12-29,116.42000000,79.30000000,201710-201801,-0.31884556
2383,2017-11-01,2018-01-31,93.76000000,80.08000000,201711-201802,-0.14590444
2383,2017-12-01,2018-02-27,85.16000000,85.55000000,201712-201803,0.00457961
2383,2018-01-02,2018-03-31,81.26000000,73.29000000,201801-201804,-0.09808024
2383,2018-02-01,2018-04-30,83.99000000,57.04000000,201802-201805,-0.32087153
2383,2018-03-01,2018-05-31,85.55000000,62.66000000,201803-201806,-0.26756283
2383,2018-08-01,2018-10-31,75.01000000,50.95000000,201808-201811,-0.32075723
2383,2019-02-11,2019-04-30,66.18000000,81.66000000,201902-201905,0.23390752
2383,2019-03-04,2019-05-31,76.55000000,70.71000000,201903-201906,-0.07629001
2383,2019-04-01,2019-06-28,84.37000000,77.13000000,201904-201907,-0.08581249
2383,2019-05-02,2019-07-31,81.33000000,98.78000000,201905-201908,0.21455797
2383,2019-06-03,2019-08-30,70.71000000,111.79000000,201906-201909,0.58096450
2383,2019-07-01,2019-09-27,84.79000000,106.29000000,201907-201910,0.25356764
2383,2019-08-01,2019-10-31,103.72000000,107.98000000,201908-201911,0.04107212
2383,2019-09-02,2019-11-29,113.06000000,103.32000000,201909-201912,-0.08614895
2383,2019-10-01,2019-12-31,109.68000000,116.03000000,201910-202001,0.05789570
2383,2019-11-01,2020-01-31,112.64000000,97.82000000,201911-202002,-0.13156960
2383,2019-12-02,2020-02-27,101.63000000,101.63000000,201912-202003,0.00000000
2383,2020-01-02,2020-03-31,116.45000000,89.77000000,202001-202004,-0.22911121
2383,2020-02-03,2020-04-30,94.85000000,110.10000000,202002-202005,0.16078018
2383,2020-03-02,2020-05-29,100.78000000,124.92000000,202003-202006,0.23953165
2383,2020-04-01,2020-06-30,90.62000000,135.08000000,202004-202007,0.49062017
2383,2020-05-04,2020-07-31,110.52000000,149.90000000,202005-202008,0.35631560
2383,2020-06-01,2020-08-31,127.04000000,143.98000000,202006-202009,0.13334383
2383,2020-07-01,2020-09-30,135.08000000,128.01000000,202007-202010,-0.05233935
2383,2020-08-03,2020-10-30,147.36000000,131.52000000,202008-202011,-0.10749186
2383,2020-09-01,2020-11-30,145.25000000,136.78000000,202009-202012,-0.05831325
2383,2020-10-05,2020-12-31,130.64000000,137.66000000,202010-202101,0.05373546
2384,2010-01-04,2010-03-31,25.94000000,25.49000000,201001-201004,-0.01734773
2384,2010-02-01,2010-04-30,21.07000000,23.28000000,201002-201005,0.10488847
2384,2010-03-01,2010-05-31,20.27000000,21.02000000,201003-201006,0.03700049
2384,2010-04-01,2010-06-30,25.94000000,23.01000000,201004-201007,-0.11295297
2384,2010-05-03,2010-07-30,22.66000000,25.40000000,201005-201008,0.12091792
2384,2010-06-01,2010-08-31,21.07000000,35.23000000,201006-201009,0.67204556
2384,2010-07-01,2010-09-30,23.24000000,43.33000000,201007-201010,0.86445783
2384,2010-08-02,2010-10-29,27.17000000,45.67000000,201008-201011,0.68089805
2384,2010-09-01,2010-11-30,37.66000000,48.15000000,201009-201012,0.27854488
2384,2010-10-01,2010-12-31,45.50000000,44.35000000,201010-201101,-0.02527473
2384,2010-11-01,2011-01-28,46.12000000,44.26000000,201011-201102,-0.04032958
2384,2010-12-01,2011-02-25,47.98000000,50.54000000,201012-201103,0.05335556
2384,2011-01-03,2011-03-31,44.61000000,46.12000000,201101-201104,0.03384891
2384,2011-02-08,2011-04-29,43.99000000,37.00000000,201102-201105,-0.15889975
2384,2011-03-01,2011-05-31,50.81000000,33.99000000,201103-201106,-0.33103720
2384,2011-04-01,2011-06-30,45.41000000,33.77000000,201104-201107,-0.25633120
2384,2011-05-03,2011-07-29,35.54000000,34.65000000,201105-201108,-0.02504221
2384,2011-06-01,2011-08-31,34.57000000,25.00000000,201106-201109,-0.27682962
2384,2011-07-01,2011-09-30,33.77000000,24.15000000,201107-201110,-0.28486823
2384,2011-08-01,2011-10-31,34.61000000,23.40000000,201108-201111,-0.32389483
2384,2011-09-01,2011-11-30,25.40000000,21.05000000,201109-201112,-0.17125984
2384,2011-10-03,2011-12-30,24.20000000,21.50000000,201110-201201,-0.11157025
2384,2011-11-01,2012-01-31,23.70000000,24.10000000,201111-201202,0.01687764
2384,2011-12-01,2012-02-29,22.50000000,25.95000000,201112-201203,0.15333333
2384,2012-01-02,2012-03-30,21.65000000,22.90000000,201201-201204,0.05773672
2384,2012-02-01,2012-04-30,24.25000000,19.05000000,201202-201205,-0.21443299
2384,2012-03-01,2012-05-31,27.30000000,17.85000000,201203-201206,-0.34615385
2384,2012-04-02,2012-06-29,22.30000000,16.30000000,201204-201207,-0.26905830
2384,2012-05-02,2012-07-31,19.70000000,13.15000000,201205-201208,-0.33248731
2384,2012-06-01,2012-08-31,17.60000000,15.20000000,201206-201209,-0.13636364
2384,2012-07-02,2012-09-28,16.35000000,15.35000000,201207-201210,-0.06116208
2384,2012-08-01,2012-10-31,13.40000000,11.55000000,201208-201211,-0.13805970
2384,2012-09-03,2012-11-30,15.30000000,13.10000000,201209-201212,-0.14379085
2384,2012-10-01,2012-12-28,15.55000000,15.40000000,201210-201301,-0.00964630
2385,2010-01-04,2010-03-31,25.27000000,27.73000000,201001-201004,0.09734863
2385,2010-02-01,2010-04-30,25.27000000,27.40000000,201002-201005,0.08428967
2385,2010-03-01,2010-05-31,26.32000000,25.73000000,201003-201006,-0.02241641
2385,2010-04-01,2010-06-30,28.55000000,23.59000000,201004-201007,-0.17373030
2385,2010-05-03,2010-07-30,27.56000000,25.28000000,201005-201008,-0.08272859
2385,2010-06-01,2010-08-31,25.36000000,20.74000000,201006-201009,-0.18217666
2385,2010-07-01,2010-09-30,23.46000000,23.80000000,201007-201010,0.01449275
2385,2010-08-02,2010-10-29,25.82000000,24.34000000,201008-201011,-0.05731991
2385,2010-09-01,2010-11-30,21.82000000,23.37000000,201009-201012,0.07103575
2385,2010-10-01,2010-12-31,23.84000000,23.44000000,201010-201101,-0.01677852
2385,2010-11-01,2011-01-28,24.09000000,22.94000000,201011-201102,-0.04773765
2385,2010-12-01,2011-02-25,23.26000000,20.16000000,201012-201103,-0.13327601
2385,2011-01-03,2011-03-31,23.48000000,19.01000000,201101-201104,-0.19037479
2385,2011-02-08,2011-04-29,22.54000000,20.34000000,201102-201105,-0.09760426
2385,2011-03-01,2011-05-31,20.48000000,21.57000000,201103-201106,0.05322266
2385,2011-04-01,2011-06-30,18.93000000,21.54000000,201104-201107,0.13787639
2385,2011-05-03,2011-07-29,20.34000000,22.18000000,201105-201108,0.09046214
2385,2011-06-01,2011-08-31,21.53000000,20.01000000,201106-201109,-0.07059916
2385,2011-07-01,2011-09-30,21.89000000,20.13000000,201107-201110,-0.08040201
2385,2011-08-01,2011-10-31,21.98000000,20.33000000,201108-201111,-0.07506824
2385,2011-09-01,2011-11-30,19.77000000,18.31000000,201109-201112,-0.07384927
2385,2011-10-03,2011-12-30,19.51000000,19.91000000,201110-201201,0.02050231
2385,2011-11-01,2012-01-31,20.41000000,20.85000000,201111-201202,0.02155806
2385,2011-12-01,2012-02-29,19.05000000,24.30000000,201112-201203,0.27559055
2385,2012-01-02,2012-03-30,19.73000000,23.26000000,201201-201204,0.17891536
2385,2012-02-01,2012-04-30,22.10000000,22.86000000,201202-201205,0.03438914
2385,2012-03-01,2012-05-31,24.54000000,22.74000000,201203-201206,-0.07334963
2385,2012-04-02,2012-06-29,23.18000000,23.61000000,201204-201207,0.01855047
2385,2012-05-02,2012-07-31,23.14000000,25.86000000,201205-201208,0.11754538
2385,2012-06-01,2012-08-31,22.22000000,28.18000000,201206-201209,0.26822682
2385,2012-07-02,2012-09-28,23.39000000,30.77000000,201207-201210,0.31551945
2385,2012-08-01,2012-10-31,25.91000000,28.58000000,201208-201211,0.10304902
2385,2012-09-03,2012-11-30,28.54000000,30.37000000,201209-201212,0.06412053
2385,2012-10-01,2012-12-28,30.90000000,29.92000000,201210-201301,-0.03171521
2385,2016-01-04,2016-03-31,37.40000000,44.30000000,201601-201604,0.18449198
2385,2016-02-01,2016-04-29,37.35000000,41.47000000,201602-201605,0.11030790
2385,2016-03-01,2016-05-31,38.95000000,42.05000000,201603-201606,0.07958922
2385,2016-04-01,2016-06-30,43.18000000,41.17000000,201604-201607,-0.04654933
2385,2016-05-03,2016-07-29,40.72000000,45.03000000,201605-201608,0.10584479
2385,2016-06-01,2016-08-31,42.27000000,44.81000000,201606-201609,0.06008990
2385,2016-07-01,2016-09-30,41.46000000,45.26000000,201607-201610,0.09165461
2385,2016-08-01,2016-10-31,45.32000000,46.12000000,201608-201611,0.01765225
2385,2016-09-01,2016-11-30,44.41000000,42.87000000,201609-201612,-0.03467687
2385,2016-10-03,2016-12-30,45.32000000,42.81000000,201610-201701,-0.05538394
2385,2016-11-01,2017-01-24,45.95000000,42.07000000,201611-201702,-0.08443961
2385,2016-12-01,2017-02-24,42.41000000,41.32000000,201612-201703,-0.02570149
2385,2017-01-03,2017-03-31,42.58000000,44.18000000,201701-201704,0.03757633
2385,2017-02-02,2017-04-28,41.27000000,45.43000000,201702-201705,0.10079961
2385,2017-03-01,2017-05-31,41.27000000,44.58000000,201703-201706,0.08020354
2385,2017-04-05,2017-06-30,45.89000000,46.44000000,201704-201707,0.01198518
2385,2017-05-02,2017-07-31,45.83000000,47.04000000,201705-201708,0.02640192
2385,2017-06-01,2017-08-31,45.66000000,45.89000000,201706-201709,0.00503723
2385,2017-07-03,2017-09-30,46.32000000,43.59000000,201707-201710,-0.05893782
2385,2017-08-01,2017-10-31,46.92000000,45.71000000,201708-201711,-0.02578858
2385,2017-09-01,2017-11-30,45.22000000,48.19000000,201709-201712,0.06567890
2385,2017-10-02,2017-12-29,43.53000000,45.40000000,201710-201801,0.04295888
2385,2017-11-01,2018-01-31,46.31000000,46.49000000,201711-201802,0.00388685
2385,2017-12-01,2018-02-27,46.31000000,43.53000000,201712-201803,-0.06003023
2385,2018-01-02,2018-03-31,45.71000000,45.46000000,201801-201804,-0.00546926
2385,2018-02-01,2018-04-30,46.01000000,44.31000000,201802-201805,-0.03694849
2385,2018-03-01,2018-05-31,44.37000000,42.86000000,201803-201806,-0.03403200
2385,2018-04-02,2018-06-29,45.16000000,44.28000000,201804-201807,-0.01948627
2385,2018-05-02,2018-07-31,44.25000000,44.89000000,201805-201808,0.01446328
2385,2018-06-01,2018-08-31,43.53000000,41.85000000,201806-201809,-0.03859407
2385,2018-07-02,2018-09-28,43.51000000,40.03000000,201807-201810,-0.07998161
2385,2018-08-01,2018-10-31,43.85000000,40.10000000,201808-201811,-0.08551881
2385,2018-09-03,2018-11-30,41.59000000,39.06000000,201809-201812,-0.06083193
2385,2018-10-01,2018-12-28,39.84000000,40.55000000,201810-201901,0.01782129
2385,2018-11-01,2019-01-30,39.19000000,43.46000000,201811-201902,0.10895637
2385,2018-12-03,2019-02-27,39.58000000,44.05000000,201812-201903,0.11293583
2385,2019-01-02,2019-03-29,41.07000000,46.44000000,201901-201904,0.13075237
2385,2019-02-11,2019-04-30,43.33000000,49.29000000,201902-201905,0.13754904
2385,2019-03-04,2019-05-31,43.59000000,48.52000000,201903-201906,0.11309933
2385,2019-04-01,2019-06-28,46.06000000,52.00000000,201904-201907,0.12896222
2385,2019-05-02,2019-07-31,48.71000000,54.04000000,201905-201908,0.10942312
2385,2019-06-03,2019-08-30,48.52000000,60.03000000,201906-201909,0.23722176
2385,2019-07-01,2019-09-27,52.62000000,62.21000000,201907-201910,0.18225010
2385,2019-08-01,2019-10-31,54.04000000,64.46000000,201908-201911,0.19282013
2385,2019-09-02,2019-11-29,60.58000000,60.24000000,201909-201912,-0.00561241
2385,2019-10-01,2019-12-31,61.67000000,60.58000000,201910-202001,-0.01767472
2385,2019-11-01,2020-01-31,64.53000000,58.47000000,201911-202002,-0.09390981
2385,2019-12-02,2020-02-27,59.69000000,56.84000000,201912-202003,-0.04774669
2385,2020-01-02,2020-03-31,60.44000000,51.59000000,202001-202004,-0.14642621
2385,2020-02-03,2020-04-30,58.33000000,61.86000000,202002-202005,0.06051774
2385,2020-03-02,2020-05-29,55.81000000,63.03000000,202003-202006,0.12936750
2385,2020-04-01,2020-06-30,53.77000000,62.44000000,202004-202007,0.16124233
2385,2020-05-04,2020-07-31,59.95000000,63.69000000,202005-202008,0.06238532
2385,2020-06-01,2020-08-31,64.86000000,64.86000000,202006-202009,0.00000000
2385,2020-07-01,2020-09-30,61.93000000,61.64000000,202007-202010,-0.00468271
2385,2020-08-03,2020-10-30,62.00000000,63.10000000,202008-202011,0.01774194
2385,2020-09-01,2020-11-30,64.64000000,62.59000000,202009-202012,-0.03171411
2385,2020-10-05,2020-12-31,61.12000000,63.17000000,202010-202101,0.03354058
2388,2010-06-01,2010-08-31,51.60000000,43.42000000,201006-201009,-0.15852713
2388,2010-07-01,2010-09-30,47.65000000,49.10000000,201007-201010,0.03043022
2388,2010-08-02,2010-10-29,52.95000000,51.60000000,201008-201011,-0.02549575
2388,2010-09-01,2010-11-30,41.11000000,48.81000000,201009-201012,0.18730236
2388,2010-10-01,2010-12-31,49.29000000,60.55000000,201010-201101,0.22844390
2388,2010-11-01,2011-01-28,51.89000000,61.32000000,201011-201102,0.18173058
2388,2010-12-01,2011-02-25,49.19000000,60.36000000,201012-201103,0.22707867
2388,2011-01-03,2011-03-31,58.15000000,59.69000000,201101-201104,0.02648323
2388,2011-02-08,2011-04-29,60.74000000,53.62000000,201102-201105,-0.11722094
2388,2011-03-01,2011-05-31,62.38000000,62.77000000,201103-201106,0.00625200
2388,2011-04-01,2011-06-30,59.97000000,66.62000000,201104-201107,0.11088878
2388,2011-05-03,2011-07-29,49.96000000,66.33000000,201105-201108,0.32766213
2388,2011-06-01,2011-08-31,63.54000000,54.01000000,201106-201109,-0.14998426
2388,2011-07-01,2011-09-30,67.39000000,45.73000000,201107-201110,-0.32141267
2388,2011-08-01,2011-10-31,67.10000000,44.67000000,201108-201111,-0.33427720
2388,2011-09-01,2011-11-30,54.97000000,37.16000000,201109-201112,-0.32399491
2388,2011-10-03,2011-12-30,43.61000000,31.48000000,201110-201201,-0.27814721
2388,2011-11-01,2012-01-31,44.96000000,35.91000000,201111-201202,-0.20129004
2388,2011-12-01,2012-02-29,37.93000000,44.48000000,201112-201203,0.17268653
2388,2012-02-01,2012-04-30,38.12000000,31.86000000,201202-201205,-0.16421826
2388,2012-03-01,2012-05-31,44.76000000,29.94000000,201203-201206,-0.33109920
2392,2010-01-04,2010-03-31,36.03000000,30.52000000,201001-201004,-0.15292812
2392,2010-02-01,2010-04-30,31.40000000,29.74000000,201002-201005,-0.05286624
2392,2010-03-01,2010-05-31,29.30000000,24.39000000,201003-201006,-0.16757679
2392,2010-04-01,2010-06-30,31.01000000,25.39000000,201004-201007,-0.18123186
2392,2010-05-03,2010-07-30,27.88000000,28.85000000,201005-201008,0.03479197
2392,2010-06-01,2010-08-31,24.41000000,26.64000000,201006-201009,0.09135600
2392,2010-07-01,2010-09-30,25.39000000,29.72000000,201007-201010,0.17053958
2392,2010-08-02,2010-10-29,29.83000000,32.29000000,201008-201011,0.08246731
2392,2010-09-01,2010-11-30,25.71000000,32.86000000,201009-201012,0.27810191
2392,2010-10-01,2010-12-31,29.72000000,34.15000000,201010-201101,0.14905787
2392,2010-11-01,2011-01-28,33.48000000,33.32000000,201011-201102,-0.00477897
2392,2010-12-01,2011-02-25,33.43000000,29.21000000,201012-201103,-0.12623392
2392,2011-01-03,2011-03-31,33.94000000,29.31000000,201101-201104,-0.13641721
2392,2011-02-08,2011-04-29,32.09000000,29.57000000,201102-201105,-0.07852914
2392,2011-03-01,2011-05-31,30.60000000,37.39000000,201103-201106,0.22189542
2392,2011-04-01,2011-06-30,29.57000000,38.57000000,201104-201107,0.30436253
2392,2011-05-03,2011-07-29,30.03000000,44.74000000,201105-201108,0.48984349
2392,2011-06-01,2011-08-31,37.03000000,43.63000000,201106-201109,0.17823386
2392,2011-07-01,2011-09-30,38.26000000,36.19000000,201107-201110,-0.05410350
2392,2011-08-01,2011-10-31,45.00000000,36.62000000,201108-201111,-0.18622222
2392,2011-09-01,2011-11-30,40.58000000,28.75000000,201109-201112,-0.29152292
2392,2011-10-03,2011-12-30,34.10000000,31.69000000,201110-201201,-0.07067449
2392,2011-11-01,2012-01-31,37.74000000,37.37000000,201111-201202,-0.00980392
2392,2011-12-01,2012-02-29,30.41000000,37.74000000,201112-201203,0.24103913
2392,2012-01-02,2012-03-30,31.10000000,37.80000000,201201-201204,0.21543408
2392,2012-02-01,2012-04-30,38.12000000,32.12000000,201202-201205,-0.15739769
2392,2012-03-01,2012-05-31,38.01000000,33.51000000,201203-201206,-0.11838990
2392,2012-04-02,2012-06-29,36.89000000,31.53000000,201204-201207,-0.14529683
2392,2012-05-02,2012-07-31,31.53000000,31.12000000,201205-201208,-0.01300349
2392,2012-06-01,2012-08-31,32.87000000,33.67000000,201206-201209,0.02433830
2392,2012-07-02,2012-09-28,31.32000000,39.72000000,201207-201210,0.26819923
2392,2012-08-01,2012-10-31,30.95000000,36.61000000,201208-201211,0.18287561
2392,2012-09-03,2012-11-30,32.71000000,38.76000000,201209-201212,0.18495873
2392,2012-10-01,2012-12-28,39.67000000,35.37000000,201210-201301,-0.10839425
2392,2016-01-04,2016-03-31,29.44000000,27.75000000,201601-201604,-0.05740489
2392,2016-05-03,2016-07-29,26.90000000,28.20000000,201605-201608,0.04832714
2393,2010-01-04,2010-03-31,52.35000000,43.93000000,201001-201004,-0.16084050
2393,2010-02-01,2010-04-30,42.77000000,44.33000000,201002-201005,0.03647416
2393,2010-03-01,2010-05-31,41.70000000,38.94000000,201003-201006,-0.06618705
2393,2010-04-01,2010-06-30,45.66000000,36.89000000,201004-201007,-0.19207184
2393,2010-05-03,2010-07-30,42.99000000,42.52000000,201005-201008,-0.01093278
2393,2010-06-01,2010-08-31,38.45000000,38.28000000,201006-201009,-0.00442133
2393,2010-07-01,2010-09-30,36.58000000,40.89000000,201007-201010,0.11782395
2393,2010-08-02,2010-10-29,42.84000000,39.35000000,201008-201011,-0.08146592
2393,2010-09-01,2010-11-30,38.52000000,38.52000000,201009-201012,0.00000000
2393,2010-10-01,2010-12-31,40.56000000,39.26000000,201010-201101,-0.03205128
2393,2010-11-01,2011-01-28,39.12000000,41.12000000,201011-201102,0.05112474
2393,2010-12-01,2011-02-25,38.66000000,38.70000000,201012-201103,0.00103466
2393,2011-01-03,2011-03-31,38.93000000,38.70000000,201101-201104,-0.00590804
2393,2011-02-08,2011-04-29,41.45000000,38.05000000,201102-201105,-0.08202654
2393,2011-03-01,2011-05-31,39.17000000,36.56000000,201103-201106,-0.06663263
2393,2011-04-01,2011-06-30,38.84000000,35.86000000,201104-201107,-0.07672503
2393,2011-05-03,2011-07-29,37.91000000,30.39000000,201105-201108,-0.19836455
2393,2011-06-01,2011-08-31,36.66000000,26.57000000,201106-201109,-0.27523186
2393,2011-07-01,2011-09-30,36.38000000,25.88000000,201107-201110,-0.28862012
2393,2011-08-01,2011-10-31,30.59000000,27.45000000,201108-201111,-0.10264792
2393,2011-09-01,2011-11-30,26.67000000,24.71000000,201109-201112,-0.07349081
2393,2011-10-03,2011-12-30,25.05000000,25.83000000,201110-201201,0.03113772
2393,2011-11-01,2012-01-31,28.82000000,27.75000000,201111-201202,-0.03712700
2393,2011-12-01,2012-02-29,25.74000000,32.26000000,201112-201203,0.25330225
2393,2012-01-02,2012-03-30,25.29000000,30.39000000,201201-201204,0.20166074
2393,2012-02-01,2012-04-30,27.79000000,29.41000000,201202-201205,0.05829435
2393,2012-03-01,2012-05-31,32.45000000,25.59000000,201203-201206,-0.21140216
2393,2012-04-02,2012-06-29,30.05000000,24.85000000,201204-201207,-0.17304493
2393,2012-05-02,2012-07-31,30.39000000,23.14000000,201205-201208,-0.23856532
2393,2012-06-01,2012-08-31,24.36000000,23.85000000,201206-201209,-0.02093596
2393,2012-07-02,2012-09-28,24.51000000,24.47000000,201207-201210,-0.00163199
2393,2012-08-01,2012-10-31,23.41000000,15.73000000,201208-201211,-0.32806493
2393,2012-09-03,2012-11-30,24.26000000,17.17000000,201209-201212,-0.29225062
2393,2016-01-04,2016-03-31,28.30000000,32.21000000,201601-201604,0.13816254
2393,2016-02-01,2016-04-29,34.55000000,27.19000000,201602-201605,-0.21302460
2393,2016-03-01,2016-05-31,35.45000000,27.97000000,201603-201606,-0.21100141
2393,2016-07-01,2016-09-30,31.55000000,31.88000000,201607-201610,0.01045959
2393,2016-09-01,2016-11-30,32.52000000,29.53000000,201609-201612,-0.09194342
2395,2010-01-04,2010-03-31,28.61000000,26.79000000,201001-201004,-0.06361412
2395,2010-02-01,2010-04-30,25.41000000,27.94000000,201002-201005,0.09956710
2395,2010-03-01,2010-05-31,26.28000000,26.75000000,201003-201006,0.01788432
2395,2010-04-01,2010-06-30,27.07000000,27.67000000,201004-201007,0.02216476
2395,2010-05-03,2010-07-30,27.47000000,28.76000000,201005-201008,0.04696032
2395,2010-06-01,2010-08-31,26.36000000,30.39000000,201006-201009,0.15288316
2395,2010-07-01,2010-09-30,27.34000000,34.41000000,201007-201010,0.25859546
2395,2010-08-02,2010-10-29,29.09000000,35.00000000,201008-201011,0.20316260
2395,2010-09-01,2010-11-30,30.60000000,34.16000000,201009-201012,0.11633987
2395,2010-10-01,2010-12-31,34.54000000,34.54000000,201010-201101,0.00000000
2395,2010-11-01,2011-01-28,35.37000000,37.55000000,201011-201102,0.06163415
2395,2010-12-01,2011-02-25,34.74000000,34.24000000,201012-201103,-0.01439263
2395,2011-01-03,2011-03-31,34.83000000,38.09000000,201101-201104,0.09359747
2395,2011-02-08,2011-04-29,36.25000000,39.68000000,201102-201105,0.09462069
2395,2011-03-01,2011-05-31,34.58000000,38.60000000,201103-201106,0.11625217
2395,2011-04-01,2011-06-30,37.30000000,40.86000000,201104-201107,0.09544236
2395,2011-05-03,2011-07-29,39.06000000,46.52000000,201105-201108,0.19098822
2395,2011-06-01,2011-08-31,39.47000000,39.84000000,201106-201109,0.00937421
2395,2011-07-01,2011-09-30,41.57000000,38.84000000,201107-201110,-0.06567236
2395,2011-08-01,2011-10-31,47.52000000,39.32000000,201108-201111,-0.17255892
2395,2011-09-01,2011-11-30,40.32000000,39.37000000,201109-201112,-0.02356151
2395,2011-10-03,2011-12-30,37.74000000,39.99000000,201110-201201,0.05961844
2395,2011-11-01,2012-01-31,39.51000000,42.75000000,201111-201202,0.08200456
2395,2011-12-01,2012-02-29,41.13000000,47.24000000,201112-201203,0.14855337
2395,2012-01-02,2012-03-30,39.17000000,48.91000000,201201-201204,0.24865969
2395,2012-02-01,2012-04-30,43.13000000,47.33000000,201202-201205,0.09738001
2395,2012-03-01,2012-05-31,47.24000000,48.67000000,201203-201206,0.03027096
2395,2012-04-02,2012-06-29,47.52000000,47.05000000,201204-201207,-0.00989057
2395,2012-05-02,2012-07-31,49.86000000,53.31000000,201205-201208,0.06919374
2395,2012-06-01,2012-08-31,47.72000000,52.06000000,201206-201209,0.09094719
2395,2012-07-02,2012-09-28,47.24000000,53.56000000,201207-201210,0.13378493
2395,2012-08-01,2012-10-31,53.31000000,50.56000000,201208-201211,-0.05158507
2395,2012-09-03,2012-11-30,51.81000000,54.31000000,201209-201212,0.04825323
2395,2012-10-01,2012-12-28,53.06000000,61.32000000,201210-201301,0.15567282
2395,2016-01-04,2016-03-31,122.74000000,141.25000000,201601-201604,0.15080658
2395,2016-02-01,2016-04-29,123.63000000,136.18000000,201602-201605,0.10151258
2395,2016-03-01,2016-05-31,139.16000000,143.94000000,201603-201606,0.03434895
2395,2016-04-01,2016-06-30,140.36000000,149.80000000,201604-201607,0.06725563
2395,2016-05-03,2016-07-29,137.07000000,151.94000000,201605-201608,0.10848472
2395,2016-06-01,2016-08-31,145.73000000,158.99000000,201606-201609,0.09099019
2395,2016-07-01,2016-09-30,148.58000000,164.81000000,201607-201610,0.10923408
2395,2016-08-01,2016-10-31,152.56000000,157.46000000,201608-201611,0.03211851
2395,2016-09-01,2016-11-30,167.87000000,157.15000000,201609-201612,-0.06385894
2395,2016-10-03,2016-12-30,165.42000000,155.93000000,201610-201701,-0.05736912
2395,2016-11-01,2017-01-24,157.46000000,162.36000000,201611-201702,0.03111901
2395,2016-12-01,2017-02-24,156.85000000,160.22000000,201612-201703,0.02148550
2395,2017-01-03,2017-03-31,154.70000000,155.62000000,201701-201704,0.00594699
2395,2017-02-02,2017-04-28,159.30000000,149.49000000,201702-201705,-0.06158192
2395,2017-03-01,2017-05-31,158.38000000,149.49000000,201703-201706,-0.05613082
2395,2017-04-05,2017-06-30,153.17000000,149.10000000,201704-201707,-0.02657178
2395,2017-05-02,2017-07-31,149.80000000,158.09000000,201705-201708,0.05534045
2395,2017-06-01,2017-08-31,151.03000000,153.94000000,201706-201709,0.01926770
2395,2017-07-03,2017-09-30,149.79000000,147.37000000,201707-201710,-0.01615595
2395,2017-08-01,2017-10-31,160.51000000,142.52000000,201708-201711,-0.11208024
2395,2017-09-01,2017-11-30,152.90000000,138.37000000,201709-201712,-0.09502943
2395,2017-10-02,2017-12-29,147.71000000,145.64000000,201710-201801,-0.01401395
2395,2017-11-01,2018-01-31,143.91000000,157.74000000,201711-201802,0.09610173
2395,2017-12-01,2018-02-27,138.03000000,150.48000000,201712-201803,0.09019778
2395,2018-01-02,2018-03-31,148.75000000,145.29000000,201801-201804,-0.02326050
2395,2018-02-01,2018-04-30,156.71000000,141.49000000,201802-201805,-0.09712207
2395,2018-03-01,2018-05-31,149.10000000,140.45000000,201803-201806,-0.05801476
2395,2018-04-02,2018-06-29,145.29000000,139.06000000,201804-201807,-0.04287976
2395,2018-05-02,2018-07-31,139.06000000,145.06000000,201805-201808,0.04314684
2395,2018-06-01,2018-08-31,141.49000000,149.72000000,201806-201809,0.05816665
2395,2018-07-02,2018-09-28,137.68000000,162.97000000,201807-201810,0.18368681
2395,2018-08-01,2018-10-31,146.50000000,152.58000000,201808-201811,0.04150171
2395,2018-09-03,2018-11-30,147.93000000,167.27000000,201809-201812,0.13073751
2395,2018-10-01,2018-12-28,162.61000000,150.79000000,201810-201901,-0.07268926
2395,2018-11-01,2019-01-30,156.88000000,163.69000000,201811-201902,0.04340898
2395,2018-12-03,2019-02-27,166.91000000,168.34000000,201812-201903,0.00856749
2395,2019-01-02,2019-03-29,151.15000000,183.39000000,201901-201904,0.21329805
2395,2019-02-11,2019-04-30,161.90000000,179.09000000,201902-201905,0.10617665
2395,2019-03-04,2019-05-31,166.19000000,189.83000000,201903-201906,0.14224683
2395,2019-04-01,2019-06-28,181.95000000,189.12000000,201904-201907,0.03940643
2395,2019-05-02,2019-07-31,176.94000000,193.38000000,201905-201908,0.09291285
2395,2019-06-03,2019-08-30,184.82000000,196.32000000,201906-201909,0.06222270
2395,2019-07-01,2019-09-27,189.48000000,200.74000000,201907-201910,0.05942580
2395,2019-08-01,2019-10-31,193.02000000,221.69000000,201908-201911,0.14853383
2395,2019-09-02,2019-11-29,196.69000000,220.22000000,201909-201912,0.11962987
2395,2019-10-01,2019-12-31,206.62000000,222.06000000,201910-202001,0.07472655
2395,2019-11-01,2020-01-31,222.80000000,213.97000000,201911-202002,-0.03963196
2395,2019-12-02,2020-02-27,220.59000000,216.55000000,201912-202003,-0.01831452
2395,2020-01-02,2020-03-31,219.49000000,183.46000000,202001-202004,-0.16415326
2395,2020-02-03,2020-04-30,216.91000000,208.82000000,202002-202005,-0.03729657
2395,2020-03-02,2020-05-29,206.62000000,218.38000000,202003-202006,0.05691608
2395,2020-04-01,2020-06-30,179.78000000,217.28000000,202004-202007,0.20858827
2395,2020-05-04,2020-07-31,200.37000000,255.66000000,202005-202008,0.27593951
2395,2020-06-01,2020-08-31,216.18000000,251.11000000,202006-202009,0.16157831
2395,2020-07-01,2020-09-30,220.59000000,240.77000000,202007-202010,0.09148193
2395,2020-08-03,2020-10-30,254.00000000,239.11000000,202008-202011,-0.05862205
2395,2020-09-01,2020-11-30,249.45000000,254.00000000,202009-202012,0.01824013
2395,2020-10-05,2020-12-31,237.04000000,289.58000000,202010-202101,0.22165035
2403,2010-08-02,2010-10-29,47.09000000,52.80000000,201008-201011,0.12125717
2403,2010-09-01,2010-11-08,52.60000000,49.40000000,201009-201012,-0.06083650
2404,2019-06-03,2019-08-30,96.32000000,109.95000000,201906-201909,0.14150748
2404,2019-07-01,2019-09-27,103.63000000,116.69000000,201907-201910,0.12602528
2404,2019-08-01,2019-10-31,109.95000000,112.43000000,201908-201911,0.02255571
2404,2019-09-02,2019-11-29,111.01000000,124.49000000,201909-201912,0.12143050
2404,2019-10-01,2019-12-31,116.33000000,139.03000000,201910-202001,0.19513453
2404,2019-11-01,2020-01-31,114.20000000,133.36000000,201911-202002,0.16777583
2404,2019-12-02,2020-02-27,124.13000000,130.16000000,201912-202003,0.04857810
2404,2020-01-02,2020-03-31,138.32000000,117.40000000,202001-202004,-0.15124349
2404,2020-02-03,2020-04-30,130.87000000,134.42000000,202002-202005,0.02712616
2404,2020-03-02,2020-05-29,127.33000000,148.96000000,202003-202006,0.16987356
2404,2020-04-01,2020-06-30,117.04000000,151.36000000,202004-202007,0.29323308
2404,2020-05-04,2020-07-31,132.65000000,154.75000000,202005-202008,0.16660384
2404,2020-06-01,2020-08-31,152.51000000,155.13000000,202006-202009,0.01717920
2404,2020-07-01,2020-09-30,151.74000000,146.84000000,202007-202010,-0.03229208
2404,2020-08-03,2020-10-30,154.75000000,149.48000000,202008-202011,-0.03405493
2404,2020-09-01,2020-11-30,154.75000000,172.07000000,202009-202012,0.11192246
2404,2020-10-05,2020-12-31,146.09000000,162.66000000,202010-202101,0.11342323
2408,2010-01-04,2010-03-31,196.09000000,187.43000000,201001-201004,-0.04416339
2408,2010-02-01,2010-04-30,164.54000000,171.04000000,201002-201005,0.03950407
2408,2010-03-01,2010-05-31,157.43000000,163.31000000,201003-201006,0.03734993
2408,2010-04-01,2010-06-30,190.52000000,156.19000000,201004-201007,-0.18019106
2408,2010-05-03,2010-07-30,167.64000000,133.92000000,201005-201008,-0.20114531
2408,2010-06-01,2010-08-31,158.36000000,113.20000000,201006-201009,-0.28517302
2408,2010-07-01,2010-09-30,152.17000000,130.83000000,201007-201010,-0.14023789
2408,2010-08-02,2010-10-29,136.09000000,113.51000000,201008-201011,-0.16591961
2408,2010-09-01,2010-11-30,116.30000000,97.88000000,201009-201012,-0.15838349
2408,2010-10-01,2010-12-31,128.67000000,100.67000000,201010-201101,-0.21761094
2408,2010-11-01,2011-01-28,109.97000000,114.30000000,201011-201102,0.03937437
2408,2010-12-01,2011-02-25,99.74000000,98.19000000,201012-201103,-0.01554041
2408,2011-01-03,2011-03-31,101.29000000,95.10000000,201101-201104,-0.06111166
2408,2011-02-08,2011-04-29,119.57000000,89.83000000,201102-201105,-0.24872460
2408,2011-03-01,2011-05-31,97.88000000,72.49000000,201103-201106,-0.25939926
2408,2011-04-01,2011-06-30,96.34000000,50.18000000,201104-201107,-0.47913639
2408,2011-05-03,2011-07-29,83.94000000,41.38000000,201105-201108,-0.50702883
2408,2011-06-01,2011-08-31,73.11000000,32.58000000,201106-201109,-0.55437013
2408,2011-07-01,2011-09-30,49.38000000,24.16000000,201107-201110,-0.51073309
2408,2011-08-01,2011-10-31,41.82000000,18.52000000,201108-201111,-0.55714969
2408,2012-04-02,2012-06-29,19.27000000,15.61000000,201204-201207,-0.18993254
2408,2012-05-02,2012-07-31,14.37000000,11.83000000,201205-201208,-0.17675713
2408,2012-06-01,2012-08-31,15.49000000,12.51000000,201206-201209,-0.19238218
2408,2012-07-02,2012-09-28,15.74000000,10.60000000,201207-201210,-0.32655654
2408,2012-08-01,2012-10-31,12.26000000,8.67000000,201208-201211,-0.29282219
2408,2012-09-03,2012-11-30,12.39000000,8.05000000,201209-201212,-0.35028249
2408,2012-10-01,2012-12-28,10.16000000,15.49000000,201210-201301,0.52460630
2408,2016-01-04,2016-03-31,30.14000000,26.85000000,201601-201604,-0.10915727
2408,2016-02-01,2016-04-29,26.55000000,25.34000000,201602-201605,-0.04557439
2408,2016-03-01,2016-05-31,27.45000000,26.68000000,201603-201606,-0.02805100
2408,2016-04-01,2016-06-30,26.81000000,26.48000000,201604-201607,-0.01230884
2408,2016-05-03,2016-07-29,25.13000000,27.25000000,201605-201608,0.08436132
2408,2016-06-01,2016-08-31,26.58000000,27.10000000,201606-201609,0.01956358
2408,2016-07-01,2016-09-30,26.04000000,28.37000000,201607-201610,0.08947773
2408,2016-08-01,2016-10-31,27.39000000,29.60000000,201608-201611,0.08068638
2408,2016-09-01,2016-11-30,26.74000000,32.16000000,201609-201612,0.20269260
2408,2016-10-03,2016-12-30,28.51000000,34.91000000,201610-201701,0.22448264
2408,2016-11-01,2017-01-24,29.42000000,34.69000000,201611-201702,0.17912984
2408,2016-12-01,2017-02-24,32.70000000,32.89000000,201612-201703,0.00581040
2408,2017-01-03,2017-03-31,34.15000000,34.98000000,201701-201704,0.02430454
2408,2017-02-02,2017-04-28,34.91000000,34.80000000,201702-201705,-0.00315096
2408,2017-03-01,2017-05-31,32.56000000,36.79000000,201703-201706,0.12991400
2408,2017-04-05,2017-06-30,34.62000000,40.75000000,201704-201707,0.17706528
2408,2017-05-02,2017-07-31,35.67000000,46.40000000,201705-201708,0.30081301
2408,2017-06-01,2017-08-31,37.22000000,48.11000000,201706-201709,0.29258463
2408,2017-07-03,2017-09-30,40.37000000,64.17000000,201707-201710,0.58954669
2408,2017-08-01,2017-10-31,46.84000000,60.82000000,201708-201711,0.29846285
2408,2017-09-01,2017-11-30,47.88000000,57.85000000,201709-201712,0.20822891
2408,2017-10-02,2017-12-29,67.44000000,56.66000000,201710-201801,-0.15984579
2408,2017-11-01,2018-01-31,64.91000000,59.04000000,201711-201802,-0.09043291
2408,2017-12-01,2018-02-27,56.21000000,60.08000000,201712-201803,0.06884896
2408,2018-01-02,2018-03-31,57.99000000,68.40000000,201801-201804,0.17951371
2408,2018-02-01,2018-04-30,60.37000000,69.15000000,201802-201805,0.14543648
2408,2018-03-01,2018-05-31,58.52000000,74.05000000,201803-201806,0.26537936
2408,2018-04-02,2018-06-29,68.18000000,64.46000000,201804-201807,-0.05456145
2408,2018-05-02,2018-07-31,68.18000000,60.89000000,201805-201808,-0.10692285
2408,2018-06-01,2018-08-31,72.49000000,54.00000000,201806-201809,-0.25506966
2408,2018-07-02,2018-09-28,62.75000000,45.01000000,201807-201810,-0.28270916
2408,2018-08-01,2018-10-31,61.67000000,39.82000000,201808-201811,-0.35430517
2408,2018-09-03,2018-11-30,51.67000000,47.26000000,201809-201812,-0.08534933
2408,2018-10-01,2018-12-28,45.86000000,42.61000000,201810-201901,-0.07086786
2408,2018-11-01,2019-01-30,42.14000000,46.56000000,201811-201902,0.10488847
2408,2018-12-03,2019-02-27,48.65000000,48.19000000,201812-201903,-0.00945529
2408,2019-01-02,2019-03-29,42.61000000,47.57000000,201901-201904,0.11640460
2408,2019-02-11,2019-04-30,45.71000000,50.67000000,201902-201905,0.10851017
2408,2019-03-04,2019-05-31,50.20000000,47.72000000,201903-201906,-0.04940239
2408,2019-04-01,2019-06-28,47.26000000,49.97000000,201904-201907,0.05734236
2408,2019-05-02,2019-07-31,50.90000000,64.34000000,201905-201908,0.26404715
2408,2019-06-03,2019-08-30,47.95000000,61.21000000,201906-201909,0.27653806
2408,2019-07-01,2019-09-27,51.13000000,70.00000000,201907-201910,0.36905926
2408,2019-08-01,2019-10-31,64.43000000,60.87000000,201908-201911,-0.05525376
2408,2019-09-02,2019-11-29,62.43000000,61.91000000,201909-201912,-0.00832933
2408,2019-10-01,2019-12-31,72.26000000,72.52000000,201910-202001,0.00359812
2408,2019-11-01,2020-01-31,61.39000000,67.91000000,201911-202002,0.10620622
2408,2019-12-02,2020-02-27,62.26000000,67.21000000,201912-202003,0.07950530
2408,2020-01-02,2020-03-31,74.78000000,46.69000000,202001-202004,-0.37563520
2408,2020-02-03,2020-04-30,69.04000000,56.52000000,202002-202005,-0.18134415
2408,2020-03-02,2020-05-29,66.34000000,52.00000000,202003-202006,-0.21615918
2408,2020-04-01,2020-06-30,46.87000000,53.04000000,202004-202007,0.13164071
2408,2020-05-04,2020-07-31,54.61000000,54.02000000,202005-202008,-0.01080388
2408,2020-06-01,2020-08-31,52.95000000,46.27000000,202006-202009,-0.12615675
2408,2020-07-01,2020-09-30,53.04000000,51.26000000,202007-202010,-0.03355958
2408,2020-08-03,2020-10-30,52.86000000,51.53000000,202008-202011,-0.02516080
2408,2020-09-01,2020-11-30,46.62000000,64.54000000,202009-202012,0.38438438
2408,2020-10-05,2020-12-31,50.19000000,77.38000000,202010-202101,0.54174138
2409,2010-01-04,2010-03-31,27.18000000,24.59000000,201001-201004,-0.09529065
2409,2010-02-01,2010-04-30,23.37000000,24.93000000,201002-201005,0.06675225
2409,2010-03-01,2010-05-31,23.33000000,21.42000000,201003-201006,-0.08186884
2409,2010-04-01,2010-06-30,24.76000000,19.62000000,201004-201007,-0.20759289
2409,2010-05-03,2010-07-30,25.14000000,20.68000000,201005-201008,-0.17740652
2409,2010-06-01,2010-08-31,21.08000000,18.84000000,201006-201009,-0.10626186
2409,2010-07-01,2010-09-30,19.35000000,22.07000000,201007-201010,0.14056848
2409,2010-08-02,2010-10-29,20.95000000,20.81000000,201008-201011,-0.00668258
2409,2010-09-01,2010-11-30,18.73000000,20.78000000,201009-201012,0.10945008
2409,2010-10-01,2010-12-31,22.27000000,20.64000000,201010-201101,-0.07319264
2409,2010-11-01,2011-01-28,20.91000000,19.72000000,201011-201102,-0.05691057
2409,2010-12-01,2011-02-25,20.85000000,18.32000000,201012-201103,-0.12134293
2409,2011-01-03,2011-03-31,20.68000000,17.51000000,201101-201104,-0.15328820
2409,2011-02-08,2011-04-29,19.21000000,15.64000000,201102-201105,-0.18584071
2409,2011-03-01,2011-05-31,18.39000000,16.04000000,201103-201106,-0.12778684
2409,2011-04-01,2011-06-30,17.06000000,13.35000000,201104-201107,-0.21746776
2409,2011-05-03,2011-07-29,15.81000000,10.95000000,201105-201108,-0.30740038
2409,2011-06-01,2011-08-31,16.04000000,9.59000000,201106-201109,-0.40211970
2409,2011-07-01,2011-09-30,13.32000000,8.65000000,201107-201110,-0.35060060
2409,2011-08-01,2011-10-31,11.09000000,9.14000000,201108-201111,-0.17583408
2409,2011-09-01,2011-11-30,9.73000000,9.77000000,201109-201112,0.00411100
2409,2011-10-03,2011-12-30,8.45000000,9.03000000,201110-201201,0.06863905
2409,2011-11-01,2012-01-31,9.52000000,10.98000000,201111-201202,0.15336134
2409,2011-12-01,2012-02-29,10.42000000,11.06000000,201112-201203,0.06142035
2409,2012-01-02,2012-03-30,8.93000000,9.49000000,201201-201204,0.06270997
2409,2012-02-01,2012-04-30,11.02000000,9.10000000,201202-201205,-0.17422868
2409,2012-03-01,2012-05-31,10.98000000,8.48000000,201203-201206,-0.22768670
2409,2012-04-02,2012-06-29,9.73000000,8.38000000,201204-201207,-0.13874615
2409,2012-05-02,2012-07-31,9.52000000,6.46000000,201205-201208,-0.32142857
2409,2012-06-01,2012-08-31,8.27000000,6.32000000,201206-201209,-0.23579202
2409,2012-07-02,2012-09-28,8.34000000,7.37000000,201207-201210,-0.11630695
2409,2012-08-01,2012-10-31,6.25000000,7.71000000,201208-201211,0.23360000
2409,2012-09-03,2012-11-30,6.39000000,8.58000000,201209-201212,0.34272300
2409,2012-10-01,2012-12-28,7.23000000,9.03000000,201210-201301,0.24896266
2409,2016-01-04,2016-03-31,6.87000000,7.03000000,201601-201604,0.02328967
2409,2016-02-01,2016-04-29,6.43000000,6.83000000,201602-201605,0.06220840
2409,2016-03-01,2016-05-31,6.57000000,6.58000000,201603-201606,0.00152207
2409,2016-04-01,2016-06-30,6.91000000,7.96000000,201604-201607,0.15195369
2409,2016-05-03,2016-07-29,6.56000000,9.70000000,201605-201608,0.47865854
2409,2016-06-01,2016-08-31,6.77000000,9.36000000,201606-201609,0.38257016
2409,2016-07-01,2016-09-30,8.00000000,8.62000000,201607-201610,0.07750000
2409,2016-08-01,2016-10-31,9.66000000,8.99000000,201608-201611,-0.06935818
2409,2016-09-01,2016-11-30,9.06000000,8.57000000,201609-201612,-0.05408389
2409,2016-10-03,2016-12-30,9.10000000,8.84000000,201610-201701,-0.02857143
2409,2016-11-01,2017-01-24,9.18000000,9.66000000,201611-201702,0.05228758
2409,2016-12-01,2017-02-24,8.57000000,9.14000000,201612-201703,0.06651109
2409,2017-01-03,2017-03-31,8.99000000,8.87000000,201701-201704,-0.01334816
2409,2017-02-02,2017-04-28,10.04000000,9.43000000,201702-201705,-0.06075697
2409,2017-03-01,2017-05-31,8.91000000,8.80000000,201703-201706,-0.01234568
2409,2017-04-05,2017-06-30,8.87000000,10.41000000,201704-201707,0.17361894
2409,2017-05-02,2017-07-31,9.51000000,9.49000000,201705-201708,-0.00210305
2409,2017-06-01,2017-08-31,8.84000000,9.65000000,201706-201709,0.09162896
2409,2017-07-03,2017-09-30,10.54000000,9.45000000,201707-201710,-0.10341556
2409,2017-08-01,2017-10-31,9.53000000,9.61000000,201708-201711,0.00839454
2409,2017-09-01,2017-11-30,9.65000000,9.92000000,201709-201712,0.02797927
2409,2017-10-02,2017-12-29,9.45000000,9.65000000,201710-201801,0.02116402
2409,2017-11-01,2018-01-31,9.69000000,10.82000000,201711-201802,0.11661507
2409,2017-12-01,2018-02-27,9.76000000,10.19000000,201712-201803,0.04405738
2409,2018-01-02,2018-03-31,9.61000000,10.58000000,201801-201804,0.10093652
2409,2018-02-01,2018-04-30,10.50000000,9.65000000,201802-201805,-0.08095238
2409,2018-03-01,2018-05-31,10.27000000,10.23000000,201803-201806,-0.00389484
2409,2018-04-02,2018-06-29,10.69000000,10.04000000,201804-201807,-0.06080449
2409,2018-05-02,2018-07-31,9.61000000,11.46000000,201805-201808,0.19250780
2409,2018-06-01,2018-08-31,10.31000000,11.55000000,201806-201809,0.12027158
2409,2018-07-02,2018-09-28,10.04000000,11.20000000,201807-201810,0.11553785
2409,2018-08-01,2018-10-31,11.50000000,10.59000000,201808-201811,-0.07913043
2409,2018-09-03,2018-11-30,11.37000000,10.89000000,201809-201812,-0.04221636
2409,2018-10-01,2018-12-28,11.11000000,10.68000000,201810-201901,-0.03870387
2409,2018-11-01,2019-01-30,10.20000000,10.33000000,201811-201902,0.01274510
2409,2018-12-03,2019-02-27,11.02000000,9.85000000,201812-201903,-0.10617060
2409,2019-01-02,2019-03-29,10.37000000,9.85000000,201901-201904,-0.05014465
2409,2019-02-11,2019-04-30,9.77000000,9.59000000,201902-201905,-0.01842375
2409,2019-03-04,2019-05-31,9.90000000,8.07000000,201903-201906,-0.18484848
2409,2019-04-01,2019-06-28,9.81000000,8.07000000,201904-201907,-0.17737003
2409,2019-05-02,2019-07-31,9.41000000,7.56000000,201905-201908,-0.19659936
2409,2019-06-03,2019-08-30,8.03000000,7.47000000,201906-201909,-0.06973848
2409,2019-07-01,2019-09-27,8.14000000,7.18000000,201907-201910,-0.11793612
2409,2019-08-01,2019-10-31,7.40000000,7.12000000,201908-201911,-0.03783784
2409,2019-09-02,2019-11-29,7.42000000,8.02000000,201909-201912,0.08086253
2409,2019-10-01,2019-12-31,7.28000000,9.18000000,201910-202001,0.26098901
2409,2019-11-01,2020-01-31,7.05000000,9.22000000,201911-202002,0.30780142
2409,2019-12-02,2020-02-27,7.84000000,8.68000000,201912-202003,0.10714286
2409,2020-01-02,2020-03-31,9.27000000,5.79000000,202001-202004,-0.37540453
2409,2020-02-03,2020-04-30,10.05000000,7.22000000,202002-202005,-0.28159204
2409,2020-03-02,2020-05-29,8.52000000,6.92000000,202003-202006,-0.18779343
2409,2020-04-01,2020-06-30,6.36000000,8.46000000,202004-202007,0.33018868
2409,2020-05-04,2020-07-31,6.84000000,9.13000000,202005-202008,0.33479532
2409,2020-06-01,2020-08-31,7.10000000,9.54000000,202006-202009,0.34366197
2409,2020-07-01,2020-09-30,8.43000000,10.23000000,202007-202010,0.21352313
2409,2020-08-03,2020-10-30,9.18000000,10.55000000,202008-202011,0.14923747
2409,2020-09-01,2020-11-30,9.82000000,11.14000000,202009-202012,0.13441955
2409,2020-10-05,2020-12-31,10.19000000,12.78000000,202010-202101,0.25417076
2412,2010-01-04,2010-03-31,36.44000000,38.17000000,201001-201004,0.04747530
2412,2010-02-08,2010-04-30,36.69000000,37.80000000,201002-201005,0.03025348
2412,2010-03-01,2010-05-31,38.11000000,38.04000000,201003-201006,-0.00183679
2412,2010-04-01,2010-06-30,38.04000000,39.27000000,201004-201007,0.03233438
2412,2010-05-03,2010-07-30,37.98000000,41.73000000,201005-201008,0.09873618
2412,2010-06-01,2010-08-31,37.92000000,42.34000000,201006-201009,0.11656118
2412,2010-07-01,2010-09-30,39.46000000,45.25000000,201007-201010,0.14673087
2412,2010-08-02,2010-10-29,42.10000000,46.29000000,201008-201011,0.09952494
2412,2010-09-01,2010-11-30,43.12000000,47.84000000,201009-201012,0.10946197
2412,2010-10-01,2010-12-31,45.25000000,47.90000000,201010-201101,0.05856354
2412,2010-11-01,2011-01-28,46.54000000,47.43000000,201011-201102,0.01912333
2412,2010-12-01,2011-02-25,47.97000000,46.85000000,201012-201103,-0.02334793
2412,2011-01-03,2011-03-31,47.58000000,48.71000000,201101-201104,0.02374947
2412,2011-02-08,2011-04-29,46.74000000,48.44000000,201102-201105,0.03637142
2412,2011-03-01,2011-05-31,47.11000000,49.77000000,201103-201106,0.05646360
2412,2011-04-01,2011-06-30,48.60000000,52.54000000,201104-201107,0.08106996
2412,2011-05-03,2011-07-29,48.55000000,55.98000000,201105-201108,0.15303811
2412,2011-06-01,2011-08-31,50.30000000,55.93000000,201106-201109,0.11192843
2412,2011-07-01,2011-09-30,53.71000000,56.82000000,201107-201110,0.05790356
2412,2011-08-01,2011-10-31,55.98000000,56.26000000,201108-201111,0.00500179
2412,2011-09-01,2011-11-30,55.98000000,55.76000000,201109-201112,-0.00392997
2412,2011-10-03,2011-12-30,56.82000000,55.98000000,201110-201201,-0.01478353
2412,2011-11-01,2012-01-31,55.98000000,53.86000000,201111-201202,-0.03787067
2412,2011-12-01,2012-02-29,56.82000000,50.61000000,201112-201203,-0.10929250
2412,2012-01-02,2012-03-30,55.82000000,50.89000000,201201-201204,-0.08831960
2412,2012-02-01,2012-04-30,54.02000000,51.17000000,201202-201205,-0.05275824
2412,2012-03-01,2012-05-31,51.39000000,50.50000000,201203-201206,-0.01731854
2412,2012-04-02,2012-06-29,50.89000000,52.62000000,201204-201207,0.03399489
2412,2012-05-02,2012-07-31,50.83000000,53.50000000,201205-201208,0.05252803
2412,2012-06-01,2012-08-31,50.38000000,53.80000000,201206-201209,0.06788408
2412,2012-07-02,2012-09-28,52.57000000,55.82000000,201207-201210,0.06182233
2412,2012-08-01,2012-10-31,52.85000000,54.45000000,201208-201211,0.03027436
2412,2012-09-03,2012-11-30,53.56000000,55.82000000,201209-201212,0.04219567
2412,2012-10-01,2012-12-28,55.46000000,56.17000000,201210-201301,0.01280202
2412,2016-01-04,2016-03-31,68.12000000,75.96000000,201601-201604,0.11509102
2412,2016-02-01,2016-04-29,71.45000000,75.61000000,201602-201605,0.05822253
2412,2016-03-01,2016-05-31,73.18000000,76.30000000,201603-201606,0.04263460
2412,2016-04-01,2016-06-30,75.96000000,80.81000000,201604-201607,0.06384939
2412,2016-05-03,2016-07-29,76.65000000,82.41000000,201605-201608,0.07514677
2412,2016-06-01,2016-08-31,76.65000000,82.77000000,201606-201609,0.07984344
2412,2016-07-01,2016-09-30,81.85000000,80.23000000,201607-201610,-0.01979230
2412,2016-08-01,2016-10-31,83.50000000,78.42000000,201608-201611,-0.06083832
2412,2016-09-01,2016-11-30,82.05000000,78.05000000,201609-201612,-0.04875076
2412,2016-10-03,2016-12-30,80.60000000,73.70000000,201610-201701,-0.08560794
2412,2016-11-01,2017-01-24,79.14000000,74.06000000,201611-201702,-0.06419004
2412,2016-12-01,2017-02-24,77.33000000,74.06000000,201612-201703,-0.04228631
2412,2017-01-03,2017-03-31,74.42000000,74.79000000,201701-201704,0.00497178
2412,2017-02-02,2017-04-28,72.61000000,74.06000000,201702-201705,0.01996970
2412,2017-03-01,2017-05-31,73.70000000,78.05000000,201703-201706,0.05902307
2412,2017-04-05,2017-06-30,75.15000000,78.42000000,201704-201707,0.04351297
2412,2017-05-02,2017-07-31,74.79000000,77.56000000,201705-201708,0.03703704
2412,2017-06-01,2017-08-31,78.42000000,79.84000000,201706-201709,0.01810763
2412,2017-07-03,2017-09-30,79.14000000,79.46000000,201707-201710,0.00404347
2412,2017-08-01,2017-10-31,77.56000000,78.32000000,201708-201711,0.00979887
2412,2017-09-01,2017-11-30,79.46000000,78.70000000,201709-201712,-0.00956456
2412,2017-10-02,2017-12-29,78.70000000,80.60000000,201710-201801,0.02414231
2412,2017-11-01,2018-01-31,77.94000000,82.50000000,201711-201802,0.05850654
2412,2017-12-01,2018-02-27,79.08000000,83.26000000,201712-201803,0.05285787
2412,2018-01-02,2018-03-31,81.74000000,85.92000000,201801-201804,0.05113775
2412,2018-02-01,2018-04-30,82.88000000,85.92000000,201802-201805,0.03667954
2412,2018-03-01,2018-05-31,82.50000000,82.88000000,201803-201806,0.00460606
2412,2018-04-02,2018-06-29,85.54000000,83.64000000,201804-201807,-0.02221183
2412,2018-05-02,2018-07-31,85.16000000,84.23000000,201805-201808,-0.01092062
2412,2018-06-01,2018-08-31,83.64000000,86.21000000,201806-201809,0.03072692
2412,2018-07-02,2018-09-28,83.26000000,87.41000000,201807-201810,0.04984386
2412,2018-08-01,2018-10-31,84.23000000,87.01000000,201808-201811,0.03300487
2412,2018-09-03,2018-11-30,85.82000000,85.02000000,201809-201812,-0.00932184
2412,2018-10-01,2018-12-28,87.80000000,89.79000000,201810-201901,0.02266515
2412,2018-11-01,2019-01-30,85.02000000,85.02000000,201811-201902,0.00000000
2412,2018-12-03,2019-02-27,84.23000000,85.02000000,201812-201903,0.00937908
2412,2019-01-02,2019-03-29,85.02000000,87.01000000,201901-201904,0.02340626
2412,2019-02-11,2019-04-30,84.62000000,88.20000000,201902-201905,0.04230678
2412,2019-03-04,2019-05-31,85.02000000,89.39000000,201903-201906,0.05139967
2412,2019-04-01,2019-06-28,87.80000000,89.79000000,201904-201907,0.02266515
2412,2019-05-02,2019-07-31,88.20000000,89.39000000,201905-201908,0.01349206
2412,2019-06-03,2019-08-30,89.79000000,90.22000000,201906-201909,0.00478895
2412,2019-07-01,2019-09-27,89.79000000,91.88000000,201907-201910,0.02327653
2412,2019-08-01,2019-10-31,88.56000000,92.70000000,201908-201911,0.04674797
2412,2019-09-02,2019-11-29,91.05000000,93.53000000,201909-201912,0.02723778
2412,2019-10-01,2019-12-31,92.70000000,91.05000000,201910-202001,-0.01779935
2412,2019-11-01,2020-01-31,93.53000000,89.39000000,201911-202002,-0.04426387
2412,2019-12-02,2020-02-27,93.53000000,89.39000000,201912-202003,-0.04426387
2412,2020-01-02,2020-03-31,90.63000000,88.98000000,202001-202004,-0.01820589
2412,2020-02-03,2020-04-30,89.39000000,90.63000000,202002-202005,0.01387180
2412,2020-03-02,2020-05-29,89.39000000,91.46000000,202003-202006,0.02315695
2412,2020-04-01,2020-06-30,88.56000000,96.84000000,202004-202007,0.09349593
2412,2020-05-04,2020-07-31,90.22000000,94.05000000,202005-202008,0.04245178
2412,2020-06-01,2020-08-31,92.29000000,93.19000000,202006-202009,0.00975187
2412,2020-07-01,2020-09-30,96.43000000,91.90000000,202007-202010,-0.04697708
2412,2020-08-03,2020-10-30,92.76000000,91.90000000,202008-202011,-0.00927124
2412,2020-09-01,2020-11-30,93.62000000,93.19000000,202009-202012,-0.00459304
2412,2020-10-05,2020-12-31,91.90000000,93.62000000,202010-202101,0.01871600
2439,2016-10-03,2016-12-30,86.60000000,77.94000000,201610-201701,-0.10000000
2439,2016-12-01,2017-02-24,80.51000000,92.37000000,201612-201703,0.14731089
2439,2017-01-03,2017-03-31,78.58000000,104.56000000,201701-201704,0.33061848
2439,2017-02-02,2017-04-28,84.04000000,114.83000000,201702-201705,0.36637316
2439,2017-03-01,2017-05-31,89.81000000,108.09000000,201703-201706,0.20354081
2439,2017-04-05,2017-06-30,105.85000000,121.24000000,201704-201707,0.14539443
2439,2017-05-02,2017-07-31,119.32000000,167.92000000,201705-201708,0.40730808
2439,2017-06-01,2017-08-31,111.30000000,159.51000000,201706-201709,0.43315364
2439,2017-07-03,2017-09-30,119.64000000,129.56000000,201707-201710,0.08291541
2439,2017-08-01,2017-10-31,164.89000000,154.80000000,201708-201711,-0.06119231
2439,2017-09-01,2017-11-30,160.18000000,148.40000000,201709-201712,-0.07354226
2439,2017-10-02,2017-12-29,134.61000000,130.90000000,201710-201801,-0.02756110
2439,2017-11-01,2018-01-31,153.11000000,123.16000000,201711-201802,-0.19561100
2439,2017-12-01,2018-02-27,142.68000000,129.22000000,201712-201803,-0.09433698
2439,2018-01-02,2018-03-31,132.59000000,113.41000000,201801-201804,-0.14465646
2439,2018-02-01,2018-04-30,126.19000000,92.54000000,201802-201805,-0.26666138
2439,2018-03-01,2018-05-31,121.15000000,98.60000000,201803-201806,-0.18613289
2439,2018-04-02,2018-06-29,112.06000000,89.51000000,201804-201807,-0.20123148
2439,2018-05-02,2018-07-31,95.91000000,109.70000000,201805-201808,0.14378063
2439,2018-06-01,2018-08-31,98.94000000,122.93000000,201806-201809,0.24247018
2439,2018-08-01,2018-10-31,109.37000000,98.86000000,201808-201811,-0.09609582
2439,2018-09-03,2018-11-30,122.19000000,95.53000000,201809-201812,-0.21818479
2439,2018-10-01,2018-12-28,106.27000000,91.31000000,201810-201901,-0.14077350
2439,2018-11-01,2019-01-30,104.05000000,115.81000000,201811-201902,0.11302259
2439,2018-12-03,2019-02-27,102.20000000,122.12000000,201812-201903,0.19491194
2439,2019-01-02,2019-03-29,93.91000000,125.46000000,201901-201904,0.33595996
2439,2019-02-11,2019-04-30,120.26000000,132.14000000,201902-201905,0.09878596
2439,2019-03-04,2019-05-31,134.00000000,116.92000000,201903-201906,-0.12746269
2439,2019-04-01,2019-06-28,125.83000000,125.46000000,201904-201907,-0.00294048
2439,2019-05-02,2019-07-31,135.85000000,112.10000000,201905-201908,-0.17482517
2439,2019-06-03,2019-08-30,115.07000000,114.78000000,201906-201909,-0.00252021
2439,2019-07-01,2019-09-27,135.11000000,119.50000000,201907-201910,-0.11553549
2439,2019-08-01,2019-10-31,112.10000000,117.14000000,201908-201911,0.04495986
2439,2019-09-02,2019-11-29,115.96000000,123.04000000,201909-201912,0.06105554
2439,2019-10-01,2019-12-31,123.82000000,131.68000000,201910-202001,0.06347924
2439,2019-11-01,2020-01-31,117.93000000,116.35000000,201911-202002,-0.01339778
2439,2019-12-02,2020-02-27,122.64000000,110.46000000,201912-202003,-0.09931507
2439,2020-01-02,2020-03-31,132.86000000,97.88000000,202001-202004,-0.26328466
2439,2020-02-03,2020-04-30,111.64000000,110.06000000,202002-202005,-0.01415263
2439,2020-03-02,2020-05-29,111.24000000,106.53000000,202003-202006,-0.04234088
2439,2020-04-01,2020-06-30,97.09000000,109.67000000,202004-202007,0.12957050
2439,2020-05-04,2020-07-31,106.13000000,125.00000000,202005-202008,0.17780081
2439,2020-06-01,2020-08-31,107.71000000,127.00000000,202006-202009,0.17909201
2439,2020-07-01,2020-09-30,112.03000000,122.05000000,202007-202010,0.08944033
2439,2020-08-03,2020-10-30,126.18000000,116.28000000,202008-202011,-0.07845934
2439,2020-09-01,2020-11-30,123.29000000,116.69000000,202009-202012,-0.05353232
2439,2020-10-05,2020-12-31,123.70000000,120.81000000,202010-202101,-0.02336297
2441,2016-08-01,2016-10-31,24.09000000,25.63000000,201608-201611,0.06392694
2441,2016-09-01,2016-11-30,24.60000000,24.76000000,201609-201612,0.00650407
2441,2017-06-01,2017-08-31,29.20000000,32.85000000,201706-201709,0.12500000
2441,2017-07-03,2017-09-30,31.77000000,34.21000000,201707-201710,0.07680201
2441,2017-08-01,2017-10-31,32.93000000,37.88000000,201708-201711,0.15031886
2441,2017-09-01,2017-11-30,32.85000000,35.30000000,201709-201712,0.07458143
2441,2017-10-02,2017-12-29,34.34000000,35.43000000,201710-201801,0.03174141
2441,2017-11-01,2018-01-31,37.54000000,38.56000000,201711-201802,0.02717102
2441,2017-12-01,2018-02-27,34.96000000,38.63000000,201712-201803,0.10497712
2441,2018-01-02,2018-03-31,35.64000000,38.97000000,201801-201804,0.09343434
2441,2018-02-01,2018-04-30,37.61000000,36.59000000,201802-201805,-0.02712045
2441,2018-03-01,2018-05-31,39.04000000,36.93000000,201803-201806,-0.05404713
2441,2018-04-02,2018-06-29,38.63000000,36.79000000,201804-201807,-0.04763137
2441,2018-05-02,2018-07-31,36.38000000,36.18000000,201805-201808,-0.00549753
2441,2018-06-01,2018-08-31,36.66000000,37.68000000,201806-201809,0.02782324
2441,2018-07-02,2018-09-28,36.93000000,36.32000000,201807-201810,-0.01651774
2441,2018-08-01,2018-10-31,36.11000000,27.74000000,201808-201811,-0.23179175
2441,2018-09-03,2018-11-30,37.47000000,30.12000000,201809-201812,-0.19615693
2441,2020-08-03,2020-10-30,40.10000000,39.96000000,202008-202011,-0.00349127
2448,2010-01-04,2010-03-31,97.93000000,87.92000000,201001-201004,-0.10221587
2448,2010-02-01,2010-04-30,80.09000000,84.59000000,201002-201005,0.05618679
2448,2010-03-01,2010-05-31,74.17000000,78.17000000,201003-201006,0.05393016
2448,2010-04-01,2010-06-30,89.18000000,70.01000000,201004-201007,-0.21495851
2448,2010-05-03,2010-07-30,83.34000000,74.94000000,201005-201008,-0.10079194
2448,2010-06-01,2010-08-31,75.67000000,70.26000000,201006-201009,-0.07149465
2448,2010-07-01,2010-09-30,68.51000000,84.04000000,201007-201010,0.22668224
2448,2010-08-02,2010-10-29,76.56000000,83.28000000,201008-201011,0.08777429
2448,2010-09-01,2010-11-30,70.86000000,88.04000000,201009-201012,0.24244990
2448,2010-10-01,2010-12-31,83.45000000,90.59000000,201010-201101,0.08556022
2448,2010-11-01,2011-01-28,83.70000000,90.59000000,201011-201102,0.08231780
2448,2010-12-01,2011-02-25,86.77000000,86.34000000,201012-201103,-0.00495563
2448,2011-01-03,2011-03-31,88.89000000,91.87000000,201101-201104,0.03352458
2448,2011-02-08,2011-04-29,91.45000000,80.73000000,201102-201105,-0.11722253
2448,2011-03-01,2011-05-31,89.32000000,80.81000000,201103-201106,-0.09527541
2448,2011-04-01,2011-06-30,89.32000000,72.48000000,201104-201107,-0.18853560
2448,2011-05-03,2011-07-29,77.41000000,61.25000000,201105-201108,-0.20875856
2448,2011-06-01,2011-08-31,79.96000000,56.18000000,201106-201109,-0.29739870
2448,2011-07-01,2011-09-30,74.43000000,49.02000000,201107-201110,-0.34139460
2448,2011-08-01,2011-10-31,61.25000000,50.92000000,201108-201111,-0.16865306
2448,2011-09-01,2011-11-30,55.00000000,55.73000000,201109-201112,0.01327273
2448,2011-10-03,2011-12-30,46.85000000,58.26000000,201110-201201,0.24354322
2448,2011-11-01,2012-01-31,54.46000000,65.69000000,201111-201202,0.20620639
2448,2011-12-01,2012-02-29,59.17000000,69.77000000,201112-201203,0.17914484
2448,2012-01-02,2012-03-30,55.64000000,68.23000000,201201-201204,0.22627606
2448,2012-02-01,2012-04-30,65.78000000,64.33000000,201202-201205,-0.02204317
2448,2012-03-01,2012-05-31,69.05000000,59.89000000,201203-201206,-0.13265749
2448,2012-04-02,2012-06-29,67.87000000,59.35000000,201204-201207,-0.12553411
2448,2012-05-02,2012-07-31,67.32000000,51.90000000,201205-201208,-0.22905526
2448,2012-06-01,2012-08-31,56.90000000,56.15000000,201206-201209,-0.01318102
2448,2012-07-02,2012-09-28,58.35000000,57.82000000,201207-201210,-0.00908312
2448,2012-08-01,2012-10-31,53.38000000,42.95000000,201208-201211,-0.19539153
2448,2012-09-03,2012-11-30,56.52000000,39.90000000,201209-201212,-0.29405520
2448,2012-10-01,2012-12-28,56.25000000,48.67000000,201210-201301,-0.13475556
2448,2016-01-04,2016-03-31,23.35000000,22.48000000,201601-201604,-0.03725910
2448,2016-02-01,2016-04-29,26.59000000,20.06000000,201602-201605,-0.24558105
2448,2016-03-01,2016-05-31,25.77000000,19.53000000,201603-201606,-0.24214203
2448,2016-04-01,2016-06-30,22.43000000,22.00000000,201604-201607,-0.01917075
2448,2016-05-03,2016-07-29,19.87000000,23.79000000,201605-201608,0.19728234
2448,2016-06-01,2016-08-31,19.39000000,22.24000000,201606-201609,0.14698298
2448,2016-07-01,2016-09-30,21.80000000,22.92000000,201607-201610,0.05137615
2448,2016-08-01,2016-10-31,24.12000000,20.79000000,201608-201611,-0.13805970
2448,2016-09-01,2016-11-30,22.96000000,22.67000000,201609-201612,-0.01263066
2448,2016-10-03,2016-12-30,23.11000000,22.38000000,201610-201701,-0.03158806
2448,2016-11-01,2017-01-24,21.18000000,22.72000000,201611-201702,0.07271010
2448,2016-12-01,2017-02-24,22.92000000,27.94000000,201612-201703,0.21902269
2448,2017-01-03,2017-03-31,22.29000000,30.89000000,201701-201704,0.38582324
2448,2017-02-02,2017-04-28,22.87000000,29.01000000,201702-201705,0.26847398
2448,2017-03-01,2017-05-31,27.61000000,30.99000000,201703-201706,0.12241941
2448,2017-04-05,2017-06-30,30.36000000,27.12000000,201704-201707,-0.10671937
2448,2017-05-02,2017-07-31,28.91000000,27.94000000,201705-201708,-0.03355240
2448,2017-06-01,2017-08-31,31.33000000,29.54000000,201706-201709,-0.05713374
2448,2017-07-03,2017-09-30,27.03000000,37.61000000,201707-201710,0.39141694
2448,2017-08-01,2017-10-31,27.90000000,47.19000000,201708-201711,0.69139785
2448,2017-09-01,2017-11-30,29.78000000,52.21000000,201709-201712,0.75319006
2448,2017-10-02,2017-12-29,37.71000000,43.66000000,201710-201801,0.15778308
2448,2017-11-01,2018-01-31,51.34000000,49.89000000,201711-201802,-0.02824309
2448,2017-12-01,2018-02-27,50.76000000,51.05000000,201712-201803,0.00571316
2448,2018-01-02,2018-03-31,44.24000000,41.29000000,201801-201804,-0.06668174
2448,2018-02-01,2018-04-30,51.54000000,39.40000000,201802-201805,-0.23554521
2448,2018-03-01,2018-05-31,51.54000000,39.26000000,201803-201806,-0.23826154
2448,2018-04-02,2018-06-29,40.18000000,36.89000000,201804-201807,-0.08188153
2448,2018-05-02,2018-07-31,38.19000000,37.34000000,201805-201808,-0.02225714
2448,2018-06-01,2018-08-31,39.89000000,34.97000000,201806-201809,-0.12333918
2448,2018-07-02,2018-09-28,36.16000000,34.28000000,201807-201810,-0.05199115
2448,2018-08-01,2018-10-31,37.68000000,27.61000000,201808-201811,-0.26725053
2448,2018-09-03,2018-11-30,33.29000000,26.72000000,201809-201812,-0.19735656
2448,2018-10-01,2018-12-28,35.07000000,25.29000000,201810-201901,-0.27887083
2448,2018-11-01,2019-01-30,27.51000000,25.63000000,201811-201902,-0.06833879
2448,2018-12-03,2019-02-27,28.94000000,26.97000000,201812-201903,-0.06807187
2448,2019-01-02,2019-03-29,24.94000000,24.50000000,201901-201904,-0.01764234
2448,2019-02-11,2019-04-30,25.68000000,26.67000000,201902-201905,0.03855140
2448,2019-03-04,2019-05-31,26.72000000,23.46000000,201903-201906,-0.12200599
2448,2019-04-01,2019-06-28,24.20000000,24.70000000,201904-201907,0.02066116
2448,2019-10-01,2019-12-31,26.25000000,32.35000000,201910-202001,0.23238095
2448,2019-11-01,2020-01-31,30.00000000,34.25000000,201911-202002,0.14166667
2448,2019-12-02,2020-02-27,32.15000000,29.20000000,201912-202003,-0.09175739
2448,2020-01-02,2020-03-31,32.85000000,25.80000000,202001-202004,-0.21461187
2448,2020-02-03,2020-04-30,33.95000000,38.40000000,202002-202005,0.13107511
2448,2020-03-02,2020-05-29,29.90000000,36.00000000,202003-202006,0.20401338
2448,2020-04-01,2020-06-30,26.40000000,36.85000000,202004-202007,0.39583333
2448,2020-05-04,2020-07-31,39.15000000,45.40000000,202005-202008,0.15964240
2448,2020-06-01,2020-08-31,35.90000000,39.90000000,202006-202009,0.11142061
2448,2020-07-01,2020-09-30,38.00000000,35.35000000,202007-202010,-0.06973684
2448,2020-08-03,2020-10-30,45.90000000,33.50000000,202008-202011,-0.27015251
2448,2020-09-01,2020-11-30,42.00000000,38.00000000,202009-202012,-0.09523810
2448,2020-10-05,2020-12-23,35.30000000,41.40000000,202010-202101,0.17280453
2449,2012-10-01,2012-12-28,8.66000000,9.89000000,201210-201301,0.14203233
2449,2016-01-04,2016-03-31,13.40000000,18.03000000,201601-201604,0.34552239
2449,2016-02-01,2016-04-29,13.93000000,17.97000000,201602-201605,0.29002154
2449,2016-03-01,2016-05-31,16.46000000,18.95000000,201603-201606,0.15127582
2449,2016-04-01,2016-06-30,17.40000000,18.00000000,201604-201607,0.03448276
2449,2016-05-03,2016-07-29,17.31000000,19.26000000,201605-201608,0.11265165
2449,2016-06-01,2016-08-31,19.07000000,19.12000000,201606-201609,0.00262192
2449,2016-07-01,2016-09-30,17.78000000,18.27000000,201607-201610,0.02755906
2449,2016-08-01,2016-10-31,20.02000000,18.20000000,201608-201611,-0.09090909
2449,2016-09-01,2016-11-30,18.92000000,17.28000000,201609-201612,-0.08668076
2449,2016-10-03,2016-12-30,18.72000000,16.53000000,201610-201701,-0.11698718
2449,2016-11-01,2017-01-24,18.07000000,17.71000000,201611-201702,-0.01992252
2449,2016-12-01,2017-02-24,17.15000000,18.86000000,201612-201703,0.09970845
2449,2017-01-03,2017-03-31,17.28000000,18.36000000,201701-201704,0.06250000
2449,2017-02-02,2017-04-28,17.91000000,17.87000000,201702-201705,-0.00223339
2449,2017-03-01,2017-05-31,18.82000000,19.28000000,201703-201706,0.02444208
2449,2017-04-05,2017-06-30,18.30000000,20.43000000,201704-201707,0.11639344
2449,2017-05-02,2017-07-31,18.86000000,20.96000000,201705-201708,0.11134677
2449,2017-06-01,2017-08-31,19.28000000,20.37000000,201706-201709,0.05653527
2449,2017-07-03,2017-09-30,20.33000000,20.71000000,201707-201710,0.01869159
2449,2017-08-01,2017-10-31,20.78000000,22.25000000,201708-201711,0.07074110
2449,2017-09-01,2017-11-30,20.16000000,21.65000000,201709-201712,0.07390873
2449,2017-10-02,2017-12-29,21.27000000,21.06000000,201710-201801,-0.00987306
2449,2017-11-01,2018-01-31,22.35000000,20.99000000,201711-201802,-0.06085011
2449,2017-12-01,2018-02-27,21.59000000,21.93000000,201712-201803,0.01574803
2449,2018-01-02,2018-03-31,21.55000000,21.24000000,201801-201804,-0.01438515
2449,2018-02-01,2018-04-30,21.10000000,20.47000000,201802-201805,-0.02985782
2449,2018-03-01,2018-05-31,22.04000000,19.57000000,201803-201806,-0.11206897
2449,2018-04-02,2018-06-29,21.31000000,19.32000000,201804-201807,-0.09338339
2449,2018-05-02,2018-07-31,20.58000000,19.65000000,201805-201808,-0.04518950
2449,2018-06-01,2018-08-31,19.71000000,16.15000000,201806-201809,-0.18061898
2449,2018-07-02,2018-09-28,19.39000000,15.18000000,201807-201810,-0.21712223
2449,2018-08-01,2018-10-31,19.76000000,13.43000000,201808-201811,-0.32034413
2449,2018-12-03,2019-02-27,16.00000000,18.79000000,201812-201903,0.17437500
2449,2019-01-02,2019-03-29,17.15000000,19.53000000,201901-201904,0.13877551
2449,2019-02-11,2019-04-30,17.04000000,21.28000000,201902-201905,0.24882629
2449,2019-03-04,2019-05-31,19.24000000,19.57000000,201903-201906,0.01715177
2449,2019-04-01,2019-06-28,19.87000000,19.94000000,201904-201907,0.00352290
2449,2019-05-02,2019-07-31,21.17000000,25.27000000,201905-201908,0.19367029
2449,2019-06-03,2019-08-30,20.02000000,26.51000000,201906-201909,0.32417582
2449,2019-07-01,2019-09-27,21.58000000,27.06000000,201907-201910,0.25393883
2449,2019-08-01,2019-10-31,25.54000000,29.69000000,201908-201911,0.16249021
2449,2019-09-02,2019-11-29,27.02000000,28.65000000,201909-201912,0.06032568
2449,2019-10-01,2019-12-31,27.06000000,29.15000000,201910-202001,0.07723577
2449,2019-11-01,2020-01-31,29.35000000,25.35000000,201911-202002,-0.13628620
2449,2019-12-02,2020-02-27,28.14000000,25.42000000,201912-202003,-0.09665956
2449,2020-01-02,2020-03-31,29.66000000,23.48000000,202001-202004,-0.20836143
2449,2020-02-03,2020-04-30,25.08000000,27.95000000,202002-202005,0.11443381
2449,2020-03-02,2020-05-29,25.08000000,23.37000000,202003-202006,-0.06818182
2449,2020-04-01,2020-06-30,23.41000000,26.67000000,202004-202007,0.13925673
2449,2020-05-04,2020-07-31,27.33000000,28.91000000,202005-202008,0.05781193
2449,2020-06-01,2020-08-31,24.03000000,25.41000000,202006-202009,0.05742821
2449,2020-07-01,2020-09-30,27.13000000,24.84000000,202007-202010,-0.08440840
2449,2020-08-03,2020-10-30,28.87000000,24.39000000,202008-202011,-0.15517839
2449,2020-09-01,2020-11-30,25.29000000,28.83000000,202009-202012,0.13997628
2449,2020-10-05,2020-12-31,24.92000000,28.30000000,202010-202101,0.13563403
2450,2011-04-01,2011-06-30,36.18000000,59.69000000,201104-201107,0.64980652
2450,2011-05-03,2011-07-29,43.68000000,81.83000000,201105-201108,0.87339744
2450,2011-06-01,2011-08-31,63.16000000,59.88000000,201106-201109,-0.05193160
2450,2011-07-01,2011-09-30,62.24000000,43.08000000,201107-201110,-0.30784062
2450,2011-08-01,2011-10-31,84.45000000,50.10000000,201108-201111,-0.40674956
2450,2011-09-01,2011-11-30,58.69000000,45.90000000,201109-201112,-0.21792469
2450,2011-10-03,2011-12-30,40.84000000,44.28000000,201110-201201,0.08423115
2450,2011-11-01,2012-01-31,52.01000000,53.44000000,201111-201202,0.02749471
2450,2011-12-01,2012-02-29,48.91000000,59.64000000,201112-201203,0.21938254
2450,2012-01-02,2012-03-30,42.46000000,65.84000000,201201-201204,0.55063589
2450,2012-02-01,2012-04-30,53.92000000,57.02000000,201202-201205,0.05749258
2450,2012-03-01,2012-05-31,63.70000000,52.48000000,201203-201206,-0.17613815
2450,2012-04-02,2012-06-29,61.31000000,50.81000000,201204-201207,-0.17126081
2450,2012-05-02,2012-07-31,60.12000000,55.80000000,201205-201208,-0.07185629
2450,2012-06-01,2012-08-31,50.58000000,52.56000000,201206-201209,0.03914591
2450,2012-07-02,2012-09-28,52.31000000,54.30000000,201207-201210,0.03804244
2450,2012-08-01,2012-10-31,57.54000000,47.43000000,201208-201211,-0.17570386
2450,2012-09-03,2012-11-30,53.31000000,48.57000000,201209-201212,-0.08891390
2450,2012-10-01,2012-12-28,55.55000000,47.38000000,201210-201301,-0.14707471
2451,2010-01-04,2010-03-31,45.41000000,43.52000000,201001-201004,-0.04162079
2451,2010-02-01,2010-04-30,39.17000000,37.69000000,201002-201005,-0.03778402
2451,2010-03-01,2010-05-31,41.44000000,31.87000000,201003-201006,-0.23093629
2451,2010-04-01,2010-06-30,43.52000000,32.39000000,201004-201007,-0.25574449
2451,2010-05-03,2010-07-30,39.36000000,33.80000000,201005-201008,-0.14126016
2451,2010-06-01,2010-08-31,32.02000000,31.22000000,201006-201009,-0.02498438
2451,2010-07-01,2010-09-30,32.39000000,32.75000000,201007-201010,0.01111454
2451,2010-08-02,2010-10-29,34.44000000,30.96000000,201008-201011,-0.10104530
2451,2010-09-01,2010-11-30,31.37000000,28.89000000,201009-201012,-0.07905642
2451,2010-10-01,2010-12-31,32.95000000,32.14000000,201010-201101,-0.02458270
2451,2010-11-01,2011-01-28,29.13000000,35.19000000,201011-201102,0.20803296
2451,2010-12-01,2011-02-25,29.29000000,31.73000000,201012-201103,0.08330488
2451,2011-01-03,2011-03-31,32.30000000,32.71000000,201101-201104,0.01269350
2451,2011-02-08,2011-04-29,35.44000000,34.18000000,201102-201105,-0.03555305
2451,2011-03-01,2011-05-31,31.73000000,34.34000000,201103-201106,0.08225654
2451,2011-04-01,2011-06-30,32.71000000,34.34000000,201104-201107,0.04983186
2451,2011-05-03,2011-07-29,34.18000000,32.95000000,201105-201108,-0.03598596
2451,2011-06-01,2011-08-31,33.89000000,28.09000000,201106-201109,-0.17114193
2451,2011-07-01,2011-09-30,34.30000000,25.52000000,201107-201110,-0.25597668
2451,2011-08-01,2011-10-31,33.37000000,29.87000000,201108-201111,-0.10488463
2451,2011-09-01,2011-11-30,28.81000000,28.43000000,201109-201112,-0.01318986
2451,2011-10-03,2011-12-30,24.84000000,33.46000000,201110-201201,0.34702093
2451,2011-11-01,2012-01-31,29.61000000,33.67000000,201111-201202,0.13711584
2451,2011-12-01,2012-02-29,30.29000000,37.13000000,201112-201203,0.22581710
2451,2012-01-02,2012-03-30,32.11000000,35.99000000,201201-201204,0.12083463
2451,2012-02-01,2012-04-30,33.29000000,33.08000000,201202-201205,-0.00630820
2451,2012-03-01,2012-05-31,36.12000000,35.82000000,201203-201206,-0.00830565
2451,2012-04-02,2012-06-29,35.66000000,34.85000000,201204-201207,-0.02271453
2451,2012-05-02,2012-07-31,34.56000000,36.63000000,201205-201208,0.05989583
2451,2012-06-01,2012-08-31,35.32000000,35.54000000,201206-201209,0.00622877
2451,2012-07-02,2012-09-28,34.73000000,35.86000000,201207-201210,0.03253671
2451,2012-08-01,2012-10-31,37.31000000,33.24000000,201208-201211,-0.10908604
2451,2012-09-03,2012-11-30,35.63000000,35.50000000,201209-201212,-0.00364861
2451,2012-10-01,2012-12-28,35.68000000,36.54000000,201210-201301,0.02410314
2451,2016-01-04,2016-03-31,46.21000000,55.00000000,201601-201604,0.19021857
2451,2016-02-01,2016-04-29,50.53000000,50.14000000,201602-201605,-0.00771819
2451,2016-03-01,2016-05-31,58.32000000,51.52000000,201603-201606,-0.11659808
2451,2016-04-01,2016-06-30,54.73000000,53.95000000,201604-201607,-0.01425178
2451,2016-05-03,2016-07-29,50.08000000,56.83000000,201605-201608,0.13478435
2451,2016-06-01,2016-08-31,51.96000000,54.34000000,201606-201609,0.04580446
2451,2016-07-01,2016-09-30,54.73000000,54.34000000,201607-201610,-0.00712589
2451,2016-08-01,2016-10-31,56.41000000,51.78000000,201608-201611,-0.08207765
2451,2016-09-01,2016-11-30,54.28000000,51.90000000,201609-201612,-0.04384672
2451,2016-10-03,2016-12-30,54.22000000,50.59000000,201610-201701,-0.06694947
2451,2016-11-01,2017-01-24,51.66000000,50.77000000,201611-201702,-0.01722803
2451,2016-12-01,2017-02-24,51.66000000,51.25000000,201612-201703,-0.00793651
2451,2017-01-03,2017-03-31,50.83000000,59.03000000,201701-201704,0.16132205
2451,2017-02-02,2017-04-28,50.53000000,61.16000000,201702-201705,0.21037008
2451,2017-03-01,2017-05-31,51.31000000,61.16000000,201703-201706,0.19197038
2451,2017-04-05,2017-06-30,60.57000000,60.57000000,201704-201707,0.00000000
2451,2017-05-02,2017-07-31,61.76000000,56.47000000,201705-201708,-0.08565415
2451,2017-06-01,2017-08-31,60.27000000,56.78000000,201706-201709,-0.05790609
2451,2017-07-03,2017-09-30,60.07000000,54.64000000,201707-201710,-0.09039454
2451,2017-08-01,2017-10-31,56.66000000,54.01000000,201708-201711,-0.04677021
2451,2017-09-01,2017-11-30,56.66000000,52.81000000,201709-201712,-0.06794917
2451,2017-10-02,2017-12-29,55.33000000,52.18000000,201710-201801,-0.05693114
2451,2017-11-01,2018-01-31,54.45000000,53.19000000,201711-201802,-0.02314050
2451,2017-12-01,2018-02-27,53.63000000,53.50000000,201712-201803,-0.00242402
2451,2018-01-02,2018-03-31,52.31000000,54.51000000,201801-201804,0.04205697
2451,2018-02-01,2018-04-30,53.31000000,52.81000000,201802-201805,-0.00937910
2451,2018-03-01,2018-05-31,53.44000000,54.20000000,201803-201806,0.01422156
2451,2018-04-02,2018-06-29,54.32000000,53.38000000,201804-201807,-0.01730486
2451,2018-05-02,2018-07-31,53.00000000,52.65000000,201805-201808,-0.00660377
2451,2018-06-01,2018-08-31,54.01000000,50.48000000,201806-201809,-0.06535827
2451,2018-07-02,2018-09-28,53.44000000,47.56000000,201807-201810,-0.11002994
2451,2018-08-01,2018-10-31,52.65000000,43.89000000,201808-201811,-0.16638177
2451,2018-09-03,2018-11-30,50.89000000,46.34000000,201809-201812,-0.08940853
2451,2018-10-01,2018-12-28,47.83000000,45.38000000,201810-201901,-0.05122308
2451,2018-11-01,2019-01-30,44.43000000,45.05000000,201811-201902,0.01395454
2451,2018-12-03,2019-02-27,47.56000000,46.74000000,201812-201903,-0.01724138
2451,2019-01-02,2019-03-29,45.38000000,47.56000000,201901-201904,0.04803878
2451,2019-02-11,2019-04-30,45.52000000,47.56000000,201902-201905,0.04481547
2451,2019-03-04,2019-05-31,46.47000000,48.71000000,201903-201906,0.04820314
2451,2019-04-01,2019-06-28,47.36000000,48.65000000,201904-201907,0.02723818
2451,2019-05-02,2019-07-31,47.83000000,49.68000000,201905-201908,0.03867865
2451,2019-06-03,2019-08-30,48.71000000,48.15000000,201906-201909,-0.01149661
2451,2019-08-01,2019-10-31,49.25000000,48.30000000,201908-201911,-0.01928934
2451,2019-11-01,2020-01-31,48.52000000,59.18000000,201911-202002,0.21970322
2451,2019-12-02,2020-02-27,52.75000000,57.06000000,201912-202003,0.08170616
2451,2020-01-02,2020-03-31,56.63000000,48.59000000,202001-202004,-0.14197422
2451,2020-02-03,2020-04-30,60.64000000,51.58000000,202002-202005,-0.14940633
2451,2020-03-02,2020-05-29,56.99000000,51.36000000,202003-202006,-0.09878926
2451,2020-04-01,2020-06-30,48.73000000,52.61000000,202004-202007,0.07962241
2451,2020-05-04,2020-07-31,50.93000000,51.37000000,202005-202008,0.00863931
2451,2020-06-01,2020-08-31,52.10000000,51.29000000,202006-202009,-0.01554702
2454,2010-01-04,2010-03-31,269.53000000,261.92000000,201001-201004,-0.02823433
2454,2010-02-01,2010-04-30,240.05000000,253.84000000,201002-201005,0.05744637
2454,2010-03-01,2010-05-31,246.23000000,248.61000000,201003-201006,0.00966576
2454,2010-04-01,2010-06-30,269.05000000,215.10000000,201004-201007,-0.20052035
2454,2010-05-03,2010-07-30,255.74000000,218.22000000,201005-201008,-0.14671150
2454,2010-06-01,2010-08-31,245.28000000,219.73000000,201006-201009,-0.10416667
2454,2010-07-01,2010-09-30,205.35000000,220.99000000,201007-201010,0.07616265
2454,2010-08-02,2010-10-29,216.71000000,193.81000000,201008-201011,-0.10567117
2454,2010-09-01,2010-11-30,220.24000000,196.58000000,201009-201012,-0.10742826
2454,2010-10-01,2010-12-31,226.03000000,210.17000000,201010-201101,-0.07016768
2454,2010-11-01,2011-01-28,198.09000000,199.35000000,201011-201102,0.00636075
2454,2010-12-01,2011-02-25,197.08000000,168.14000000,201012-201103,-0.14684392
2454,2011-01-03,2011-03-31,208.91000000,170.15000000,201101-201104,-0.18553444
2454,2011-02-08,2011-04-29,185.50000000,159.33000000,201102-201105,-0.14107817
2454,2011-03-01,2011-05-31,165.12000000,161.09000000,201103-201106,-0.02440649
2454,2011-04-01,2011-06-30,172.67000000,157.06000000,201104-201107,-0.09040366
2454,2011-05-03,2011-07-29,169.90000000,139.28000000,201105-201108,-0.18022366
2454,2011-06-01,2011-08-31,166.12000000,157.06000000,201106-201109,-0.05453889
2454,2011-07-01,2011-09-30,157.82000000,181.84000000,201107-201110,0.15219871
2454,2011-08-01,2011-10-31,137.39000000,171.33000000,201108-201111,0.24703399
2454,2011-09-01,2011-11-30,156.25000000,150.59000000,201109-201112,-0.03622400
2454,2011-10-03,2011-12-30,175.11000000,149.51000000,201110-201201,-0.14619382
2454,2011-11-01,2012-01-31,172.14000000,152.21000000,201111-201202,-0.11577786
2454,2011-12-01,2012-02-29,154.90000000,162.18000000,201112-201203,0.04699806
2454,2012-01-02,2012-03-30,147.09000000,152.21000000,201201-201204,0.03480862
2454,2012-02-01,2012-04-30,155.17000000,136.31000000,201202-201205,-0.12154411
2454,2012-03-01,2012-05-31,163.52000000,142.24000000,201203-201206,-0.13013699
2454,2012-04-02,2012-06-29,148.98000000,147.09000000,201204-201207,-0.01268627
2454,2012-05-02,2012-07-31,143.86000000,142.56000000,201205-201208,-0.00903656
2454,2012-06-01,2012-08-31,138.74000000,178.91000000,201206-201209,0.28953438
2454,2012-07-02,2012-09-28,144.93000000,173.03000000,201207-201210,0.19388670
2454,2012-08-01,2012-10-31,152.35000000,181.42000000,201208-201211,0.19081063
2454,2012-09-03,2012-11-30,178.91000000,184.78000000,201209-201212,0.03280979
2454,2012-10-01,2012-12-28,174.71000000,180.86000000,201210-201301,0.03520119
2454,2016-01-04,2016-03-31,153.23000000,154.48000000,201601-201604,0.00815767
2454,2016-02-01,2016-04-29,131.34000000,143.84000000,201602-201605,0.09517283
2454,2016-03-01,2016-05-31,145.41000000,137.59000000,201603-201606,-0.05377897
2454,2016-04-01,2016-06-30,150.72000000,152.60000000,201604-201607,0.01247346
2454,2016-05-03,2016-07-29,131.96000000,159.42000000,201605-201608,0.20809336
2454,2016-06-01,2016-08-31,138.84000000,163.34000000,201606-201609,0.17646211
2454,2016-07-01,2016-09-30,153.23000000,156.80000000,201607-201610,0.02329831
2454,2016-08-01,2016-10-31,163.02000000,157.12000000,201608-201611,-0.03619188
2454,2016-09-01,2016-11-30,164.33000000,145.01000000,201609-201612,-0.11756831
2454,2016-10-03,2016-12-30,157.78000000,141.74000000,201610-201701,-0.10166054
2454,2016-11-01,2017-01-24,155.49000000,139.77000000,201611-201702,-0.10109975
2454,2016-12-01,2017-02-24,146.98000000,146.65000000,201612-201703,-0.00224520
2454,2017-01-03,2017-03-31,142.72000000,140.76000000,201701-201704,-0.01373318
2454,2017-02-02,2017-04-28,133.88000000,142.07000000,201702-201705,0.06117419
2454,2017-03-01,2017-05-31,147.30000000,150.58000000,201703-201706,0.02226748
2454,2017-04-05,2017-06-30,144.03000000,170.55000000,201704-201707,0.18412831
2454,2017-05-02,2017-07-31,145.01000000,180.62000000,201705-201708,0.24556927
2454,2017-06-01,2017-08-31,149.27000000,183.68000000,201706-201709,0.23052187
2454,2017-07-03,2017-09-30,175.13000000,197.94000000,201707-201710,0.13024610
2454,2017-08-01,2017-10-31,198.62000000,232.57000000,201708-201711,0.17092941
2454,2017-09-01,2017-11-30,184.70000000,221.36000000,201709-201712,0.19848403
2454,2017-10-02,2017-12-29,195.56000000,199.63000000,201710-201801,0.02081203
2454,2017-11-01,2018-01-31,229.51000000,203.03000000,201711-201802,-0.11537624
2454,2017-12-01,2018-02-27,213.89000000,204.39000000,201712-201803,-0.04441535
2454,2018-01-02,2018-03-31,197.94000000,231.21000000,201801-201804,0.16808124
2454,2018-02-01,2018-04-30,208.46000000,230.87000000,201802-201805,0.10750264
2454,2018-03-01,2018-05-31,203.37000000,211.52000000,201803-201806,0.04007474
2454,2018-04-02,2018-06-29,228.49000000,203.71000000,201804-201807,-0.10845114
2454,2018-05-02,2018-07-31,224.76000000,178.74000000,201805-201808,-0.20475174
2454,2018-06-01,2018-08-31,216.61000000,176.99000000,201806-201809,-0.18290938
2454,2018-07-02,2018-09-28,207.10000000,173.47000000,201807-201810,-0.16238532
2454,2018-08-01,2018-10-31,193.52000000,160.10000000,201808-201811,-0.17269533
2454,2018-09-03,2018-11-30,175.58000000,167.13000000,201809-201812,-0.04812621
2454,2018-10-01,2018-12-28,175.93000000,161.50000000,201810-201901,-0.08202126
2454,2018-11-01,2019-01-30,157.28000000,171.00000000,201811-201902,0.08723296
2454,2018-12-03,2019-02-27,172.76000000,197.04000000,201812-201903,0.14054179
2454,2019-01-02,2019-03-29,155.17000000,198.80000000,201901-201904,0.28117548
2454,2019-02-11,2019-04-30,182.61000000,207.95000000,201902-201905,0.13876568
2454,2019-03-04,2019-05-31,194.93000000,218.86000000,201903-201906,0.12276202
2454,2019-04-01,2019-06-28,200.91000000,220.97000000,201904-201907,0.09984570
2454,2019-05-02,2019-07-31,209.71000000,227.70000000,201905-201908,0.08578513
2454,2019-06-03,2019-08-30,220.97000000,266.08000000,201906-201909,0.20414536
2454,2019-07-01,2019-09-27,220.97000000,267.16000000,201907-201910,0.20903290
2454,2019-08-01,2019-10-31,227.34000000,295.40000000,201908-201911,0.29937538
2454,2019-09-02,2019-11-29,268.25000000,305.17000000,201909-201912,0.13763281
2454,2019-10-01,2019-12-31,272.59000000,321.10000000,201910-202001,0.17795957
2454,2019-11-01,2020-01-31,293.23000000,280.92000000,201911-202002,-0.04198070
2454,2019-12-02,2020-02-27,301.55000000,260.65000000,201912-202003,-0.13563257
2454,2020-01-02,2020-03-31,319.65000000,237.12000000,202001-202004,-0.25818864
2454,2020-02-03,2020-04-30,276.57000000,300.47000000,202002-202005,0.08641574
2454,2020-03-02,2020-05-29,262.82000000,335.22000000,202003-202006,0.27547371
2454,2020-04-01,2020-06-30,241.82000000,419.21000000,202004-202007,0.73356215
2454,2020-05-04,2020-07-31,289.24000000,516.81000000,202005-202008,0.78678606
2454,2020-06-01,2020-08-31,334.13000000,409.91000000,202006-202009,0.22679795
2454,2020-07-01,2020-09-30,417.76000000,447.51000000,202007-202010,0.07121314
2454,2020-08-03,2020-10-30,513.13000000,499.86000000,202008-202011,-0.02586089
2454,2020-09-01,2020-11-30,424.66000000,519.02000000,202009-202012,0.22220129
2454,2020-10-05,2020-12-31,450.46000000,550.73000000,202010-202101,0.22259468
2456,2018-05-02,2018-07-31,109.37000000,149.43000000,201805-201808,0.36627960
2456,2018-06-01,2018-08-31,190.26000000,130.60000000,201806-201809,-0.31357090
2456,2018-07-02,2018-09-28,224.11000000,110.13000000,201807-201810,-0.50858953
2456,2018-08-01,2018-10-31,152.37000000,64.48000000,201808-201811,-0.57681958
2456,2018-09-03,2018-11-30,118.84000000,73.83000000,201809-201812,-0.37874453
2456,2020-01-02,2020-03-31,123.01000000,76.46000000,202001-202004,-0.37842452
2456,2020-02-03,2020-04-30,114.49000000,100.30000000,202002-202005,-0.12394096
2458,2010-01-04,2010-03-31,40.07000000,33.38000000,201001-201004,-0.16695782
2458,2010-02-01,2010-04-30,33.18000000,33.58000000,201002-201005,0.01205546
2458,2010-03-01,2010-05-31,31.00000000,29.87000000,201003-201006,-0.03645161
2458,2010-04-01,2010-06-30,33.38000000,29.90000000,201004-201007,-0.10425404
2458,2010-05-03,2010-07-30,33.38000000,31.79000000,201005-201008,-0.04763331
2458,2010-06-01,2010-08-31,30.66000000,28.60000000,201006-201009,-0.06718852
2458,2010-07-01,2010-09-30,30.30000000,32.73000000,201007-201010,0.08019802
2458,2012-07-02,2012-09-28,30.22000000,36.84000000,201207-201210,0.21906023
2458,2012-08-01,2012-10-31,34.78000000,32.14000000,201208-201211,-0.07590569
2458,2012-09-03,2012-11-30,34.03000000,32.11000000,201209-201212,-0.05642081
2458,2012-10-01,2012-12-28,37.83000000,33.25000000,201210-201301,-0.12106794
2458,2019-02-11,2019-04-30,65.11000000,58.09000000,201902-201905,-0.10781754
2458,2020-03-02,2020-05-29,57.95000000,69.49000000,202003-202006,0.19913719
2458,2020-04-01,2020-06-30,59.07000000,88.27000000,202004-202007,0.49432876
2458,2020-05-04,2020-07-31,67.54000000,115.01000000,202005-202008,0.70284276
2458,2020-06-01,2020-08-31,76.44000000,104.02000000,202006-202009,0.36080586
2458,2020-07-01,2020-09-30,91.20000000,106.58000000,202007-202010,0.16864035
2458,2020-08-03,2020-10-30,109.88000000,98.89000000,202008-202011,-0.10001820
2458,2020-09-01,2020-11-30,109.88000000,96.70000000,202009-202012,-0.11994904
2458,2020-10-05,2020-12-31,106.22000000,97.79000000,202010-202101,-0.07936359
2474,2010-01-04,2010-03-31,46.93000000,41.36000000,201001-201004,-0.11868741
2474,2010-02-01,2010-04-30,38.18000000,44.11000000,201002-201005,0.15531692
2474,2010-03-01,2010-05-31,35.68000000,41.83000000,201003-201006,0.17236547
2474,2010-04-01,2010-06-30,42.95000000,37.12000000,201004-201007,-0.13573923
2474,2010-05-03,2010-07-30,43.00000000,38.23000000,201005-201008,-0.11093023
2474,2010-06-01,2010-08-31,41.36000000,37.54000000,201006-201009,-0.09235977
2474,2010-07-01,2010-09-30,36.00000000,39.27000000,201007-201010,0.09083333
2474,2010-08-02,2010-10-29,38.97000000,44.46000000,201008-201011,0.14087760
2474,2010-09-01,2010-11-30,37.81000000,51.00000000,201009-201012,0.34884951
2474,2010-10-01,2010-12-31,39.06000000,58.91000000,201010-201101,0.50819252
2474,2010-11-01,2011-01-28,44.78000000,65.73000000,201011-201102,0.46784279
2474,2010-12-01,2011-02-25,50.46000000,67.64000000,201012-201103,0.34046770
2474,2011-01-03,2011-03-31,58.37000000,79.37000000,201101-201104,0.35977386
2474,2011-02-08,2011-04-29,64.64000000,98.19000000,201102-201105,0.51902847
2474,2011-03-01,2011-05-31,72.28000000,102.01000000,201103-201106,0.41131710
2474,2011-04-01,2011-06-30,78.55000000,98.73000000,201104-201107,0.25690643
2474,2011-05-03,2011-07-29,94.64000000,137.46000000,201105-201108,0.45245139
2474,2011-06-01,2011-08-31,108.55000000,124.10000000,201106-201109,0.14325196
2474,2011-07-01,2011-09-30,103.91000000,99.36000000,201107-201110,-0.04378789
2474,2011-08-01,2011-10-31,147.01000000,94.36000000,201108-201111,-0.35813890
2474,2011-09-01,2011-11-30,120.28000000,78.54000000,201109-201112,-0.34702361
2474,2011-10-03,2011-12-30,96.58000000,77.99000000,201110-201201,-0.19248292
2474,2011-11-01,2012-01-31,96.58000000,102.13000000,201111-201202,0.05746531
2474,2011-12-01,2012-02-29,81.04000000,119.62000000,201112-201203,0.47606120
2474,2012-01-02,2012-03-30,75.49000000,115.73000000,201201-201204,0.53305074
2474,2012-02-01,2012-04-30,104.35000000,103.80000000,201202-201205,-0.00527072
2474,2012-03-01,2012-05-31,124.06000000,105.19000000,201203-201206,-0.15210382
2474,2012-04-02,2012-06-29,112.68000000,110.18000000,201204-201207,-0.02218672
2474,2012-05-02,2012-07-31,111.01000000,80.49000000,201205-201208,-0.27493019
2474,2012-06-01,2012-08-31,101.02000000,85.82000000,201206-201209,-0.15046525
2474,2012-07-02,2012-09-28,111.57000000,79.21000000,201207-201210,-0.29004213
2474,2012-08-01,2012-10-31,74.94000000,72.90000000,201208-201211,-0.02722178
2474,2012-09-03,2012-11-30,87.25000000,85.53000000,201209-201212,-0.01971347
2474,2012-10-01,2012-12-28,79.21000000,82.66000000,201210-201301,0.04355511
2474,2016-01-04,2016-03-31,169.03000000,163.76000000,201601-201604,-0.03117790
2474,2016-02-01,2016-04-29,156.32000000,140.81000000,201602-201605,-0.09921955
2474,2016-03-01,2016-05-31,170.59000000,153.84000000,201603-201606,-0.09818864
2474,2016-04-01,2016-06-30,160.66000000,147.32000000,201604-201607,-0.08303249
2474,2016-05-03,2016-07-29,136.47000000,137.71000000,201605-201608,0.00908625
2474,2016-06-01,2016-08-31,155.70000000,141.43000000,201606-201609,-0.09165061
2474,2016-07-01,2016-09-30,148.25000000,164.67000000,201607-201610,0.11075885
2474,2016-08-01,2016-10-31,139.57000000,160.14000000,201608-201611,0.14738124
2474,2016-09-01,2016-11-30,140.19000000,149.79000000,201609-201612,0.06847849
2474,2016-10-03,2016-12-30,165.32000000,144.94000000,201610-201701,-0.12327607
2474,2016-11-01,2017-01-24,157.56000000,165.00000000,201611-201702,0.04722011
2474,2016-12-01,2017-02-24,153.67000000,166.29000000,201612-201703,0.08212403
2474,2017-01-03,2017-03-31,145.91000000,194.11000000,201701-201704,0.33034062
2474,2017-02-02,2017-04-28,162.09000000,200.58000000,201702-201705,0.23746067
2474,2017-03-01,2017-05-31,163.70000000,205.76000000,201703-201706,0.25693341
2474,2017-04-05,2017-06-30,193.47000000,235.20000000,201704-201707,0.21569236
2474,2017-05-02,2017-07-31,199.61000000,224.53000000,201705-201708,0.12484344
2474,2017-06-01,2017-08-31,207.06000000,248.47000000,201706-201709,0.19999034
2474,2017-07-03,2017-09-30,236.17000000,196.75000000,201707-201710,-0.16691366
2474,2017-08-01,2017-10-31,236.17000000,213.43000000,201708-201711,-0.09628657
2474,2017-09-01,2017-11-30,248.14000000,215.43000000,201709-201712,-0.13182075
2474,2017-10-02,2017-12-29,208.76000000,218.76000000,201710-201801,0.04790190
2474,2017-11-01,2018-01-31,218.43000000,222.76000000,201711-201802,0.01982328
2474,2017-12-01,2018-02-27,219.10000000,236.10000000,201712-201803,0.07759014
2474,2018-01-02,2018-03-31,220.10000000,237.44000000,201801-201804,0.07878237
2474,2018-02-01,2018-04-30,222.43000000,220.76000000,201802-201805,-0.00750798
2474,2018-03-01,2018-05-31,233.43000000,232.43000000,201803-201806,-0.00428394
2474,2018-04-02,2018-06-29,238.44000000,227.43000000,201804-201807,-0.04617514
2474,2018-05-02,2018-07-31,222.10000000,251.11000000,201805-201808,0.13061684
2474,2018-06-01,2018-08-31,237.44000000,251.11000000,201806-201809,0.05757244
2474,2018-07-02,2018-09-28,223.76000000,231.81000000,201807-201810,0.03597605
2474,2018-08-01,2018-10-31,255.78000000,214.91000000,201808-201811,-0.15978575
2474,2018-09-03,2018-11-30,250.78000000,182.48000000,201809-201812,-0.27235027
2474,2018-10-01,2018-12-28,235.95000000,155.23000000,201810-201901,-0.34210638
2474,2018-11-01,2019-01-30,209.05000000,159.72000000,201811-201902,-0.23597226
2474,2018-12-03,2019-02-27,195.59000000,161.44000000,201812-201903,-0.17459993
2474,2019-01-02,2019-03-29,157.30000000,163.51000000,201901-201904,0.03947870
2474,2019-02-11,2019-04-30,164.55000000,168.69000000,201902-201905,0.02515953
2474,2019-03-04,2019-05-31,161.79000000,132.46000000,201903-201906,-0.18128438
2474,2019-04-01,2019-06-28,170.07000000,153.51000000,201904-201907,-0.09737167
2474,2019-05-02,2019-07-31,172.48000000,159.37000000,201905-201908,-0.07600881
2474,2019-06-03,2019-08-30,133.50000000,152.13000000,201906-201909,0.13955056
2474,2019-07-01,2019-09-27,157.30000000,170.86000000,201907-201910,0.08620470
2474,2019-08-01,2019-10-31,160.06000000,187.58000000,201908-201911,0.17193552
2474,2019-09-02,2019-11-29,152.47000000,181.40000000,201909-201912,0.18974224
2474,2019-10-01,2019-12-31,181.40000000,165.04000000,201910-202001,-0.09018743
2474,2019-11-01,2020-01-31,192.67000000,177.40000000,201911-202002,-0.07925468
2474,2019-12-02,2020-02-27,178.85000000,172.31000000,201912-202003,-0.03656696
2474,2020-01-02,2020-03-31,168.68000000,142.14000000,202001-202004,-0.15733934
2474,2020-02-03,2020-04-30,173.40000000,165.77000000,202002-202005,-0.04400231
2474,2020-03-02,2020-05-29,170.13000000,158.50000000,202003-202006,-0.06835949
2474,2020-04-01,2020-06-30,146.50000000,161.40000000,202004-202007,0.10170648
2474,2020-05-04,2020-07-31,167.95000000,157.04000000,202005-202008,-0.06495981
2474,2020-06-01,2020-08-31,159.59000000,145.77000000,202006-202009,-0.08659690
2474,2020-07-01,2020-09-30,167.95000000,138.76000000,202007-202010,-0.17380173
2474,2020-08-03,2020-10-30,157.41000000,138.00000000,202008-202011,-0.12330856
2474,2020-09-01,2020-11-30,147.95000000,143.73000000,202009-202012,-0.02852315
2474,2020-10-05,2020-12-31,137.61000000,157.49000000,202010-202101,0.14446625
2475,2010-01-04,2010-03-31,4.37000000,3.63000000,201001-201004,-0.16933638
2475,2010-02-01,2010-04-30,3.85000000,3.03000000,201002-201005,-0.21298701
2475,2010-03-01,2010-05-31,3.16000000,2.15000000,201003-201006,-0.31962025
2475,2010-04-01,2010-06-30,3.65000000,2.11000000,201004-201007,-0.42191781
2475,2010-05-03,2010-07-30,2.92000000,2.09000000,201005-201008,-0.28424658
2475,2010-06-01,2010-08-31,2.11000000,4.95000000,201006-201009,1.34597156
2475,2010-07-01,2010-09-30,2.03000000,4.51000000,201007-201010,1.22167488
2475,2010-08-02,2010-10-29,2.10000000,4.62000000,201008-201011,1.20000000
2475,2010-09-01,2010-11-30,4.61000000,4.34000000,201009-201012,-0.05856833
2475,2010-10-01,2010-12-31,4.51000000,4.66000000,201010-201101,0.03325942
2475,2010-11-01,2011-01-28,4.59000000,4.46000000,201011-201102,-0.02832244
2475,2010-12-01,2011-02-25,4.37000000,3.99000000,201012-201103,-0.08695652
2475,2011-01-03,2011-03-31,4.56000000,3.66000000,201101-201104,-0.19736842
2475,2011-02-08,2011-04-29,4.17000000,3.84000000,201102-201105,-0.07913669
2475,2011-03-01,2011-05-31,4.00000000,3.84000000,201103-201106,-0.04000000
2475,2011-04-01,2011-06-30,3.62000000,3.47000000,201104-201107,-0.04143646
2475,2011-05-03,2011-07-29,3.79000000,3.44000000,201105-201108,-0.09234828
2475,2011-06-01,2011-08-31,3.78000000,2.58000000,201106-201109,-0.31746032
2485,2010-02-01,2010-04-30,40.80000000,33.63000000,201002-201005,-0.17573529
2485,2010-03-01,2010-05-31,40.30000000,31.16000000,201003-201006,-0.22679901
2489,2010-01-04,2010-03-31,18.24000000,17.27000000,201001-201004,-0.05317982
2489,2010-02-01,2010-04-30,15.03000000,16.21000000,201002-201005,0.07850965
2489,2010-03-01,2010-05-31,14.49000000,15.18000000,201003-201006,0.04761905
2489,2010-04-01,2010-06-30,17.58000000,13.69000000,201004-201007,-0.22127418
2489,2010-05-03,2010-07-30,15.70000000,14.47000000,201005-201008,-0.07834395
2489,2010-06-01,2010-08-31,14.77000000,12.60000000,201006-201009,-0.14691943
2489,2010-07-01,2010-09-30,13.64000000,13.98000000,201007-201010,0.02492669
2489,2010-08-02,2010-10-29,14.66000000,13.51000000,201008-201011,-0.07844475
2489,2010-09-01,2010-11-30,13.23000000,14.34000000,201009-201012,0.08390023
2489,2012-05-02,2012-07-31,13.48000000,13.66000000,201205-201208,0.01335312
2489,2012-06-01,2012-08-31,13.84000000,14.63000000,201206-201209,0.05708092
2489,2012-07-02,2012-09-28,14.10000000,14.63000000,201207-201210,0.03758865
2489,2012-10-01,2012-12-28,14.72000000,14.37000000,201210-201301,-0.02377717
2492,2017-04-05,2017-06-30,35.35000000,43.03000000,201704-201707,0.21725601
2492,2017-05-02,2017-07-31,44.53000000,43.56000000,201705-201708,-0.02178307
2492,2017-06-01,2017-08-31,39.96000000,55.48000000,201706-201709,0.38838839
2492,2017-07-03,2017-09-30,42.48000000,57.82000000,201707-201710,0.36111111
2492,2017-08-01,2017-10-31,43.32000000,59.27000000,201708-201711,0.36819021
2492,2017-09-01,2017-11-30,56.60000000,85.32000000,201709-201712,0.50742049
2492,2017-10-02,2017-12-29,60.18000000,79.99000000,201710-201801,0.32917913
2492,2017-11-01,2018-01-31,63.23000000,74.89000000,201711-201802,0.18440614
2492,2017-12-01,2018-02-27,78.47000000,65.82000000,201712-201803,-0.16120811
2492,2018-01-02,2018-03-31,77.33000000,91.42000000,201801-201804,0.18220613
2492,2018-02-01,2018-04-30,74.66000000,142.84000000,201802-201805,0.91320654
2492,2018-03-01,2018-05-31,68.49000000,295.21000000,201803-201806,3.31026427
2492,2018-04-02,2018-06-29,92.56000000,317.68000000,201804-201807,2.43215212
2492,2018-05-02,2018-07-31,156.94000000,264.35000000,201805-201808,0.68440168
2492,2018-06-01,2018-08-31,287.97000000,242.64000000,201806-201809,-0.15741223
2492,2018-07-02,2018-09-28,349.30000000,164.33000000,201807-201810,-0.52954480
2492,2018-08-01,2018-10-31,260.92000000,100.68000000,201808-201811,-0.61413460
2492,2018-09-03,2018-11-30,218.72000000,144.66000000,201809-201812,-0.33860644
2492,2018-10-01,2018-12-28,163.17000000,118.81000000,201810-201901,-0.27186370
2492,2018-11-01,2019-01-30,110.71000000,131.93000000,201811-201902,0.19167194
2492,2018-12-03,2019-02-27,158.93000000,139.64000000,201812-201903,-0.12137419
2492,2019-01-02,2019-03-29,118.81000000,154.30000000,201901-201904,0.29871223
2492,2019-02-11,2019-04-30,131.93000000,145.81000000,201902-201905,0.10520731
2492,2019-03-04,2019-05-31,143.50000000,122.67000000,201903-201906,-0.14515679
2492,2019-04-01,2019-06-28,148.90000000,126.53000000,201904-201907,-0.15023506
2492,2019-05-02,2019-07-31,146.59000000,136.56000000,201905-201908,-0.06842213
2492,2019-06-03,2019-08-30,121.13000000,135.24000000,201906-201909,0.11648642
2492,2019-07-01,2019-09-27,130.77000000,149.36000000,201907-201910,0.14215799
2492,2019-08-01,2019-10-31,138.87000000,157.07000000,201908-201911,0.13105782
2492,2019-09-02,2019-11-29,136.95000000,145.51000000,201909-201912,0.06250456
2492,2019-10-01,2019-12-31,156.64000000,204.57000000,201910-202001,0.30598825
2492,2019-11-01,2020-01-31,155.36000000,180.18000000,201911-202002,0.15975798
2492,2019-12-02,2020-02-27,148.08000000,182.32000000,201912-202003,0.23122636
2492,2020-01-02,2020-03-31,205.00000000,137.81000000,202001-202004,-0.32775610
2492,2020-02-03,2020-04-30,185.31000000,182.32000000,202002-202005,-0.01613512
2492,2020-03-02,2020-05-29,186.60000000,160.06000000,202003-202006,-0.14222937
2492,2020-04-01,2020-06-30,139.09000000,153.22000000,202004-202007,0.10158890
2492,2020-05-04,2020-07-31,178.90000000,150.22000000,202005-202008,-0.16031302
2492,2020-06-01,2020-08-31,164.77000000,141.16000000,202006-202009,-0.14329065
2492,2020-07-01,2020-09-30,153.22000000,136.31000000,202007-202010,-0.11036418
2492,2020-08-03,2020-10-30,154.07000000,144.25000000,202008-202011,-0.06373726
2492,2020-09-01,2020-11-30,142.48000000,171.60000000,202009-202012,0.20437956
2492,2020-10-05,2020-12-31,138.07000000,203.36000000,202010-202101,0.47287608
2498,2010-01-04,2010-03-31,264.76000000,268.75000000,201001-201004,0.01507025
2498,2010-02-01,2010-04-30,227.82000000,306.78000000,201002-201005,0.34658941
2498,2010-03-01,2010-05-31,235.42000000,315.11000000,201003-201006,0.33850140
2498,2010-04-01,2010-06-30,272.37000000,311.48000000,201004-201007,0.14359144
2498,2010-05-03,2010-07-30,312.57000000,468.57000000,201005-201008,0.49908820
2498,2010-06-01,2010-08-31,310.40000000,466.18000000,201006-201009,0.50186856
2498,2010-07-01,2010-09-30,317.28000000,564.99000000,201007-201010,0.78072995
2498,2010-08-02,2010-10-29,485.30000000,550.65000000,201008-201011,0.13465897
2498,2010-09-01,2010-11-30,474.94000000,673.37000000,201009-201012,0.41780014
2498,2010-10-01,2010-12-31,563.40000000,717.19000000,201010-201101,0.27296770
2498,2010-11-01,2011-01-28,588.90000000,780.15000000,201011-201102,0.32475802
2498,2010-12-01,2011-02-25,685.32000000,848.68000000,201012-201103,0.23837040
2498,2011-01-03,2011-03-31,733.93000000,916.41000000,201101-201104,0.24863407
2498,2011-02-08,2011-04-29,788.91000000,1035.95000000,201102-201105,0.31314092
2498,2011-03-01,2011-05-31,868.60000000,972.20000000,201103-201106,0.11927239
2498,2011-04-01,2011-06-30,908.45000000,769.79000000,201104-201107,-0.15263361
2498,2011-05-03,2011-07-29,964.23000000,748.94000000,201105-201108,-0.22327660
2498,2011-06-01,2011-08-31,992.12000000,659.91000000,201106-201109,-0.33484861
2498,2011-07-01,2011-09-30,804.85000000,597.93000000,201107-201110,-0.25709138
2498,2011-08-01,2011-10-31,750.69000000,598.80000000,201108-201111,-0.20233385
2498,2011-09-01,2011-11-30,668.63000000,416.37000000,201109-201112,-0.37727891
2498,2011-10-03,2011-12-30,578.73000000,433.83000000,201110-201201,-0.25037582
2498,2011-11-01,2012-01-31,573.49000000,423.79000000,201111-201202,-0.26103332
2498,2011-12-01,2012-02-29,427.28000000,576.98000000,201112-201203,0.35035574
2498,2012-01-02,2012-03-30,416.81000000,521.12000000,201201-201204,0.25025791
2498,2012-02-01,2012-04-30,453.03000000,386.69000000,201202-201205,-0.14643622
2498,2012-03-01,2012-05-31,568.25000000,375.34000000,201203-201206,-0.33948086
2498,2012-04-02,2012-06-29,512.39000000,339.99000000,201204-201207,-0.33646246
2498,2012-05-02,2012-07-31,412.44000000,283.44000000,201205-201208,-0.31277277
2498,2012-06-01,2012-08-31,361.38000000,250.44000000,201206-201209,-0.30698987
2498,2012-07-02,2012-09-28,340.86000000,275.68000000,201207-201210,-0.19122220
2498,2012-08-01,2012-10-31,279.56000000,204.82000000,201208-201211,-0.26734869
2498,2012-09-03,2012-11-30,253.84000000,258.20000000,201209-201212,0.01717617
2498,2012-10-01,2012-12-28,281.99000000,291.69000000,201210-201301,0.03439838
2498,2016-01-04,2016-03-31,78.12000000,91.18000000,201601-201604,0.16717870
2498,2016-02-01,2016-04-29,75.65000000,81.48000000,201602-201605,0.07706543
2498,2016-03-01,2016-05-31,80.89000000,84.06000000,201603-201606,0.03918902
2498,2016-04-01,2016-06-30,87.12000000,102.35000000,201604-201607,0.17481635
2498,2016-05-03,2016-07-29,80.89000000,94.04000000,201605-201608,0.16256645
2498,2016-06-01,2016-08-31,86.33000000,84.06000000,201606-201609,-0.02629445
2498,2016-07-01,2016-09-30,104.82000000,86.13000000,201607-201610,-0.17830567
2498,2016-08-01,2016-10-31,94.64000000,91.37000000,201608-201611,-0.03455199
2498,2016-09-01,2016-11-30,83.56000000,83.36000000,201609-201612,-0.00239349
2498,2016-10-03,2016-12-30,86.13000000,78.12000000,201610-201701,-0.09299896
2498,2016-11-01,2017-01-24,90.78000000,78.42000000,201611-201702,-0.13615334
2498,2016-12-01,2017-02-24,83.46000000,78.02000000,201612-201703,-0.06518092
2498,2017-01-03,2017-03-31,78.32000000,76.64000000,201701-201704,-0.02145046
2498,2017-02-02,2017-04-28,77.43000000,71.60000000,201702-201705,-0.07529381
2498,2017-03-01,2017-05-31,77.03000000,71.89000000,201703-201706,-0.06672725
2498,2017-04-05,2017-06-30,78.12000000,71.79000000,201704-201707,-0.08102919
2498,2017-05-02,2017-07-31,70.11000000,70.90000000,201705-201708,0.01126801
2498,2017-06-01,2017-08-31,70.80000000,67.94000000,201706-201709,-0.04039548
2498,2017-07-03,2017-09-30,70.90000000,74.27000000,201707-201710,0.04753173
2498,2017-08-01,2017-10-31,70.80000000,66.85000000,201708-201711,-0.05579096
2498,2017-09-01,2017-11-30,68.13000000,66.65000000,201709-201712,-0.02172318
2498,2017-10-02,2017-12-29,73.47000000,72.29000000,201710-201801,-0.01606098
2498,2017-11-01,2018-01-31,68.33000000,70.21000000,201711-201802,0.02751354
2498,2017-12-01,2018-02-27,67.64000000,60.32000000,201712-201803,-0.10821999
2498,2018-01-02,2018-03-31,73.08000000,67.34000000,201801-201804,-0.07854406
2498,2018-02-01,2018-04-30,69.72000000,59.83000000,201802-201805,-0.14185313
2498,2018-03-01,2018-05-31,60.72000000,57.95000000,201803-201806,-0.04561924
2498,2018-04-02,2018-06-29,66.55000000,56.27000000,201804-201807,-0.15447032
2498,2018-05-02,2018-07-31,57.75000000,53.30000000,201805-201808,-0.07705628
2498,2018-06-01,2018-08-31,57.85000000,44.10000000,201806-201809,-0.23768366
2498,2018-07-02,2018-09-28,55.97000000,40.15000000,201807-201810,-0.28265142
2498,2018-08-01,2018-10-31,53.99000000,33.23000000,201808-201811,-0.38451565
2498,2018-09-03,2018-11-30,42.97000000,45.04000000,201809-201812,0.04817314
2498,2018-10-01,2018-12-28,39.46000000,34.96000000,201810-201901,-0.11403953
2498,2018-11-01,2019-01-30,34.51000000,36.14000000,201811-201902,0.04723269
2498,2018-12-03,2019-02-27,46.72000000,36.39000000,201812-201903,-0.22110445
2498,2019-01-02,2019-03-29,35.70000000,39.51000000,201901-201904,0.10672269
2498,2019-02-11,2019-04-30,36.39000000,41.34000000,201902-201905,0.13602638
2498,2019-03-04,2019-05-31,37.48000000,35.70000000,201903-201906,-0.04749200
2498,2019-04-01,2019-06-28,39.70000000,36.14000000,201904-201907,-0.08967254
2498,2019-05-02,2019-07-31,42.57000000,38.42000000,201905-201908,-0.09748649
2498,2019-06-03,2019-08-30,34.71000000,34.75000000,201906-201909,0.00115241
2498,2019-07-01,2019-09-27,36.44000000,35.50000000,201907-201910,-0.02579583
2498,2019-08-01,2019-10-31,37.53000000,36.80000000,201908-201911,-0.01945111
2498,2019-09-02,2019-11-29,34.90000000,35.05000000,201909-201912,0.00429799
2498,2019-10-01,2019-12-31,36.15000000,38.45000000,201910-202001,0.06362379
2498,2019-12-02,2020-02-27,35.40000000,35.00000000,201912-202003,-0.01129944
2498,2020-01-02,2020-03-31,38.35000000,28.40000000,202001-202004,-0.25945241
2498,2020-03-02,2020-05-29,36.40000000,30.50000000,202003-202006,-0.16208791
2501,2010-01-04,2010-03-31,7.63000000,7.52000000,201001-201004,-0.01441678
2501,2010-02-01,2010-04-30,7.60000000,7.18000000,201002-201005,-0.05526316
2501,2010-03-01,2010-05-31,7.58000000,6.46000000,201003-201006,-0.14775726
2501,2010-04-01,2010-06-30,7.74000000,6.32000000,201004-201007,-0.18346253
2501,2010-05-03,2010-07-30,7.13000000,8.36000000,201005-201008,0.17251052
2501,2010-06-01,2010-08-31,6.35000000,8.59000000,201006-201009,0.35275591
2501,2010-07-01,2010-09-30,6.40000000,9.14000000,201007-201010,0.42812500
2501,2010-08-02,2010-10-29,8.33000000,9.96000000,201008-201011,0.19567827
2501,2010-09-01,2010-11-30,8.99000000,10.16000000,201009-201012,0.13014461
2501,2010-10-01,2010-12-31,9.26000000,10.68000000,201010-201101,0.15334773
2501,2010-11-01,2011-01-28,10.04000000,9.93000000,201011-201102,-0.01095618
2501,2010-12-01,2011-02-25,10.68000000,8.50000000,201012-201103,-0.20411985
2501,2011-01-03,2011-03-31,11.41000000,8.30000000,201101-201104,-0.27256792
2501,2011-02-08,2011-04-29,9.58000000,8.59000000,201102-201105,-0.10334029
2501,2011-03-01,2011-05-31,8.62000000,8.77000000,201103-201106,0.01740139
2501,2011-04-01,2011-06-30,8.41000000,8.65000000,201104-201107,0.02853746
2501,2011-05-03,2011-07-29,8.53000000,9.25000000,201105-201108,0.08440797
2501,2011-06-01,2011-08-31,8.70000000,7.82000000,201106-201109,-0.10114943
2501,2011-07-01,2011-09-30,8.85000000,7.34000000,201107-201110,-0.17062147
2501,2011-08-01,2011-10-31,9.43000000,7.37000000,201108-201111,-0.21845175
2501,2011-09-01,2011-11-30,7.76000000,6.62000000,201109-201112,-0.14690722
2501,2011-10-03,2011-12-30,7.04000000,6.18000000,201110-201201,-0.12215909
2501,2011-11-01,2012-01-31,7.46000000,6.83000000,201111-201202,-0.08445040
2501,2011-12-01,2012-02-29,6.92000000,7.49000000,201112-201203,0.08236994
2501,2012-01-02,2012-03-30,6.09000000,8.18000000,201201-201204,0.34318555
2501,2012-02-01,2012-04-30,6.89000000,8.14000000,201202-201205,0.18142235
2501,2012-03-01,2012-05-31,7.55000000,7.85000000,201203-201206,0.03973510
2501,2012-04-02,2012-06-29,8.12000000,8.05000000,201204-201207,-0.00862069
2501,2012-05-02,2012-07-31,8.26000000,7.72000000,201205-201208,-0.06537530
2501,2012-06-01,2012-08-31,7.64000000,8.23000000,201206-201209,0.07722513
2501,2012-07-02,2012-09-28,8.14000000,8.99000000,201207-201210,0.10442260
2501,2012-08-01,2012-10-31,7.69000000,8.58000000,201208-201211,0.11573472
2501,2012-09-03,2012-11-30,8.36000000,8.80000000,201209-201212,0.05263158
2501,2012-10-01,2012-12-28,8.99000000,8.96000000,201210-201301,-0.00333704
2501,2016-01-04,2016-03-31,9.86000000,10.64000000,201601-201604,0.07910751
2501,2016-03-01,2016-05-31,10.16000000,10.19000000,201603-201606,0.00295276
2501,2016-04-01,2016-06-30,10.71000000,10.79000000,201604-201607,0.00746965
2501,2016-05-03,2016-07-29,10.53000000,10.60000000,201605-201608,0.00664767
2501,2016-06-01,2016-08-31,10.27000000,10.27000000,201606-201609,0.00000000
2501,2016-07-01,2016-09-30,10.75000000,10.90000000,201607-201610,0.01395349
2501,2016-08-01,2016-10-31,10.56000000,10.53000000,201608-201611,-0.00284091
2501,2016-09-01,2016-11-30,10.27000000,12.09000000,201609-201612,0.17721519
2501,2016-10-03,2016-12-30,11.31000000,11.83000000,201610-201701,0.04597701
2501,2019-05-02,2019-07-31,19.63000000,17.84000000,201905-201908,-0.09118696
2501,2019-06-03,2019-08-30,22.05000000,16.62000000,201906-201909,-0.24625850
2504,2010-01-04,2010-03-31,9.67000000,8.52000000,201001-201004,-0.11892451
2504,2010-04-01,2010-06-30,8.97000000,8.90000000,201004-201007,-0.00780379
2504,2010-05-03,2010-07-30,8.49000000,9.06000000,201005-201008,0.06713781
2504,2010-06-01,2010-08-31,8.30000000,9.26000000,201006-201009,0.11566265
2504,2010-07-01,2010-09-30,9.09000000,9.58000000,201007-201010,0.05390539
2504,2010-08-02,2010-10-29,9.23000000,10.30000000,201008-201011,0.11592633
2504,2010-09-01,2010-11-30,9.58000000,10.43000000,201009-201012,0.08872651
2504,2010-10-01,2010-12-31,9.68000000,10.69000000,201010-201101,0.10433884
2504,2010-11-01,2011-01-28,10.46000000,9.74000000,201011-201102,-0.06883365
2504,2010-12-01,2011-02-25,10.69000000,8.67000000,201012-201103,-0.18896165
2504,2011-01-03,2011-03-31,10.89000000,8.44000000,201101-201104,-0.22497704
2504,2011-07-01,2011-09-30,10.04000000,8.11000000,201107-201110,-0.19223108
2504,2011-08-01,2011-10-31,10.72000000,9.25000000,201108-201111,-0.13712687
2504,2011-09-01,2011-11-30,9.25000000,7.81000000,201109-201112,-0.15567568
2504,2011-10-03,2011-12-30,7.91000000,7.00000000,201110-201201,-0.11504425
2504,2011-11-01,2012-01-31,9.22000000,7.81000000,201111-201202,-0.15292842
2504,2011-12-01,2012-02-29,8.08000000,8.51000000,201112-201203,0.05321782
2504,2020-09-01,2020-11-30,16.91000000,19.67000000,202009-202012,0.16321703
2511,2010-10-01,2010-12-31,8.61000000,9.21000000,201010-201101,0.06968641
2511,2010-11-01,2011-01-28,8.50000000,8.01000000,201011-201102,-0.05764706
2511,2010-12-01,2011-02-25,9.96000000,7.71000000,201012-201103,-0.22590361
2511,2011-05-03,2011-07-29,8.39000000,11.09000000,201105-201108,0.32181168
2511,2011-06-01,2011-08-31,9.44000000,10.30000000,201106-201109,0.09110169
2511,2011-07-01,2011-09-30,11.02000000,9.31000000,201107-201110,-0.15517241
2511,2011-08-01,2011-10-31,11.83000000,9.40000000,201108-201111,-0.20540997
2511,2011-09-01,2011-11-30,10.53000000,6.75000000,201109-201112,-0.35897436
2511,2011-10-03,2011-12-30,8.98000000,6.87000000,201110-201201,-0.23496659
2511,2011-11-01,2012-01-31,9.40000000,8.36000000,201111-201202,-0.11063830
2511,2011-12-01,2012-02-29,7.21000000,10.18000000,201112-201203,0.41192788
2511,2012-01-02,2012-03-30,6.60000000,9.40000000,201201-201204,0.42424242
2511,2012-02-01,2012-04-30,8.57000000,8.95000000,201202-201205,0.04434072
2511,2012-03-01,2012-05-31,10.25000000,8.70000000,201203-201206,-0.15121951
2511,2012-04-02,2012-06-29,9.51000000,8.49000000,201204-201207,-0.10725552
2511,2012-05-02,2012-07-31,9.27000000,8.17000000,201205-201208,-0.11866235
2511,2012-06-01,2012-08-31,8.40000000,9.10000000,201206-201209,0.08333333
2511,2012-07-02,2012-09-28,8.53000000,10.38000000,201207-201210,0.21688159
2511,2012-08-01,2012-10-31,8.13000000,9.38000000,201208-201211,0.15375154
2511,2012-09-03,2012-11-30,9.36000000,9.69000000,201209-201212,0.03525641
2511,2012-10-01,2012-12-28,10.34000000,9.88000000,201210-201301,-0.04448743
2542,2010-01-04,2010-03-31,8.16000000,8.16000000,201001-201004,0.00000000
2542,2010-02-01,2010-04-30,7.85000000,8.37000000,201002-201005,0.06624204
2542,2010-03-01,2010-05-31,8.16000000,8.32000000,201003-201006,0.01960784
2542,2010-04-01,2010-06-30,8.27000000,8.39000000,201004-201007,0.01451028
2542,2010-05-03,2010-07-30,8.53000000,8.78000000,201005-201008,0.02930832
2542,2010-06-01,2010-08-31,8.30000000,8.98000000,201006-201009,0.08192771
2542,2010-07-01,2010-09-30,8.30000000,8.89000000,201007-201010,0.07108434
2542,2010-08-02,2010-10-29,8.82000000,9.69000000,201008-201011,0.09863946
2542,2010-09-01,2010-11-30,9.11000000,11.74000000,201009-201012,0.28869374
2542,2010-10-01,2010-12-31,8.98000000,11.56000000,201010-201101,0.28730512
2542,2010-11-01,2011-01-28,9.65000000,12.00000000,201011-201102,0.24352332
2542,2010-12-01,2011-02-25,11.88000000,11.23000000,201012-201103,-0.05471380
2542,2011-01-03,2011-03-31,11.69000000,10.91000000,201101-201104,-0.06672370
2542,2011-02-08,2011-04-29,12.13000000,11.24000000,201102-201105,-0.07337181
2542,2011-03-01,2011-05-31,11.24000000,11.58000000,201103-201106,0.03024911
2542,2011-04-01,2011-06-30,11.01000000,11.92000000,201104-201107,0.08265213
2542,2011-05-03,2011-07-29,11.37000000,12.52000000,201105-201108,0.10114336
2542,2011-06-01,2011-08-31,11.58000000,10.64000000,201106-201109,-0.08117444
2542,2011-07-01,2011-09-30,12.02000000,9.74000000,201107-201110,-0.18968386
2542,2011-08-01,2011-10-31,12.60000000,9.97000000,201108-201111,-0.20873016
2542,2011-09-01,2011-11-30,10.79000000,8.46000000,201109-201112,-0.21594069
2542,2011-10-03,2011-12-30,9.46000000,8.28000000,201110-201201,-0.12473573
2542,2011-11-01,2012-01-31,10.13000000,9.14000000,201111-201202,-0.09772952
2542,2011-12-01,2012-02-29,9.05000000,10.47000000,201112-201203,0.15690608
2542,2012-01-02,2012-03-30,8.09000000,9.74000000,201201-201204,0.20395550
2542,2012-02-01,2012-04-30,9.19000000,9.33000000,201202-201205,0.01523395
2542,2012-03-01,2012-05-31,10.47000000,9.14000000,201203-201206,-0.12702961
2542,2012-04-02,2012-06-29,9.61000000,8.87000000,201204-201207,-0.07700312
2542,2012-05-02,2012-07-31,9.65000000,8.90000000,201205-201208,-0.07772021
2542,2012-06-01,2012-08-31,8.98000000,10.00000000,201206-201209,0.11358575
2542,2012-07-02,2012-09-28,8.91000000,9.85000000,201207-201210,0.10549944
2542,2012-08-01,2012-10-29,9.03000000,8.51000000,201208-201211,-0.05758583
2542,2012-09-03,2012-11-30,9.95000000,9.05000000,201209-201212,-0.09045226
2542,2012-10-01,2012-12-28,9.91000000,9.17000000,201210-201301,-0.07467205
2542,2016-01-04,2016-03-31,13.59000000,17.72000000,201601-201604,0.30389993
2542,2016-02-01,2016-04-29,12.55000000,18.28000000,201602-201605,0.45657371
2542,2016-03-01,2016-05-31,12.55000000,18.53000000,201603-201606,0.47649402
2542,2016-04-01,2016-06-30,17.98000000,19.98000000,201604-201607,0.11123471
2542,2016-05-03,2016-07-29,17.64000000,20.67000000,201605-201608,0.17176871
2542,2016-06-01,2016-08-31,18.79000000,20.94000000,201606-201609,0.11442257
2542,2016-07-01,2016-09-30,20.02000000,20.60000000,201607-201610,0.02897103
2542,2016-08-01,2016-10-31,20.75000000,19.86000000,201608-201611,-0.04289157
2542,2016-09-01,2016-11-30,20.75000000,20.31000000,201609-201612,-0.02120482
2542,2016-10-03,2016-12-30,20.48000000,19.29000000,201610-201701,-0.05810547
2542,2016-11-01,2017-01-24,19.31000000,19.82000000,201611-201702,0.02641119
2542,2016-12-01,2017-02-24,20.16000000,21.20000000,201612-201703,0.05158730
2542,2017-01-03,2017-03-31,19.24000000,22.64000000,201701-201704,0.17671518
2542,2017-02-02,2017-04-28,19.58000000,21.62000000,201702-201705,0.10418795
2542,2017-03-01,2017-05-31,21.58000000,21.09000000,201703-201706,-0.02270621
2542,2017-04-05,2017-06-30,22.34000000,21.41000000,201704-201707,-0.04162936
2542,2017-05-02,2017-07-31,21.66000000,21.24000000,201705-201708,-0.01939058
2542,2017-06-01,2017-08-31,21.20000000,20.39000000,201706-201709,-0.03820755
2542,2017-07-03,2017-09-30,21.49000000,19.49000000,201707-201710,-0.09306654
2542,2017-08-01,2017-10-31,21.09000000,19.11000000,201708-201711,-0.09388336
2542,2017-09-01,2017-11-30,20.52000000,18.92000000,201709-201712,-0.07797271
2542,2017-10-02,2017-12-29,19.08000000,20.06000000,201710-201801,0.05136268
2542,2017-11-01,2018-01-31,19.20000000,21.72000000,201711-201802,0.13125000
2542,2017-12-01,2018-02-27,18.80000000,20.93000000,201712-201803,0.11329787
2542,2018-01-02,2018-03-31,20.46000000,21.41000000,201801-201804,0.04643206
2542,2018-02-01,2018-04-30,21.60000000,21.72000000,201802-201805,0.00555556
2542,2018-03-01,2018-05-31,21.17000000,21.53000000,201803-201806,0.01700520
2542,2018-04-02,2018-06-29,21.48000000,21.45000000,201804-201807,-0.00139665
2542,2018-05-02,2018-07-31,21.81000000,22.43000000,201805-201808,0.02842733
2542,2018-06-01,2018-08-31,21.95000000,23.66000000,201806-201809,0.07790433
2542,2018-07-02,2018-09-28,21.12000000,24.71000000,201807-201810,0.16998106
2542,2018-08-01,2018-10-31,22.38000000,23.15000000,201808-201811,0.03440572
2542,2018-09-03,2018-11-30,23.71000000,23.94000000,201809-201812,0.00970055
2542,2018-10-01,2018-12-28,24.61000000,22.97000000,201810-201901,-0.06663958
2542,2018-11-01,2019-01-30,23.13000000,24.48000000,201811-201902,0.05836576
2542,2018-12-03,2019-02-27,24.04000000,24.38000000,201812-201903,0.01414309
2542,2019-01-02,2019-03-29,22.72000000,25.93000000,201901-201904,0.14128521
2542,2019-02-11,2019-04-30,24.71000000,25.24000000,201902-201905,0.02144881
2542,2019-03-04,2019-05-31,24.25000000,24.91000000,201903-201906,0.02721649
2542,2019-04-01,2019-06-28,25.98000000,25.24000000,201904-201907,-0.02848345
2542,2019-05-02,2019-07-31,25.22000000,24.91000000,201905-201908,-0.01229183
2542,2019-06-03,2019-08-30,24.96000000,25.27000000,201906-201909,0.01241987
2542,2019-07-01,2019-09-27,25.32000000,25.47000000,201907-201910,0.00592417
2542,2019-08-01,2019-10-31,24.81000000,26.23000000,201908-201911,0.05723499
2542,2019-09-02,2019-11-29,25.27000000,26.12000000,201909-201912,0.03363672
2542,2019-10-01,2019-12-31,25.50000000,25.98000000,201910-202001,0.01882353
2542,2019-11-01,2020-01-31,26.34000000,25.39000000,201911-202002,-0.03606682
2542,2019-12-02,2020-02-27,26.12000000,25.72000000,201912-202003,-0.01531394
2542,2020-01-02,2020-03-31,25.98000000,23.22000000,202001-202004,-0.10623557
2542,2020-02-03,2020-04-30,25.19000000,25.03000000,202002-202005,-0.00635173
2542,2020-03-02,2020-05-29,25.52000000,25.43000000,202003-202006,-0.00352665
2542,2020-04-01,2020-06-30,22.88000000,24.97000000,202004-202007,0.09134615
2542,2020-05-04,2020-07-31,24.66000000,24.54000000,202005-202008,-0.00486618
2542,2020-06-01,2020-08-31,25.75000000,26.61000000,202006-202009,0.03339806
2542,2020-07-01,2020-09-30,25.20000000,27.72000000,202007-202010,0.10000000
2542,2020-08-03,2020-10-30,24.20000000,26.75000000,202008-202011,0.10537190
2542,2020-09-01,2020-11-30,26.49000000,28.69000000,202009-202012,0.08305021
2542,2020-10-05,2020-12-31,27.85000000,29.56000000,202010-202101,0.06140036
2545,2010-08-02,2010-10-29,17.01000000,20.21000000,201008-201011,0.18812463
2545,2010-09-01,2010-11-30,20.55000000,28.65000000,201009-201012,0.39416058
2545,2010-10-01,2010-12-31,21.36000000,30.24000000,201010-201101,0.41573034
2545,2010-11-01,2011-01-28,20.46000000,25.70000000,201011-201102,0.25610948
2545,2010-12-01,2011-02-25,28.87000000,22.41000000,201012-201103,-0.22376169
2545,2011-01-03,2011-03-31,29.80000000,21.82000000,201101-201104,-0.26778523
2545,2011-02-08,2011-04-29,25.95000000,24.28000000,201102-201105,-0.06435453
2545,2011-03-01,2011-05-31,21.85000000,25.46000000,201103-201106,0.16521739
2545,2011-04-01,2011-06-30,22.35000000,23.62000000,201104-201107,0.05682327
2545,2011-05-03,2011-07-29,23.93000000,26.32000000,201105-201108,0.09987463
2545,2011-06-01,2011-08-31,24.84000000,19.84000000,201106-201109,-0.20128824
2545,2011-07-01,2011-09-30,23.75000000,18.35000000,201107-201110,-0.22736842
2545,2011-08-01,2011-10-31,26.80000000,20.25000000,201108-201111,-0.24440299
2545,2011-09-01,2011-11-30,20.53000000,14.13000000,201109-201112,-0.31173892
2545,2011-10-03,2011-12-30,17.97000000,14.52000000,201110-201201,-0.19198664
2545,2011-11-01,2012-01-31,20.28000000,16.26000000,201111-201202,-0.19822485
2545,2012-04-02,2012-06-29,18.03000000,19.47000000,201204-201207,0.07986689
2545,2012-05-02,2012-07-31,18.86000000,19.60000000,201205-201208,0.03923648
2545,2012-06-01,2012-08-31,19.30000000,22.39000000,201206-201209,0.16010363
2545,2012-07-02,2012-09-28,19.44000000,25.88000000,201207-201210,0.33127572
2545,2012-08-01,2012-10-31,19.54000000,22.92000000,201208-201211,0.17297851
2545,2012-09-03,2012-11-30,23.42000000,24.19000000,201209-201212,0.03287788
2545,2012-10-01,2012-12-28,26.51000000,24.55000000,201210-201301,-0.07393436
2547,2010-08-02,2010-10-29,14.03000000,19.97000000,201008-201011,0.42337847
2547,2010-09-01,2010-11-30,18.54000000,21.49000000,201009-201012,0.15911543
2547,2010-10-01,2010-12-31,21.02000000,21.24000000,201010-201101,0.01046622
2547,2010-11-01,2011-01-28,20.46000000,19.46000000,201011-201102,-0.04887586
2547,2010-12-01,2011-02-25,22.39000000,16.70000000,201012-201103,-0.25413131
2547,2011-01-03,2011-03-31,21.54000000,16.31000000,201101-201104,-0.24280409
2547,2011-02-08,2011-04-29,19.53000000,17.73000000,201102-201105,-0.09216590
2547,2011-04-01,2011-06-30,16.60000000,18.36000000,201104-201107,0.10602410
2547,2011-05-03,2011-07-29,17.70000000,19.53000000,201105-201108,0.10338983
2547,2011-06-01,2011-08-31,17.78000000,15.70000000,201106-201109,-0.11698538
2547,2011-07-01,2011-09-30,18.46000000,13.36000000,201107-201110,-0.27627302
2547,2011-08-01,2011-10-31,19.80000000,15.23000000,201108-201111,-0.23080808
2547,2011-09-01,2011-11-30,15.87000000,11.88000000,201109-201112,-0.25141777
2547,2011-10-03,2011-12-30,13.25000000,11.77000000,201110-201201,-0.11169811
2547,2011-11-01,2012-01-31,15.34000000,13.50000000,201111-201202,-0.11994785
2548,2010-04-01,2010-06-30,22.89000000,21.31000000,201004-201007,-0.06902578
2548,2010-05-03,2010-07-30,22.70000000,21.87000000,201005-201008,-0.03656388
2548,2010-06-01,2010-08-31,21.82000000,25.44000000,201006-201009,0.16590284
2548,2010-08-02,2010-10-29,22.51000000,25.90000000,201008-201011,0.15059973
2548,2010-09-01,2010-11-30,26.21000000,26.82000000,201009-201012,0.02327356
2548,2010-10-01,2010-12-31,26.39000000,26.97000000,201010-201101,0.02197802
2548,2010-11-01,2011-01-28,26.33000000,29.23000000,201011-201102,0.11014052
2548,2010-12-01,2011-02-25,27.46000000,26.85000000,201012-201103,-0.02221413
2548,2011-01-03,2011-03-31,27.70000000,25.14000000,201101-201104,-0.09241877
2548,2011-02-08,2011-04-29,29.26000000,25.66000000,201102-201105,-0.12303486
2548,2011-05-03,2011-07-29,25.93000000,28.92000000,201105-201108,0.11531045
2548,2011-06-01,2011-08-31,28.37000000,23.56000000,201106-201109,-0.16954529
2548,2011-07-01,2011-09-30,29.93000000,22.04000000,201107-201110,-0.26361510
2548,2011-08-01,2011-10-31,28.99000000,23.93000000,201108-201111,-0.17454295
2548,2011-09-01,2011-11-30,24.13000000,20.49000000,201109-201112,-0.15084956
2548,2011-10-03,2011-12-30,22.04000000,20.66000000,201110-201201,-0.06261343
2548,2011-11-01,2012-01-31,24.07000000,24.07000000,201111-201202,0.00000000
2548,2011-12-01,2012-02-29,21.81000000,25.95000000,201112-201203,0.18982118
2548,2012-01-02,2012-03-30,20.32000000,25.24000000,201201-201204,0.24212598
2548,2012-02-01,2012-04-30,24.03000000,23.63000000,201202-201205,-0.01664586
2548,2012-03-01,2012-05-31,26.29000000,23.36000000,201203-201206,-0.11144922
2548,2012-04-02,2012-06-29,25.24000000,24.37000000,201204-201207,-0.03446910
2548,2012-05-02,2012-07-31,24.20000000,23.12000000,201205-201208,-0.04462810
2548,2012-06-01,2012-08-31,22.48000000,26.66000000,201206-201209,0.18594306
2548,2012-09-03,2012-11-30,26.44000000,23.72000000,201209-201212,-0.10287443
2603,2010-01-04,2010-03-31,15.70000000,16.17000000,201001-201004,0.02993631
2603,2010-02-01,2010-04-30,15.78000000,17.42000000,201002-201005,0.10392902
2603,2010-03-01,2010-05-31,16.43000000,15.78000000,201003-201006,-0.03956178
2603,2010-04-01,2010-06-30,16.26000000,17.68000000,201004-201007,0.08733087
2603,2010-05-03,2010-07-30,17.34000000,20.58000000,201005-201008,0.18685121
2603,2010-06-01,2010-08-31,15.70000000,18.37000000,201006-201009,0.17006369
2603,2010-07-01,2010-09-30,18.89000000,19.11000000,201007-201010,0.01164637
2603,2010-08-02,2010-10-29,20.49000000,22.05000000,201008-201011,0.07613470
2603,2010-09-01,2010-11-30,19.41000000,22.18000000,201009-201012,0.14270994
2603,2010-10-01,2010-12-31,18.98000000,26.20000000,201010-201101,0.38040042
2603,2010-11-01,2011-01-28,22.66000000,26.37000000,201011-201102,0.16372462
2603,2010-12-01,2011-02-25,22.14000000,22.66000000,201012-201103,0.02348690
2603,2011-01-03,2011-03-31,26.76000000,21.14000000,201101-201104,-0.21001495
2603,2011-02-08,2011-04-29,25.85000000,22.91000000,201102-201105,-0.11373308
2603,2011-03-01,2011-05-31,23.69000000,23.13000000,201103-201106,-0.02363867
2603,2011-04-01,2011-06-30,21.36000000,19.97000000,201104-201107,-0.06507491
2603,2011-05-03,2011-07-29,22.96000000,17.08000000,201105-201108,-0.25609756
2603,2011-06-01,2011-08-31,22.78000000,16.08000000,201106-201109,-0.29411765
2603,2011-07-01,2011-09-30,20.06000000,14.35000000,201107-201110,-0.28464606
2603,2011-08-01,2011-10-31,17.16000000,15.28000000,201108-201111,-0.10955711
2603,2011-09-01,2011-11-30,15.05000000,13.39000000,201109-201112,-0.11029900
2603,2011-10-03,2011-12-30,13.81000000,14.08000000,201110-201201,0.01955105
2603,2011-11-01,2012-01-31,15.37000000,15.23000000,201111-201202,-0.00910865
2603,2011-12-01,2012-02-29,13.90000000,18.96000000,201112-201203,0.36402878
2603,2012-01-02,2012-03-30,13.94000000,18.68000000,201201-201204,0.34002869
2603,2012-02-01,2012-04-30,16.01000000,15.83000000,201202-201205,-0.01124297
2603,2012-03-01,2012-05-31,19.69000000,13.48000000,201203-201206,-0.31538852
2603,2012-04-02,2012-06-29,18.04000000,14.82000000,201204-201207,-0.17849224
2603,2012-05-02,2012-07-31,16.33000000,15.19000000,201205-201208,-0.06981017
2603,2012-06-01,2012-08-31,13.39000000,14.72000000,201206-201209,0.09932786
2603,2012-07-02,2012-09-28,14.86000000,14.22000000,201207-201210,-0.04306864
2603,2012-08-01,2012-10-31,15.64000000,13.85000000,201208-201211,-0.11445013
2603,2012-09-03,2012-11-30,15.19000000,15.74000000,201209-201212,0.03620803
2603,2012-10-01,2012-12-28,14.40000000,15.96000000,201210-201301,0.10833333
2603,2016-01-04,2016-03-31,11.86000000,11.07000000,201601-201604,-0.06661046
2603,2016-02-01,2016-04-29,11.17000000,11.03000000,201602-201605,-0.01253357
2603,2016-03-01,2016-05-31,11.31000000,10.66000000,201603-201606,-0.05747126
2603,2016-04-01,2016-06-30,11.12000000,11.07000000,201604-201607,-0.00449640
2603,2016-05-03,2016-07-29,10.93000000,11.44000000,201605-201608,0.04666057
2603,2016-06-01,2016-08-31,11.03000000,11.12000000,201606-201609,0.00815956
2603,2016-07-01,2016-09-30,11.26000000,11.21000000,201607-201610,-0.00444050
2603,2016-08-01,2016-10-31,11.49000000,10.93000000,201608-201611,-0.04873803
2603,2016-09-01,2016-11-30,12.23000000,11.17000000,201609-201612,-0.08667212
2603,2016-10-03,2016-12-30,11.17000000,10.29000000,201610-201701,-0.07878245
2603,2016-11-01,2017-01-24,10.84000000,11.96000000,201611-201702,0.10332103
2603,2016-12-01,2017-02-24,10.98000000,13.48000000,201612-201703,0.22768670
2603,2017-01-03,2017-03-31,10.75000000,13.16000000,201701-201704,0.22418605
2603,2017-02-02,2017-04-28,12.32000000,12.32000000,201702-201705,0.00000000
2603,2017-03-01,2017-05-31,13.90000000,13.99000000,201703-201706,0.00647482
2603,2017-04-05,2017-06-30,12.93000000,14.32000000,201704-201707,0.10750193
2603,2017-05-02,2017-07-31,12.83000000,15.34000000,201705-201708,0.19563523
2603,2017-06-01,2017-08-31,13.90000000,21.31000000,201706-201709,0.53309353
2603,2017-07-03,2017-09-30,15.01000000,16.91000000,201707-201710,0.12658228
2603,2017-08-01,2017-10-31,15.10000000,16.72000000,201708-201711,0.10728477
2603,2017-09-01,2017-11-30,20.76000000,15.72000000,201709-201712,-0.24277457
2603,2017-10-02,2017-12-29,16.77000000,15.25000000,201710-201801,-0.09063804
2603,2017-11-01,2018-01-31,16.08000000,16.09000000,201711-201802,0.00062189
2603,2017-12-01,2018-02-27,15.76000000,14.41000000,201712-201803,-0.08565990
2603,2018-01-02,2018-03-31,16.74000000,14.13000000,201801-201804,-0.15591398
2603,2018-02-01,2018-04-30,16.00000000,14.09000000,201802-201805,-0.11937500
2603,2018-03-01,2018-05-31,14.83000000,13.85000000,201803-201806,-0.06608227
2603,2018-04-02,2018-06-29,14.18000000,12.13000000,201804-201807,-0.14456982
2603,2018-05-02,2018-07-31,14.04000000,12.92000000,201805-201808,-0.07977208
2603,2018-06-01,2018-08-31,13.90000000,12.51000000,201806-201809,-0.10000000
2603,2018-07-02,2018-09-28,12.46000000,12.27000000,201807-201810,-0.01524880
2603,2018-08-01,2018-10-31,13.20000000,10.94000000,201808-201811,-0.17121212
2603,2018-09-03,2018-11-30,12.37000000,11.18000000,201809-201812,-0.09620049
2603,2018-10-01,2018-12-28,12.51000000,11.42000000,201810-201901,-0.08713030
2603,2018-11-01,2019-01-30,10.80000000,11.47000000,201811-201902,0.06203704
2603,2018-12-03,2019-02-27,11.47000000,11.95000000,201812-201903,0.04184830
2603,2019-01-02,2019-03-29,11.42000000,11.47000000,201901-201904,0.00437828
2603,2019-02-11,2019-04-30,11.47000000,13.01000000,201902-201905,0.13426330
2603,2019-03-04,2019-05-31,11.91000000,11.61000000,201903-201906,-0.02518892
2603,2019-04-01,2019-06-28,11.38000000,11.95000000,201904-201907,0.05008787
2603,2019-05-02,2019-07-31,13.20000000,13.83000000,201905-201908,0.04772727
2603,2019-06-03,2019-08-30,11.47000000,12.34000000,201906-201909,0.07585004
2603,2019-07-01,2019-09-27,12.58000000,12.48000000,201907-201910,-0.00794913
2603,2019-08-01,2019-10-31,13.54000000,12.00000000,201908-201911,-0.11373708
2603,2019-09-02,2019-11-29,12.34000000,11.95000000,201909-201912,-0.03160454
2603,2019-10-01,2019-12-31,12.72000000,11.95000000,201910-202001,-0.06053459
2603,2019-11-01,2020-01-31,12.00000000,11.32000000,201911-202002,-0.05666667
2603,2019-12-02,2020-02-27,11.85000000,11.13000000,201912-202003,-0.06075949
2603,2020-01-02,2020-03-31,12.24000000,8.91000000,202001-202004,-0.27205882
2603,2020-02-03,2020-04-30,11.03000000,10.70000000,202002-202005,-0.02991840
2603,2020-03-02,2020-05-29,10.98000000,10.50000000,202003-202006,-0.04371585
2603,2020-04-01,2020-06-30,8.77000000,10.36000000,202004-202007,0.18129989
2603,2020-05-04,2020-07-31,10.36000000,10.60000000,202005-202008,0.02316602
2603,2020-06-01,2020-08-31,10.79000000,16.77000000,202006-202009,0.55421687
2603,2020-07-01,2020-09-30,10.45000000,15.27000000,202007-202010,0.46124402
2603,2020-08-03,2020-10-30,10.65000000,18.21000000,202008-202011,0.70985915
2603,2020-09-01,2020-11-30,16.58000000,23.80000000,202009-202012,0.43546441
2603,2020-10-05,2020-12-31,15.85000000,39.22000000,202010-202101,1.47444795
2605,2010-01-04,2010-03-31,21.91000000,21.10000000,201001-201004,-0.03696942
2605,2010-02-01,2010-04-30,20.57000000,21.28000000,201002-201005,0.03451629
2605,2010-03-01,2010-05-31,20.37000000,20.29000000,201003-201006,-0.00392734
2605,2010-04-01,2010-06-30,21.41000000,19.69000000,201004-201007,-0.08033629
2605,2010-05-03,2010-07-30,21.20000000,20.73000000,201005-201008,-0.02216981
2605,2010-06-01,2010-08-31,20.16000000,20.62000000,201006-201009,0.02281746
2605,2010-07-01,2010-09-30,19.82000000,20.96000000,201007-201010,0.05751766
2605,2010-08-02,2010-10-29,20.73000000,21.01000000,201008-201011,0.01350699
2605,2010-09-01,2010-11-30,20.73000000,19.88000000,201009-201012,-0.04100338
2606,2010-01-04,2010-03-31,27.73000000,27.61000000,201001-201004,-0.00432744
2606,2010-02-01,2010-04-30,25.98000000,27.91000000,201002-201005,0.07428791
2606,2010-03-01,2010-05-31,26.36000000,27.26000000,201003-201006,0.03414264
2606,2010-04-01,2010-06-30,27.78000000,26.41000000,201004-201007,-0.04931605
2606,2010-05-03,2010-07-30,28.38000000,28.15000000,201005-201008,-0.00810430
2606,2010-06-01,2010-08-31,26.79000000,28.75000000,201006-201009,0.07316163
2606,2010-07-01,2010-09-30,26.45000000,28.52000000,201007-201010,0.07826087
2606,2010-08-02,2010-10-29,28.33000000,29.26000000,201008-201011,0.03282739
2606,2010-09-01,2010-11-30,28.80000000,28.71000000,201009-201012,-0.00312500
2606,2010-10-01,2010-12-31,28.57000000,29.50000000,201010-201101,0.03255163
2606,2010-11-01,2011-01-28,29.40000000,29.08000000,201011-201102,-0.01088435
2606,2010-12-01,2011-02-25,28.89000000,27.50000000,201012-201103,-0.04811353
2606,2011-01-03,2011-03-31,29.31000000,29.08000000,201101-201104,-0.00784715
2606,2011-02-08,2011-04-29,28.98000000,28.80000000,201102-201105,-0.00621118
2606,2011-03-01,2011-05-31,27.92000000,28.52000000,201103-201106,0.02148997
2606,2011-04-01,2011-06-30,29.08000000,28.57000000,201104-201107,-0.01753783
2606,2011-05-03,2011-07-29,28.66000000,25.58000000,201105-201108,-0.10746685
2606,2011-06-01,2011-08-31,28.43000000,24.41000000,201106-201109,-0.14139993
2606,2011-07-01,2011-09-30,28.71000000,22.62000000,201107-201110,-0.21212121
2606,2011-08-01,2011-10-31,25.63000000,24.01000000,201108-201111,-0.06320718
2606,2011-09-01,2011-11-30,23.88000000,21.96000000,201109-201112,-0.08040201
2606,2011-10-03,2011-12-30,22.11000000,22.67000000,201110-201201,0.02532791
2606,2011-11-01,2012-01-31,23.96000000,23.00000000,201111-201202,-0.04006678
2606,2011-12-01,2012-02-29,22.85000000,25.88000000,201112-201203,0.13260394
2606,2012-01-02,2012-03-30,22.49000000,25.73000000,201201-201204,0.14406403
2606,2012-02-01,2012-04-30,23.63000000,25.07000000,201202-201205,0.06093948
2606,2012-03-01,2012-05-31,25.88000000,23.20000000,201203-201206,-0.10355487
2606,2012-04-02,2012-06-29,25.53000000,24.01000000,201204-201207,-0.05953780
2606,2012-05-02,2012-07-31,25.07000000,25.32000000,201205-201208,0.00997208
2606,2012-06-01,2012-08-31,22.70000000,24.24000000,201206-201209,0.06784141
2606,2012-07-02,2012-09-28,24.26000000,25.27000000,201207-201210,0.04163232
2606,2012-08-01,2012-10-31,25.13000000,23.87000000,201208-201211,-0.05013928
2606,2012-09-03,2012-11-30,24.24000000,24.97000000,201209-201212,0.03011551
2606,2012-10-01,2012-12-28,25.08000000,25.02000000,201210-201301,-0.00239234
2606,2016-01-04,2016-03-31,16.29000000,15.98000000,201601-201604,-0.01903008
2606,2016-03-01,2016-05-31,17.67000000,15.51000000,201603-201606,-0.12224109
2606,2016-04-01,2016-06-30,15.82000000,15.57000000,201604-201607,-0.01580278
2606,2016-05-03,2016-07-29,16.04000000,15.34000000,201605-201608,-0.04364090
2606,2017-03-01,2017-05-31,21.93000000,21.15000000,201703-201706,-0.03556772
2606,2017-08-01,2017-10-31,21.39000000,23.93000000,201708-201711,0.11874708
2606,2017-09-01,2017-11-30,25.30000000,24.00000000,201709-201712,-0.05138340
2606,2017-10-02,2017-12-29,22.63000000,24.40000000,201710-201801,0.07821476
2606,2017-11-01,2018-01-31,23.80000000,25.84000000,201711-201802,0.08571429
2606,2017-12-01,2018-02-27,24.60000000,24.94000000,201712-201803,0.01382114
2606,2018-01-02,2018-03-31,24.94000000,23.60000000,201801-201804,-0.05372895
2606,2018-02-01,2018-04-30,25.74000000,24.33000000,201802-201805,-0.05477855
2606,2018-03-01,2018-05-31,25.14000000,22.96000000,201803-201806,-0.08671440
2606,2018-04-02,2018-06-29,23.53000000,22.40000000,201804-201807,-0.04802380
2606,2018-05-02,2018-07-31,23.70000000,21.91000000,201805-201808,-0.07552743
2606,2018-08-01,2018-10-31,22.60000000,22.40000000,201808-201811,-0.00884956
2606,2018-09-03,2018-11-30,23.23000000,22.19000000,201809-201812,-0.04476969
2606,2018-10-01,2018-12-28,24.51000000,22.36000000,201810-201901,-0.08771930
2606,2018-11-01,2019-01-30,21.56000000,21.08000000,201811-201902,-0.02226345
2606,2018-12-03,2019-02-27,22.57000000,21.32000000,201812-201903,-0.05538325
2606,2019-01-02,2019-03-29,21.84000000,21.53000000,201901-201904,-0.01419414
2606,2019-07-01,2019-09-27,23.19000000,24.54000000,201907-201910,0.05821475
2606,2019-08-01,2019-10-31,25.01000000,24.76000000,201908-201911,-0.00999600
2606,2019-09-02,2019-11-29,26.26000000,24.69000000,201909-201912,-0.05978675
2606,2019-10-01,2019-12-31,24.25000000,24.58000000,201910-202001,0.01360825
2607,2010-01-04,2010-03-31,19.48000000,17.84000000,201001-201004,-0.08418891
2607,2010-02-01,2010-04-30,16.77000000,17.44000000,201002-201005,0.03995230
2607,2010-03-01,2010-05-31,17.10000000,15.49000000,201003-201006,-0.09415205
2607,2010-04-01,2010-06-30,17.81000000,15.06000000,201004-201007,-0.15440764
2607,2010-05-03,2010-07-30,17.17000000,16.73000000,201005-201008,-0.02562609
2607,2010-06-01,2010-08-31,15.06000000,16.88000000,201006-201009,0.12084993
2607,2010-07-01,2010-09-30,15.59000000,17.63000000,201007-201010,0.13085311
2607,2010-08-02,2010-10-29,17.07000000,18.59000000,201008-201011,0.08904511
2607,2010-09-01,2010-11-30,16.81000000,18.18000000,201009-201012,0.08149911
2607,2010-10-01,2010-12-31,17.43000000,19.51000000,201010-201101,0.11933448
2607,2010-11-01,2011-01-28,18.73000000,18.49000000,201011-201102,-0.01281367
2607,2010-12-01,2011-02-25,18.66000000,16.78000000,201012-201103,-0.10075027
2607,2011-01-03,2011-03-31,20.84000000,16.06000000,201101-201104,-0.22936660
2607,2011-02-08,2011-04-29,18.42000000,17.29000000,201102-201105,-0.06134636
2607,2011-03-01,2011-05-31,16.85000000,16.71000000,201103-201106,-0.00830861
2607,2011-04-01,2011-06-30,16.16000000,16.81000000,201104-201107,0.04022277
2607,2011-05-03,2011-07-29,17.09000000,16.98000000,201105-201108,-0.00643651
2607,2011-06-01,2011-08-31,17.09000000,13.74000000,201106-201109,-0.19602106
2607,2011-07-01,2011-09-30,16.85000000,12.18000000,201107-201110,-0.27715134
2607,2011-08-01,2011-10-31,17.26000000,12.82000000,201108-201111,-0.25724218
2607,2011-09-01,2011-11-30,13.77000000,10.05000000,201109-201112,-0.27015251
2607,2011-10-03,2011-12-30,11.89000000,10.02000000,201110-201201,-0.15727502
2607,2011-11-01,2012-01-31,12.78000000,11.40000000,201111-201202,-0.10798122
2607,2012-09-03,2012-11-30,12.26000000,14.17000000,201209-201212,0.15579119
2607,2012-10-01,2012-12-28,14.10000000,14.53000000,201210-201301,0.03049645
2608,2012-08-01,2012-10-31,22.45000000,27.43000000,201208-201211,0.22182628
2608,2012-10-01,2012-12-28,24.46000000,28.88000000,201210-201301,0.18070319
2609,2010-01-04,2010-03-31,13.05000000,12.67000000,201001-201004,-0.02911877
2609,2010-02-01,2010-04-30,11.93000000,13.74000000,201002-201005,0.15171836
2609,2010-03-01,2010-05-31,12.25000000,13.95000000,201003-201006,0.13877551
2609,2010-04-01,2010-06-30,12.57000000,17.52000000,201004-201007,0.39379475
2609,2010-05-03,2010-07-30,13.58000000,22.10000000,201005-201008,0.62739323
2609,2010-06-01,2010-08-31,13.53000000,20.24000000,201006-201009,0.49593496
2609,2010-07-01,2010-09-30,18.69000000,21.36000000,201007-201010,0.14285714
2609,2010-08-02,2010-10-29,22.90000000,24.82000000,201008-201011,0.08384279
2609,2010-09-01,2010-11-30,20.66000000,25.73000000,201009-201012,0.24540174
2609,2010-10-01,2010-12-31,21.31000000,30.09000000,201010-201101,0.41201314
2609,2010-11-01,2011-01-28,25.73000000,31.21000000,201011-201102,0.21298096
2609,2010-12-01,2011-02-25,25.83000000,26.74000000,201012-201103,0.03523035
2609,2011-01-03,2011-03-31,32.01000000,24.50000000,201101-201104,-0.23461418
2609,2011-02-08,2011-04-29,30.31000000,25.83000000,201102-201105,-0.14780600
2609,2011-03-01,2011-05-31,27.91000000,26.58000000,201103-201106,-0.04765317
2609,2011-04-01,2011-06-30,24.66000000,23.22000000,201104-201107,-0.05839416
2609,2011-05-03,2011-07-29,26.05000000,19.60000000,201105-201108,-0.24760077
2609,2011-06-01,2011-08-31,26.26000000,16.56000000,201106-201109,-0.36938309
2609,2011-07-01,2011-09-30,23.17000000,13.76000000,201107-201110,-0.40612861
2609,2011-08-01,2011-10-31,19.39000000,14.40000000,201108-201111,-0.25734915
2609,2011-09-01,2011-11-30,17.10000000,13.24000000,201109-201112,-0.22573099
2609,2011-10-03,2011-12-30,13.07000000,13.93000000,201110-201201,0.06579954
2609,2011-11-01,2012-01-31,14.40000000,14.97000000,201111-201202,0.03958333
2609,2011-12-01,2012-02-29,13.82000000,19.69000000,201112-201203,0.42474674
2609,2012-01-02,2012-03-30,13.59000000,18.14000000,201201-201204,0.33480500
2609,2012-02-01,2012-04-30,16.00000000,14.28000000,201202-201205,-0.10750000
2609,2012-03-01,2012-05-31,20.61000000,14.22000000,201203-201206,-0.31004367
2609,2012-04-02,2012-06-29,18.25000000,15.38000000,201204-201207,-0.15726027
2609,2012-05-02,2012-07-31,14.45000000,14.16000000,201205-201208,-0.02006920
2609,2012-06-01,2012-08-31,13.82000000,13.76000000,201206-201209,-0.00434153
2609,2012-07-02,2012-09-28,15.32000000,14.05000000,201207-201210,-0.08289817
2609,2012-08-01,2012-10-31,14.51000000,13.13000000,201208-201211,-0.09510682
2609,2012-09-03,2012-11-30,14.05000000,14.11000000,201209-201212,0.00427046
2609,2012-10-01,2012-12-28,13.82000000,16.00000000,201210-201301,0.15774240
2609,2016-01-04,2016-03-31,9.58000000,9.87000000,201601-201604,0.03027140
2609,2016-02-01,2016-04-29,9.34000000,9.82000000,201602-201605,0.05139186
2609,2016-03-01,2016-05-31,10.09000000,8.97000000,201603-201606,-0.11100099
2609,2016-04-01,2016-06-30,9.75000000,9.04000000,201604-201607,-0.07282051
2609,2016-05-03,2016-07-29,9.67000000,8.42000000,201605-201608,-0.12926577
2609,2016-06-01,2016-08-31,9.09000000,8.41000000,201606-201609,-0.07480748
2609,2016-07-01,2016-09-30,8.94000000,8.17000000,201607-201610,-0.08612975
2610,2010-01-04,2010-03-31,9.18000000,9.38000000,201001-201004,0.02178649
2610,2010-02-01,2010-04-30,8.57000000,10.88000000,201002-201005,0.26954492
2610,2010-03-01,2010-05-31,8.53000000,11.97000000,201003-201006,0.40328253
2610,2010-04-01,2010-06-30,9.83000000,13.35000000,201004-201007,0.35808749
2610,2010-05-03,2010-07-30,10.76000000,13.91000000,201005-201008,0.29275093
2610,2010-06-01,2010-08-31,11.97000000,15.45000000,201006-201009,0.29072682
2610,2010-07-01,2010-09-30,13.91000000,18.20000000,201007-201010,0.30841121
2610,2010-08-02,2010-10-29,14.88000000,19.29000000,201008-201011,0.29637097
2610,2010-09-01,2010-11-30,16.14000000,19.69000000,201009-201012,0.21995043
2610,2010-10-01,2010-12-31,18.28000000,20.87000000,201010-201101,0.14168490
2610,2010-11-01,2011-01-28,20.14000000,18.04000000,201011-201102,-0.10427011
2610,2010-12-01,2011-02-25,20.02000000,15.61000000,201012-201103,-0.22027972
2610,2011-01-03,2011-03-31,20.83000000,13.71000000,201101-201104,-0.34181469
2610,2011-02-08,2011-04-29,17.15000000,14.80000000,201102-201105,-0.13702624
2610,2011-03-01,2011-05-31,15.65000000,15.57000000,201103-201106,-0.00511182
2610,2011-04-01,2011-06-30,13.59000000,15.77000000,201104-201107,0.16041207
2610,2011-05-03,2011-07-29,14.11000000,13.91000000,201105-201108,-0.01417434
2610,2011-06-01,2011-08-31,15.37000000,12.75000000,201106-201109,-0.17046194
2610,2011-07-01,2011-09-30,15.81000000,12.58000000,201107-201110,-0.20430108
2610,2011-08-01,2011-10-31,14.07000000,12.62000000,201108-201111,-0.10305615
2610,2011-09-01,2011-11-30,12.75000000,10.72000000,201109-201112,-0.15921569
2610,2011-10-03,2011-12-30,12.42000000,10.93000000,201110-201201,-0.11996779
2610,2011-11-01,2012-01-31,12.79000000,11.66000000,201111-201202,-0.08835027
2610,2011-12-01,2012-02-29,11.13000000,11.71000000,201112-201203,0.05211141
2610,2012-01-02,2012-03-30,10.64000000,9.99000000,201201-201204,-0.06109023
2610,2012-02-01,2012-04-30,12.08000000,9.52000000,201202-201205,-0.21192053
2610,2012-03-01,2012-05-31,11.71000000,10.07000000,201203-201206,-0.14005124
2610,2012-04-02,2012-06-29,10.03000000,11.24000000,201204-201207,0.12063809
2610,2012-05-02,2012-07-31,10.03000000,10.49000000,201205-201208,0.04586241
2610,2012-06-01,2012-08-31,10.11000000,9.65000000,201206-201209,-0.04549951
2610,2012-07-02,2012-09-28,10.87000000,10.28000000,201207-201210,-0.05427783
2610,2012-08-01,2012-10-31,10.66000000,9.57000000,201208-201211,-0.10225141
2610,2012-09-03,2012-11-30,9.65000000,9.82000000,201209-201212,0.01761658
2610,2012-10-01,2012-12-28,10.15000000,10.07000000,201210-201301,-0.00788177
2610,2016-01-04,2016-03-31,9.61000000,9.65000000,201601-201604,0.00416233
2610,2016-02-01,2016-04-29,9.52000000,8.85000000,201602-201605,-0.07037815
2610,2016-03-01,2016-05-31,9.69000000,8.68000000,201603-201606,-0.10423117
2610,2016-04-01,2016-06-30,9.52000000,8.13000000,201604-201607,-0.14600840
2610,2016-05-03,2016-07-29,8.85000000,8.27000000,201605-201608,-0.06553672
2610,2016-06-01,2016-08-31,8.77000000,8.10000000,201606-201609,-0.07639681
2610,2016-07-01,2016-09-30,8.07000000,8.23000000,201607-201610,0.01982652
2610,2016-08-01,2016-10-31,8.40000000,8.40000000,201608-201611,0.00000000
2610,2016-09-01,2016-11-30,8.14000000,8.41000000,201609-201612,0.03316953
2610,2016-10-03,2016-12-30,8.25000000,8.18000000,201610-201701,-0.00848485
2610,2016-11-01,2017-01-24,8.45000000,8.27000000,201611-201702,-0.02130178
2610,2016-12-01,2017-02-24,8.37000000,8.89000000,201612-201703,0.06212664
2610,2017-01-03,2017-03-31,8.17000000,9.28000000,201701-201704,0.13586291
2610,2017-02-02,2017-04-28,8.26000000,8.23000000,201702-201705,-0.00363196
2610,2017-03-01,2017-05-31,8.84000000,8.10000000,201703-201706,-0.08371041
2610,2017-04-05,2017-06-30,8.74000000,8.12000000,201704-201707,-0.07093822
2610,2017-05-02,2017-07-31,8.21000000,8.17000000,201705-201708,-0.00487211
2610,2017-06-01,2017-08-31,8.06000000,11.26000000,201706-201709,0.39702233
2610,2017-07-03,2017-09-30,8.25000000,9.94000000,201707-201710,0.20484848
2610,2017-08-01,2017-10-31,8.03000000,10.82000000,201708-201711,0.34744707
2610,2017-09-01,2017-11-30,11.35000000,10.16000000,201709-201712,-0.10484581
2610,2017-10-02,2017-12-29,10.08000000,10.25000000,201710-201801,0.01686508
2610,2017-11-01,2018-01-31,10.69000000,10.65000000,201711-201802,-0.00374181
2610,2017-12-01,2018-02-27,10.56000000,10.12000000,201712-201803,-0.04166667
2610,2018-01-02,2018-03-31,10.56000000,9.50000000,201801-201804,-0.10037879
2610,2018-02-01,2018-04-30,10.78000000,9.55000000,201802-201805,-0.11410019
2610,2018-03-01,2018-05-31,9.94000000,8.93000000,201803-201806,-0.10160966
2610,2018-04-02,2018-06-29,9.46000000,8.38000000,201804-201807,-0.11416490
2610,2018-05-02,2018-07-31,9.24000000,8.70000000,201805-201808,-0.05844156
2610,2018-06-01,2018-08-31,8.84000000,8.47000000,201806-201809,-0.04185520
2610,2018-07-02,2018-09-28,8.31000000,8.33000000,201807-201810,0.00240674
2610,2018-08-01,2018-10-31,8.74000000,8.25000000,201808-201811,-0.05606407
2610,2018-09-03,2018-11-30,8.41000000,9.90000000,201809-201812,0.17717004
2610,2018-10-01,2018-12-28,8.42000000,9.90000000,201810-201901,0.17577197
2610,2018-11-01,2019-01-30,8.27000000,9.50000000,201811-201902,0.14873035
2610,2018-12-03,2019-02-27,9.81000000,9.14000000,201812-201903,-0.06829766
2610,2019-01-02,2019-03-29,9.86000000,8.88000000,201901-201904,-0.09939148
2610,2019-02-11,2019-04-30,9.18000000,8.82000000,201902-201905,-0.03921569
2610,2019-03-04,2019-05-31,9.14000000,8.77000000,201903-201906,-0.04048140
2610,2019-04-01,2019-06-28,8.81000000,8.86000000,201904-201907,0.00567537
2610,2019-05-02,2019-07-31,8.76000000,8.79000000,201905-201908,0.00342466
2610,2019-06-03,2019-08-30,8.72000000,8.50000000,201906-201909,-0.02522936
2610,2019-07-01,2019-09-27,8.78000000,8.35000000,201907-201910,-0.04897494
2610,2019-08-01,2019-10-31,8.64000000,8.33000000,201908-201911,-0.03587963
2610,2019-09-02,2019-11-29,8.49000000,8.29000000,201909-201912,-0.02355713
2610,2019-10-01,2019-12-31,8.37000000,8.33000000,201910-202001,-0.00477897
2610,2019-11-01,2020-01-31,8.34000000,7.38000000,201911-202002,-0.11510791
2610,2019-12-02,2020-02-27,8.29000000,7.51000000,201912-202003,-0.09408926
2610,2020-01-02,2020-03-31,8.39000000,6.08000000,202001-202004,-0.27532777
2610,2020-02-03,2020-04-30,7.29000000,7.59000000,202002-202005,0.04115226
2610,2020-03-02,2020-05-29,7.41000000,7.54000000,202003-202006,0.01754386
2610,2020-04-01,2020-06-30,6.01000000,7.54000000,202004-202007,0.25457571
2610,2020-05-04,2020-07-31,7.36000000,7.35000000,202005-202008,-0.00135870
2610,2020-06-01,2020-08-31,7.66000000,7.85000000,202006-202009,0.02480418
2610,2020-07-01,2020-09-30,7.56000000,7.62000000,202007-202010,0.00793651
2610,2020-08-03,2020-10-30,7.18000000,8.05000000,202008-202011,0.12116992
2610,2020-09-01,2020-11-30,8.01000000,8.99000000,202009-202012,0.12234707
2610,2020-10-05,2020-12-31,7.79000000,11.08000000,202010-202101,0.42233633
2612,2010-01-04,2010-03-31,56.29000000,51.91000000,201001-201004,-0.07781133
2612,2010-02-01,2010-04-30,53.05000000,52.17000000,201002-201005,-0.01658812
2612,2010-03-01,2010-05-31,53.81000000,46.01000000,201003-201006,-0.14495447
2612,2010-04-01,2010-06-30,52.17000000,45.43000000,201004-201007,-0.12919302
2612,2010-05-03,2010-07-30,52.23000000,47.67000000,201005-201008,-0.08730615
2615,2010-01-04,2010-03-31,6.80000000,6.98000000,201001-201004,0.02647059
2615,2010-02-01,2010-04-30,6.10000000,7.64000000,201002-201005,0.25245902
2615,2010-03-01,2010-05-31,6.35000000,6.94000000,201003-201006,0.09291339
2615,2010-04-01,2010-06-30,6.98000000,7.78000000,201004-201007,0.11461318
2615,2010-05-03,2010-07-30,7.45000000,8.44000000,201005-201008,0.13288591
2615,2010-06-01,2010-08-31,6.74000000,8.01000000,201006-201009,0.18842730
2615,2010-07-01,2010-09-30,7.76000000,8.50000000,201007-201010,0.09536082
2615,2010-08-02,2010-10-29,8.72000000,8.80000000,201008-201011,0.00917431
2615,2010-09-01,2010-11-30,7.96000000,8.87000000,201009-201012,0.11432161
2615,2010-10-01,2010-12-31,8.54000000,10.03000000,201010-201101,0.17447307
2615,2010-11-01,2011-01-28,9.03000000,9.50000000,201011-201102,0.05204873
2615,2010-12-01,2011-02-25,9.01000000,7.94000000,201012-201103,-0.11875694
2615,2011-01-03,2011-03-31,10.11000000,8.05000000,201101-201104,-0.20375865
2615,2011-02-08,2011-04-29,9.26000000,8.56000000,201102-201105,-0.07559395
2615,2011-03-01,2011-05-31,8.09000000,8.62000000,201103-201106,0.06551298
2615,2011-04-01,2011-06-30,7.92000000,8.50000000,201104-201107,0.07323232
2615,2011-05-03,2011-07-29,8.50000000,7.92000000,201105-201108,-0.06823529
2615,2011-06-01,2011-08-31,8.85000000,7.13000000,201106-201109,-0.19435028
2615,2011-07-01,2011-09-30,8.52000000,6.34000000,201107-201110,-0.25586854
2615,2011-08-01,2011-10-31,8.13000000,6.89000000,201108-201111,-0.15252153
2615,2011-09-01,2011-11-30,7.04000000,5.53000000,201109-201112,-0.21448864
2615,2011-10-03,2011-12-30,6.12000000,6.41000000,201110-201201,0.04738562
2615,2011-11-01,2012-01-31,6.89000000,7.22000000,201111-201202,0.04789550
2615,2011-12-01,2012-02-29,5.90000000,7.50000000,201112-201203,0.27118644
2615,2012-01-02,2012-03-30,6.30000000,7.39000000,201201-201204,0.17301587
2615,2012-02-01,2012-04-30,7.24000000,6.47000000,201202-201205,-0.10635359
2615,2012-03-01,2012-05-31,7.63000000,6.21000000,201203-201206,-0.18610747
2615,2012-04-02,2012-06-29,7.30000000,6.38000000,201204-201207,-0.12602740
2615,2012-05-02,2012-07-31,6.73000000,6.49000000,201205-201208,-0.03566122
2615,2012-06-01,2012-08-31,5.99000000,6.65000000,201206-201209,0.11018364
2615,2012-07-02,2012-09-28,6.38000000,7.19000000,201207-201210,0.12695925
2615,2012-08-01,2012-10-31,6.63000000,6.25000000,201208-201211,-0.05731523
2615,2012-09-03,2012-11-30,6.84000000,7.11000000,201209-201212,0.03947368
2615,2012-10-01,2012-12-28,7.04000000,7.32000000,201210-201301,0.03977273
2615,2016-01-04,2016-03-31,9.05000000,9.64000000,201601-201604,0.06519337
2615,2016-02-01,2016-04-29,9.25000000,9.23000000,201602-201605,-0.00216216
2615,2016-03-01,2016-05-31,9.62000000,8.84000000,201603-201606,-0.08108108
2615,2016-04-01,2016-06-30,9.54000000,9.25000000,201604-201607,-0.03039832
2615,2016-05-03,2016-07-29,9.02000000,9.19000000,201605-201608,0.01884701
2615,2016-06-01,2016-08-31,9.05000000,8.52000000,201606-201609,-0.05856354
2615,2016-07-01,2016-09-30,9.18000000,8.86000000,201607-201610,-0.03485839
2615,2016-08-01,2016-10-31,9.22000000,8.66000000,201608-201611,-0.06073753
2615,2016-09-01,2016-11-30,8.94000000,9.22000000,201609-201612,0.03131991
2615,2016-10-03,2016-12-30,8.83000000,9.08000000,201610-201701,0.02831257
2615,2016-11-01,2017-01-24,8.58000000,9.70000000,201611-201702,0.13053613
2615,2016-12-01,2017-02-24,9.17000000,10.50000000,201612-201703,0.14503817
2615,2017-01-03,2017-03-31,9.28000000,9.81000000,201701-201704,0.05711207
2615,2017-02-02,2017-04-28,9.78000000,9.31000000,201702-201705,-0.04805726
2615,2017-03-01,2017-05-31,10.67000000,9.47000000,201703-201706,-0.11246485
2615,2017-04-05,2017-06-30,9.83000000,9.56000000,201704-201707,-0.02746694
2615,2017-05-02,2017-07-31,9.42000000,9.64000000,201705-201708,0.02335456
2615,2017-06-01,2017-08-31,9.39000000,11.93000000,201706-201709,0.27050053
2615,2017-07-03,2017-09-30,9.97000000,10.63000000,201707-201710,0.06619860
2615,2017-08-01,2017-10-31,10.03000000,10.37000000,201708-201711,0.03389831
2615,2017-09-01,2017-11-30,11.93000000,10.77000000,201709-201712,-0.09723386
2615,2017-10-02,2017-12-29,10.51000000,10.94000000,201710-201801,0.04091342
2615,2017-11-01,2018-01-31,10.37000000,10.57000000,201711-201802,0.01928640
2615,2017-12-01,2018-02-27,11.03000000,10.40000000,201712-201803,-0.05711695
2615,2018-01-02,2018-03-31,11.28000000,10.20000000,201801-201804,-0.09574468
2615,2018-02-01,2018-04-30,10.63000000,9.75000000,201802-201805,-0.08278457
2615,2018-03-01,2018-05-31,10.37000000,9.46000000,201803-201806,-0.08775313
2615,2018-04-02,2018-06-29,10.26000000,9.60000000,201804-201807,-0.06432749
2615,2018-05-02,2018-07-31,9.69000000,9.72000000,201805-201808,0.00309598
2615,2018-06-01,2018-08-31,9.49000000,9.83000000,201806-201809,0.03582719
2615,2018-07-02,2018-09-28,9.63000000,9.78000000,201807-201810,0.01557632
2615,2018-08-01,2018-10-31,9.75000000,8.84000000,201808-201811,-0.09333333
2615,2018-09-03,2018-11-30,9.83000000,9.31000000,201809-201812,-0.05289929
2615,2018-10-01,2018-12-28,9.80000000,9.34000000,201810-201901,-0.04693878
2615,2018-11-01,2019-01-30,8.87000000,9.22000000,201811-201902,0.03945885
2615,2018-12-03,2019-02-27,9.45000000,9.34000000,201812-201903,-0.01164021
2615,2019-01-02,2019-03-29,9.16000000,9.39000000,201901-201904,0.02510917
2615,2019-02-11,2019-04-30,9.31000000,9.54000000,201902-201905,0.02470462
2615,2019-03-04,2019-05-31,9.39000000,11.03000000,201903-201906,0.17465389
2615,2019-04-01,2019-06-28,9.37000000,10.59000000,201904-201907,0.13020277
2615,2019-05-02,2019-07-31,9.66000000,12.54000000,201905-201908,0.29813665
2615,2019-06-03,2019-08-30,10.45000000,11.48000000,201906-201909,0.09856459
2615,2019-07-01,2019-09-27,10.68000000,11.03000000,201907-201910,0.03277154
2615,2019-08-01,2019-10-31,12.60000000,10.97000000,201908-201911,-0.12936508
2615,2019-09-02,2019-11-29,11.57000000,10.97000000,201909-201912,-0.05185825
2615,2019-10-01,2019-12-31,11.03000000,11.18000000,201910-202001,0.01359927
2615,2019-11-01,2020-01-31,11.03000000,10.27000000,201911-202002,-0.06890299
2615,2019-12-02,2020-02-27,10.97000000,10.48000000,201912-202003,-0.04466727
2615,2020-01-02,2020-03-31,11.18000000,8.31000000,202001-202004,-0.25670841
2615,2020-02-03,2020-04-30,10.30000000,10.21000000,202002-202005,-0.00873786
2615,2020-03-02,2020-05-29,10.36000000,9.85000000,202003-202006,-0.04922780
2615,2020-04-01,2020-06-30,8.67000000,9.94000000,202004-202007,0.14648212
2615,2020-05-04,2020-07-31,10.00000000,10.51000000,202005-202008,0.05100000
2615,2020-06-01,2020-08-31,9.85000000,13.29000000,202006-202009,0.34923858
2615,2020-07-01,2020-09-30,9.97000000,13.32000000,202007-202010,0.33600802
2615,2020-08-03,2020-10-30,10.30000000,16.43000000,202008-202011,0.59514563
2615,2020-09-01,2020-11-30,13.14000000,27.40000000,202009-202012,1.08523592
2615,2020-10-05,2020-12-31,14.33000000,33.17000000,202010-202101,1.31472435
2618,2010-01-04,2010-03-31,8.13000000,8.68000000,201001-201004,0.06765068
2618,2010-02-01,2010-04-30,7.26000000,9.58000000,201002-201005,0.31955923
2618,2010-03-01,2010-05-31,7.14000000,10.36000000,201003-201006,0.45098039
2618,2010-04-01,2010-06-30,8.74000000,11.03000000,201004-201007,0.26201373
2618,2010-05-03,2010-07-30,9.64000000,11.09000000,201005-201008,0.15041494
2618,2010-06-01,2010-08-31,10.33000000,13.21000000,201006-201009,0.27879961
2618,2010-07-01,2010-09-30,11.44000000,15.79000000,201007-201010,0.38024476
2618,2010-08-02,2010-10-29,11.67000000,17.94000000,201008-201011,0.53727506
2618,2010-09-01,2010-11-30,13.53000000,20.14000000,201009-201012,0.48854398
2618,2010-10-01,2010-12-31,15.76000000,21.36000000,201010-201101,0.35532995
2618,2010-11-01,2011-01-28,19.19000000,19.56000000,201011-201102,0.01928088
2618,2010-12-01,2011-02-25,20.32000000,15.56000000,201012-201103,-0.23425197
2618,2011-01-03,2011-03-31,21.25000000,13.50000000,201101-201104,-0.36470588
2618,2011-02-08,2011-04-29,18.49000000,15.30000000,201102-201105,-0.17252569
2618,2011-03-01,2011-05-31,15.47000000,17.13000000,201103-201106,0.10730446
2618,2011-04-01,2011-06-30,13.44000000,17.01000000,201104-201107,0.26562500
2618,2011-05-03,2011-07-29,15.09000000,14.92000000,201105-201108,-0.01126574
2618,2011-06-01,2011-08-31,16.95000000,12.91000000,201106-201109,-0.23834808
2618,2011-07-01,2011-09-30,17.15000000,13.63000000,201107-201110,-0.20524781
2618,2011-08-01,2011-10-31,14.98000000,14.71000000,201108-201111,-0.01802403
2618,2011-09-01,2011-11-30,12.94000000,12.03000000,201109-201112,-0.07032457
2618,2011-10-03,2011-12-30,13.00000000,12.86000000,201110-201201,-0.01076923
2618,2011-11-01,2012-01-31,14.77000000,13.30000000,201111-201202,-0.09952607
2618,2011-12-01,2012-02-29,12.86000000,13.43000000,201112-201203,0.04432348
2618,2012-01-02,2012-03-30,12.60000000,12.16000000,201201-201204,-0.03492063
2618,2012-02-01,2012-04-30,14.00000000,11.76000000,201202-201205,-0.16000000
2618,2012-03-01,2012-05-31,13.67000000,11.93000000,201203-201206,-0.12728603
2618,2012-04-02,2012-06-29,12.03000000,12.16000000,201204-201207,0.01080632
2618,2012-05-02,2012-07-31,12.06000000,11.79000000,201205-201208,-0.02238806
2618,2012-06-01,2012-08-31,11.62000000,11.26000000,201206-201209,-0.03098107
2618,2012-07-02,2012-09-28,11.89000000,11.52000000,201207-201210,-0.03111859
2618,2012-08-01,2012-10-31,11.66000000,11.36000000,201208-201211,-0.02572899
2618,2012-09-03,2012-11-30,11.26000000,11.29000000,201209-201212,0.00266430
2618,2012-10-01,2012-12-28,11.49000000,11.39000000,201210-201301,-0.00870322
2618,2016-01-04,2016-03-31,12.59000000,12.55000000,201601-201604,-0.00317712
2618,2016-02-01,2016-04-29,12.06000000,11.16000000,201602-201605,-0.07462687
2618,2016-03-01,2016-05-31,12.38000000,10.32000000,201603-201606,-0.16639742
2618,2016-04-01,2016-06-30,12.45000000,10.25000000,201604-201607,-0.17670683
2618,2016-05-03,2016-07-29,10.98000000,10.60000000,201605-201608,-0.03460838
2618,2016-06-01,2016-08-31,10.29000000,10.98000000,201606-201609,0.06705539
2618,2016-07-01,2016-09-30,10.25000000,10.68000000,201607-201610,0.04195122
2618,2016-08-01,2016-10-31,10.84000000,11.35000000,201608-201611,0.04704797
2618,2016-09-01,2016-11-30,11.09000000,11.69000000,201609-201612,0.05410280
2618,2016-10-03,2016-12-30,10.72000000,10.91000000,201610-201701,0.01772388
2618,2016-11-01,2017-01-24,11.32000000,11.28000000,201611-201702,-0.00353357
2618,2016-12-01,2017-02-24,11.39000000,11.39000000,201612-201703,0.00000000
2618,2017-01-03,2017-03-31,10.91000000,12.03000000,201701-201704,0.10265811
2618,2017-02-02,2017-04-28,11.13000000,11.09000000,201702-201705,-0.00359389
2618,2017-03-01,2017-05-31,11.43000000,10.98000000,201703-201706,-0.03937008
2618,2017-04-05,2017-06-30,11.35000000,11.24000000,201704-201707,-0.00969163
2618,2017-05-02,2017-07-31,11.09000000,10.94000000,201705-201708,-0.01352570
2618,2017-06-01,2017-08-31,10.87000000,12.23000000,201706-201709,0.12511500
2618,2017-07-03,2017-09-30,11.50000000,11.53000000,201707-201710,0.00260870
2618,2017-08-01,2017-10-31,10.91000000,11.56000000,201708-201711,0.05957837
2618,2017-09-01,2017-11-30,12.27000000,11.76000000,201709-201712,-0.04156479
2618,2017-10-02,2017-12-29,11.60000000,12.34000000,201710-201801,0.06379310
2618,2017-11-01,2018-01-31,11.56000000,12.03000000,201711-201802,0.04065744
2618,2017-12-01,2018-02-27,11.95000000,11.68000000,201712-201803,-0.02259414
2618,2018-01-02,2018-03-31,12.42000000,11.72000000,201801-201804,-0.05636071
2618,2018-02-01,2018-04-30,12.15000000,12.42000000,201802-201805,0.02222222
2618,2018-03-01,2018-05-31,11.72000000,11.80000000,201803-201806,0.00682594
2618,2018-04-02,2018-06-29,11.68000000,11.49000000,201804-201807,-0.01626712
2618,2018-05-02,2018-07-31,12.15000000,11.76000000,201805-201808,-0.03209877
2618,2018-06-01,2018-08-31,11.80000000,12.15000000,201806-201809,0.02966102
2618,2018-07-02,2018-09-28,11.45000000,12.31000000,201807-201810,0.07510917
2618,2018-08-01,2018-10-31,11.72000000,11.73000000,201808-201811,0.00085324
2618,2018-09-03,2018-11-30,12.03000000,13.34000000,201809-201812,0.10889443
2618,2018-10-01,2018-12-28,12.22000000,13.24000000,201810-201901,0.08346972
2618,2018-11-01,2019-01-30,11.64000000,12.49000000,201811-201902,0.07302405
2618,2018-12-03,2019-02-27,13.22000000,12.95000000,201812-201903,-0.02042360
2618,2019-01-02,2019-03-29,13.16000000,12.66000000,201901-201904,-0.03799392
2618,2019-02-11,2019-04-30,12.57000000,12.70000000,201902-201905,0.01034208
2618,2019-03-04,2019-05-31,13.04000000,12.62000000,201903-201906,-0.03220859
2618,2019-04-01,2019-06-28,12.62000000,12.53000000,201904-201907,-0.00713154
2618,2019-05-02,2019-07-31,12.83000000,12.24000000,201905-201908,-0.04598597
2618,2019-06-03,2019-08-30,12.70000000,11.86000000,201906-201909,-0.06614173
2618,2019-07-01,2019-09-27,12.49000000,12.21000000,201907-201910,-0.02241793
2618,2019-08-01,2019-10-31,12.07000000,12.75000000,201908-201911,0.05633803
2618,2019-09-02,2019-11-29,11.86000000,12.53000000,201909-201912,0.05649241
2618,2019-10-01,2019-12-31,12.30000000,12.30000000,201910-202001,0.00000000
2618,2019-11-01,2020-01-31,12.71000000,10.92000000,201911-202002,-0.14083399
2618,2019-12-02,2020-02-27,12.48000000,10.78000000,201912-202003,-0.13621795
2618,2020-01-02,2020-03-31,12.30000000,7.95000000,202001-202004,-0.35365854
2618,2020-02-03,2020-04-30,10.60000000,10.29000000,202002-202005,-0.02924528
2618,2020-03-02,2020-05-29,10.38000000,9.84000000,202003-202006,-0.05202312
2618,2020-04-01,2020-06-30,8.09000000,10.02000000,202004-202007,0.23856613
2618,2020-05-04,2020-07-31,9.98000000,9.71000000,202005-202008,-0.02705411
2618,2020-06-01,2020-08-31,9.93000000,10.29000000,202006-202009,0.03625378
2618,2020-07-01,2020-09-30,10.11000000,9.74000000,202007-202010,-0.03659743
2618,2020-08-03,2020-10-30,9.35000000,9.88000000,202008-202011,0.05668449
2618,2020-09-01,2020-11-30,10.29000000,11.57000000,202009-202012,0.12439261
2618,2020-10-05,2020-12-31,9.83000000,12.03000000,202010-202101,0.22380468
2633,2016-10-03,2016-12-30,16.14000000,14.60000000,201610-201701,-0.09541512
2633,2016-11-01,2017-01-24,16.18000000,15.15000000,201611-201702,-0.06365884
2633,2016-12-01,2017-02-24,15.11000000,17.10000000,201612-201703,0.13170086
2633,2017-01-03,2017-03-31,14.95000000,16.94000000,201701-201704,0.13311037
2633,2017-02-02,2017-04-28,15.07000000,18.52000000,201702-201705,0.22893165
2633,2017-03-01,2017-05-31,16.98000000,20.15000000,201703-201706,0.18669022
2633,2017-04-05,2017-06-30,16.98000000,20.19000000,201704-201707,0.18904594
2633,2017-05-02,2017-07-31,18.84000000,20.67000000,201705-201708,0.09713376
2633,2017-06-01,2017-08-31,20.90000000,21.60000000,201706-201709,0.03349282
2633,2017-07-03,2017-09-30,20.11000000,19.57000000,201707-201710,-0.02685231
2633,2017-08-01,2017-10-31,20.79000000,19.57000000,201708-201711,-0.05868206
2633,2017-09-01,2017-11-30,21.44000000,19.49000000,201709-201712,-0.09095149
2633,2017-10-02,2017-12-29,19.65000000,19.08000000,201710-201801,-0.02900763
2633,2017-11-01,2018-01-31,19.57000000,19.37000000,201711-201802,-0.01021972
2633,2017-12-01,2018-02-27,19.20000000,18.39000000,201712-201803,-0.04218750
2633,2018-01-02,2018-03-31,19.20000000,18.19000000,201801-201804,-0.05260417
2633,2018-02-01,2018-04-30,19.29000000,18.51000000,201802-201805,-0.04043546
2633,2018-03-01,2018-05-31,18.39000000,18.80000000,201803-201806,0.02229473
2633,2018-04-02,2018-06-29,18.19000000,19.41000000,201804-201807,0.06706982
2633,2018-05-02,2018-07-31,18.55000000,20.80000000,201805-201808,0.12129380
2633,2018-06-01,2018-08-31,19.12000000,21.68000000,201806-201809,0.13389121
2633,2018-07-02,2018-09-28,19.37000000,25.03000000,201807-201810,0.29220444
2633,2018-08-01,2018-10-31,20.59000000,25.70000000,201808-201811,0.24817873
2633,2018-09-03,2018-11-30,21.51000000,25.86000000,201809-201812,0.20223152
2633,2018-10-01,2018-12-28,25.32000000,25.57000000,201810-201901,0.00987362
2633,2018-11-01,2019-01-30,25.11000000,26.07000000,201811-201902,0.03823178
2633,2018-12-03,2019-02-27,26.33000000,27.62000000,201812-201903,0.04899354
2633,2019-01-02,2019-03-29,25.28000000,30.13000000,201901-201904,0.19185127
2633,2019-02-11,2019-04-30,25.86000000,31.47000000,201902-201905,0.21693735
2633,2019-03-04,2019-05-31,27.83000000,36.41000000,201903-201906,0.30830040
2633,2019-04-01,2019-06-28,29.67000000,38.25000000,201904-201907,0.28918099
2633,2019-05-02,2019-07-31,31.31000000,35.74000000,201905-201908,0.14148834
2633,2019-06-03,2019-08-30,37.96000000,32.56000000,201906-201909,-0.14225501
2633,2019-07-01,2019-09-27,37.46000000,30.33000000,201907-201910,-0.19033636
2633,2019-08-01,2019-10-31,35.66000000,30.97000000,201908-201911,-0.13151991
2633,2019-09-02,2019-11-29,32.61000000,30.89000000,201909-201912,-0.05274456
2633,2019-10-01,2019-12-31,30.07000000,32.99000000,201910-202001,0.09710675
2633,2019-11-01,2020-01-31,30.93000000,31.06000000,201911-202002,0.00420304
2633,2019-12-02,2020-02-27,31.02000000,29.64000000,201912-202003,-0.04448743
2633,2020-01-02,2020-03-31,32.86000000,24.70000000,202001-202004,-0.24832623
2633,2020-02-03,2020-04-30,30.54000000,29.30000000,202002-202005,-0.04060249
2633,2020-03-02,2020-05-29,28.95000000,32.39000000,202003-202006,0.11882556
2633,2020-04-01,2020-06-30,24.36000000,31.36000000,202004-202007,0.28735632
2633,2020-05-04,2020-07-31,28.74000000,29.57000000,202005-202008,0.02887961
2633,2020-06-01,2020-08-31,32.91000000,28.86000000,202006-202009,-0.12306290
2633,2020-07-01,2020-09-30,31.36000000,28.11000000,202007-202010,-0.10363520
2633,2020-08-03,2020-10-30,29.26000000,26.87000000,202008-202011,-0.08168148
2633,2020-09-01,2020-11-30,28.73000000,27.93000000,202009-202012,-0.02784546
2633,2020-10-05,2020-12-31,28.02000000,28.15000000,202010-202101,0.00463954
2634,2016-01-04,2016-03-31,29.84000000,31.96000000,201601-201604,0.07104558
2634,2016-02-01,2016-04-29,29.12000000,33.32000000,201602-201605,0.14423077
2634,2016-03-01,2016-05-31,29.80000000,33.62000000,201603-201606,0.12818792
2634,2016-04-01,2016-06-30,32.11000000,33.32000000,201604-201607,0.03768296
2634,2016-05-03,2016-07-29,33.21000000,34.17000000,201605-201608,0.02890696
2634,2016-06-01,2016-08-31,34.15000000,34.95000000,201606-201609,0.02342606
2634,2016-07-01,2016-09-30,33.55000000,33.66000000,201607-201610,0.00327869
2634,2016-08-01,2016-10-31,34.17000000,31.28000000,201608-201611,-0.08457711
2634,2016-09-01,2016-11-30,35.11000000,31.67000000,201609-201612,-0.09797778
2634,2016-10-03,2016-12-30,33.59000000,29.87000000,201610-201701,-0.11074725
2634,2016-11-01,2017-01-24,31.28000000,30.54000000,201611-201702,-0.02365729
2634,2016-12-01,2017-02-24,31.55000000,30.30000000,201612-201703,-0.03961965
2634,2017-01-03,2017-03-31,30.18000000,30.03000000,201701-201704,-0.00497018
2634,2017-02-02,2017-04-28,30.30000000,28.58000000,201702-201705,-0.05676568
2634,2017-03-01,2017-05-31,30.30000000,27.88000000,201703-201706,-0.07986799
2634,2017-04-05,2017-06-30,30.07000000,28.00000000,201704-201707,-0.06883937
2634,2017-05-02,2017-07-31,28.35000000,29.20000000,201705-201708,0.02998236
2634,2017-06-01,2017-08-31,27.92000000,28.20000000,201706-201709,0.01002865
2634,2017-07-03,2017-09-30,28.15000000,28.16000000,201707-201710,0.00035524
2634,2017-08-01,2017-10-31,29.12000000,28.53000000,201708-201711,-0.02026099
2634,2017-09-01,2017-11-30,28.11000000,29.78000000,201709-201712,0.05940946
2634,2017-10-02,2017-12-29,28.11000000,30.91000000,201710-201801,0.09960868
2634,2017-11-01,2018-01-31,28.53000000,29.37000000,201711-201802,0.02944269
2634,2017-12-01,2018-02-27,29.70000000,28.53000000,201712-201803,-0.03939394
2634,2018-01-02,2018-03-31,31.28000000,28.49000000,201801-201804,-0.08919437
2634,2018-02-01,2018-04-30,29.53000000,28.95000000,201802-201805,-0.01964104
2634,2018-03-01,2018-05-31,28.70000000,27.78000000,201803-201806,-0.03205575
2634,2018-04-02,2018-06-29,28.57000000,26.45000000,201804-201807,-0.07420371
2634,2018-05-02,2018-07-31,28.82000000,26.15000000,201805-201808,-0.09264400
2634,2018-06-01,2018-08-31,27.86000000,26.41000000,201806-201809,-0.05204594
2634,2018-07-02,2018-09-28,26.32000000,26.54000000,201807-201810,0.00835866
2634,2018-08-01,2018-10-31,26.24000000,24.42000000,201808-201811,-0.06935976
2634,2018-09-03,2018-11-30,26.37000000,26.50000000,201809-201812,0.00492984
2634,2018-10-01,2018-12-28,26.84000000,26.58000000,201810-201901,-0.00968703
2634,2018-11-01,2019-01-30,24.72000000,29.35000000,201811-201902,0.18729773
2634,2018-12-03,2019-02-27,26.54000000,28.88000000,201812-201903,0.08816880
2634,2019-01-02,2019-03-29,26.89000000,28.14000000,201901-201904,0.04648568
2634,2019-02-11,2019-04-30,29.92000000,27.15000000,201902-201905,-0.09258021
2634,2019-03-04,2019-05-31,29.01000000,28.10000000,201903-201906,-0.03136849
2634,2019-04-01,2019-06-28,27.88000000,29.27000000,201904-201907,0.04985653
2634,2019-05-02,2019-07-31,27.32000000,28.79000000,201905-201908,0.05380673
2634,2019-06-03,2019-08-30,28.27000000,28.34000000,201906-201909,0.00247612
2634,2019-07-01,2019-09-27,29.61000000,29.06000000,201907-201910,-0.01857481
2634,2019-08-01,2019-10-31,28.79000000,28.61000000,201908-201911,-0.00625217
2634,2019-09-02,2019-11-29,29.01000000,28.65000000,201909-201912,-0.01240951
2634,2019-10-01,2019-12-31,28.97000000,32.35000000,201910-202001,0.11667242
2634,2019-11-01,2020-01-31,28.56000000,30.41000000,201911-202002,0.06477591
2634,2019-12-02,2020-02-27,28.47000000,28.25000000,201912-202003,-0.00772743
2634,2020-01-02,2020-03-31,32.30000000,24.01000000,202001-202004,-0.25665635
2634,2020-02-03,2020-04-30,29.78000000,25.86000000,202002-202005,-0.13163197
2634,2020-03-02,2020-05-29,27.93000000,26.40000000,202003-202006,-0.05477981
2634,2020-04-01,2020-06-30,24.01000000,26.85000000,202004-202007,0.11828405
2634,2020-05-04,2020-07-31,25.27000000,25.01000000,202005-202008,-0.01028888
2707,2010-01-04,2010-03-31,118.41000000,100.12000000,201001-201004,-0.15446331
2707,2010-02-01,2010-04-30,104.44000000,106.89000000,201002-201005,0.02345845
2707,2010-03-01,2010-05-31,98.82000000,99.25000000,201003-201006,0.00435135
2707,2010-04-01,2010-06-30,101.70000000,113.95000000,201004-201007,0.12045231
2707,2010-05-03,2010-07-30,108.04000000,134.72000000,201005-201008,0.24694558
2707,2010-06-01,2010-08-31,104.15000000,165.95000000,201006-201009,0.59337494
2707,2010-07-01,2010-09-30,110.78000000,164.66000000,201007-201010,0.48636938
2707,2010-08-02,2010-10-29,136.48000000,160.46000000,201008-201011,0.17570340
2707,2010-09-01,2010-11-30,165.95000000,163.69000000,201009-201012,-0.01361856
2707,2010-10-01,2010-12-31,165.63000000,166.60000000,201010-201101,0.00585643
2707,2010-11-01,2011-01-28,163.05000000,163.05000000,201011-201102,0.00000000
2707,2010-12-01,2011-02-25,164.66000000,158.85000000,201012-201103,-0.03528483
2707,2011-01-03,2011-03-31,174.02000000,161.75000000,201101-201104,-0.07050914
2707,2011-02-08,2011-04-29,163.37000000,172.09000000,201102-201105,0.05337577
2707,2011-03-01,2011-05-31,158.53000000,189.84000000,201103-201106,0.19750205
2707,2011-04-01,2011-06-30,161.11000000,175.64000000,201104-201107,0.09018683
2707,2011-05-03,2011-07-29,165.31000000,159.18000000,201105-201108,-0.03708185
2707,2011-06-01,2011-08-31,186.61000000,154.41000000,201106-201109,-0.17255238
2707,2011-07-01,2011-09-30,175.96000000,152.31000000,201107-201110,-0.13440555
2707,2011-08-01,2011-10-31,160.17000000,160.27000000,201108-201111,0.00062434
2707,2011-09-01,2011-11-30,154.74000000,149.41000000,201109-201112,-0.03444488
2707,2011-10-03,2011-12-30,148.51000000,141.82000000,201110-201201,-0.04504747
2707,2011-11-01,2012-01-31,159.54000000,148.87000000,201111-201202,-0.06687978
2707,2011-12-01,2012-02-29,153.94000000,169.49000000,201112-201203,0.10101338
2707,2012-01-02,2012-03-30,139.28000000,151.04000000,201201-201204,0.08443423
2707,2012-02-01,2012-04-30,150.50000000,143.63000000,201202-201205,-0.04564784
2707,2012-03-01,2012-05-31,168.59000000,125.17000000,201203-201206,-0.25754790
2707,2012-04-02,2012-06-29,149.41000000,114.68000000,201204-201207,-0.23244763
2707,2012-05-02,2012-07-31,148.87000000,120.86000000,201205-201208,-0.18815074
2707,2012-06-01,2012-08-31,119.39000000,122.92000000,201206-201209,0.02956697
2707,2012-07-02,2012-09-28,114.14000000,144.90000000,201207-201210,0.26949360
2707,2012-08-01,2012-10-31,122.17000000,128.83000000,201208-201211,0.05451420
2707,2012-09-03,2012-11-30,122.92000000,142.22000000,201209-201212,0.15701269
2707,2012-10-01,2012-12-28,145.52000000,160.57000000,201210-201301,0.10342221
2707,2016-01-04,2016-03-31,133.39000000,114.25000000,201601-201604,-0.14348902
2707,2016-02-01,2016-04-29,126.61000000,115.13000000,201602-201605,-0.09067214
2707,2016-03-01,2016-05-31,125.73000000,111.30000000,201603-201606,-0.11476974
2707,2016-04-01,2016-06-30,113.66000000,108.36000000,201604-201607,-0.04663030
2707,2016-05-03,2016-07-29,114.83000000,116.12000000,201605-201608,0.01123400
2707,2016-06-01,2016-08-31,111.60000000,111.18000000,201606-201609,-0.00376344
2707,2016-07-01,2016-09-30,108.65000000,110.87000000,201607-201610,0.02043258
2707,2016-08-01,2016-10-31,115.50000000,109.33000000,201608-201611,-0.05341991
2707,2016-09-01,2016-11-30,112.10000000,105.31000000,201609-201612,-0.06057092
2723,2010-11-23,2011-01-28,172.25000000,158.69000000,201011-201102,-0.07872279
2723,2010-12-01,2011-02-25,180.22000000,141.95000000,201012-201103,-0.21235157
2723,2011-01-03,2011-03-31,151.25000000,121.74000000,201101-201104,-0.19510744
2723,2011-02-08,2011-04-29,154.17000000,159.49000000,201102-201105,0.03450736
2723,2011-03-01,2011-05-31,144.34000000,141.95000000,201103-201106,-0.01655813
2723,2011-04-01,2011-06-30,117.49000000,138.23000000,201104-201107,0.17652566
2723,2011-05-03,2011-07-29,148.33000000,126.14000000,201105-201108,-0.14959887
2723,2011-06-01,2011-08-31,138.49000000,111.05000000,201106-201109,-0.19813705
2723,2011-07-01,2011-09-30,136.63000000,114.55000000,201107-201110,-0.16160433
2723,2011-08-01,2011-10-31,124.80000000,115.36000000,201108-201111,-0.07564103
2723,2011-09-01,2011-11-30,110.51000000,105.12000000,201109-201112,-0.04877387
2723,2011-10-03,2011-12-30,110.51000000,109.43000000,201110-201201,-0.00977287
2723,2011-11-01,2012-01-31,117.79000000,111.59000000,201111-201202,-0.05263605
2723,2011-12-01,2012-02-29,108.62000000,138.27000000,201112-201203,0.27296999
2723,2012-01-02,2012-03-30,106.20000000,131.80000000,201201-201204,0.24105461
2723,2012-02-01,2012-04-30,112.67000000,123.99000000,201202-201205,0.10047040
2723,2012-03-01,2012-05-31,139.62000000,113.21000000,201203-201206,-0.18915628
2723,2012-04-02,2012-06-29,134.23000000,118.76000000,201204-201207,-0.11524994
2723,2012-05-02,2012-07-31,127.49000000,133.18000000,201205-201208,0.04463095
2723,2012-06-01,2012-08-31,109.97000000,134.33000000,201206-201209,0.22151496
2723,2012-07-02,2012-09-28,120.49000000,127.70000000,201207-201210,0.05983899
2723,2012-08-01,2012-10-31,137.79000000,119.34000000,201208-201211,-0.13389941
2723,2012-09-03,2012-11-30,133.18000000,107.81000000,201209-201212,-0.19049407
2723,2012-10-01,2012-12-28,130.29000000,109.54000000,201210-201301,-0.15926011
2723,2016-01-04,2016-03-31,140.89000000,154.74000000,201601-201604,0.09830364
2723,2016-02-01,2016-04-29,132.76000000,156.54000000,201602-201605,0.17912022
2723,2016-03-01,2016-05-31,125.23000000,175.81000000,201603-201606,0.40389683
2723,2016-04-01,2016-06-30,159.55000000,172.52000000,201604-201607,0.08129113
2723,2016-05-03,2016-07-29,164.37000000,207.14000000,201605-201608,0.26020563
2723,2016-06-01,2016-08-31,173.40000000,193.26000000,201606-201609,0.11453287
2723,2016-07-01,2016-09-30,172.82000000,199.00000000,201607-201610,0.15148710
2723,2016-08-01,2016-10-31,200.76000000,180.50000000,201608-201611,-0.10091652
2723,2016-09-01,2016-11-30,191.03000000,169.34000000,201609-201612,-0.11354238
2723,2016-10-03,2016-12-30,202.83000000,156.27000000,201610-201701,-0.22955184
2723,2016-11-01,2017-01-24,176.68000000,174.76000000,201611-201702,-0.01086710
2723,2016-12-01,2017-02-24,169.34000000,184.01000000,201612-201703,0.08663045
2723,2017-01-03,2017-03-31,155.95000000,183.05000000,201701-201704,0.17377365
2723,2017-02-02,2017-04-28,183.37000000,193.26000000,201702-201705,0.05393467
2723,2017-03-01,2017-05-31,188.16000000,210.48000000,201703-201706,0.11862245
2723,2017-04-05,2017-06-30,184.97000000,233.17000000,201704-201707,0.26058280
2723,2017-05-02,2017-07-31,191.35000000,251.29000000,201705-201708,0.31324797
2723,2017-06-01,2017-08-31,216.22000000,254.49000000,201706-201709,0.17699565
2723,2017-07-03,2017-09-30,229.61000000,229.61000000,201707-201710,0.00000000
2723,2017-08-01,2017-10-31,250.23000000,245.96000000,201708-201711,-0.01706430
2723,2017-09-01,2017-11-30,255.91000000,268.36000000,201709-201712,0.04864992
2723,2017-10-02,2017-12-29,233.52000000,309.23000000,201710-201801,0.32421206
2723,2017-11-01,2018-01-31,243.47000000,300.34000000,201711-201802,0.23358114
2723,2017-12-01,2018-02-27,276.89000000,290.75000000,201712-201803,0.05005598
2723,2018-01-02,2018-03-31,298.57000000,266.58000000,201801-201804,-0.10714405
2723,2018-02-01,2018-04-30,304.25000000,244.19000000,201802-201805,-0.19740345
2723,2018-03-01,2018-05-31,287.90000000,221.08000000,201803-201806,-0.23209448
2723,2018-04-02,2018-06-29,268.36000000,235.85000000,201804-201807,-0.12114324
2723,2018-05-02,2018-07-31,239.56000000,220.26000000,201805-201808,-0.08056437
2723,2018-06-01,2018-08-31,221.08000000,175.89000000,201806-201809,-0.20440565
2723,2018-07-02,2018-09-28,234.65000000,209.47000000,201807-201810,-0.10730876
2723,2018-08-01,2018-10-31,215.86000000,149.90000000,201808-201811,-0.30556842
2723,2018-09-03,2018-11-30,176.69000000,195.88000000,201809-201812,0.10860830
2723,2018-10-01,2018-12-28,212.67000000,164.70000000,201810-201901,-0.22556073
2723,2018-11-01,2019-01-30,154.30000000,170.29000000,201811-201902,0.10362929
2723,2018-12-03,2019-02-27,203.87000000,185.08000000,201812-201903,-0.09216658
2723,2019-01-02,2019-03-29,166.69000000,163.90000000,201901-201904,-0.01673766
2723,2019-02-11,2019-04-30,169.49000000,157.50000000,201902-201905,-0.07074164
2723,2019-03-04,2019-05-31,186.28000000,138.31000000,201903-201906,-0.25751557
2723,2019-04-01,2019-06-28,163.90000000,138.71000000,201904-201907,-0.15369128
2723,2019-05-02,2019-07-31,160.30000000,152.64000000,201905-201908,-0.04778540
2723,2019-06-03,2019-08-30,135.11000000,123.43000000,201906-201909,-0.08644808
2723,2019-07-01,2019-09-27,140.71000000,117.67000000,201907-201910,-0.16374103
2723,2019-08-01,2019-10-31,149.76000000,114.38000000,201908-201911,-0.23624466
2727,2012-03-01,2012-05-31,264.51000000,244.38000000,201203-201206,-0.07610298
2727,2012-04-02,2012-06-29,247.26000000,240.85000000,201204-201207,-0.02592413
2727,2012-05-02,2012-07-31,241.12000000,249.27000000,201205-201208,0.03380060
2727,2012-06-01,2012-08-31,237.87000000,243.30000000,201206-201209,0.02282759
2727,2012-07-02,2012-09-28,240.85000000,235.15000000,201207-201210,-0.02366618
2727,2012-08-01,2012-10-31,250.08000000,222.66000000,201208-201211,-0.10964491
2727,2012-09-03,2012-11-30,243.84000000,230.26000000,201209-201212,-0.05569226
2727,2012-10-01,2012-12-28,234.61000000,224.29000000,201210-201301,-0.04398789
2801,2010-01-04,2010-03-31,6.58000000,6.23000000,201001-201004,-0.05319149
2801,2010-02-01,2010-04-30,6.19000000,6.12000000,201002-201005,-0.01130856
2801,2010-03-01,2010-05-31,6.21000000,5.54000000,201003-201006,-0.10789050
2801,2010-04-01,2010-06-30,6.32000000,6.38000000,201004-201007,0.00949367
2801,2010-05-03,2010-07-30,6.10000000,7.45000000,201005-201008,0.22131148
2801,2010-06-01,2010-08-31,5.48000000,8.03000000,201006-201009,0.46532847
2801,2010-07-01,2010-09-30,6.49000000,9.22000000,201007-201010,0.42064715
2801,2010-08-02,2010-10-29,7.85000000,8.91000000,201008-201011,0.13503185
2801,2010-09-01,2010-11-30,8.07000000,8.93000000,201009-201012,0.10656753
2801,2010-10-01,2010-12-31,9.33000000,11.42000000,201010-201101,0.22400857
2801,2010-11-01,2011-01-28,9.15000000,10.89000000,201011-201102,0.19016393
2801,2010-12-01,2011-02-25,9.55000000,9.64000000,201012-201103,0.00942408
2801,2011-01-03,2011-03-31,11.60000000,10.41000000,201101-201104,-0.10258621
2801,2011-02-08,2011-04-29,10.74000000,11.02000000,201102-201105,0.02607076
2801,2011-03-01,2011-05-31,9.70000000,10.87000000,201103-201106,0.12061856
2801,2011-04-01,2011-06-30,10.52000000,10.41000000,201104-201107,-0.01045627
2801,2011-05-03,2011-07-29,11.05000000,11.08000000,201105-201108,0.00271493
2801,2011-06-01,2011-08-31,10.91000000,10.43000000,201106-201109,-0.04399633
2801,2011-07-01,2011-09-30,10.72000000,8.55000000,201107-201110,-0.20242537
2801,2011-08-01,2011-10-31,11.57000000,9.53000000,201108-201111,-0.17631806
2801,2011-09-01,2011-11-30,10.62000000,7.90000000,201109-201112,-0.25612053
2801,2011-10-03,2011-12-30,8.12000000,8.00000000,201110-201201,-0.01477833
2801,2011-11-01,2012-01-31,9.48000000,8.14000000,201111-201202,-0.14135021
2801,2011-12-01,2012-02-29,8.43000000,8.75000000,201112-201203,0.03795967
2801,2012-01-02,2012-03-30,7.75000000,8.19000000,201201-201204,0.05677419
2801,2012-02-01,2012-04-30,8.17000000,7.87000000,201202-201205,-0.03671971
2801,2012-03-01,2012-05-31,8.70000000,7.53000000,201203-201206,-0.13448276
2801,2012-04-02,2012-06-29,8.09000000,7.63000000,201204-201207,-0.05686032
2801,2012-05-02,2012-07-31,8.04000000,7.92000000,201205-201208,-0.01492537
2801,2012-06-01,2012-08-31,7.36000000,8.13000000,201206-201209,0.10461957
2801,2012-07-02,2012-09-28,7.68000000,8.37000000,201207-201210,0.08984375
2801,2012-08-01,2012-10-31,7.92000000,7.76000000,201208-201211,-0.02020202
2801,2012-09-03,2012-11-30,8.08000000,8.29000000,201209-201212,0.02599010
2801,2012-10-01,2012-12-28,8.34000000,8.40000000,201210-201301,0.00719424
2801,2016-01-04,2016-03-31,9.19000000,9.91000000,201601-201604,0.07834603
2801,2016-02-01,2016-04-29,9.79000000,10.12000000,201602-201605,0.03370787
2801,2016-03-01,2016-05-31,9.73000000,9.94000000,201603-201606,0.02158273
2801,2016-04-01,2016-06-30,10.00000000,10.06000000,201604-201607,0.00600000
2801,2016-05-03,2016-07-29,9.97000000,10.30000000,201605-201608,0.03309930
2801,2016-06-01,2016-08-31,9.97000000,10.36000000,201606-201609,0.03911735
2801,2016-07-01,2016-09-30,10.03000000,10.43000000,201607-201610,0.03988036
2801,2016-08-01,2016-10-31,10.30000000,10.49000000,201608-201611,0.01844660
2801,2016-09-01,2016-11-30,10.49000000,11.08000000,201609-201612,0.05624404
2801,2016-10-03,2016-12-30,10.46000000,11.14000000,201610-201701,0.06500956
2801,2016-11-01,2017-01-24,10.53000000,11.27000000,201611-201702,0.07027540
2801,2016-12-01,2017-02-24,10.98000000,11.92000000,201612-201703,0.08561020
2801,2017-01-03,2017-03-31,11.11000000,12.02000000,201701-201704,0.08190819
2801,2017-02-02,2017-04-28,11.27000000,11.37000000,201702-201705,0.00887311
2801,2017-03-01,2017-05-31,11.86000000,11.40000000,201703-201706,-0.03878583
2801,2017-04-05,2017-06-30,12.09000000,11.34000000,201704-201707,-0.06203474
2801,2017-05-02,2017-07-31,11.44000000,11.50000000,201705-201708,0.00524476
2801,2017-06-01,2017-08-31,11.31000000,11.53000000,201706-201709,0.01945181
2801,2017-07-03,2017-09-30,11.34000000,11.46000000,201707-201710,0.01058201
2801,2017-08-01,2017-10-31,11.50000000,11.42000000,201708-201711,-0.00695652
2801,2017-09-01,2017-11-30,11.60000000,11.35000000,201709-201712,-0.02155172
2801,2017-10-02,2017-12-29,11.42000000,11.56000000,201710-201801,0.01225919
2801,2017-11-01,2018-01-31,11.39000000,11.95000000,201711-201802,0.04916594
2801,2017-12-01,2018-02-27,11.42000000,11.74000000,201712-201803,0.02802102
2801,2018-01-02,2018-03-31,11.56000000,11.84000000,201801-201804,0.02422145
2801,2018-02-01,2018-04-30,11.95000000,11.95000000,201802-201805,0.00000000
2801,2018-03-01,2018-05-31,11.67000000,12.26000000,201803-201806,0.05055698
2801,2018-04-02,2018-06-29,11.81000000,12.36000000,201804-201807,0.04657070
2801,2018-05-02,2018-07-31,11.95000000,12.64000000,201805-201808,0.05774059
2801,2018-06-01,2018-08-31,12.33000000,13.34000000,201806-201809,0.08191403
2801,2018-07-02,2018-09-28,12.29000000,14.06000000,201807-201810,0.14401953
2801,2018-08-01,2018-10-31,12.61000000,13.06000000,201808-201811,0.03568596
2801,2018-09-03,2018-11-30,13.41000000,13.02000000,201809-201812,-0.02908277
2801,2018-10-01,2018-12-28,13.98000000,12.79000000,201810-201901,-0.08512160
2801,2018-11-01,2019-01-30,12.98000000,13.32000000,201811-201902,0.02619414
2801,2018-12-03,2019-02-27,13.32000000,13.76000000,201812-201903,0.03303303
2801,2019-01-02,2019-03-29,12.83000000,13.72000000,201901-201904,0.06936867
2801,2019-02-11,2019-04-30,13.32000000,13.76000000,201902-201905,0.03303303
2801,2019-03-04,2019-05-31,13.61000000,14.84000000,201903-201906,0.09037472
2801,2019-04-01,2019-06-28,13.61000000,15.58000000,201904-201907,0.14474651
2801,2019-05-02,2019-07-31,13.76000000,16.22000000,201905-201908,0.17877907
2801,2019-06-03,2019-08-30,14.88000000,15.80000000,201906-201909,0.06182796
2801,2019-07-01,2019-09-27,15.51000000,16.94000000,201907-201910,0.09219858
2801,2019-08-01,2019-10-31,16.11000000,18.58000000,201908-201911,0.15332092
2801,2019-09-02,2019-11-29,15.84000000,17.95000000,201909-201912,0.13320707
2801,2019-10-01,2019-12-31,16.94000000,17.76000000,201910-202001,0.04840614
2801,2019-11-01,2020-01-31,18.39000000,16.78000000,201911-202002,-0.08754758
2801,2019-12-02,2020-02-27,17.92000000,18.15000000,201912-202003,0.01283482
2801,2020-01-02,2020-03-31,17.84000000,14.90000000,202001-202004,-0.16479821
2801,2020-02-03,2020-04-30,17.02000000,15.33000000,202002-202005,-0.09929495
2801,2020-03-02,2020-05-29,18.15000000,14.71000000,202003-202006,-0.18953168
2801,2020-04-01,2020-06-30,14.71000000,15.14000000,202004-202007,0.02923182
2801,2020-05-04,2020-07-31,14.71000000,14.86000000,202005-202008,0.01019714
2801,2020-06-01,2020-08-31,14.94000000,15.16000000,202006-202009,0.01472557
2801,2020-07-01,2020-09-30,15.18000000,14.41000000,202007-202010,-0.05072464
2801,2020-08-03,2020-10-30,14.71000000,14.16000000,202008-202011,-0.03738953
2801,2020-09-01,2020-11-30,15.08000000,14.79000000,202009-202012,-0.01923077
2801,2020-10-05,2020-12-31,14.45000000,14.91000000,202010-202101,0.03183391
2809,2011-08-01,2011-10-31,11.54000000,10.99000000,201108-201111,-0.04766031
2809,2011-09-01,2011-11-30,12.00000000,9.71000000,201109-201112,-0.19083333
2809,2011-10-03,2011-12-30,9.36000000,9.91000000,201110-201201,0.05876068
2809,2011-11-01,2012-01-31,11.28000000,11.04000000,201111-201202,-0.02127660
2809,2011-12-01,2012-02-29,10.38000000,12.12000000,201112-201203,0.16763006
2809,2012-01-02,2012-03-30,9.74000000,11.04000000,201201-201204,0.13347023
2809,2012-02-01,2012-04-30,11.04000000,9.91000000,201202-201205,-0.10235507
2809,2012-03-01,2012-05-31,11.92000000,10.06000000,201203-201206,-0.15604027
2809,2012-07-02,2012-09-28,10.29000000,11.92000000,201207-201210,0.15840622
2809,2012-08-01,2012-10-31,11.54000000,11.63000000,201208-201211,0.00779896
2809,2012-09-03,2012-11-30,11.68000000,11.95000000,201209-201212,0.02311644
2809,2012-10-01,2012-12-28,12.00000000,12.64000000,201210-201301,0.05333333
2809,2016-01-04,2016-03-31,15.94000000,15.12000000,201601-201604,-0.05144291
2809,2016-02-01,2016-04-29,14.92000000,15.36000000,201602-201605,0.02949062
2809,2016-03-01,2016-05-31,14.68000000,14.54000000,201603-201606,-0.00953678
2809,2016-04-01,2016-06-30,14.88000000,14.91000000,201604-201607,0.00201613
2809,2016-05-03,2016-07-29,15.26000000,16.35000000,201605-201608,0.07142857
2809,2016-06-01,2016-08-31,14.47000000,18.86000000,201606-201609,0.30338632
2809,2016-07-01,2016-09-30,14.98000000,18.48000000,201607-201610,0.23364486
2809,2016-08-01,2016-10-31,16.45000000,18.06000000,201608-201611,0.09787234
2809,2016-09-01,2016-11-30,18.86000000,18.93000000,201609-201612,0.00371156
2809,2016-10-03,2016-12-30,18.48000000,19.67000000,201610-201701,0.06439394
2809,2016-11-01,2017-01-24,18.16000000,19.98000000,201611-201702,0.10022026
2809,2016-12-01,2017-02-24,19.00000000,19.98000000,201612-201703,0.05157895
2809,2017-01-03,2017-03-31,19.60000000,21.06000000,201701-201704,0.07448980
2809,2017-02-02,2017-04-28,20.12000000,20.26000000,201702-201705,0.00695825
2809,2017-03-01,2017-05-31,20.12000000,21.31000000,201703-201706,0.05914513
2809,2017-04-05,2017-06-30,21.10000000,23.04000000,201704-201707,0.09194313
2809,2017-05-02,2017-07-31,20.54000000,22.89000000,201705-201708,0.11441091
2809,2017-06-01,2017-08-31,21.24000000,23.37000000,201706-201709,0.10028249
2809,2017-07-03,2017-09-30,23.11000000,23.48000000,201707-201710,0.01601039
2809,2017-08-01,2017-10-31,23.18000000,24.18000000,201708-201711,0.04314064
2809,2017-09-01,2017-11-30,23.37000000,25.31000000,201709-201712,0.08301241
2809,2017-10-02,2017-12-29,23.66000000,27.33000000,201710-201801,0.15511412
2809,2017-11-01,2018-01-31,24.32000000,30.63000000,201711-201802,0.25945724
2809,2017-12-01,2018-02-27,27.04000000,28.94000000,201712-201803,0.07026627
2809,2018-01-02,2018-03-31,27.37000000,27.15000000,201801-201804,-0.00803800
2809,2018-02-01,2018-04-30,30.41000000,26.12000000,201802-201805,-0.14107202
2809,2018-03-01,2018-05-31,29.05000000,25.68000000,201803-201806,-0.11600688
2809,2018-04-02,2018-06-29,27.37000000,25.03000000,201804-201807,-0.08549507
2809,2018-05-02,2018-07-31,26.34000000,24.65000000,201805-201808,-0.06416097
2809,2018-06-01,2018-08-31,25.97000000,23.66000000,201806-201809,-0.08894879
2809,2018-07-02,2018-09-28,24.38000000,23.50000000,201807-201810,-0.03609516
2809,2018-08-01,2018-10-31,24.92000000,22.62000000,201808-201811,-0.09229535
2809,2018-09-03,2018-11-30,23.50000000,24.38000000,201809-201812,0.03744681
2809,2018-10-01,2018-12-28,24.00000000,22.09000000,201810-201901,-0.07958333
2809,2018-11-01,2019-01-30,22.36000000,22.32000000,201811-201902,-0.00178891
2809,2018-12-03,2019-02-27,24.46000000,25.26000000,201812-201903,0.03270646
2809,2019-01-02,2019-03-29,21.97000000,24.50000000,201901-201904,0.11515703
2809,2019-02-11,2019-04-30,22.16000000,25.30000000,201902-201905,0.14169675
2809,2019-03-04,2019-05-31,25.61000000,25.42000000,201903-201906,-0.00741898
2809,2019-04-01,2019-06-28,24.54000000,25.88000000,201904-201907,0.05460473
2809,2019-05-02,2019-07-31,25.69000000,25.54000000,201905-201908,-0.00583885
2809,2019-06-03,2019-08-30,25.46000000,24.62000000,201906-201909,-0.03299293
2809,2019-07-01,2019-09-27,26.03000000,24.70000000,201907-201910,-0.05109489
2809,2019-08-01,2019-10-31,25.26000000,25.34000000,201908-201911,0.00316706
2809,2019-09-02,2019-11-29,24.58000000,26.18000000,201909-201912,0.06509357
2809,2019-10-01,2019-12-31,24.90000000,26.82000000,201910-202001,0.07710843
2809,2019-11-01,2020-01-31,25.42000000,27.46000000,201911-202002,0.08025177
2809,2019-12-02,2020-02-27,26.18000000,29.42000000,201912-202003,0.12375859
2809,2020-01-02,2020-03-31,26.94000000,22.70000000,202001-202004,-0.15738679
2809,2020-02-03,2020-04-30,26.82000000,25.58000000,202002-202005,-0.04623415
2809,2020-03-02,2020-05-29,28.78000000,26.04000000,202003-202006,-0.09520500
2809,2020-04-01,2020-06-30,22.74000000,30.06000000,202004-202007,0.32189974
2809,2020-05-04,2020-07-31,24.74000000,30.06000000,202005-202008,0.21503638
2809,2020-06-01,2020-08-31,26.71000000,30.61000000,202006-202009,0.14601273
2809,2020-07-01,2020-09-30,29.73000000,30.98000000,202007-202010,0.04204507
2809,2020-08-03,2020-10-30,30.06000000,32.45000000,202008-202011,0.07950765
2809,2020-09-01,2020-11-30,30.73000000,31.99000000,202009-202012,0.04100228
2809,2020-10-05,2020-12-31,31.03000000,32.49000000,202010-202101,0.04705124
2812,2011-02-08,2011-04-29,5.38000000,4.68000000,201102-201105,-0.13011152
2812,2011-03-01,2011-05-31,5.37000000,4.58000000,201103-201106,-0.14711359
2812,2011-08-01,2011-10-31,4.58000000,4.07000000,201108-201111,-0.11135371
2812,2011-11-01,2012-01-31,4.03000000,3.55000000,201111-201202,-0.11910670
2812,2011-12-01,2012-02-29,3.68000000,3.97000000,201112-201203,0.07880435
2812,2012-01-02,2012-03-30,3.39000000,3.72000000,201201-201204,0.09734513
2812,2012-02-01,2012-04-30,3.59000000,3.65000000,201202-201205,0.01671309
2812,2012-03-01,2012-05-31,3.94000000,3.58000000,201203-201206,-0.09137056
2812,2012-04-02,2012-06-29,3.70000000,3.74000000,201204-201207,0.01081081
2812,2012-05-02,2012-07-31,3.77000000,3.81000000,201205-201208,0.01061008
2812,2012-06-01,2012-08-31,3.49000000,3.87000000,201206-201209,0.10888252
2812,2012-07-02,2012-09-28,3.78000000,4.15000000,201207-201210,0.09788360
2812,2012-08-01,2012-10-31,3.87000000,3.85000000,201208-201211,-0.00516796
2812,2012-09-03,2012-11-30,3.90000000,4.02000000,201209-201212,0.03076923
2812,2012-10-01,2012-12-28,4.18000000,4.18000000,201210-201301,0.00000000
2812,2016-01-04,2016-03-31,4.94000000,5.00000000,201601-201604,0.01214575
2812,2016-02-01,2016-04-29,4.87000000,4.84000000,201602-201605,-0.00616016
2812,2016-03-01,2016-05-31,4.83000000,4.81000000,201603-201606,-0.00414079
2812,2016-04-01,2016-06-30,5.00000000,4.78000000,201604-201607,-0.04400000
2812,2016-05-03,2016-07-29,4.82000000,4.90000000,201605-201608,0.01659751
2812,2016-06-01,2016-08-31,4.83000000,5.01000000,201606-201609,0.03726708
2812,2016-07-01,2016-09-30,4.78000000,5.06000000,201607-201610,0.05857741
2812,2016-08-01,2016-10-31,4.90000000,5.11000000,201608-201611,0.04285714
2812,2016-09-01,2016-11-30,5.06000000,5.23000000,201609-201612,0.03359684
2812,2016-10-03,2016-12-30,5.05000000,5.22000000,201610-201701,0.03366337
2812,2016-11-01,2017-01-24,5.11000000,5.24000000,201611-201702,0.02544031
2812,2016-12-01,2017-02-24,5.23000000,5.37000000,201612-201703,0.02676864
2812,2017-01-03,2017-03-31,5.23000000,5.60000000,201701-201704,0.07074570
2812,2017-02-02,2017-04-28,5.25000000,5.58000000,201702-201705,0.06285714
2812,2017-03-01,2017-05-31,5.38000000,5.69000000,201703-201706,0.05762082
2812,2017-04-05,2017-06-30,5.66000000,5.83000000,201704-201707,0.03003534
2812,2017-05-02,2017-07-31,5.59000000,5.92000000,201705-201708,0.05903399
2812,2017-06-01,2017-08-31,5.68000000,5.83000000,201706-201709,0.02640845
2812,2017-07-03,2017-09-30,5.83000000,5.86000000,201707-201710,0.00514580
2812,2017-08-01,2017-10-31,5.98000000,5.90000000,201708-201711,-0.01337793
2812,2017-09-01,2017-11-30,5.86000000,5.94000000,201709-201712,0.01365188
2812,2017-10-02,2017-12-29,5.85000000,6.05000000,201710-201801,0.03418803
2812,2017-11-01,2018-01-31,5.89000000,6.17000000,201711-201802,0.04753820
2812,2017-12-01,2018-02-27,5.98000000,6.20000000,201712-201803,0.03678930
2812,2018-01-02,2018-03-31,6.05000000,6.23000000,201801-201804,0.02975207
2812,2018-02-01,2018-04-30,6.17000000,6.26000000,201802-201805,0.01458671
2812,2018-03-01,2018-05-31,6.23000000,6.29000000,201803-201806,0.00963082
2812,2018-04-02,2018-06-29,6.23000000,6.38000000,201804-201807,0.02407705
2812,2018-05-02,2018-07-31,6.29000000,6.63000000,201805-201808,0.05405405
2812,2018-06-01,2018-08-31,6.29000000,6.83000000,201806-201809,0.08585056
2812,2018-07-02,2018-09-28,6.32000000,7.03000000,201807-201810,0.11234177
2812,2018-08-01,2018-10-31,6.70000000,6.67000000,201808-201811,-0.00447761
2812,2018-09-03,2018-11-30,6.83000000,6.67000000,201809-201812,-0.02342606
2812,2018-10-01,2018-12-28,7.03000000,6.67000000,201810-201901,-0.05120910
2812,2018-11-01,2019-01-30,6.71000000,6.87000000,201811-201902,0.02384501
2812,2018-12-03,2019-02-27,6.74000000,6.97000000,201812-201903,0.03412463
2812,2019-01-02,2019-03-29,6.64000000,7.46000000,201901-201904,0.12349398
2812,2019-02-11,2019-04-30,6.87000000,7.85000000,201902-201905,0.14264920
2812,2019-03-04,2019-05-31,7.03000000,8.01000000,201903-201906,0.13940256
2812,2019-04-01,2019-06-28,7.46000000,8.18000000,201904-201907,0.09651475
2812,2019-05-02,2019-07-31,7.95000000,8.28000000,201905-201908,0.04150943
2812,2019-06-03,2019-08-30,8.05000000,8.31000000,201906-201909,0.03229814
2812,2019-07-01,2019-09-27,8.14000000,8.34000000,201907-201910,0.02457002
2812,2019-08-01,2019-10-31,8.21000000,8.27000000,201908-201911,0.00730816
2812,2019-09-02,2019-11-29,8.27000000,8.41000000,201909-201912,0.01692866
2812,2019-10-01,2019-12-31,8.34000000,8.45000000,201910-202001,0.01318945
2812,2019-11-01,2020-01-31,8.31000000,8.55000000,201911-202002,0.02888087
2812,2019-12-02,2020-02-27,8.41000000,8.69000000,201912-202003,0.03329370
2812,2020-01-02,2020-03-31,8.48000000,7.29000000,202001-202004,-0.14033019
2812,2020-02-03,2020-04-30,8.48000000,8.06000000,202002-202005,-0.04952830
2812,2020-03-02,2020-05-29,8.59000000,8.03000000,202003-202006,-0.06519208
2812,2020-04-01,2020-06-30,7.18000000,8.20000000,202004-202007,0.14206128
2812,2020-05-04,2020-07-31,7.92000000,8.24000000,202005-202008,0.04040404
2812,2020-06-01,2020-08-31,8.13000000,8.45000000,202006-202009,0.03936039
2812,2020-07-01,2020-09-30,8.20000000,8.11000000,202007-202010,-0.01097561
2812,2020-08-03,2020-10-30,8.20000000,8.22000000,202008-202011,0.00243902
2812,2020-09-01,2020-11-30,8.37000000,8.29000000,202009-202012,-0.00955795
2812,2020-10-05,2020-12-31,8.18000000,8.25000000,202010-202101,0.00855746
2823,2010-01-04,2010-03-31,8.17000000,8.15000000,201001-201004,-0.00244798
2823,2010-02-01,2010-04-30,7.07000000,8.34000000,201002-201005,0.17963225
2823,2010-03-01,2010-05-31,7.32000000,8.35000000,201003-201006,0.14071038
2823,2010-04-01,2010-06-30,8.22000000,8.70000000,201004-201007,0.05839416
2823,2010-05-03,2010-07-30,8.29000000,9.75000000,201005-201008,0.17611580
2823,2010-06-01,2010-08-31,8.25000000,10.12000000,201006-201009,0.22666667
2823,2010-07-01,2010-09-30,8.67000000,10.53000000,201007-201010,0.21453287
2823,2010-08-02,2010-10-29,10.41000000,9.69000000,201008-201011,-0.06916427
2823,2010-09-01,2010-11-30,10.02000000,9.50000000,201009-201012,-0.05189621
2823,2010-10-01,2010-12-31,10.43000000,12.08000000,201010-201101,0.15819751
2823,2010-11-01,2011-01-28,9.79000000,11.87000000,201011-201102,0.21246170
2823,2010-12-01,2011-02-25,9.92000000,10.99000000,201012-201103,0.10786290
2823,2011-01-03,2011-03-31,12.40000000,11.56000000,201101-201104,-0.06774194
2823,2011-02-08,2011-04-29,11.71000000,13.57000000,201102-201105,0.15883860
2823,2011-03-01,2011-05-31,11.23000000,13.35000000,201103-201106,0.18878005
2823,2011-04-01,2011-06-30,11.52000000,15.42000000,201104-201107,0.33854167
2823,2011-05-03,2011-07-29,13.76000000,16.69000000,201105-201108,0.21293605
2823,2011-06-01,2011-08-31,13.31000000,15.27000000,201106-201109,0.14725770
2823,2011-07-01,2011-09-30,15.89000000,13.22000000,201107-201110,-0.16803021
2823,2011-08-01,2011-10-31,17.85000000,15.25000000,201108-201111,-0.14565826
2823,2011-09-01,2011-11-30,15.37000000,11.59000000,201109-201112,-0.24593364
2823,2011-10-03,2011-12-30,12.52000000,11.07000000,201110-201201,-0.11581470
2823,2011-11-01,2012-01-31,15.54000000,12.49000000,201111-201202,-0.19626770
2823,2011-12-01,2012-02-29,12.38000000,13.80000000,201112-201203,0.11470113
2823,2012-01-02,2012-03-30,10.64000000,12.99000000,201201-201204,0.22086466
2823,2012-02-01,2012-04-30,13.28000000,11.79000000,201202-201205,-0.11219880
2823,2012-03-01,2012-05-31,13.76000000,12.40000000,201203-201206,-0.09883721
2823,2012-04-02,2012-06-29,12.88000000,12.56000000,201204-201207,-0.02484472
2823,2012-05-02,2012-07-31,12.29000000,13.19000000,201205-201208,0.07323027
2823,2012-06-01,2012-08-31,12.06000000,12.24000000,201206-201209,0.01492537
2823,2012-07-02,2012-09-28,12.74000000,12.64000000,201207-201210,-0.00784929
2823,2012-08-01,2012-10-31,13.17000000,10.61000000,201208-201211,-0.19438117
2823,2012-09-03,2012-11-30,12.15000000,11.73000000,201209-201212,-0.03456790
2823,2012-10-01,2012-12-28,12.52000000,12.19000000,201210-201301,-0.02635783
2823,2016-01-04,2016-03-31,16.68000000,16.42000000,201601-201604,-0.01558753
2823,2016-02-01,2016-04-29,15.72000000,16.15000000,201602-201605,0.02735369
2823,2016-03-01,2016-05-31,15.22000000,16.52000000,201603-201606,0.08541393
2823,2016-04-01,2016-06-30,16.38000000,16.52000000,201604-201607,0.00854701
2823,2016-05-03,2016-07-29,16.08000000,18.59000000,201605-201608,0.15609453
2823,2016-06-01,2016-08-31,16.78000000,19.82000000,201606-201609,0.18116806
2823,2016-07-01,2016-09-30,16.65000000,20.21000000,201607-201610,0.21381381
2823,2016-08-01,2016-10-31,18.62000000,20.56000000,201608-201611,0.10418904
2823,2016-09-01,2016-11-30,19.65000000,23.99000000,201609-201612,0.22086514
2823,2016-10-03,2016-12-30,20.28000000,22.61000000,201610-201701,0.11489152
2823,2016-11-01,2017-01-24,20.25000000,21.59000000,201611-201702,0.06617284
2823,2016-12-01,2017-02-24,24.97000000,21.27000000,201612-201703,-0.14817781
2823,2017-01-03,2017-03-31,22.50000000,21.16000000,201701-201704,-0.05955556
2823,2017-02-02,2017-04-28,21.16000000,19.82000000,201702-201705,-0.06332703
2823,2017-03-01,2017-05-31,21.16000000,20.81000000,201703-201706,-0.01654064
2823,2017-04-05,2017-06-30,21.16000000,21.38000000,201704-201707,0.01039698
2823,2017-05-02,2017-07-31,20.60000000,22.54000000,201705-201708,0.09417476
2823,2017-06-01,2017-08-31,20.81000000,23.49000000,201706-201709,0.12878424
2823,2017-07-03,2017-09-30,21.34000000,22.78000000,201707-201710,0.06747891
2823,2017-08-01,2017-10-31,22.65000000,22.46000000,201708-201711,-0.00838852
2823,2017-09-01,2017-11-30,23.84000000,22.26000000,201709-201712,-0.06627517
2823,2017-10-02,2017-12-29,22.62000000,23.60000000,201710-201801,0.04332449
2823,2017-11-01,2018-01-31,22.50000000,23.64000000,201711-201802,0.05066667
2823,2017-12-01,2018-02-27,23.21000000,23.17000000,201712-201803,-0.00172340
2823,2018-01-02,2018-03-31,23.64000000,23.68000000,201801-201804,0.00169205
2823,2018-02-01,2018-04-30,23.76000000,25.38000000,201802-201805,0.06818182
2823,2018-03-01,2018-05-31,23.21000000,24.79000000,201803-201806,0.06807411
2823,2018-04-02,2018-06-29,23.80000000,25.30000000,201804-201807,0.06302521
2823,2018-05-02,2018-07-31,25.22000000,25.53000000,201805-201808,0.01229183
2823,2018-06-01,2018-08-31,25.26000000,26.15000000,201806-201809,0.03523357
2823,2018-07-02,2018-09-28,25.06000000,26.28000000,201807-201810,0.04868316
2823,2018-08-01,2018-10-31,25.97000000,25.17000000,201808-201811,-0.03080477
2823,2018-09-03,2018-11-30,25.90000000,25.04000000,201809-201812,-0.03320463
2823,2018-10-01,2018-12-28,26.32000000,23.84000000,201810-201901,-0.09422492
2823,2018-11-01,2019-01-30,25.08000000,23.76000000,201811-201902,-0.05263158
2823,2018-12-03,2019-02-27,25.34000000,24.61000000,201812-201903,-0.02880821
2823,2019-01-02,2019-03-29,23.84000000,22.39000000,201901-201904,-0.06082215
2823,2019-02-11,2019-04-30,23.76000000,22.00000000,201902-201905,-0.07407407
2823,2019-03-04,2019-05-31,24.53000000,20.89000000,201903-201906,-0.14838973
2823,2019-04-01,2019-06-28,22.13000000,21.61000000,201904-201907,-0.02349751
2823,2019-05-02,2019-07-31,22.43000000,22.39000000,201905-201908,-0.00178333
2823,2019-06-03,2019-08-30,20.61000000,21.39000000,201906-201909,0.03784571
2823,2019-07-01,2019-09-27,22.00000000,21.39000000,201907-201910,-0.02772727
2823,2019-08-01,2019-10-31,21.83000000,21.83000000,201908-201911,0.00000000
2823,2019-09-02,2019-11-29,21.22000000,22.05000000,201909-201912,0.03911404
2823,2019-10-01,2019-12-31,21.44000000,22.26000000,201910-202001,0.03824627
2823,2019-11-01,2020-01-31,21.83000000,21.48000000,201911-202002,-0.01603298
2823,2019-12-02,2020-02-27,22.18000000,21.00000000,201912-202003,-0.05320108
2823,2020-01-02,2020-03-31,22.26000000,14.65000000,202001-202004,-0.34186882
2823,2020-02-03,2020-04-30,21.09000000,17.83000000,202002-202005,-0.15457563
2823,2020-03-02,2020-05-29,20.65000000,18.05000000,202003-202006,-0.12590799
2823,2020-04-01,2020-06-30,15.00000000,18.96000000,202004-202007,0.26400000
2823,2020-05-04,2020-07-31,17.44000000,18.14000000,202005-202008,0.04013761
2823,2020-06-01,2020-08-31,18.31000000,18.36000000,202006-202009,0.00273075
2823,2020-07-01,2020-09-30,19.18000000,17.74000000,202007-202010,-0.07507821
2823,2020-08-03,2020-10-30,18.00000000,18.14000000,202008-202011,0.00777778
2823,2020-09-01,2020-11-30,18.45000000,21.45000000,202009-202012,0.16260163
2823,2020-10-05,2020-12-31,17.74000000,21.03000000,202010-202101,0.18545660
2833,2010-01-04,2010-03-31,28.40000000,28.77000000,201001-201004,0.01302817
2833,2010-02-01,2010-04-30,28.44000000,29.07000000,201002-201005,0.02215190
2833,2010-03-01,2010-05-31,28.77000000,25.30000000,201003-201006,-0.12061175
2833,2010-04-01,2010-06-30,29.89000000,25.22000000,201004-201007,-0.15623954
2833,2010-05-03,2010-07-30,28.40000000,27.62000000,201005-201008,-0.02746479
2833,2010-06-01,2010-08-31,24.81000000,28.06000000,201006-201009,0.13099557
2833,2010-07-01,2010-09-30,25.26000000,28.66000000,201007-201010,0.13460016
2833,2010-08-02,2010-10-29,28.45000000,27.97000000,201008-201011,-0.01687170
2833,2010-09-01,2010-11-30,28.49000000,26.15000000,201009-201012,-0.08213408
2833,2010-10-01,2010-12-31,28.40000000,28.97000000,201010-201101,0.02007042
2833,2010-11-01,2011-01-28,27.88000000,29.19000000,201011-201102,0.04698709
2833,2010-12-01,2011-02-25,26.88000000,24.84000000,201012-201103,-0.07589286
2833,2011-01-03,2011-03-31,30.97000000,23.89000000,201101-201104,-0.22860833
2833,2011-07-01,2011-09-30,26.71000000,21.79000000,201107-201110,-0.18420067
2834,2010-01-04,2010-03-31,3.67000000,3.72000000,201001-201004,0.01362398
2834,2010-02-01,2010-04-30,3.62000000,3.73000000,201002-201005,0.03038674
2834,2010-03-01,2010-05-31,3.66000000,3.57000000,201003-201006,-0.02459016
2834,2010-04-01,2010-06-30,3.89000000,3.77000000,201004-201007,-0.03084833
2834,2010-05-03,2010-07-30,3.68000000,4.20000000,201005-201008,0.14130435
2834,2010-06-01,2010-08-31,3.51000000,4.12000000,201006-201009,0.17378917
2834,2010-07-01,2010-09-30,3.75000000,4.39000000,201007-201010,0.17066667
2834,2010-08-02,2010-10-29,4.38000000,4.71000000,201008-201011,0.07534247
2834,2010-09-01,2010-11-30,4.18000000,4.68000000,201009-201012,0.11961722
2834,2010-10-01,2010-12-31,4.41000000,6.09000000,201010-201101,0.38095238
2834,2010-11-01,2011-01-28,4.75000000,6.23000000,201011-201102,0.31157895
2834,2010-12-01,2011-02-25,4.89000000,5.35000000,201012-201103,0.09406953
2834,2011-01-03,2011-03-31,6.44000000,5.40000000,201101-201104,-0.16149068
2834,2011-02-08,2011-04-29,6.18000000,5.38000000,201102-201105,-0.12944984
2834,2011-03-01,2011-05-31,5.51000000,5.31000000,201103-201106,-0.03629764
2834,2011-04-01,2011-06-30,5.40000000,5.05000000,201104-201107,-0.06481481
2834,2011-05-03,2011-07-29,5.40000000,5.10000000,201105-201108,-0.05555556
2834,2011-06-01,2011-08-31,5.33000000,4.71000000,201106-201109,-0.11632270
2834,2011-07-01,2011-09-30,5.05000000,4.43000000,201107-201110,-0.12277228
2834,2011-08-01,2011-10-31,5.19000000,4.79000000,201108-201111,-0.07707129
2834,2011-09-01,2011-11-30,4.82000000,4.33000000,201109-201112,-0.10165975
2834,2011-10-03,2011-12-30,4.27000000,4.49000000,201110-201201,0.05152225
2834,2011-11-01,2012-01-31,4.77000000,4.68000000,201111-201202,-0.01886792
2834,2011-12-01,2012-02-29,4.63000000,4.77000000,201112-201203,0.03023758
2834,2012-01-02,2012-03-30,4.42000000,4.45000000,201201-201204,0.00678733
2834,2012-02-01,2012-04-30,4.67000000,4.28000000,201202-201205,-0.08351178
2834,2012-03-01,2012-05-31,4.72000000,4.00000000,201203-201206,-0.15254237
2834,2012-04-02,2012-06-29,4.42000000,4.14000000,201204-201207,-0.06334842
2834,2012-05-02,2012-07-31,4.33000000,4.40000000,201205-201208,0.01616628
2834,2012-06-01,2012-08-31,3.92000000,4.31000000,201206-201209,0.09948980
2834,2012-07-02,2012-09-28,4.22000000,4.42000000,201207-201210,0.04739336
2834,2012-08-01,2012-10-31,4.35000000,4.07000000,201208-201211,-0.06436782
2834,2012-09-03,2012-11-30,4.31000000,4.27000000,201209-201212,-0.00928074
2834,2012-10-01,2012-12-28,4.36000000,4.38000000,201210-201301,0.00458716
2834,2016-01-04,2016-03-31,4.64000000,4.96000000,201601-201604,0.06896552
2834,2016-02-01,2016-04-29,4.70000000,4.84000000,201602-201605,0.02978723
2834,2016-03-01,2016-05-31,4.84000000,4.80000000,201603-201606,-0.00826446
2834,2016-04-01,2016-06-30,4.93000000,4.75000000,201604-201607,-0.03651116
2834,2016-05-03,2016-07-29,4.83000000,4.89000000,201605-201608,0.01242236
2834,2016-06-01,2016-08-31,4.78000000,4.93000000,201606-201609,0.03138075
2834,2016-07-01,2016-09-30,4.81000000,4.92000000,201607-201610,0.02286902
2834,2016-08-01,2016-10-31,4.93000000,4.93000000,201608-201611,0.00000000
2834,2016-09-01,2016-11-30,4.90000000,4.99000000,201609-201612,0.01836735
2834,2016-10-03,2016-12-30,4.92000000,5.04000000,201610-201701,0.02439024
2834,2016-11-01,2017-01-24,4.94000000,5.05000000,201611-201702,0.02226721
2834,2016-12-01,2017-02-24,5.00000000,5.20000000,201612-201703,0.04000000
2834,2017-01-03,2017-03-31,5.03000000,5.19000000,201701-201704,0.03180915
2834,2017-02-02,2017-04-28,5.02000000,5.15000000,201702-201705,0.02589641
2834,2017-03-01,2017-05-31,5.24000000,5.20000000,201703-201706,-0.00763359
2834,2017-04-05,2017-06-30,5.20000000,5.25000000,201704-201707,0.00961538
2834,2017-05-02,2017-07-31,5.15000000,5.30000000,201705-201708,0.02912621
2834,2017-06-01,2017-08-31,5.15000000,5.37000000,201706-201709,0.04271845
2834,2017-07-03,2017-09-30,5.25000000,5.34000000,201707-201710,0.01714286
2834,2017-08-01,2017-10-31,5.35000000,5.37000000,201708-201711,0.00373832
2834,2017-09-01,2017-11-30,5.41000000,5.33000000,201709-201712,-0.01478743
2834,2017-10-02,2017-12-29,5.34000000,5.41000000,201710-201801,0.01310861
2834,2017-11-01,2018-01-31,5.37000000,5.57000000,201711-201802,0.03724395
2834,2017-12-01,2018-02-27,5.35000000,5.57000000,201712-201803,0.04112150
2834,2018-01-02,2018-03-31,5.41000000,5.62000000,201801-201804,0.03881701
2834,2018-02-01,2018-04-30,5.57000000,5.88000000,201802-201805,0.05565530
2834,2018-03-01,2018-05-31,5.60000000,5.89000000,201803-201806,0.05178571
2834,2018-04-02,2018-06-29,5.62000000,6.06000000,201804-201807,0.07829181
2834,2018-05-02,2018-07-31,5.88000000,6.51000000,201805-201808,0.10714286
2834,2018-06-01,2018-08-31,5.93000000,7.15000000,201806-201809,0.20573356
2834,2018-07-02,2018-09-28,6.11000000,7.62000000,201807-201810,0.24713584
2834,2018-08-01,2018-10-31,6.51000000,7.00000000,201808-201811,0.07526882
2834,2018-09-03,2018-11-30,7.22000000,7.24000000,201809-201812,0.00277008
2834,2018-10-01,2018-12-28,7.72000000,7.10000000,201810-201901,-0.08031088
2834,2018-11-01,2019-01-30,7.00000000,7.58000000,201811-201902,0.08285714
2834,2018-12-03,2019-02-27,7.31000000,7.79000000,201812-201903,0.06566347
2834,2019-01-02,2019-03-29,7.07000000,8.24000000,201901-201904,0.16548798
2834,2019-02-11,2019-04-30,7.62000000,8.75000000,201902-201905,0.14829396
2834,2019-03-04,2019-05-31,7.79000000,8.89000000,201903-201906,0.14120668
2834,2019-04-01,2019-06-28,8.27000000,9.37000000,201904-201907,0.13301088
2834,2019-05-02,2019-07-31,8.75000000,9.20000000,201905-201908,0.05142857
2834,2019-06-03,2019-08-30,8.99000000,9.06000000,201906-201909,0.00778643
2834,2019-07-01,2019-09-27,9.37000000,9.40000000,201907-201910,0.00320171
2834,2019-08-01,2019-10-31,9.20000000,9.47000000,201908-201911,0.02934783
2834,2019-09-02,2019-11-29,9.03000000,9.21000000,201909-201912,0.01993355
2834,2019-10-01,2019-12-31,9.47000000,9.28000000,201910-202001,-0.02006336
2834,2019-11-01,2020-01-31,9.40000000,9.10000000,201911-202002,-0.03191489
2834,2019-12-02,2020-02-27,9.14000000,8.84000000,201912-202003,-0.03282276
2834,2020-01-02,2020-03-31,9.28000000,7.14000000,202001-202004,-0.23060345
2834,2020-02-03,2020-04-30,8.92000000,8.00000000,202002-202005,-0.10313901
2834,2020-03-02,2020-05-29,8.70000000,7.81000000,202003-202006,-0.10229885
2834,2020-04-01,2020-06-30,7.06000000,7.96000000,202004-202007,0.12747875
2834,2020-05-04,2020-07-31,7.77000000,7.96000000,202005-202008,0.02445302
2834,2020-06-01,2020-08-31,8.00000000,7.88000000,202006-202009,-0.01500000
2834,2020-07-01,2020-09-30,8.00000000,7.52000000,202007-202010,-0.06000000
2834,2020-08-03,2020-10-30,7.88000000,7.40000000,202008-202011,-0.06091371
2834,2020-09-01,2020-11-30,7.85000000,7.84000000,202009-202012,-0.00127389
2834,2020-10-05,2020-12-31,7.63000000,7.66000000,202010-202101,0.00393185
2838,2011-08-01,2011-10-31,5.11000000,4.67000000,201108-201111,-0.08610568
2838,2011-09-01,2011-11-30,5.04000000,4.30000000,201109-201112,-0.14682540
2838,2011-10-03,2011-12-30,4.67000000,4.53000000,201110-201201,-0.02997859
2838,2011-11-01,2012-01-31,4.74000000,4.51000000,201111-201202,-0.04852321
2838,2011-12-01,2012-02-29,4.56000000,4.88000000,201112-201203,0.07017544
2838,2012-01-02,2012-03-30,4.50000000,4.65000000,201201-201204,0.03333333
2838,2012-02-01,2012-04-30,4.53000000,4.51000000,201202-201205,-0.00441501
2838,2012-03-01,2012-05-31,4.90000000,4.34000000,201203-201206,-0.11428571
2838,2012-04-02,2012-06-29,4.63000000,4.63000000,201204-201207,0.00000000
2838,2012-05-02,2012-07-31,4.60000000,4.95000000,201205-201208,0.07608696
2838,2012-06-01,2012-08-31,4.25000000,4.90000000,201206-201209,0.15294118
2838,2012-07-02,2012-09-28,4.63000000,5.03000000,201207-201210,0.08639309
2838,2012-08-01,2012-10-31,4.92000000,4.77000000,201208-201211,-0.03048780
2838,2012-09-03,2012-11-30,4.95000000,4.91000000,201209-201212,-0.00808081
2838,2012-10-01,2012-12-28,5.03000000,5.05000000,201210-201301,0.00397614
2838,2016-01-04,2016-03-31,5.77000000,5.70000000,201601-201604,-0.01213172
2838,2016-02-01,2016-04-29,5.77000000,5.64000000,201602-201605,-0.02253033
2838,2016-03-01,2016-05-31,5.83000000,5.44000000,201603-201606,-0.06689537
2838,2016-04-01,2016-06-30,5.72000000,5.50000000,201604-201607,-0.03846154
2838,2016-05-03,2016-07-29,5.58000000,5.44000000,201605-201608,-0.02508961
2838,2016-06-01,2016-08-31,5.45000000,5.53000000,201606-201609,0.01467890
2838,2016-07-01,2016-09-30,5.52000000,5.49000000,201607-201610,-0.00543478
2838,2016-08-01,2016-10-31,5.46000000,5.45000000,201608-201611,-0.00183150
2838,2016-09-01,2016-11-30,5.51000000,5.60000000,201609-201612,0.01633394
2838,2016-10-03,2016-12-30,5.49000000,5.59000000,201610-201701,0.01821494
2838,2016-11-01,2017-01-24,5.45000000,5.62000000,201611-201702,0.03119266
2838,2016-12-01,2017-02-24,5.57000000,5.72000000,201612-201703,0.02692998
2838,2017-01-03,2017-03-31,5.58000000,5.78000000,201701-201704,0.03584229
2838,2018-09-03,2018-11-30,7.15000000,6.93000000,201809-201812,-0.03076923
2838,2018-10-01,2018-12-28,7.26000000,6.73000000,201810-201901,-0.07300275
2838,2018-11-01,2019-01-30,6.82000000,6.99000000,201811-201902,0.02492669
2838,2018-12-03,2019-02-27,6.97000000,7.22000000,201812-201903,0.03586801
2838,2019-01-02,2019-03-29,6.66000000,7.50000000,201901-201904,0.12612613
2838,2019-02-11,2019-04-30,7.01000000,7.68000000,201902-201905,0.09557775
2838,2019-03-04,2019-05-31,7.22000000,8.42000000,201903-201906,0.16620499
2838,2019-04-01,2019-06-28,7.50000000,8.21000000,201904-201907,0.09466667
2838,2019-05-02,2019-07-31,7.65000000,8.42000000,201905-201908,0.10065359
2838,2019-06-03,2019-08-30,8.35000000,7.62000000,201906-201909,-0.08742515
2838,2019-07-01,2019-09-27,8.21000000,7.84000000,201907-201910,-0.04506699
2838,2019-08-01,2019-10-31,8.38000000,7.99000000,201908-201911,-0.04653938
2838,2019-09-02,2019-11-29,7.65000000,8.33000000,201909-201912,0.08888889
2838,2019-10-01,2019-12-31,7.92000000,8.29000000,201910-202001,0.04671717
2838,2019-11-01,2020-01-31,8.03000000,8.67000000,201911-202002,0.07970112
2838,2019-12-02,2020-02-27,8.33000000,8.25000000,201912-202003,-0.00960384
2838,2020-01-02,2020-03-31,8.33000000,7.41000000,202001-202004,-0.11044418
2838,2020-02-03,2020-04-30,8.55000000,8.03000000,202002-202005,-0.06081871
2838,2020-03-02,2020-05-29,8.10000000,8.14000000,202003-202006,0.00493827
2838,2020-04-01,2020-06-30,7.37000000,8.37000000,202004-202007,0.13568521
2838,2020-05-04,2020-07-31,7.88000000,8.43000000,202005-202008,0.06979695
2838,2020-06-01,2020-08-31,8.22000000,8.31000000,202006-202009,0.01094891
2838,2020-07-01,2020-09-30,8.40000000,8.07000000,202007-202010,-0.03928571
2838,2020-08-03,2020-10-30,8.31000000,8.14000000,202008-202011,-0.02045728
2838,2020-09-01,2020-11-30,8.26000000,8.43000000,202009-202012,0.02058111
2838,2020-10-05,2020-12-31,8.14000000,8.71000000,202010-202101,0.07002457
2845,2010-01-04,2010-03-31,4.51000000,3.87000000,201001-201004,-0.14190687
2845,2010-02-01,2010-04-30,3.94000000,3.87000000,201002-201005,-0.01776650
2845,2010-03-01,2010-05-31,3.79000000,3.59000000,201003-201006,-0.05277045
2845,2010-04-01,2010-06-30,3.91000000,3.89000000,201004-201007,-0.00511509
2845,2010-05-03,2010-07-30,3.92000000,4.70000000,201005-201008,0.19897959
2845,2010-06-01,2010-08-31,3.57000000,5.27000000,201006-201009,0.47619048
2845,2010-07-01,2010-09-30,3.89000000,5.47000000,201007-201010,0.40616967
2845,2010-08-02,2010-10-29,4.85000000,5.33000000,201008-201011,0.09896907
2845,2010-09-01,2010-11-30,5.39000000,4.82000000,201009-201012,-0.10575139
2845,2010-10-01,2010-12-31,5.49000000,5.80000000,201010-201101,0.05646630
2845,2010-11-01,2011-01-28,5.39000000,5.88000000,201011-201102,0.09090909
2845,2010-12-01,2011-02-25,5.11000000,5.21000000,201012-201103,0.01956947
2845,2011-01-03,2011-03-31,6.08000000,5.25000000,201101-201104,-0.13651316
2845,2011-02-08,2011-04-29,5.98000000,5.41000000,201102-201105,-0.09531773
2845,2011-03-01,2011-05-31,5.33000000,5.41000000,201103-201106,0.01500938
2845,2011-04-01,2011-06-30,5.23000000,5.63000000,201104-201107,0.07648184
2845,2011-05-03,2011-07-29,5.41000000,5.63000000,201105-201108,0.04066543
2845,2011-06-01,2011-08-31,5.41000000,5.75000000,201106-201109,0.06284658
2845,2011-07-01,2011-09-30,5.59000000,4.95000000,201107-201110,-0.11449016
2845,2011-08-01,2011-10-31,5.94000000,5.33000000,201108-201111,-0.10269360
2845,2011-09-01,2011-11-30,5.79000000,4.61000000,201109-201112,-0.20379965
2845,2011-10-03,2011-12-30,4.72000000,4.74000000,201110-201201,0.00423729
2845,2011-11-01,2012-01-31,5.35000000,4.91000000,201111-201202,-0.08224299
2845,2011-12-01,2012-02-29,4.93000000,5.18000000,201112-201203,0.05070994
2845,2012-01-02,2012-03-30,4.63000000,4.97000000,201201-201204,0.07343413
2845,2012-02-01,2012-04-30,5.01000000,4.89000000,201202-201205,-0.02395210
2845,2012-03-01,2012-05-31,5.20000000,4.70000000,201203-201206,-0.09615385
2845,2012-04-02,2012-06-29,4.97000000,4.78000000,201204-201207,-0.03822938
2845,2012-05-02,2012-07-31,5.01000000,5.01000000,201205-201208,0.00000000
2845,2012-06-01,2012-08-31,4.57000000,5.01000000,201206-201209,0.09628009
2845,2012-07-02,2012-09-28,4.84000000,5.25000000,201207-201210,0.08471074
2845,2012-08-01,2012-10-31,4.97000000,4.87000000,201208-201211,-0.02012072
2845,2012-09-03,2012-11-30,5.08000000,5.09000000,201209-201212,0.00196850
2845,2012-10-01,2012-12-28,5.18000000,5.27000000,201210-201301,0.01737452
2845,2016-01-04,2016-03-31,5.51000000,5.40000000,201601-201604,-0.01996370
2845,2016-02-01,2016-04-29,5.30000000,5.31000000,201602-201605,0.00188679
2845,2016-03-01,2016-05-31,5.37000000,5.21000000,201603-201606,-0.02979516
2845,2016-04-01,2016-06-30,5.39000000,5.18000000,201604-201607,-0.03896104
2845,2016-05-03,2016-07-29,5.26000000,5.27000000,201605-201608,0.00190114
2845,2016-06-01,2016-08-31,5.25000000,5.39000000,201606-201609,0.02666667
2845,2016-07-01,2016-09-30,5.19000000,5.40000000,201607-201610,0.04046243
2845,2016-08-01,2016-10-31,5.28000000,5.42000000,201608-201611,0.02651515
2845,2016-09-01,2016-11-30,5.40000000,5.46000000,201609-201612,0.01111111
2845,2016-10-03,2016-12-30,5.40000000,5.49000000,201610-201701,0.01666667
2845,2016-11-01,2017-01-24,5.43000000,5.54000000,201611-201702,0.02025783
2845,2016-12-01,2017-02-24,5.49000000,5.64000000,201612-201703,0.02732240
2845,2017-01-03,2017-03-31,5.50000000,5.77000000,201701-201704,0.04909091
2845,2017-02-02,2017-04-28,5.54000000,5.70000000,201702-201705,0.02888087
2845,2017-03-01,2017-05-31,5.66000000,5.80000000,201703-201706,0.02473498
2845,2017-04-05,2017-06-30,5.78000000,5.90000000,201704-201707,0.02076125
2845,2017-05-02,2017-07-31,5.75000000,6.01000000,201705-201708,0.04521739
2845,2017-06-01,2017-08-31,5.77000000,6.00000000,201706-201709,0.03986135
2845,2017-07-03,2017-09-30,5.91000000,6.08000000,201707-201710,0.02876481
2845,2017-08-01,2017-10-31,6.02000000,6.03000000,201708-201711,0.00166113
2845,2017-09-01,2017-11-30,6.02000000,6.17000000,201709-201712,0.02491694
2845,2017-10-02,2017-12-29,6.09000000,6.14000000,201710-201801,0.00821018
2845,2017-11-01,2018-01-31,6.03000000,6.22000000,201711-201802,0.03150912
2845,2017-12-01,2018-02-27,6.19000000,6.21000000,201712-201803,0.00323102
2845,2018-01-02,2018-03-31,6.16000000,6.34000000,201801-201804,0.02922078
2845,2018-02-01,2018-04-30,6.21000000,6.41000000,201802-201805,0.03220612
2845,2018-03-01,2018-05-31,6.19000000,6.47000000,201803-201806,0.04523425
2845,2018-04-02,2018-06-29,6.32000000,6.50000000,201804-201807,0.02848101
2845,2018-05-02,2018-07-31,6.43000000,6.67000000,201805-201808,0.03732504
2845,2018-06-01,2018-08-31,6.44000000,7.24000000,201806-201809,0.12422360
2845,2018-07-02,2018-09-28,6.47000000,7.44000000,201807-201810,0.14992272
2845,2018-08-01,2018-10-31,6.76000000,6.82000000,201808-201811,0.00887574
2845,2018-09-03,2018-11-30,7.21000000,7.06000000,201809-201812,-0.02080444
2845,2018-10-01,2018-12-28,7.37000000,6.88000000,201810-201901,-0.06648575
2845,2018-11-01,2019-01-30,6.84000000,7.23000000,201811-201902,0.05701754
2845,2018-12-03,2019-02-27,7.09000000,7.44000000,201812-201903,0.04936530
2845,2019-01-02,2019-03-29,6.88000000,7.71000000,201901-201904,0.12063953
2845,2019-02-11,2019-04-30,7.16000000,7.92000000,201902-201905,0.10614525
2845,2019-03-04,2019-05-31,7.47000000,8.30000000,201903-201906,0.11111111
2845,2019-04-01,2019-06-28,7.71000000,8.47000000,201904-201907,0.09857328
2845,2019-05-02,2019-07-31,8.09000000,8.61000000,201905-201908,0.06427689
2845,2019-06-03,2019-08-30,8.30000000,8.51000000,201906-201909,0.02530120
2845,2019-07-01,2019-09-27,8.47000000,8.81000000,201907-201910,0.04014168
2845,2019-08-01,2019-10-31,8.64000000,8.77000000,201908-201911,0.01504630
2845,2019-09-02,2019-11-29,8.59000000,8.84000000,201909-201912,0.02910361
2845,2019-10-01,2019-12-31,8.81000000,8.77000000,201910-202001,-0.00454030
2845,2019-11-01,2020-01-31,8.77000000,8.73000000,201911-202002,-0.00456100
2845,2019-12-02,2020-02-27,8.88000000,8.66000000,201912-202003,-0.02477477
2845,2020-01-02,2020-03-31,8.81000000,7.37000000,202001-202004,-0.16345062
2845,2020-02-03,2020-04-30,8.70000000,7.81000000,202002-202005,-0.10229885
2845,2020-03-02,2020-05-29,8.55000000,7.78000000,202003-202006,-0.09005848
2845,2020-04-01,2020-06-30,7.34000000,8.15000000,202004-202007,0.11035422
2845,2020-05-04,2020-07-31,7.67000000,8.07000000,202005-202008,0.05215124
2845,2020-06-01,2020-08-31,7.92000000,8.22000000,202006-202009,0.03787879
2845,2020-07-01,2020-09-30,8.18000000,8.07000000,202007-202010,-0.01344743
2845,2020-08-03,2020-10-30,8.11000000,8.15000000,202008-202011,0.00493218
2845,2020-09-01,2020-11-30,8.31000000,8.42000000,202009-202012,0.01323706
2845,2020-10-05,2020-12-31,8.11000000,8.54000000,202010-202101,0.05302096
2847,2010-07-01,2010-09-30,5.01000000,6.22000000,201007-201010,0.24151697
2847,2010-08-02,2010-10-29,6.43000000,5.66000000,201008-201011,-0.11975117
2847,2010-09-01,2010-11-30,6.44000000,7.54000000,201009-201012,0.17080745
2847,2010-12-01,2011-02-25,7.54000000,8.59000000,201012-201103,0.13925729
2847,2011-01-03,2011-03-31,10.27000000,8.55000000,201101-201104,-0.16747809
2847,2011-02-08,2011-04-29,9.92000000,8.98000000,201102-201105,-0.09475806
2847,2011-03-01,2011-05-31,8.75000000,8.43000000,201103-201106,-0.03657143
2847,2011-04-01,2011-06-30,8.59000000,8.79000000,201104-201107,0.02328289
2847,2011-05-03,2011-07-29,9.06000000,8.63000000,201105-201108,-0.04746137
2847,2011-06-01,2011-08-31,8.43000000,7.33000000,201106-201109,-0.13048636
2847,2011-07-01,2011-09-30,9.21000000,6.29000000,201107-201110,-0.31704669
2847,2011-08-01,2011-10-31,8.90000000,6.83000000,201108-201111,-0.23258427
2847,2011-09-01,2011-11-30,7.50000000,6.13000000,201109-201112,-0.18266667
2847,2011-10-03,2011-12-30,6.10000000,5.51000000,201110-201201,-0.09672131
2847,2011-11-01,2012-01-31,6.91000000,5.92000000,201111-201202,-0.14327062
2847,2011-12-01,2012-02-29,6.38000000,9.37000000,201112-201203,0.46865204
2847,2012-01-02,2012-03-30,5.45000000,9.14000000,201201-201204,0.67706422
2847,2012-02-01,2012-04-30,5.98000000,8.82000000,201202-201205,0.47491639
2847,2012-03-01,2012-05-31,9.33000000,7.26000000,201203-201206,-0.22186495
2847,2012-04-02,2012-06-29,8.94000000,7.18000000,201204-201207,-0.19686801
2847,2012-05-02,2012-07-31,9.02000000,7.28000000,201205-201208,-0.19290466
2847,2012-06-01,2012-08-31,6.93000000,7.57000000,201206-201209,0.09235209
2847,2012-07-02,2012-09-28,7.18000000,8.21000000,201207-201210,0.14345404
2847,2012-08-01,2012-10-31,7.25000000,7.38000000,201208-201211,0.01793103
2847,2012-09-03,2012-11-30,7.53000000,7.63000000,201209-201212,0.01328021
2847,2012-10-01,2012-12-28,8.17000000,8.05000000,201210-201301,-0.01468788
2847,2016-01-04,2016-03-09,13.20000000,13.00000000,201601-201604,-0.01515152
2849,2010-07-01,2010-09-30,5.74000000,8.24000000,201007-201010,0.43554007
2849,2010-08-02,2010-10-29,7.52000000,8.01000000,201008-201011,0.06515957
2849,2010-09-01,2010-11-30,7.66000000,7.89000000,201009-201012,0.03002611
2849,2010-10-01,2010-12-31,8.24000000,9.56000000,201010-201101,0.16019417
2849,2010-11-01,2011-01-28,8.55000000,9.88000000,201011-201102,0.15555556
2849,2010-12-01,2011-02-25,8.10000000,8.90000000,201012-201103,0.09876543
2849,2011-01-03,2011-03-31,9.70000000,8.44000000,201101-201104,-0.12989691
2849,2011-02-08,2011-04-29,10.08000000,9.27000000,201102-201105,-0.08035714
2849,2011-03-01,2011-05-31,8.90000000,8.61000000,201103-201106,-0.03258427
2849,2011-04-01,2011-06-30,8.30000000,8.76000000,201104-201107,0.05542169
2849,2011-05-03,2011-07-29,9.50000000,8.70000000,201105-201108,-0.08421053
2849,2011-06-01,2011-08-31,8.76000000,8.10000000,201106-201109,-0.07534247
2849,2011-07-01,2011-09-30,8.81000000,6.58000000,201107-201110,-0.25312145
2849,2011-08-01,2011-10-31,9.30000000,7.14000000,201108-201111,-0.23225806
2849,2011-09-01,2011-11-30,7.83000000,7.05000000,201109-201112,-0.09961686
2849,2011-10-03,2011-12-30,6.37000000,8.94000000,201110-201201,0.40345369
2849,2011-11-01,2012-01-31,7.23000000,8.10000000,201111-201202,0.12033195
2849,2011-12-01,2012-02-29,7.53000000,9.15000000,201112-201203,0.21513944
2849,2012-01-02,2012-03-30,8.40000000,8.55000000,201201-201204,0.01785714
2849,2012-02-01,2012-04-30,8.52000000,8.01000000,201202-201205,-0.05985915
2849,2012-03-01,2012-05-31,9.15000000,7.23000000,201203-201206,-0.20983607
2849,2012-04-02,2012-06-29,9.15000000,7.92000000,201204-201207,-0.13442623
2849,2012-05-02,2012-07-31,8.28000000,8.23000000,201205-201208,-0.00603865
2849,2012-06-01,2012-08-31,7.14000000,7.83000000,201206-201209,0.09663866
2849,2012-07-02,2012-09-28,7.98000000,9.11000000,201207-201210,0.14160401
2849,2012-08-01,2012-10-31,8.26000000,8.83000000,201208-201211,0.06900726
2849,2012-09-03,2012-11-30,7.92000000,9.95000000,201209-201212,0.25631313
2849,2012-10-01,2012-12-28,9.11000000,10.08000000,201210-201301,0.10647640
2849,2016-01-04,2016-03-31,12.03000000,9.82000000,201601-201604,-0.18370740
2849,2016-02-01,2016-04-29,9.76000000,9.42000000,201602-201605,-0.03483607
2849,2016-03-01,2016-05-31,9.62000000,9.69000000,201603-201606,0.00727651
2849,2016-04-01,2016-06-30,9.76000000,9.32000000,201604-201607,-0.04508197
2849,2016-05-03,2016-07-29,9.42000000,9.81000000,201605-201608,0.04140127
2849,2016-06-01,2016-08-31,9.72000000,9.52000000,201606-201609,-0.02057613
2849,2016-07-01,2016-09-30,9.25000000,9.10000000,201607-201610,-0.01621622
2849,2016-08-01,2016-10-31,9.77000000,8.53000000,201608-201611,-0.12691914
2849,2016-09-01,2016-11-30,9.49000000,8.92000000,201609-201612,-0.06006322
2849,2016-10-03,2016-12-30,9.03000000,10.30000000,201610-201701,0.14064230
2849,2016-11-01,2017-01-24,8.53000000,9.56000000,201611-201702,0.12075029
2849,2016-12-01,2017-02-24,8.89000000,9.88000000,201612-201703,0.11136108
2849,2017-01-03,2017-03-31,10.23000000,9.56000000,201701-201704,-0.06549365
2849,2017-02-02,2017-04-28,9.56000000,9.42000000,201702-201705,-0.01464435
2849,2017-03-01,2017-05-31,9.77000000,9.35000000,201703-201706,-0.04298874
2849,2017-04-05,2017-06-30,9.59000000,9.45000000,201704-201707,-0.01459854
2849,2017-05-02,2017-07-31,9.42000000,9.49000000,201705-201708,0.00743100
2849,2018-07-02,2018-09-28,11.30000000,11.69000000,201807-201810,0.03451327
2849,2018-08-01,2018-10-31,11.54000000,9.69000000,201808-201811,-0.16031196
2849,2018-09-03,2018-11-30,11.73000000,9.92000000,201809-201812,-0.15430520
2849,2018-10-01,2018-12-28,11.73000000,9.99000000,201810-201901,-0.14833760
2849,2018-11-01,2019-01-30,9.72000000,10.15000000,201811-201902,0.04423868
2849,2018-12-03,2019-02-27,10.03000000,10.42000000,201812-201903,0.03888335
2849,2019-01-02,2019-03-29,10.07000000,10.42000000,201901-201904,0.03475670
2849,2019-05-02,2019-07-31,10.92000000,12.54000000,201905-201908,0.14835165
2849,2019-06-03,2019-08-30,11.92000000,11.47000000,201906-201909,-0.03775168
2849,2019-07-01,2019-09-27,12.19000000,12.17000000,201907-201910,-0.00164069
2849,2019-09-02,2019-11-29,11.64000000,12.87000000,201909-201912,0.10567010
2849,2019-10-01,2019-12-31,12.34000000,13.08000000,201910-202001,0.05996759
2849,2019-11-01,2020-01-31,12.71000000,12.66000000,201911-202002,-0.00393391
2849,2019-12-02,2020-02-27,12.83000000,12.58000000,201912-202003,-0.01948558
2849,2020-01-02,2020-03-31,13.12000000,10.73000000,202001-202004,-0.18216463
2849,2020-02-03,2020-04-30,12.50000000,12.05000000,202002-202005,-0.03600000
2849,2020-03-02,2020-05-29,12.50000000,11.76000000,202003-202006,-0.05920000
2849,2020-04-01,2020-06-30,10.77000000,11.72000000,202004-202007,0.08820799
2849,2020-05-04,2020-07-31,11.72000000,12.31000000,202005-202008,0.05034130
2849,2020-06-01,2020-08-31,11.76000000,11.97000000,202006-202009,0.01785714
2854,2010-01-04,2010-03-31,17.43000000,15.42000000,201001-201004,-0.11531842
2854,2010-02-01,2010-04-30,14.95000000,14.72000000,201002-201005,-0.01538462
2854,2010-03-01,2010-05-31,15.19000000,12.52000000,201003-201006,-0.17577354
2854,2010-04-01,2010-06-30,15.79000000,13.22000000,201004-201007,-0.16276124
2854,2010-05-03,2010-07-30,14.63000000,14.18000000,201005-201008,-0.03075871
2854,2010-06-01,2010-08-31,12.06000000,13.79000000,201006-201009,0.14344942
2854,2010-07-01,2010-09-30,13.08000000,15.00000000,201007-201010,0.14678899
2854,2010-08-02,2010-10-29,14.80000000,16.45000000,201008-201011,0.11148649
2854,2010-09-01,2010-11-30,13.88000000,15.92000000,201009-201012,0.14697406
2854,2010-10-01,2010-12-31,15.00000000,18.38000000,201010-201101,0.22533333
2854,2010-11-01,2011-01-28,16.74000000,19.74000000,201011-201102,0.17921147
2854,2010-12-01,2011-02-25,16.74000000,17.66000000,201012-201103,0.05495818
2854,2011-01-03,2011-03-31,18.48000000,19.25000000,201101-201104,0.04166667
2854,2011-02-08,2011-04-29,18.96000000,19.93000000,201102-201105,0.05116034
2854,2011-03-01,2011-05-31,17.85000000,20.13000000,201103-201106,0.12773109
2854,2011-04-01,2011-06-30,19.25000000,20.37000000,201104-201107,0.05818182
2854,2011-05-03,2011-07-29,19.79000000,20.90000000,201105-201108,0.05608893
2854,2011-06-01,2011-08-31,19.88000000,20.70000000,201106-201109,0.04124748
2854,2011-07-01,2011-09-20,20.46000000,19.50000000,201107-201110,-0.04692082
2855,2010-01-04,2010-03-31,8.97000000,7.38000000,201001-201004,-0.17725753
2855,2010-02-01,2010-04-30,7.48000000,7.64000000,201002-201005,0.02139037
2855,2010-03-01,2010-05-31,7.38000000,6.31000000,201003-201006,-0.14498645
2855,2010-04-01,2010-06-30,7.56000000,6.39000000,201004-201007,-0.15476190
2855,2010-05-03,2010-07-30,7.50000000,7.06000000,201005-201008,-0.05866667
2855,2010-06-01,2010-08-31,6.21000000,7.04000000,201006-201009,0.13365539
2855,2010-07-01,2010-09-30,6.35000000,7.76000000,201007-201010,0.22204724
2855,2010-08-02,2010-10-29,7.34000000,7.87000000,201008-201011,0.07220708
2855,2010-09-01,2010-11-30,7.15000000,7.56000000,201009-201012,0.05734266
2855,2010-10-01,2010-12-31,7.69000000,8.33000000,201010-201101,0.08322497
2855,2010-11-01,2011-01-28,7.94000000,8.57000000,201011-201102,0.07934509
2855,2010-12-01,2011-02-25,7.89000000,8.11000000,201012-201103,0.02788340
2855,2011-01-03,2011-03-31,8.63000000,7.76000000,201101-201104,-0.10081112
2855,2011-02-08,2011-04-29,8.53000000,8.31000000,201102-201105,-0.02579132
2855,2011-03-01,2011-05-31,8.22000000,9.16000000,201103-201106,0.11435523
2855,2011-04-01,2011-06-30,7.96000000,9.09000000,201104-201107,0.14195980
2855,2011-05-03,2011-07-29,8.31000000,9.14000000,201105-201108,0.09987966
2855,2011-06-01,2011-08-31,9.12000000,8.09000000,201106-201109,-0.11293860
2855,2011-07-01,2011-09-30,9.16000000,7.24000000,201107-201110,-0.20960699
2855,2011-08-01,2011-10-31,9.20000000,7.40000000,201108-201111,-0.19565217
2855,2011-09-01,2011-11-30,8.14000000,6.86000000,201109-201112,-0.15724816
2855,2011-10-03,2011-12-30,7.00000000,6.81000000,201110-201201,-0.02714286
2855,2011-11-01,2012-01-31,7.38000000,7.05000000,201111-201202,-0.04471545
2855,2011-12-01,2012-02-29,7.33000000,7.78000000,201112-201203,0.06139154
2855,2012-01-02,2012-03-30,6.57000000,7.59000000,201201-201204,0.15525114
2855,2012-02-01,2012-04-30,7.21000000,7.24000000,201202-201205,0.00416089
2855,2012-03-01,2012-05-31,7.81000000,7.36000000,201203-201206,-0.05761844
2855,2012-04-02,2012-06-29,7.43000000,7.09000000,201204-201207,-0.04576043
2855,2012-05-02,2012-07-31,7.38000000,7.24000000,201205-201208,-0.01897019
2855,2012-06-01,2012-08-31,7.07000000,7.55000000,201206-201209,0.06789250
2855,2012-07-02,2012-09-28,7.14000000,7.77000000,201207-201210,0.08823529
2855,2012-08-01,2012-10-31,7.28000000,7.72000000,201208-201211,0.06043956
2855,2012-09-03,2012-11-30,7.58000000,7.94000000,201209-201212,0.04749340
2855,2012-10-01,2012-12-28,7.82000000,8.29000000,201210-201301,0.06010230
2867,2016-01-04,2016-03-31,12.22000000,10.79000000,201601-201604,-0.11702128
2867,2016-02-01,2016-04-29,11.64000000,10.62000000,201602-201605,-0.08762887
2867,2016-03-01,2016-05-31,11.41000000,10.38000000,201603-201606,-0.09027169
2867,2016-04-01,2016-06-30,10.89000000,9.83000000,201604-201607,-0.09733701
2867,2016-05-03,2016-07-29,10.41000000,11.06000000,201605-201608,0.06243996
2867,2016-06-01,2016-08-31,10.41000000,10.83000000,201606-201609,0.04034582
2867,2016-07-01,2016-09-30,9.87000000,10.65000000,201607-201610,0.07902736
2867,2016-08-01,2016-10-31,11.03000000,10.90000000,201608-201611,-0.01178604
2867,2016-09-01,2016-11-30,10.65000000,12.34000000,201609-201612,0.15868545
2867,2016-10-03,2016-12-30,10.62000000,12.19000000,201610-201701,0.14783427
2867,2016-11-01,2017-01-24,10.87000000,12.41000000,201611-201702,0.14167433
2867,2016-12-01,2017-02-24,12.41000000,11.87000000,201612-201703,-0.04351330
2867,2017-01-03,2017-03-31,12.23000000,11.91000000,201701-201704,-0.02616517
2867,2017-02-02,2017-04-28,12.16000000,11.08000000,201702-201705,-0.08881579
2867,2017-03-01,2017-05-31,11.91000000,11.37000000,201703-201706,-0.04534005
2867,2017-04-05,2017-06-30,11.87000000,11.44000000,201704-201707,-0.03622578
2867,2017-05-02,2017-07-31,11.01000000,11.44000000,201705-201708,0.03905540
2867,2017-08-01,2017-10-31,11.40000000,12.51000000,201708-201711,0.09736842
2867,2017-10-02,2017-12-29,12.00000000,12.75000000,201710-201801,0.06250000
2867,2017-11-01,2018-01-31,12.51000000,12.59000000,201711-201802,0.00639488
2867,2017-12-01,2018-02-27,13.02000000,12.51000000,201712-201803,-0.03917051
2867,2018-01-02,2018-03-31,12.79000000,12.20000000,201801-201804,-0.04612979
2867,2018-02-01,2018-04-30,12.63000000,12.75000000,201802-201805,0.00950119
2867,2018-03-01,2018-05-31,12.51000000,12.94000000,201803-201806,0.03437250
2867,2018-04-02,2018-06-29,12.20000000,12.86000000,201804-201807,0.05409836
2867,2018-05-02,2018-07-31,12.75000000,13.45000000,201805-201808,0.05490196
2867,2018-06-01,2018-08-31,12.83000000,14.52000000,201806-201809,0.13172253
2867,2018-07-02,2018-09-28,12.83000000,14.42000000,201807-201810,0.12392829
2867,2018-08-01,2018-10-31,13.65000000,12.33000000,201808-201811,-0.09670330
2867,2018-09-03,2018-11-30,14.47000000,11.92000000,201809-201812,-0.17622668
2867,2018-10-01,2018-12-28,14.42000000,10.71000000,201810-201901,-0.25728155
2867,2018-11-01,2019-01-30,12.42000000,10.16000000,201811-201902,-0.18196457
2867,2018-12-03,2019-02-27,12.15000000,10.43000000,201812-201903,-0.14156379
2867,2019-01-02,2019-03-29,10.39000000,10.39000000,201901-201904,0.00000000
2867,2019-02-11,2019-04-30,10.20000000,10.20000000,201902-201905,0.00000000
2880,2010-01-04,2010-03-31,6.77000000,6.60000000,201001-201004,-0.02511078
2880,2010-02-01,2010-04-30,6.23000000,6.28000000,201002-201005,0.00802568
2880,2010-03-01,2010-05-31,6.67000000,6.09000000,201003-201006,-0.08695652
2880,2010-04-01,2010-06-30,6.77000000,6.30000000,201004-201007,-0.06942393
2880,2010-05-03,2010-07-30,6.24000000,6.77000000,201005-201008,0.08493590
2880,2010-06-01,2010-08-31,5.97000000,6.80000000,201006-201009,0.13902848
2880,2010-07-01,2010-09-30,6.19000000,7.34000000,201007-201010,0.18578352
2880,2010-08-02,2010-10-29,6.96000000,7.31000000,201008-201011,0.05028736
2880,2010-09-01,2010-11-30,6.84000000,7.11000000,201009-201012,0.03947368
2880,2010-10-01,2010-12-31,7.38000000,8.79000000,201010-201101,0.19105691
2880,2010-11-01,2011-01-28,7.38000000,8.55000000,201011-201102,0.15853659
2880,2010-12-01,2011-02-25,7.60000000,7.60000000,201012-201103,0.00000000
2880,2011-01-03,2011-03-31,8.92000000,7.96000000,201101-201104,-0.10762332
2880,2011-02-08,2011-04-29,8.54000000,8.28000000,201102-201105,-0.03044496
2880,2011-03-01,2011-05-31,7.72000000,8.16000000,201103-201106,0.05699482
2880,2011-04-01,2011-06-30,7.92000000,8.07000000,201104-201107,0.01893939
2880,2011-05-03,2011-07-29,8.34000000,8.21000000,201105-201108,-0.01558753
2880,2011-06-01,2011-08-31,8.17000000,7.83000000,201106-201109,-0.04161567
2880,2011-07-01,2011-09-30,8.14000000,7.17000000,201107-201110,-0.11916462
2880,2011-08-01,2011-10-31,8.50000000,7.68000000,201108-201111,-0.09647059
2880,2011-09-01,2011-11-30,7.87000000,6.80000000,201109-201112,-0.13595934
2880,2011-10-03,2011-12-30,6.78000000,6.48000000,201110-201201,-0.04424779
2880,2011-11-01,2012-01-31,7.66000000,6.66000000,201111-201202,-0.13054830
2880,2011-12-01,2012-02-29,7.08000000,6.92000000,201112-201203,-0.02259887
2880,2012-01-02,2012-03-30,6.34000000,6.70000000,201201-201204,0.05678233
2880,2012-02-01,2012-04-30,6.66000000,6.42000000,201202-201205,-0.03603604
2880,2012-03-01,2012-05-31,6.92000000,6.50000000,201203-201206,-0.06069364
2880,2012-04-02,2012-06-29,6.66000000,6.52000000,201204-201207,-0.02102102
2880,2012-05-02,2012-07-31,6.58000000,6.74000000,201205-201208,0.02431611
2880,2012-06-01,2012-08-31,6.29000000,6.90000000,201206-201209,0.09697933
2880,2012-07-02,2012-09-28,6.52000000,7.05000000,201207-201210,0.08128834
2880,2012-08-01,2012-10-31,6.72000000,6.58000000,201208-201211,-0.02083333
2880,2012-09-03,2012-11-30,6.88000000,7.05000000,201209-201212,0.02470930
2880,2012-10-01,2012-12-28,7.03000000,7.20000000,201210-201301,0.02418208
2880,2016-01-04,2016-03-31,8.16000000,8.74000000,201601-201604,0.07107843
2880,2016-02-01,2016-04-29,8.19000000,8.54000000,201602-201605,0.04273504
2880,2016-03-01,2016-05-31,8.44000000,8.87000000,201603-201606,0.05094787
2880,2016-04-01,2016-06-30,8.57000000,9.12000000,201604-201607,0.06417736
2880,2016-05-03,2016-07-29,8.63000000,9.50000000,201605-201608,0.10081112
2880,2016-06-01,2016-08-31,8.98000000,9.83000000,201606-201609,0.09465479
2880,2016-07-01,2016-09-30,9.17000000,9.65000000,201607-201610,0.05234460
2880,2016-08-01,2016-10-31,9.58000000,9.65000000,201608-201611,0.00730689
2880,2016-09-01,2016-11-30,9.62000000,9.74000000,201609-201612,0.01247401
2880,2016-10-03,2016-12-30,9.68000000,9.77000000,201610-201701,0.00929752
2880,2016-11-01,2017-01-24,9.68000000,9.89000000,201611-201702,0.02169421
2880,2016-12-01,2017-02-24,9.71000000,10.16000000,201612-201703,0.04634398
2880,2017-01-03,2017-03-31,9.77000000,10.19000000,201701-201704,0.04298874
2880,2017-02-02,2017-04-28,9.80000000,10.16000000,201702-201705,0.03673469
2880,2017-03-01,2017-05-31,10.10000000,10.37000000,201703-201706,0.02673267
2880,2017-04-05,2017-06-30,10.25000000,10.61000000,201704-201707,0.03512195
2880,2017-05-02,2017-07-31,10.34000000,10.61000000,201705-201708,0.02611219
2880,2017-06-01,2017-08-31,10.31000000,11.07000000,201706-201709,0.07371484
2880,2017-07-03,2017-09-30,10.58000000,10.84000000,201707-201710,0.02457467
2880,2017-08-01,2017-10-31,10.70000000,10.84000000,201708-201711,0.01308411
2880,2017-09-01,2017-11-30,11.04000000,10.81000000,201709-201712,-0.02083333
2880,2017-10-02,2017-12-29,10.84000000,11.01000000,201710-201801,0.01568266
2880,2017-11-01,2018-01-31,10.88000000,11.43000000,201711-201802,0.05055147
2880,2017-12-01,2018-02-27,10.91000000,11.30000000,201712-201803,0.03574702
2880,2018-01-02,2018-03-31,11.07000000,11.57000000,201801-201804,0.04516712
2880,2018-02-01,2018-04-30,11.43000000,11.80000000,201802-201805,0.03237095
2880,2018-03-01,2018-05-31,11.24000000,11.76000000,201803-201806,0.04626335
2880,2018-04-02,2018-06-29,11.53000000,11.66000000,201804-201807,0.01127493
2880,2018-05-02,2018-07-31,11.83000000,12.06000000,201805-201808,0.01944210
2880,2018-06-01,2018-08-31,11.70000000,12.70000000,201806-201809,0.08547009
2880,2018-07-02,2018-09-28,11.57000000,13.05000000,201807-201810,0.12791703
2880,2018-08-01,2018-10-31,12.06000000,12.31000000,201808-201811,0.02072968
2880,2018-09-03,2018-11-30,12.66000000,12.38000000,201809-201812,-0.02211690
2880,2018-10-01,2018-12-28,13.09000000,12.35000000,201810-201901,-0.05653170
2880,2018-11-01,2019-01-30,12.28000000,13.02000000,201811-201902,0.06026059
2880,2018-12-03,2019-02-27,12.52000000,13.33000000,201812-201903,0.06469649
2880,2019-01-02,2019-03-29,12.28000000,13.69000000,201901-201904,0.11482085
2880,2019-02-11,2019-04-30,13.02000000,14.25000000,201902-201905,0.09447005
2880,2019-03-04,2019-05-31,13.30000000,14.78000000,201903-201906,0.11127820
2880,2019-04-01,2019-06-28,13.58000000,14.71000000,201904-201907,0.08321060
2880,2019-05-02,2019-07-31,14.29000000,15.49000000,201905-201908,0.08397481
2880,2019-06-03,2019-08-30,14.82000000,15.23000000,201906-201909,0.02766532
2880,2019-07-01,2019-09-27,14.64000000,15.99000000,201907-201910,0.09221311
2880,2019-08-01,2019-10-31,15.24000000,16.72000000,201908-201911,0.09711286
2880,2019-09-02,2019-11-29,15.27000000,16.57000000,201909-201912,0.08513425
2880,2019-10-01,2019-12-31,16.26000000,16.80000000,201910-202001,0.03321033
2880,2019-11-01,2020-01-31,16.83000000,16.53000000,201911-202002,-0.01782531
2880,2019-12-02,2020-02-27,16.57000000,16.45000000,201912-202003,-0.00724200
2880,2020-01-02,2020-03-31,16.80000000,13.78000000,202001-202004,-0.17976190
2880,2020-02-03,2020-04-30,16.34000000,14.85000000,202002-202005,-0.09118727
2880,2020-03-02,2020-05-29,16.22000000,14.85000000,202003-202006,-0.08446363
2880,2020-04-01,2020-06-30,13.59000000,15.27000000,202004-202007,0.12362031
2880,2020-05-04,2020-07-31,14.50000000,15.34000000,202005-202008,0.05793103
2880,2020-06-01,2020-08-31,15.00000000,14.97000000,202006-202009,-0.00200000
2880,2020-07-01,2020-09-30,15.31000000,14.64000000,202007-202010,-0.04376225
2880,2020-08-03,2020-10-30,15.27000000,14.26000000,202008-202011,-0.06614276
2880,2020-09-01,2020-11-30,14.97000000,15.05000000,202009-202012,0.00534402
2880,2020-10-05,2020-12-31,14.72000000,15.13000000,202010-202101,0.02785326
2881,2010-01-04,2010-03-31,14.56000000,14.34000000,201001-201004,-0.01510989
2881,2010-02-01,2010-04-30,13.76000000,14.30000000,201002-201005,0.03924419
2881,2010-03-01,2010-05-31,13.43000000,13.63000000,201003-201006,0.01489203
2881,2010-04-01,2010-06-30,14.51000000,13.41000000,201004-201007,-0.07580979
2881,2010-05-03,2010-07-30,14.19000000,14.60000000,201005-201008,0.02889359
2881,2010-06-01,2010-08-31,13.43000000,15.31000000,201006-201009,0.13998511
2881,2010-07-01,2010-09-30,13.37000000,15.76000000,201007-201010,0.17875841
2881,2010-08-02,2010-10-29,14.86000000,15.37000000,201008-201011,0.03432032
2881,2010-09-01,2010-11-30,15.39000000,15.25000000,201009-201012,-0.00909682
2881,2010-10-01,2010-12-31,15.74000000,16.40000000,201010-201101,0.04193139
2881,2010-11-01,2011-01-28,15.60000000,16.64000000,201011-201102,0.06666667
2881,2010-12-01,2011-02-25,15.60000000,15.39000000,201012-201103,-0.01346154
2881,2011-01-03,2011-03-31,16.68000000,16.01000000,201101-201104,-0.04016787
2881,2011-02-08,2011-04-29,16.66000000,17.21000000,201102-201105,0.03301321
2881,2011-03-01,2011-05-31,15.45000000,17.15000000,201103-201106,0.11003236
2881,2011-04-01,2011-06-30,15.94000000,18.10000000,201104-201107,0.13550816
2881,2011-05-03,2011-07-29,17.30000000,19.26000000,201105-201108,0.11329480
2881,2011-06-01,2011-08-31,17.24000000,18.18000000,201106-201109,0.05452436
2881,2011-07-01,2011-09-30,18.44000000,14.13000000,201107-201110,-0.23373102
2881,2011-08-01,2011-10-31,20.00000000,15.69000000,201108-201111,-0.21550000
2881,2011-09-01,2011-11-30,18.45000000,13.38000000,201109-201112,-0.27479675
2881,2011-10-03,2011-12-30,13.23000000,14.11000000,201110-201201,0.06651550
2881,2011-11-01,2012-01-31,15.50000000,14.53000000,201111-201202,-0.06258065
2881,2011-12-01,2012-02-29,14.31000000,15.23000000,201112-201203,0.06429071
2881,2012-01-02,2012-03-30,13.69000000,14.64000000,201201-201204,0.06939372
2881,2012-02-01,2012-04-30,14.84000000,13.40000000,201202-201205,-0.09703504
2881,2012-03-01,2012-05-31,15.12000000,13.05000000,201203-201206,-0.13690476
2881,2012-04-02,2012-06-29,14.48000000,13.12000000,201204-201207,-0.09392265
2881,2012-05-02,2012-07-31,13.78000000,13.87000000,201205-201208,0.00653120
2881,2012-06-01,2012-08-31,12.59000000,14.19000000,201206-201209,0.12708499
2881,2012-07-02,2012-09-28,13.36000000,15.22000000,201207-201210,0.13922156
2881,2012-08-01,2012-10-31,13.91000000,14.31000000,201208-201211,0.02875629
2881,2012-09-03,2012-11-30,14.22000000,15.74000000,201209-201212,0.10689170
2881,2012-10-01,2012-12-28,15.12000000,16.74000000,201210-201301,0.10714286
2881,2016-01-04,2016-03-31,23.17000000,21.81000000,201601-201604,-0.05869659
2881,2016-02-01,2016-04-29,20.43000000,20.88000000,201602-201605,0.02202643
2881,2016-03-01,2016-05-31,20.96000000,20.48000000,201603-201606,-0.02290076
2881,2016-04-01,2016-06-30,21.49000000,21.14000000,201604-201607,-0.01628664
2881,2016-05-03,2016-07-29,20.72000000,22.26000000,201605-201608,0.07432432
2881,2016-06-01,2016-08-31,20.75000000,25.21000000,201606-201609,0.21493976
2881,2016-07-01,2016-09-30,21.11000000,25.99000000,201607-201610,0.23117006
2881,2016-08-01,2016-10-31,22.46000000,25.15000000,201608-201611,0.11976848
2881,2016-09-01,2016-11-30,24.79000000,27.76000000,201609-201612,0.11980637
2881,2016-10-03,2016-12-30,25.85000000,28.63000000,201610-201701,0.10754352
2881,2016-11-01,2017-01-24,25.12000000,28.41000000,201611-201702,0.13097134
2881,2016-12-01,2017-02-24,28.24000000,27.93000000,201612-201703,-0.01097734
2881,2017-01-03,2017-03-31,28.86000000,27.79000000,201701-201704,-0.03707554
2881,2017-02-02,2017-04-28,28.13000000,26.55000000,201702-201705,-0.05616779
2881,2017-03-01,2017-05-31,27.85000000,25.74000000,201703-201706,-0.07576302
2881,2017-04-05,2017-06-30,27.51000000,27.20000000,201704-201707,-0.01126863
2881,2017-05-02,2017-07-31,26.70000000,27.46000000,201705-201708,0.02846442
2881,2017-06-01,2017-08-31,25.80000000,28.40000000,201706-201709,0.10077519
2881,2017-07-03,2017-09-30,27.43000000,27.64000000,201707-201710,0.00765585
2881,2017-08-01,2017-10-31,27.41000000,28.14000000,201708-201711,0.02663262
2881,2017-09-01,2017-11-30,28.25000000,28.72000000,201709-201712,0.01663717
2881,2017-10-02,2017-12-29,27.79000000,29.69000000,201710-201801,0.06836992
2881,2017-11-01,2018-01-31,28.20000000,31.74000000,201711-201802,0.12553191
2881,2017-12-01,2018-02-27,29.81000000,30.57000000,201712-201803,0.02549480
2881,2018-01-02,2018-03-31,29.86000000,29.40000000,201801-201804,-0.01540522
2881,2018-02-01,2018-04-30,31.62000000,29.86000000,201802-201805,-0.05566097
2881,2018-03-01,2018-05-31,30.57000000,30.51000000,201803-201806,-0.00196271
2881,2018-04-02,2018-06-29,29.34000000,31.28000000,201804-201807,0.06612134
2881,2018-05-02,2018-07-31,30.04000000,31.03000000,201805-201808,0.03295606
2881,2018-06-01,2018-08-31,30.33000000,31.15000000,201806-201809,0.02703594
2881,2018-07-02,2018-09-28,30.79000000,31.70000000,201807-201810,0.02955505
2881,2018-08-01,2018-10-31,31.21000000,29.65000000,201808-201811,-0.04998398
2881,2018-09-03,2018-11-30,30.97000000,29.87000000,201809-201812,-0.03551824
2881,2018-10-01,2018-12-28,32.13000000,28.80000000,201810-201901,-0.10364146
2881,2018-11-01,2019-01-30,29.56000000,27.27000000,201811-201902,-0.07746955
2881,2018-12-03,2019-02-27,30.08000000,27.85000000,201812-201903,-0.07413564
2881,2019-01-02,2019-03-29,28.22000000,28.15000000,201901-201904,-0.00248051
2881,2019-02-11,2019-04-30,27.02000000,27.91000000,201902-201905,0.03293856
2881,2019-03-04,2019-05-31,27.63000000,26.47000000,201903-201906,-0.04198335
2881,2019-04-01,2019-06-28,27.91000000,28.06000000,201904-201907,0.00537442
2881,2019-05-02,2019-07-31,28.40000000,27.64000000,201905-201908,-0.02676056
2881,2019-06-03,2019-08-30,26.72000000,27.93000000,201906-201909,0.04528443
2881,2019-07-01,2019-09-27,28.31000000,28.50000000,201907-201910,0.00671141
2881,2019-08-01,2019-10-31,27.45000000,28.50000000,201908-201911,0.03825137
2881,2019-09-02,2019-11-29,27.83000000,28.66000000,201909-201912,0.02982393
2881,2019-10-01,2019-12-31,28.79000000,29.69000000,201910-202001,0.03126085
2881,2019-11-01,2020-01-31,28.50000000,28.82000000,201911-202002,0.01122807
2881,2019-12-02,2020-02-27,28.66000000,28.44000000,201912-202003,-0.00767620
2881,2020-01-02,2020-03-31,29.72000000,24.02000000,202001-202004,-0.19179004
2881,2020-02-03,2020-04-30,28.25000000,27.06000000,202002-202005,-0.04212389
2881,2020-03-02,2020-05-29,28.12000000,27.13000000,202003-202006,-0.03520626
2881,2020-04-01,2020-06-30,23.93000000,28.09000000,202004-202007,0.17384037
2881,2020-05-04,2020-07-31,26.07000000,27.99000000,202005-202008,0.07364787
2881,2020-06-01,2020-08-31,27.19000000,28.69000000,202006-202009,0.05516734
2881,2020-07-01,2020-09-30,28.36000000,28.09000000,202007-202010,-0.00952045
2881,2020-08-03,2020-10-30,27.65000000,27.28000000,202008-202011,-0.01338156
2881,2020-09-01,2020-11-30,28.69000000,29.70000000,202009-202012,0.03520390
2881,2020-10-05,2020-12-31,27.62000000,31.34000000,202010-202101,0.13468501
2881A,2016-06-01,2016-08-31,43.06000000,44.52000000,201606-201609,0.03390618
2881A,2016-07-01,2016-09-30,43.28000000,44.52000000,201607-201610,0.02865065
2881A,2016-08-01,2016-10-31,43.79000000,45.18000000,201608-201611,0.03174241
2881A,2016-09-01,2016-11-30,44.52000000,44.82000000,201609-201612,0.00673854
2881A,2016-10-03,2016-12-30,44.60000000,45.18000000,201610-201701,0.01300448
2881A,2016-11-01,2017-01-24,45.11000000,45.62000000,201611-201702,0.01130570
2881A,2016-12-01,2017-02-24,44.82000000,46.28000000,201612-201703,0.03257474
2881A,2017-01-03,2017-03-31,45.11000000,46.35000000,201701-201704,0.02748836
2881A,2017-02-02,2017-04-28,45.69000000,46.13000000,201702-201705,0.00963012
2881A,2017-03-01,2017-05-31,46.42000000,45.84000000,201703-201706,-0.01249461
2881A,2017-04-05,2017-06-30,46.28000000,46.57000000,201704-201707,0.00626621
2881A,2017-05-02,2017-07-31,45.98000000,46.50000000,201705-201708,0.01130926
2881A,2017-06-01,2017-08-31,45.84000000,46.73000000,201706-201709,0.01941536
2881A,2017-07-03,2017-09-30,46.35000000,47.10000000,201707-201710,0.01618123
2881A,2017-08-01,2017-10-31,46.43000000,47.48000000,201708-201711,0.02261469
2881A,2017-09-01,2017-11-30,46.73000000,47.55000000,201709-201712,0.01754761
2881A,2017-10-02,2017-12-29,47.03000000,47.78000000,201710-201801,0.01594727
2881A,2017-11-01,2018-01-31,47.40000000,48.15000000,201711-201802,0.01582278
2881A,2017-12-01,2018-02-27,47.48000000,48.53000000,201712-201803,0.02211457
2881A,2018-01-02,2018-03-31,47.78000000,49.13000000,201801-201804,0.02825450
2881A,2018-02-01,2018-04-30,48.15000000,49.13000000,201802-201805,0.02035306
2881A,2018-03-01,2018-05-31,48.45000000,49.35000000,201803-201806,0.01857585
2881A,2018-04-02,2018-06-29,49.13000000,49.40000000,201804-201807,0.00549562
2881A,2018-05-02,2018-07-31,49.20000000,49.40000000,201805-201808,0.00406504
2881A,2018-06-01,2018-08-31,49.35000000,49.48000000,201806-201809,0.00263425
2881A,2018-07-02,2018-09-28,49.33000000,49.79000000,201807-201810,0.00932495
2881A,2018-08-01,2018-10-31,49.40000000,49.95000000,201808-201811,0.01113360
2881A,2018-09-03,2018-11-30,49.48000000,50.42000000,201809-201812,0.01899757
2881A,2018-10-01,2018-12-28,49.71000000,50.57000000,201810-201901,0.01730034
2881A,2018-11-01,2019-01-30,50.03000000,50.10000000,201811-201902,0.00139916
2881A,2018-12-03,2019-02-27,50.42000000,50.42000000,201812-201903,0.00000000
2881A,2019-01-02,2019-03-29,50.49000000,50.81000000,201901-201904,0.00633789
2881A,2019-02-11,2019-04-30,50.18000000,51.12000000,201902-201905,0.01873256
2881A,2019-03-04,2019-05-31,50.42000000,50.88000000,201903-201906,0.00912336
2881A,2019-04-01,2019-06-28,50.81000000,50.57000000,201904-201907,-0.00472348
2881A,2019-05-02,2019-07-31,51.12000000,51.12000000,201905-201908,0.00000000
2881A,2019-06-03,2019-08-30,50.81000000,52.13000000,201906-201909,0.02597914
2881A,2019-07-01,2019-09-27,50.65000000,52.21000000,201907-201910,0.03079961
2881A,2019-08-01,2019-10-31,51.12000000,52.61000000,201908-201911,0.02914710
2881A,2019-09-02,2019-11-29,52.13000000,52.45000000,201909-201912,0.00613850
2881A,2019-10-01,2019-12-31,52.21000000,52.94000000,201910-202001,0.01398200
2881A,2019-11-01,2020-01-31,52.53000000,52.94000000,201911-202002,0.00780506
2881A,2019-12-02,2020-02-27,52.45000000,53.34000000,201912-202003,0.01696854
2881A,2020-01-02,2020-03-31,52.94000000,50.19000000,202001-202004,-0.05194560
2881A,2020-02-03,2020-04-30,52.94000000,52.61000000,202002-202005,-0.00623347
2881A,2020-03-02,2020-05-29,53.34000000,52.61000000,202003-202006,-0.01368579
2881A,2020-04-01,2020-06-30,50.35000000,53.02000000,202004-202007,0.05302880
2881A,2020-05-04,2020-07-31,52.61000000,53.49000000,202005-202008,0.01672686
2881A,2020-06-01,2020-08-31,52.69000000,53.41000000,202006-202009,0.01366483
2881A,2020-07-01,2020-09-30,53.24000000,52.40000000,202007-202010,-0.01577761
2881A,2020-08-03,2020-10-30,53.49000000,52.14000000,202008-202011,-0.02523836
2881A,2020-09-01,2020-11-30,53.32000000,51.89000000,202009-202012,-0.02681920
2881A,2020-10-05,2020-12-31,52.48000000,52.40000000,202010-202101,-0.00152439
2881B,2018-04-24,2018-06-29,49.00000000,48.84000000,201804-201807,-0.00326531
2881B,2018-05-02,2018-07-31,48.92000000,49.08000000,201805-201808,0.00327065
2881B,2018-06-01,2018-08-31,48.92000000,49.08000000,201806-201809,0.00327065
2881B,2018-07-02,2018-09-28,48.84000000,49.16000000,201807-201810,0.00655201
2881B,2018-08-01,2018-10-31,49.08000000,49.49000000,201808-201811,0.00835371
2881B,2018-09-03,2018-11-30,49.08000000,49.49000000,201809-201812,0.00835371
2881B,2018-10-01,2018-12-28,49.16000000,49.97000000,201810-201901,0.01647681
2881B,2018-11-01,2019-01-30,49.40000000,50.05000000,201811-201902,0.01315789
2881B,2018-12-03,2019-02-27,49.40000000,50.37000000,201812-201903,0.01963563
2881B,2019-01-02,2019-03-29,50.05000000,50.77000000,201901-201904,0.01438561
2881B,2019-02-11,2019-04-30,50.21000000,51.26000000,201902-201905,0.02091217
2881B,2019-03-04,2019-05-31,50.37000000,50.45000000,201903-201906,0.00158825
2881B,2019-04-01,2019-06-28,50.86000000,50.61000000,201904-201907,-0.00491545
2881B,2019-05-02,2019-07-31,51.34000000,51.26000000,201905-201908,-0.00155824
2881B,2019-06-03,2019-08-30,50.45000000,52.58000000,201906-201909,0.04222002
2881B,2019-07-01,2019-09-27,50.61000000,52.91000000,201907-201910,0.04544556
2881B,2019-08-01,2019-10-31,51.26000000,53.16000000,201908-201911,0.03706594
2881B,2019-09-02,2019-11-29,52.58000000,52.83000000,201909-201912,0.00475466
2881B,2019-10-01,2019-12-31,52.91000000,53.24000000,201910-202001,0.00623701
2881B,2019-11-01,2020-01-31,53.08000000,53.33000000,201911-202002,0.00470987
2881B,2019-12-02,2020-02-27,52.83000000,54.07000000,201912-202003,0.02347151
2881B,2020-01-02,2020-03-31,53.24000000,50.35000000,202001-202004,-0.05428249
2881B,2020-02-03,2020-04-30,53.33000000,52.09000000,202002-202005,-0.02325145
2881B,2020-03-02,2020-05-29,54.07000000,52.91000000,202003-202006,-0.02145367
2881B,2020-04-01,2020-06-30,50.35000000,53.66000000,202004-202007,0.06573982
2881B,2020-05-04,2020-07-31,52.17000000,54.57000000,202005-202008,0.04600345
2881B,2020-06-01,2020-08-31,52.91000000,53.97000000,202006-202009,0.02003402
2881B,2020-07-01,2020-09-30,54.05000000,53.54000000,202007-202010,-0.00943571
2881B,2020-08-03,2020-10-30,54.48000000,53.28000000,202008-202011,-0.02202643
2881B,2020-09-01,2020-11-30,53.97000000,53.62000000,202009-202012,-0.00648508
2881B,2020-10-05,2020-12-31,53.37000000,53.54000000,202010-202101,0.00318531
2882,2010-01-04,2010-03-31,27.05000000,24.09000000,201001-201004,-0.10942699
2882,2010-02-01,2010-04-30,24.09000000,22.95000000,201002-201005,-0.04732254
2882,2010-03-01,2010-05-31,23.86000000,21.57000000,201003-201006,-0.09597653
2882,2010-04-01,2010-06-30,24.27000000,21.84000000,201004-201007,-0.10012361
2882,2010-05-03,2010-07-30,22.68000000,23.15000000,201005-201008,0.02072310
2882,2010-06-01,2010-08-31,20.98000000,22.23000000,201006-201009,0.05958055
2882,2010-07-01,2010-09-30,21.18000000,23.03000000,201007-201010,0.08734655
2882,2010-08-02,2010-10-29,24.11000000,22.60000000,201008-201011,-0.06262961
2882,2010-09-01,2010-11-30,22.52000000,22.21000000,201009-201012,-0.01376554
2882,2010-10-01,2010-12-31,23.03000000,24.93000000,201010-201101,0.08250109
2882,2010-11-01,2011-01-28,22.98000000,26.04000000,201011-201102,0.13315927
2882,2010-12-01,2011-02-25,22.88000000,22.86000000,201012-201103,-0.00087413
2882,2011-01-03,2011-03-31,25.61000000,23.42000000,201101-201104,-0.08551347
2882,2011-02-08,2011-04-29,25.56000000,23.05000000,201102-201105,-0.09820031
2882,2011-03-01,2011-05-31,23.20000000,22.50000000,201103-201106,-0.03017241
2882,2011-04-01,2011-06-30,23.25000000,21.75000000,201104-201107,-0.06451613
2882,2011-05-03,2011-07-29,22.91000000,21.56000000,201105-201108,-0.05892623
2882,2011-06-01,2011-08-31,22.55000000,18.47000000,201106-201109,-0.18093126
2882,2011-07-01,2011-09-30,21.75000000,17.57000000,201107-201110,-0.19218391
2882,2011-08-01,2011-10-31,21.86000000,18.04000000,201108-201111,-0.17474840
2882,2011-09-01,2011-11-30,19.19000000,15.22000000,201109-201112,-0.20687858
2882,2011-10-03,2011-12-30,16.62000000,16.32000000,201110-201201,-0.01805054
2882,2011-11-01,2012-01-31,17.67000000,16.84000000,201111-201202,-0.04697227
2882,2011-12-01,2012-02-29,16.27000000,17.27000000,201112-201203,0.06146281
2882,2012-01-02,2012-03-30,15.82000000,16.77000000,201201-201204,0.06005057
2882,2012-02-01,2012-04-30,16.82000000,15.42000000,201202-201205,-0.08323424
2882,2012-03-01,2012-05-31,17.02000000,14.60000000,201203-201206,-0.14218566
2882,2012-04-02,2012-06-29,16.52000000,14.60000000,201204-201207,-0.11622276
2882,2012-05-02,2012-07-31,15.82000000,15.07000000,201205-201208,-0.04740834
2882,2012-06-01,2012-08-31,14.32000000,15.24000000,201206-201209,0.06424581
2882,2012-07-02,2012-09-28,14.95000000,16.79000000,201207-201210,0.12307692
2882,2012-08-01,2012-10-31,15.05000000,15.64000000,201208-201211,0.03920266
2882,2012-09-03,2012-11-30,15.30000000,16.50000000,201209-201212,0.07843137
2882,2012-10-01,2012-12-28,16.79000000,16.79000000,201210-201301,0.00000000
2882,2016-01-04,2016-03-31,27.52000000,25.26000000,201601-201604,-0.08212209
2882,2016-02-01,2016-04-29,24.24000000,23.75000000,201602-201605,-0.02021452
2882,2016-03-01,2016-05-31,24.27000000,24.70000000,201603-201606,0.01771735
2882,2016-04-01,2016-06-30,24.73000000,24.26000000,201604-201607,-0.01900526
2882,2016-05-03,2016-07-29,23.75000000,24.85000000,201605-201608,0.04631579
2882,2016-06-01,2016-08-31,24.90000000,27.80000000,201606-201609,0.11646586
2882,2016-07-01,2016-09-30,24.30000000,27.80000000,201607-201610,0.14403292
2882,2016-08-01,2016-10-31,25.03000000,28.39000000,201608-201611,0.13423891
2882,2016-09-01,2016-11-30,27.28000000,32.51000000,201609-201612,0.19171554
2882,2016-10-03,2016-12-30,27.76000000,33.41000000,201610-201701,0.20353026
2882,2016-11-01,2017-01-24,28.28000000,32.93000000,201611-201702,0.16442716
2882,2016-12-01,2017-02-24,33.48000000,33.45000000,201612-201703,-0.00089606
2882,2017-01-03,2017-03-31,33.27000000,33.76000000,201701-201704,0.01472798
2882,2017-02-02,2017-04-28,32.51000000,33.55000000,201702-201705,0.03199016
2882,2017-03-01,2017-05-31,33.17000000,32.65000000,201703-201706,-0.01567682
2882,2017-04-05,2017-06-30,33.97000000,34.73000000,201704-201707,0.02237268
2882,2017-05-02,2017-07-31,33.97000000,35.52000000,201705-201708,0.04562850
2882,2017-06-01,2017-08-31,32.79000000,35.56000000,201706-201709,0.08447697
2882,2017-07-03,2017-09-30,35.09000000,34.80000000,201707-201710,-0.00826446
2882,2017-08-01,2017-10-31,35.38000000,35.96000000,201708-201711,0.01639344
2882,2017-09-01,2017-11-30,35.34000000,37.33000000,201709-201712,0.05631013
2882,2017-10-02,2017-12-29,34.87000000,38.63000000,201710-201801,0.10782908
2882,2017-11-01,2018-01-31,36.25000000,39.42000000,201711-201802,0.08744828
2882,2017-12-01,2018-02-27,39.21000000,39.35000000,201712-201803,0.00357052
2882,2018-01-02,2018-03-31,39.13000000,37.91000000,201801-201804,-0.03117812
2882,2018-02-01,2018-04-30,39.57000000,38.63000000,201802-201805,-0.02375537
2882,2018-03-01,2018-05-31,38.92000000,38.70000000,201803-201806,-0.00565262
2882,2018-04-02,2018-06-29,37.91000000,40.68000000,201804-201807,0.07306779
2882,2018-05-02,2018-07-31,38.63000000,39.84000000,201805-201808,0.03132281
2882,2018-06-01,2018-08-31,38.63000000,39.77000000,201806-201809,0.02951074
2882,2018-07-02,2018-09-28,40.22000000,39.69000000,201807-201810,-0.01317752
2882,2018-08-01,2018-10-31,39.69000000,37.05000000,201808-201811,-0.06651550
2882,2018-09-03,2018-11-30,39.31000000,36.71000000,201809-201812,-0.06614093
2882,2018-10-01,2018-12-28,39.99000000,35.53000000,201810-201901,-0.11152788
2882,2018-11-01,2019-01-30,36.86000000,32.96000000,201811-201902,-0.10580575
2882,2018-12-03,2019-02-27,37.12000000,34.25000000,201812-201903,-0.07731681
2882,2019-01-02,2019-03-29,34.70000000,33.98000000,201901-201904,-0.02074928
2882,2019-02-11,2019-04-30,32.93000000,33.80000000,201902-201905,0.02641968
2882,2019-03-04,2019-05-31,33.95000000,30.85000000,201903-201906,-0.09131075
2882,2019-04-01,2019-06-28,33.64000000,32.51000000,201904-201907,-0.03359096
2882,2019-05-02,2019-07-31,34.51000000,31.96000000,201905-201908,-0.07389163
2882,2019-06-03,2019-08-30,31.04000000,31.45000000,201906-201909,0.01320876
2882,2019-07-01,2019-09-27,33.45000000,32.04000000,201907-201910,-0.04215247
2882,2019-08-01,2019-10-31,31.73000000,31.75000000,201908-201911,0.00063032
2882,2019-09-02,2019-11-29,31.30000000,32.85000000,201909-201912,0.04952077
2882,2019-10-01,2019-12-31,32.31000000,33.52000000,201910-202001,0.03744971
2882,2019-11-01,2020-01-31,31.59000000,32.03000000,201911-202002,0.01392846
2882,2019-12-02,2020-02-27,32.81000000,31.55000000,201912-202003,-0.03840293
2882,2020-01-02,2020-03-31,33.52000000,27.81000000,202001-202004,-0.17034606
2882,2020-02-03,2020-04-30,31.67000000,31.43000000,202002-202005,-0.00757815
2882,2020-03-02,2020-05-29,31.12000000,31.55000000,202003-202006,0.01381748
2882,2020-04-01,2020-06-30,27.77000000,32.97000000,202004-202007,0.18725243
2882,2020-05-04,2020-07-31,30.57000000,32.76000000,202005-202008,0.07163886
2882,2020-06-01,2020-08-31,31.71000000,32.97000000,202006-202009,0.03973510
2882,2020-07-01,2020-09-30,33.38000000,31.94000000,202007-202010,-0.04313960
2882,2020-08-03,2020-10-30,32.47000000,31.77000000,202008-202011,-0.02155836
2882,2020-09-01,2020-11-30,32.97000000,33.43000000,202009-202012,0.01395208
2882,2020-10-05,2020-12-31,31.81000000,34.96000000,202010-202101,0.09902546
2882A,2017-01-18,2017-03-31,46.24000000,46.93000000,201701-201704,0.01492215
2882A,2017-02-02,2017-04-28,46.32000000,46.55000000,201702-201705,0.00496546
2882A,2017-03-01,2017-05-31,47.15000000,47.00000000,201703-201706,-0.00318134
2882A,2017-04-05,2017-06-30,46.85000000,47.76000000,201704-201707,0.01942369
2882A,2017-05-02,2017-07-31,46.55000000,47.34000000,201705-201708,0.01697100
2882A,2017-06-01,2017-08-31,47.00000000,47.11000000,201706-201709,0.00234043
2882A,2017-07-03,2017-09-30,46.96000000,46.96000000,201707-201710,0.00000000
2882A,2017-08-01,2017-10-31,47.19000000,47.11000000,201708-201711,-0.00169527
2882A,2017-09-01,2017-11-30,47.11000000,47.42000000,201709-201712,0.00658034
2882A,2017-10-02,2017-12-29,46.96000000,47.65000000,201710-201801,0.01469336
2882A,2017-11-01,2018-01-31,47.11000000,47.87000000,201711-201802,0.01613246
2882A,2017-12-01,2018-02-27,47.42000000,48.18000000,201712-201803,0.01602699
2882A,2018-01-02,2018-03-31,47.57000000,48.41000000,201801-201804,0.01765819
2882A,2018-02-01,2018-04-30,47.95000000,49.01000000,201802-201805,0.02210636
2882A,2018-03-01,2018-05-31,48.18000000,49.17000000,201803-201806,0.02054795
2882A,2018-04-02,2018-06-29,48.41000000,49.31000000,201804-201807,0.01859120
2882A,2018-05-02,2018-07-31,49.01000000,49.23000000,201805-201808,0.00448888
2882A,2018-06-01,2018-08-31,49.17000000,49.31000000,201806-201809,0.00284726
2882A,2018-07-02,2018-09-28,49.39000000,49.63000000,201807-201810,0.00485928
2882A,2018-08-01,2018-10-31,49.23000000,50.10000000,201808-201811,0.01767215
2882A,2018-09-03,2018-11-30,49.31000000,50.18000000,201809-201812,0.01764348
2882A,2018-10-01,2018-12-28,49.63000000,50.18000000,201810-201901,0.01108201
2882A,2018-11-01,2019-01-30,50.10000000,50.02000000,201811-201902,-0.00159681
2882A,2018-12-03,2019-02-27,50.18000000,50.41000000,201812-201903,0.00458350
2882A,2019-01-02,2019-03-29,50.10000000,50.49000000,201901-201904,0.00778443
2882A,2019-02-11,2019-04-30,50.26000000,50.65000000,201902-201905,0.00775965
2882A,2019-03-04,2019-05-31,50.41000000,50.49000000,201903-201906,0.00158699
2882A,2019-04-01,2019-06-28,50.41000000,50.41000000,201904-201907,0.00000000
2882A,2019-05-02,2019-07-31,50.73000000,50.97000000,201905-201908,0.00473093
2882A,2019-06-03,2019-08-30,50.49000000,51.70000000,201906-201909,0.02396514
2882A,2019-07-01,2019-09-27,50.89000000,51.95000000,201907-201910,0.02082924
2882A,2019-08-01,2019-10-31,50.97000000,52.26000000,201908-201911,0.02530901
2882A,2019-09-02,2019-11-29,51.79000000,52.18000000,201909-201912,0.00753041
2882A,2019-10-01,2019-12-31,51.95000000,52.59000000,201910-202001,0.01231954
2882A,2019-11-01,2020-01-31,52.18000000,52.59000000,201911-202002,0.00785742
2882A,2019-12-02,2020-02-27,52.10000000,53.16000000,201912-202003,0.02034549
2882A,2020-01-02,2020-03-31,52.59000000,49.80000000,202001-202004,-0.05305191
2882A,2020-02-03,2020-04-30,52.67000000,51.60000000,202002-202005,-0.02031517
2882A,2020-03-02,2020-05-29,53.16000000,52.34000000,202003-202006,-0.01542513
2882A,2020-04-01,2020-06-30,49.97000000,52.91000000,202004-202007,0.05883530
2882A,2020-05-04,2020-07-31,51.85000000,53.49000000,202005-202008,0.03162970
2882A,2020-06-01,2020-08-31,52.34000000,53.41000000,202006-202009,0.02044326
2882A,2020-07-01,2020-09-29,53.15000000,52.81000000,202007-202010,-0.00639699
2882A,2020-08-03,2020-10-30,53.58000000,52.64000000,202008-202011,-0.01754386
2882A,2020-09-01,2020-11-30,53.49000000,52.56000000,202009-202012,-0.01738643
2882A,2020-10-05,2020-12-31,52.90000000,52.47000000,202010-202101,-0.00812854
2882B,2018-08-09,2018-10-31,49.21000000,49.78000000,201808-201811,0.01158301
2882B,2018-09-03,2018-11-30,49.21000000,49.94000000,201809-201812,0.01483438
2882B,2018-10-01,2018-12-28,49.53000000,50.26000000,201810-201901,0.01473854
2882B,2018-11-01,2019-01-30,49.78000000,50.10000000,201811-201902,0.00642828
2882B,2018-12-03,2019-02-27,49.94000000,50.51000000,201812-201903,0.01141370
2882B,2019-01-02,2019-03-29,50.26000000,50.75000000,201901-201904,0.00974930
2882B,2019-02-11,2019-04-30,50.18000000,51.16000000,201902-201905,0.01952969
2882B,2019-03-04,2019-05-31,50.59000000,50.99000000,201903-201906,0.00790670
2882B,2019-04-01,2019-06-28,50.83000000,50.59000000,201904-201907,-0.00472162
2882B,2019-05-02,2019-07-31,51.16000000,51.25000000,201905-201908,0.00175919
2882B,2019-06-03,2019-08-30,50.91000000,52.32000000,201906-201909,0.02769593
2882B,2019-07-01,2019-09-27,51.00000000,52.49000000,201907-201910,0.02921569
2882B,2019-08-01,2019-10-31,51.25000000,52.97000000,201908-201911,0.03356098
2882B,2019-09-02,2019-11-29,52.32000000,52.89000000,201909-201912,0.01089450
2882B,2019-10-01,2019-12-31,52.49000000,53.05000000,201910-202001,0.01066870
2882B,2019-11-01,2020-01-31,52.89000000,53.22000000,201911-202002,0.00623936
2882B,2019-12-02,2020-02-27,52.89000000,53.63000000,201912-202003,0.01399130
2882B,2020-01-02,2020-03-31,52.97000000,50.65000000,202001-202004,-0.04379838
2882B,2020-02-03,2020-04-30,53.30000000,52.06000000,202002-202005,-0.02326454
2882B,2020-03-02,2020-05-29,53.63000000,52.55000000,202003-202006,-0.02013798
2882B,2020-04-01,2020-06-30,50.73000000,53.13000000,202004-202007,0.04730928
2882B,2020-05-04,2020-07-31,52.14000000,54.53000000,202005-202008,0.04583813
2882B,2020-06-01,2020-08-31,52.55000000,54.62000000,202006-202009,0.03939106
2882B,2020-07-01,2020-09-30,53.59000000,53.67000000,202007-202010,0.00149282
2882B,2020-08-03,2020-10-30,54.53000000,53.59000000,202008-202011,-0.01723822
2882B,2020-09-01,2020-11-30,54.62000000,53.85000000,202009-202012,-0.01409740
2882B,2020-10-05,2020-12-31,53.67000000,53.93000000,202010-202101,0.00484442
2883,2010-01-04,2010-03-31,5.12000000,4.66000000,201001-201004,-0.08984375
2883,2010-02-01,2010-04-30,4.49000000,4.58000000,201002-201005,0.02004454
2883,2010-03-01,2010-05-31,4.58000000,4.26000000,201003-201006,-0.06986900
2883,2010-04-01,2010-06-30,4.74000000,4.49000000,201004-201007,-0.05274262
2883,2010-05-03,2010-07-30,4.59000000,4.76000000,201005-201008,0.03703704
2883,2010-06-01,2010-08-31,4.22000000,4.84000000,201006-201009,0.14691943
2883,2010-07-01,2010-09-30,4.41000000,5.00000000,201007-201010,0.13378685
2883,2010-08-02,2010-10-29,4.96000000,5.01000000,201008-201011,0.01008065
2883,2010-09-01,2010-11-30,4.77000000,4.86000000,201009-201012,0.01886792
2883,2010-10-01,2010-12-31,5.01000000,7.09000000,201010-201101,0.41516966
2883,2010-11-01,2011-01-28,5.06000000,7.36000000,201011-201102,0.45454545
2883,2010-12-01,2011-02-25,5.02000000,6.29000000,201012-201103,0.25298805
2883,2011-01-03,2011-03-31,7.56000000,6.54000000,201101-201104,-0.13492063
2883,2011-02-08,2011-04-29,7.23000000,6.62000000,201102-201105,-0.08437068
2883,2011-03-01,2011-05-31,6.45000000,6.45000000,201103-201106,0.00000000
2883,2011-04-01,2011-06-30,6.51000000,6.43000000,201104-201107,-0.01228879
2883,2011-05-03,2011-07-29,6.56000000,6.43000000,201105-201108,-0.01981707
2883,2011-06-01,2011-08-31,6.45000000,5.55000000,201106-201109,-0.13953488
2883,2011-07-01,2011-09-30,6.45000000,5.42000000,201107-201110,-0.15968992
2883,2011-08-01,2011-10-31,6.57000000,5.65000000,201108-201111,-0.14003044
2883,2011-09-01,2011-11-30,5.86000000,5.01000000,201109-201112,-0.14505119
2883,2011-10-03,2011-12-30,5.20000000,5.03000000,201110-201201,-0.03269231
2883,2011-11-01,2012-01-31,5.82000000,5.16000000,201111-201202,-0.11340206
2883,2011-12-01,2012-02-29,5.36000000,5.85000000,201112-201203,0.09141791
2883,2012-01-02,2012-03-30,4.88000000,5.28000000,201201-201204,0.08196721
2883,2012-02-01,2012-04-30,5.31000000,4.34000000,201202-201205,-0.18267420
2883,2012-03-01,2012-05-31,5.81000000,4.40000000,201203-201206,-0.24268503
2883,2012-04-02,2012-06-29,5.20000000,4.13000000,201204-201207,-0.20576923
2883,2012-05-02,2012-07-31,4.44000000,4.13000000,201205-201208,-0.06981982
2883,2012-06-01,2012-08-31,4.19000000,4.17000000,201206-201209,-0.00477327
2883,2012-07-02,2012-09-28,4.16000000,4.26000000,201207-201210,0.02403846
2883,2012-08-01,2012-10-31,4.16000000,3.83000000,201208-201211,-0.07932692
2883,2012-09-03,2012-11-30,4.17000000,4.16000000,201209-201212,-0.00239808
2883,2012-10-01,2012-12-28,4.23000000,4.46000000,201210-201301,0.05437352
2883,2016-01-04,2016-03-31,5.24000000,5.66000000,201601-201604,0.08015267
2883,2016-02-01,2016-04-29,5.26000000,5.41000000,201602-201605,0.02851711
2883,2016-03-01,2016-05-31,5.26000000,5.41000000,201603-201606,0.02851711
2883,2016-04-01,2016-06-30,5.57000000,5.44000000,201604-201607,-0.02333932
2883,2016-05-03,2016-07-29,5.34000000,5.44000000,201605-201608,0.01872659
2883,2016-06-01,2016-08-31,5.43000000,5.62000000,201606-201609,0.03499079
2883,2016-07-01,2016-09-30,5.46000000,5.60000000,201607-201610,0.02564103
2883,2016-08-01,2016-10-31,5.51000000,5.54000000,201608-201611,0.00544465
2883,2016-09-01,2016-11-30,5.59000000,5.56000000,201609-201612,-0.00536673
2883,2016-10-03,2016-12-30,5.58000000,5.65000000,201610-201701,0.01254480
2883,2016-11-01,2017-01-24,5.54000000,5.59000000,201611-201702,0.00902527
2883,2016-12-01,2017-02-24,5.61000000,5.67000000,201612-201703,0.01069519
2883,2017-01-03,2017-03-31,5.65000000,5.84000000,201701-201704,0.03362832
2883,2017-02-02,2017-04-28,5.54000000,5.83000000,201702-201705,0.05234657
2883,2017-03-01,2017-05-31,5.64000000,5.76000000,201703-201706,0.02127660
2883,2017-04-05,2017-06-30,5.86000000,6.19000000,201704-201707,0.05631399
2883,2017-05-02,2017-07-31,5.84000000,6.77000000,201705-201708,0.15924658
2883,2017-06-01,2017-08-31,5.76000000,7.00000000,201706-201709,0.21527778
2883,2017-07-03,2017-09-30,6.14000000,6.77000000,201707-201710,0.10260586
2883,2017-08-01,2017-10-31,6.91000000,6.86000000,201708-201711,-0.00723589
2883,2017-09-01,2017-11-30,6.98000000,6.98000000,201709-201712,0.00000000
2883,2017-10-02,2017-12-29,6.82000000,7.54000000,201710-201801,0.10557185
2883,2017-11-01,2018-01-31,6.88000000,7.95000000,201711-201802,0.15552326
2883,2017-12-01,2018-02-27,7.06000000,7.80000000,201712-201803,0.10481586
2883,2018-01-02,2018-03-31,7.50000000,7.65000000,201801-201804,0.02000000
2883,2018-02-01,2018-04-30,7.91000000,8.36000000,201802-201805,0.05689001
2883,2018-03-01,2018-05-31,7.80000000,8.36000000,201803-201806,0.07179487
2883,2018-04-02,2018-06-29,7.69000000,8.28000000,201804-201807,0.07672302
2883,2018-05-02,2018-07-31,8.21000000,8.78000000,201805-201808,0.06942753
2883,2018-06-01,2018-08-31,8.43000000,8.70000000,201806-201809,0.03202847
2883,2018-07-02,2018-09-28,8.39000000,8.94000000,201807-201810,0.06555423
2883,2018-08-01,2018-10-31,8.78000000,7.78000000,201808-201811,-0.11389522
2883,2018-09-03,2018-11-30,8.62000000,7.84000000,201809-201812,-0.09048724
2883,2018-10-01,2018-12-28,8.94000000,7.62000000,201810-201901,-0.14765101
2883,2018-11-01,2019-01-30,7.76000000,7.82000000,201811-201902,0.00773196
2883,2018-12-03,2019-02-27,7.96000000,7.81000000,201812-201903,-0.01884422
2883,2019-01-02,2019-03-29,7.59000000,8.07000000,201901-201904,0.06324111
2883,2019-02-11,2019-04-30,7.77000000,7.80000000,201902-201905,0.00386100
2883,2019-03-04,2019-05-31,7.79000000,7.29000000,201903-201906,-0.06418485
2883,2019-04-01,2019-06-28,7.88000000,7.42000000,201904-201907,-0.05837563
2883,2019-05-02,2019-07-31,7.77000000,7.51000000,201905-201908,-0.03346203
2883,2019-06-03,2019-08-30,7.25000000,7.36000000,201906-201909,0.01517241
2883,2019-07-01,2019-09-27,7.45000000,7.48000000,201907-201910,0.00402685
2883,2019-08-01,2019-10-31,7.46000000,7.69000000,201908-201911,0.03083110
2883,2019-09-02,2019-11-29,7.39000000,7.86000000,201909-201912,0.06359946
2883,2019-10-01,2019-12-31,7.52000000,7.87000000,201910-202001,0.04654255
2883,2019-11-01,2020-01-31,7.72000000,7.52000000,201911-202002,-0.02590674
2883,2019-12-02,2020-02-27,7.82000000,7.41000000,201912-202003,-0.05242967
2883,2020-01-02,2020-03-31,7.87000000,6.01000000,202001-202004,-0.23634053
2883,2020-02-03,2020-04-30,7.47000000,7.33000000,202002-202005,-0.01874163
2883,2020-03-02,2020-05-29,7.37000000,7.36000000,202003-202006,-0.00135685
2883,2020-04-01,2020-06-30,6.08000000,7.66000000,202004-202007,0.25986842
2883,2020-05-04,2020-07-31,7.23000000,7.47000000,202005-202008,0.03319502
2883,2020-06-01,2020-08-31,7.37000000,7.38000000,202006-202009,0.00135685
2883,2020-07-01,2020-09-30,7.67000000,7.35000000,202007-202010,-0.04172099
2883,2020-08-03,2020-10-30,7.37000000,7.24000000,202008-202011,-0.01763908
2883,2020-09-01,2020-11-30,7.43000000,7.71000000,202009-202012,0.03768506
2883,2020-10-05,2020-12-31,7.30000000,8.04000000,202010-202101,0.10136986
2884,2010-01-04,2010-03-31,3.67000000,3.53000000,201001-201004,-0.03814714
2884,2010-02-01,2010-04-30,3.27000000,3.84000000,201002-201005,0.17431193
2884,2010-03-01,2010-05-31,3.31000000,3.52000000,201003-201006,0.06344411
2884,2010-04-01,2010-06-30,3.60000000,3.61000000,201004-201007,0.00277778
2884,2010-05-03,2010-07-30,3.71000000,4.08000000,201005-201008,0.09973046
2884,2010-06-01,2010-08-31,3.45000000,4.15000000,201006-201009,0.20289855
2884,2010-07-01,2010-09-30,3.67000000,4.69000000,201007-201010,0.27792916
2884,2010-08-02,2010-10-29,4.17000000,4.56000000,201008-201011,0.09352518
2884,2010-09-01,2010-11-30,4.17000000,4.53000000,201009-201012,0.08633094
2884,2010-10-01,2010-12-31,4.67000000,5.80000000,201010-201101,0.24197002
2884,2010-11-01,2011-01-28,4.63000000,5.74000000,201011-201102,0.23974082
2884,2010-12-01,2011-02-25,4.73000000,5.27000000,201012-201103,0.11416490
2884,2011-01-03,2011-03-31,5.79000000,5.35000000,201101-201104,-0.07599309
2884,2011-02-08,2011-04-29,5.80000000,5.87000000,201102-201105,0.01206897
2884,2011-03-01,2011-05-31,5.42000000,6.10000000,201103-201106,0.12546125
2884,2011-04-01,2011-06-30,5.42000000,5.90000000,201104-201107,0.08856089
2884,2011-05-03,2011-07-29,5.90000000,5.77000000,201105-201108,-0.02203390
2884,2011-06-01,2011-08-31,6.06000000,5.42000000,201106-201109,-0.10561056
2884,2011-07-01,2011-09-30,5.95000000,4.83000000,201107-201110,-0.18823529
2884,2011-08-01,2011-10-31,5.87000000,4.82000000,201108-201111,-0.17887564
2884,2011-09-01,2011-11-30,5.62000000,4.03000000,201109-201112,-0.28291815
2884,2011-10-03,2011-12-30,4.66000000,4.18000000,201110-201201,-0.10300429
2884,2011-11-01,2012-01-31,4.82000000,4.45000000,201111-201202,-0.07676349
2884,2011-12-01,2012-02-29,4.27000000,5.15000000,201112-201203,0.20608899
2884,2012-01-02,2012-03-30,4.11000000,5.18000000,201201-201204,0.26034063
2884,2012-02-01,2012-04-30,4.69000000,4.96000000,201202-201205,0.05756930
2884,2012-03-01,2012-05-31,5.15000000,4.80000000,201203-201206,-0.06796117
2884,2012-04-02,2012-06-29,5.09000000,4.90000000,201204-201207,-0.03732809
2884,2012-05-02,2012-07-31,5.12000000,5.26000000,201205-201208,0.02734375
2884,2012-06-01,2012-08-31,4.64000000,5.68000000,201206-201209,0.22413793
2884,2012-07-02,2012-09-28,4.96000000,5.65000000,201207-201210,0.13911290
2884,2012-08-01,2012-10-31,5.25000000,4.98000000,201208-201211,-0.05142857
2884,2012-09-03,2012-11-30,5.73000000,5.46000000,201209-201212,-0.04712042
2884,2012-10-01,2012-12-28,5.58000000,5.53000000,201210-201301,-0.00896057
2884,2016-01-04,2016-03-31,8.94000000,8.58000000,201601-201604,-0.04026846
2884,2016-02-01,2016-04-29,8.16000000,8.54000000,201602-201605,0.04656863
2884,2016-03-01,2016-05-31,8.18000000,8.70000000,201603-201606,0.06356968
2884,2016-04-01,2016-06-30,8.61000000,9.06000000,201604-201607,0.05226481
2884,2016-05-03,2016-07-29,8.44000000,9.54000000,201605-201608,0.13033175
2884,2016-06-01,2016-08-31,8.66000000,9.57000000,201606-201609,0.10508083
2884,2016-07-01,2016-09-30,9.06000000,9.57000000,201607-201610,0.05629139
2884,2016-08-01,2016-10-31,9.65000000,9.62000000,201608-201611,-0.00310881
2884,2016-09-01,2016-11-30,9.68000000,9.92000000,201609-201612,0.02479339
2884,2016-10-03,2016-12-30,9.71000000,9.84000000,201610-201701,0.01338826
2884,2016-11-01,2017-01-24,9.60000000,9.89000000,201611-201702,0.03020833
2884,2016-12-01,2017-02-24,9.87000000,10.00000000,201612-201703,0.01317123
2884,2017-01-03,2017-03-31,9.87000000,9.89000000,201701-201704,0.00202634
2884,2017-02-02,2017-04-28,9.79000000,9.93000000,201702-201705,0.01430031
2884,2017-03-01,2017-05-31,10.00000000,10.12000000,201703-201706,0.01200000
2884,2017-04-05,2017-06-30,9.95000000,10.18000000,201704-201707,0.02311558
2884,2017-05-02,2017-07-31,10.02000000,10.48000000,201705-201708,0.04590818
2884,2017-06-01,2017-08-31,10.12000000,11.15000000,201706-201709,0.10177866
2884,2017-07-03,2017-09-30,10.21000000,10.88000000,201707-201710,0.06562194
2884,2017-08-01,2017-10-31,10.56000000,11.00000000,201708-201711,0.04166667
2884,2017-09-01,2017-11-30,11.15000000,11.12000000,201709-201712,-0.00269058
2884,2017-10-02,2017-12-29,10.88000000,11.33000000,201710-201801,0.04136029
2884,2017-11-01,2018-01-31,11.06000000,11.51000000,201711-201802,0.04068716
2884,2017-12-01,2018-02-27,11.21000000,11.60000000,201712-201803,0.03479037
2884,2018-01-02,2018-03-31,11.33000000,11.72000000,201801-201804,0.03442189
2884,2018-02-01,2018-04-30,11.57000000,12.59000000,201802-201805,0.08815903
2884,2018-03-01,2018-05-31,11.63000000,12.53000000,201803-201806,0.07738607
2884,2018-04-02,2018-06-29,11.69000000,12.74000000,201804-201807,0.08982036
2884,2018-05-02,2018-07-31,12.50000000,13.97000000,201805-201808,0.11760000
2884,2018-06-01,2018-08-31,12.65000000,14.78000000,201806-201809,0.16837945
2884,2018-07-02,2018-09-28,12.62000000,14.75000000,201807-201810,0.16877971
2884,2018-08-01,2018-10-31,14.00000000,13.41000000,201808-201811,-0.04214286
2884,2018-09-03,2018-11-30,14.69000000,13.61000000,201809-201812,-0.07351940
2884,2018-10-01,2018-12-28,14.78000000,13.15000000,201810-201901,-0.11028417
2884,2018-11-01,2019-01-30,13.31000000,13.97000000,201811-201902,0.04958678
2884,2018-12-03,2019-02-27,13.74000000,14.46000000,201812-201903,0.05240175
2884,2019-01-02,2019-03-29,13.15000000,15.54000000,201901-201904,0.18174905
2884,2019-02-11,2019-04-30,14.03000000,16.58000000,201902-201905,0.18175339
2884,2019-03-04,2019-05-31,14.49000000,17.92000000,201903-201906,0.23671498
2884,2019-04-01,2019-06-28,15.60000000,17.01000000,201904-201907,0.09038462
2884,2019-05-02,2019-07-31,16.68000000,18.69000000,201905-201908,0.12050360
2884,2019-06-03,2019-08-30,17.79000000,18.15000000,201906-201909,0.02023609
2884,2019-07-01,2019-09-27,17.01000000,18.87000000,201907-201910,0.10934744
2884,2019-08-01,2019-10-31,18.40000000,19.81000000,201908-201911,0.07663043
2884,2019-09-02,2019-11-29,18.26000000,19.45000000,201909-201912,0.06516977
2884,2019-10-01,2019-12-31,19.05000000,20.06000000,201910-202001,0.05301837
2884,2019-11-01,2020-01-31,19.77000000,20.20000000,201911-202002,0.02175013
2884,2019-12-02,2020-02-27,19.59000000,20.88000000,201912-202003,0.06584992
2884,2020-01-02,2020-03-31,20.09000000,17.43000000,202001-202004,-0.13240418
2884,2020-02-03,2020-04-30,20.17000000,19.63000000,202002-202005,-0.02677243
2884,2020-03-02,2020-05-29,20.60000000,19.16000000,202003-202006,-0.06990291
2884,2020-04-01,2020-06-30,17.43000000,19.99000000,202004-202007,0.14687321
2884,2020-05-04,2020-07-31,19.27000000,21.63000000,202005-202008,0.12247016
2884,2020-06-01,2020-08-31,19.45000000,21.71000000,202006-202009,0.11619537
2884,2020-07-01,2020-09-30,20.13000000,20.43000000,202007-202010,0.01490313
2884,2020-08-03,2020-10-30,21.39000000,19.39000000,202008-202011,-0.09350164
2884,2020-09-01,2020-11-30,21.71000000,20.07000000,202009-202012,-0.07554123
2884,2020-10-05,2020-12-31,20.31000000,20.39000000,202010-202101,0.00393895
2885,2010-01-04,2010-03-31,10.55000000,8.61000000,201001-201004,-0.18388626
2885,2010-02-01,2010-04-30,8.68000000,8.52000000,201002-201005,-0.01843318
2885,2010-03-01,2010-05-31,8.52000000,7.68000000,201003-201006,-0.09859155
2885,2010-04-01,2010-06-30,8.77000000,7.84000000,201004-201007,-0.10604333
2885,2010-05-03,2010-07-30,8.48000000,8.51000000,201005-201008,0.00353774
2885,2010-06-01,2010-08-31,7.50000000,8.65000000,201006-201009,0.15333333
2885,2010-07-01,2010-09-30,7.68000000,9.03000000,201007-201010,0.17578125
2885,2010-08-02,2010-10-29,8.87000000,9.15000000,201008-201011,0.03156708
2885,2010-09-01,2010-11-30,8.63000000,8.87000000,201009-201012,0.02780997
2885,2010-10-01,2010-12-31,9.03000000,10.36000000,201010-201101,0.14728682
2885,2010-11-01,2011-01-28,9.27000000,11.19000000,201011-201102,0.20711974
2885,2010-12-01,2011-02-25,9.41000000,9.63000000,201012-201103,0.02337938
2885,2011-01-03,2011-03-31,10.46000000,10.05000000,201101-201104,-0.03919694
2885,2011-02-08,2011-04-29,11.36000000,9.46000000,201102-201105,-0.16725352
2885,2011-03-01,2011-05-31,9.84000000,9.39000000,201103-201106,-0.04573171
2885,2011-04-01,2011-06-30,10.01000000,9.46000000,201104-201107,-0.05494505
2885,2011-05-03,2011-07-29,9.51000000,9.79000000,201105-201108,0.02944269
2885,2011-06-01,2011-08-31,9.55000000,8.82000000,201106-201109,-0.07643979
2885,2011-07-01,2011-09-30,9.55000000,8.04000000,201107-201110,-0.15811518
2885,2011-08-01,2011-10-31,9.96000000,8.95000000,201108-201111,-0.10140562
2885,2011-09-01,2011-11-30,8.98000000,7.65000000,201109-201112,-0.14810690
2885,2011-10-03,2011-12-30,7.65000000,8.02000000,201110-201201,0.04836601
2885,2011-11-01,2012-01-31,8.82000000,8.67000000,201111-201202,-0.01700680
2885,2011-12-01,2012-02-29,8.17000000,9.00000000,201112-201203,0.10159119
2885,2012-01-02,2012-03-30,7.73000000,7.97000000,201201-201204,0.03104787
2885,2012-02-01,2012-04-30,8.80000000,7.27000000,201202-201205,-0.17386364
2885,2012-03-01,2012-05-31,8.87000000,6.82000000,201203-201206,-0.23111612
2885,2012-04-02,2012-06-29,7.78000000,7.03000000,201204-201207,-0.09640103
2885,2012-05-02,2012-07-31,7.32000000,7.38000000,201205-201208,0.00819672
2885,2012-06-01,2012-08-31,6.67000000,7.33000000,201206-201209,0.09895052
2885,2012-07-02,2012-09-28,7.16000000,8.12000000,201207-201210,0.13407821
2885,2012-08-01,2012-10-31,7.38000000,6.96000000,201208-201211,-0.05691057
2885,2012-09-03,2012-11-30,7.33000000,7.75000000,201209-201212,0.05729877
2885,2012-10-01,2012-12-28,8.04000000,7.88000000,201210-201301,-0.01990050
2885,2016-01-04,2016-03-31,7.37000000,7.15000000,201601-201604,-0.02985075
2885,2016-02-01,2016-04-29,6.71000000,6.62000000,201602-201605,-0.01341282
2885,2016-03-01,2016-05-31,6.74000000,6.84000000,201603-201606,0.01483680
2885,2016-04-01,2016-06-30,7.06000000,6.46000000,201604-201607,-0.08498584
2885,2016-05-03,2016-07-29,6.62000000,7.20000000,201605-201608,0.08761329
2885,2016-06-01,2016-08-31,6.81000000,7.23000000,201606-201609,0.06167401
2885,2016-07-01,2016-09-30,6.46000000,7.20000000,201607-201610,0.11455108
2885,2016-08-01,2016-10-31,7.23000000,7.58000000,201608-201611,0.04840941
2885,2016-09-01,2016-11-30,7.13000000,7.42000000,201609-201612,0.04067321
2885,2016-10-03,2016-12-30,7.23000000,7.71000000,201610-201701,0.06639004
2885,2016-11-01,2017-01-24,7.55000000,7.97000000,201611-201702,0.05562914
2885,2016-12-01,2017-02-24,7.46000000,8.36000000,201612-201703,0.12064343
2885,2017-01-03,2017-03-31,7.68000000,8.23000000,201701-201704,0.07161458
2885,2017-02-02,2017-04-28,7.87000000,8.29000000,201702-201705,0.05336722
2885,2017-03-01,2017-05-31,8.23000000,8.39000000,201703-201706,0.01944107
2885,2017-04-05,2017-06-30,8.39000000,8.61000000,201704-201707,0.02622169
2885,2017-05-02,2017-07-31,8.36000000,8.61000000,201705-201708,0.02990431
2885,2017-06-01,2017-08-31,8.45000000,8.71000000,201706-201709,0.03076923
2885,2017-07-03,2017-09-30,8.58000000,8.71000000,201707-201710,0.01515152
2885,2017-08-01,2017-10-31,8.57000000,8.91000000,201708-201711,0.03967328
2885,2017-09-01,2017-11-30,8.77000000,9.24000000,201709-201712,0.05359179
2885,2017-10-02,2017-12-29,8.71000000,9.17000000,201710-201801,0.05281286
2885,2017-11-01,2018-01-31,8.94000000,9.30000000,201711-201802,0.04026846
2885,2017-12-01,2018-02-27,9.27000000,8.74000000,201712-201803,-0.05717368
2885,2018-01-02,2018-03-31,9.17000000,8.87000000,201801-201804,-0.03271538
2885,2018-02-01,2018-04-30,9.27000000,9.44000000,201802-201805,0.01833873
2885,2018-03-01,2018-05-31,8.74000000,9.37000000,201803-201806,0.07208238
2885,2018-04-02,2018-06-29,8.94000000,9.24000000,201804-201807,0.03355705
2885,2018-05-02,2018-07-31,9.67000000,9.77000000,201805-201808,0.01034126
2885,2018-06-01,2018-08-31,9.30000000,10.78000000,201806-201809,0.15913978
2885,2018-07-02,2018-09-28,9.20000000,11.16000000,201807-201810,0.21304348
2885,2018-08-01,2018-10-31,9.74000000,10.40000000,201808-201811,0.06776181
2885,2018-09-03,2018-11-30,10.57000000,10.88000000,201809-201812,0.02932829
2885,2018-10-01,2018-12-28,11.16000000,10.71000000,201810-201901,-0.04032258
2885,2018-11-01,2019-01-30,10.36000000,11.78000000,201811-201902,0.13706564
2885,2018-12-03,2019-02-27,10.88000000,12.10000000,201812-201903,0.11213235
2885,2019-01-02,2019-03-29,10.54000000,12.17000000,201901-201904,0.15464896
2885,2019-02-11,2019-04-30,11.68000000,12.41000000,201902-201905,0.06250000
2885,2019-03-04,2019-05-31,11.92000000,12.30000000,201903-201906,0.03187919
2885,2019-04-01,2019-06-28,12.17000000,12.93000000,201904-201907,0.06244864
2885,2019-05-02,2019-07-31,12.30000000,12.74000000,201905-201908,0.03577236
2885,2019-06-03,2019-08-30,12.44000000,13.14000000,201906-201909,0.05627010
2885,2019-07-01,2019-09-27,13.14000000,13.46000000,201907-201910,0.02435312
2885,2019-08-01,2019-10-31,12.63000000,13.86000000,201908-201911,0.09738717
2885,2019-09-02,2019-11-29,13.32000000,14.37000000,201909-201912,0.07882883
2885,2019-10-01,2019-12-31,13.54000000,14.70000000,201910-202001,0.08567208
2885,2019-11-01,2020-01-31,13.86000000,14.34000000,201911-202002,0.03463203
2885,2019-12-02,2020-02-27,14.37000000,13.97000000,201912-202003,-0.02783577
2885,2020-01-02,2020-03-31,14.70000000,11.32000000,202001-202004,-0.22993197
2885,2020-02-03,2020-04-30,14.41000000,12.44000000,202002-202005,-0.13671062
2885,2020-03-02,2020-05-29,13.79000000,11.83000000,202003-202006,-0.14213198
2885,2020-04-01,2020-06-30,11.13000000,13.16000000,202004-202007,0.18238994
2885,2020-05-04,2020-07-31,12.01000000,13.58000000,202005-202008,0.13072440
2885,2020-06-01,2020-08-31,12.12000000,14.43000000,202006-202009,0.19059406
2885,2020-07-01,2020-09-30,13.28000000,13.96000000,202007-202010,0.05120482
2885,2020-08-03,2020-10-30,13.54000000,13.92000000,202008-202011,0.02806499
2885,2020-09-01,2020-11-30,14.35000000,14.98000000,202009-202012,0.04390244
2885,2020-10-05,2020-12-31,14.00000000,16.12000000,202010-202101,0.15142857
2886,2010-01-04,2010-03-31,8.55000000,8.46000000,201001-201004,-0.01052632
2886,2010-02-01,2010-04-30,7.91000000,8.46000000,201002-201005,0.06953224
2886,2010-03-01,2010-05-31,8.21000000,7.79000000,201003-201006,-0.05115713
2886,2010-04-01,2010-06-30,8.55000000,7.95000000,201004-201007,-0.07017544
2886,2010-05-03,2010-07-30,8.39000000,8.80000000,201005-201008,0.04886770
2886,2010-06-01,2010-08-31,7.63000000,9.35000000,201006-201009,0.22542595
2886,2010-07-01,2010-09-30,7.91000000,10.15000000,201007-201010,0.28318584
2886,2010-08-02,2010-10-29,9.13000000,10.27000000,201008-201011,0.12486309
2886,2010-09-01,2010-11-30,9.52000000,9.79000000,201009-201012,0.02836134
2886,2010-10-01,2010-12-31,10.18000000,10.85000000,201010-201101,0.06581532
2886,2010-11-01,2011-01-28,10.37000000,11.41000000,201011-201102,0.10028930
2886,2010-12-01,2011-02-25,10.27000000,10.37000000,201012-201103,0.00973710
2886,2011-01-03,2011-03-31,11.05000000,11.19000000,201101-201104,0.01266968
2886,2011-02-08,2011-04-29,11.29000000,12.09000000,201102-201105,0.07085917
2886,2011-03-01,2011-05-31,10.54000000,11.84000000,201103-201106,0.12333966
2886,2011-04-01,2011-06-30,11.12000000,12.13000000,201104-201107,0.09082734
2886,2011-05-03,2011-07-29,12.04000000,13.42000000,201105-201108,0.11461794
2886,2011-06-01,2011-08-31,11.99000000,13.12000000,201106-201109,0.09424520
2886,2011-07-01,2011-09-30,12.54000000,10.92000000,201107-201110,-0.12918660
2886,2011-08-01,2011-10-31,13.87000000,11.94000000,201108-201111,-0.13914924
2886,2011-09-01,2011-11-30,13.20000000,9.97000000,201109-201112,-0.24469697
2886,2011-10-03,2011-12-30,10.31000000,10.33000000,201110-201201,0.00193986
2886,2011-11-01,2012-01-31,11.92000000,10.38000000,201111-201202,-0.12919463
2886,2011-12-01,2012-02-29,10.67000000,11.71000000,201112-201203,0.09746954
2886,2012-01-02,2012-03-30,9.95000000,10.67000000,201201-201204,0.07236181
2886,2012-02-01,2012-04-30,10.72000000,11.82000000,201202-201205,0.10261194
2886,2012-03-01,2012-05-31,11.53000000,10.61000000,201203-201206,-0.07979185
2886,2012-04-02,2012-06-29,10.69000000,11.18000000,201204-201207,0.04583723
2886,2012-05-02,2012-07-31,11.71000000,12.46000000,201205-201208,0.06404782
2886,2012-06-01,2012-08-31,10.33000000,12.14000000,201206-201209,0.17521781
2886,2012-07-02,2012-09-28,11.36000000,12.16000000,201207-201210,0.07042254
2886,2012-08-01,2012-10-31,12.40000000,11.44000000,201208-201211,-0.07741935
2886,2012-09-03,2012-11-30,12.16000000,12.24000000,201209-201212,0.00657895
2886,2012-10-01,2012-12-28,12.03000000,12.16000000,201210-201301,0.01080632
2886,2016-01-04,2016-03-31,13.41000000,14.62000000,201601-201604,0.09023117
2886,2016-02-01,2016-04-29,13.85000000,14.62000000,201602-201605,0.05559567
2886,2016-03-01,2016-05-31,13.92000000,15.26000000,201603-201606,0.09626437
2886,2016-04-01,2016-06-30,14.46000000,15.51000000,201604-201607,0.07261411
2886,2016-05-03,2016-07-29,14.75000000,15.96000000,201605-201608,0.08203390
2886,2016-06-01,2016-08-31,15.42000000,14.64000000,201606-201609,-0.05058366
2886,2016-07-01,2016-09-30,15.51000000,14.94000000,201607-201610,-0.03675048
2886,2016-08-01,2016-10-31,15.96000000,14.64000000,201608-201611,-0.08270677
2886,2016-09-01,2016-11-30,14.40000000,15.41000000,201609-201612,0.07013889
2886,2016-10-03,2016-12-30,14.87000000,15.58000000,201610-201701,0.04774714
2886,2016-11-01,2017-01-24,14.60000000,15.79000000,201611-201702,0.08150685
2886,2016-12-01,2017-02-24,15.52000000,16.19000000,201612-201703,0.04317010
2886,2017-01-03,2017-03-31,15.65000000,16.60000000,201701-201704,0.06070288
2886,2017-02-02,2017-04-28,15.79000000,16.43000000,201702-201705,0.04053198
2886,2017-03-01,2017-05-31,16.30000000,16.43000000,201703-201706,0.00797546
2886,2017-04-05,2017-06-30,16.57000000,17.14000000,201704-201707,0.03439952
2886,2017-05-02,2017-07-31,16.57000000,17.31000000,201705-201708,0.04465902
2886,2017-06-01,2017-08-31,16.43000000,17.39000000,201706-201709,0.05842970
2886,2017-07-03,2017-09-30,17.35000000,17.03000000,201707-201710,-0.01844380
2886,2017-08-01,2017-10-31,17.31000000,17.00000000,201708-201711,-0.01790872
2886,2017-09-01,2017-11-30,17.25000000,16.96000000,201709-201712,-0.01681159
2886,2017-10-02,2017-12-29,17.14000000,17.25000000,201710-201801,0.00641774
2886,2017-11-01,2018-01-31,16.96000000,18.14000000,201711-201802,0.06957547
2886,2017-12-01,2018-02-27,17.00000000,17.89000000,201712-201803,0.05235294
2886,2018-01-02,2018-03-31,17.36000000,18.07000000,201801-201804,0.04089862
2886,2018-02-01,2018-04-30,18.22000000,18.83000000,201802-201805,0.03347969
2886,2018-03-01,2018-05-31,18.00000000,18.83000000,201803-201806,0.04611111
2886,2018-04-02,2018-06-29,18.18000000,19.29000000,201804-201807,0.06105611
2886,2018-05-02,2018-07-31,18.83000000,19.54000000,201805-201808,0.03770579
2886,2018-06-01,2018-08-31,19.15000000,19.58000000,201806-201809,0.02245431
2886,2018-07-02,2018-09-28,19.01000000,20.87000000,201807-201810,0.09784324
2886,2018-08-01,2018-10-31,19.69000000,19.84000000,201808-201811,0.00761808
2886,2018-09-03,2018-11-30,19.54000000,19.43000000,201809-201812,-0.00562948
2886,2018-10-01,2018-12-28,20.87000000,19.69000000,201810-201901,-0.05654049
2886,2018-11-01,2019-01-30,19.61000000,20.18000000,201811-201902,0.02906680
2886,2018-12-03,2019-02-27,19.61000000,20.68000000,201812-201903,0.05456400
2886,2019-01-02,2019-03-29,19.31000000,21.28000000,201901-201904,0.10201968
2886,2019-02-11,2019-04-30,20.03000000,22.50000000,201902-201905,0.12331503
2886,2019-03-04,2019-05-31,20.49000000,23.52000000,201903-201906,0.14787701
2886,2019-04-01,2019-06-28,21.17000000,23.45000000,201904-201907,0.10769957
2886,2019-05-02,2019-07-31,22.84000000,24.36000000,201905-201908,0.06654991
2886,2019-06-03,2019-08-30,23.52000000,21.82000000,201906-201909,-0.07227891
2886,2019-07-01,2019-09-27,23.45000000,21.82000000,201907-201910,-0.06950959
2886,2019-08-01,2019-10-31,24.02000000,22.69000000,201908-201911,-0.05537052
2886,2019-09-02,2019-11-29,21.59000000,22.99000000,201909-201912,0.06484484
2886,2019-10-01,2019-12-31,21.82000000,23.22000000,201910-202001,0.06416132
2886,2019-11-01,2020-01-31,22.50000000,23.94000000,201911-202002,0.06400000
2886,2019-12-02,2020-02-27,22.99000000,24.55000000,201912-202003,0.06785559
2886,2020-01-02,2020-03-31,23.22000000,21.59000000,202001-202004,-0.07019811
2886,2020-02-03,2020-04-30,23.98000000,22.84000000,202002-202005,-0.04753962
2886,2020-03-02,2020-05-29,24.24000000,23.33000000,202003-202006,-0.03754125
2886,2020-04-01,2020-06-30,21.28000000,23.45000000,202004-202007,0.10197368
2886,2020-05-04,2020-07-31,22.27000000,24.55000000,202005-202008,0.10237988
2886,2020-06-01,2020-08-31,23.29000000,23.43000000,202006-202009,0.00601116
2886,2020-07-01,2020-09-30,23.71000000,22.26000000,202007-202010,-0.06115563
2886,2020-08-03,2020-10-30,24.36000000,22.06000000,202008-202011,-0.09441708
2886,2020-09-01,2020-11-30,23.27000000,22.78000000,202009-202012,-0.02105716
2886,2020-10-05,2020-12-31,22.26000000,23.87000000,202010-202101,0.07232704
2887,2010-01-04,2010-03-31,3.73000000,3.81000000,201001-201004,0.02144772
2887,2010-02-03,2010-04-30,3.80000000,3.61000000,201002-201005,-0.05000000
2887,2010-03-01,2010-05-31,3.36000000,3.37000000,201003-201006,0.00297619
2887,2010-04-01,2010-06-30,3.90000000,3.70000000,201004-201007,-0.05128205
2887,2010-05-03,2010-07-30,3.58000000,4.23000000,201005-201008,0.18156425
2887,2010-06-01,2010-08-31,3.34000000,4.30000000,201006-201009,0.28742515
2887,2010-07-01,2010-09-30,3.67000000,4.60000000,201007-201010,0.25340599
2887,2010-08-02,2010-10-29,4.41000000,4.40000000,201008-201011,-0.00226757
2887,2010-09-01,2010-11-30,4.32000000,4.38000000,201009-201012,0.01388889
2887,2010-10-01,2010-12-31,4.69000000,5.66000000,201010-201101,0.20682303
2887,2010-11-01,2011-01-28,4.48000000,5.55000000,201011-201102,0.23883929
2887,2010-12-01,2011-02-25,4.60000000,5.04000000,201012-201103,0.09565217
2887,2011-01-03,2011-03-31,5.86000000,5.47000000,201101-201104,-0.06655290
2887,2011-02-08,2011-04-29,5.50000000,5.53000000,201102-201105,0.00545455
2887,2011-03-01,2011-05-31,5.07000000,5.65000000,201103-201106,0.11439842
2887,2011-04-01,2011-06-30,5.47000000,5.60000000,201104-201107,0.02376600
2887,2011-05-03,2011-07-29,5.47000000,5.48000000,201105-201108,0.00182815
2887,2011-06-01,2011-08-31,5.63000000,4.67000000,201106-201109,-0.17051510
2887,2011-07-01,2011-09-30,5.65000000,4.24000000,201107-201110,-0.24955752
2887,2011-08-01,2011-10-31,5.63000000,4.59000000,201108-201111,-0.18472469
2887,2011-09-01,2011-11-30,4.77000000,3.88000000,201109-201112,-0.18658281
2887,2011-10-03,2011-12-30,4.04000000,3.74000000,201110-201201,-0.07425743
2887,2011-11-01,2012-01-31,4.58000000,3.92000000,201111-201202,-0.14410480
2887,2011-12-01,2012-02-29,4.15000000,4.27000000,201112-201203,0.02891566
2887,2012-01-02,2012-03-30,3.61000000,4.20000000,201201-201204,0.16343490
2887,2012-02-01,2012-04-30,3.95000000,4.02000000,201202-201205,0.01772152
2887,2012-03-01,2012-05-31,4.20000000,3.99000000,201203-201206,-0.05000000
2887,2012-04-02,2012-06-29,4.18000000,4.06000000,201204-201207,-0.02870813
2887,2012-05-02,2012-07-31,4.13000000,4.35000000,201205-201208,0.05326877
2887,2012-06-01,2012-08-31,3.90000000,4.53000000,201206-201209,0.16153846
2887,2012-07-02,2012-09-28,4.13000000,4.47000000,201207-201210,0.08232446
2887,2012-08-01,2012-10-31,4.33000000,4.13000000,201208-201211,-0.04618938
2887,2012-09-03,2012-11-30,4.53000000,4.37000000,201209-201212,-0.03532009
2887,2012-10-01,2012-12-28,4.43000000,4.57000000,201210-201301,0.03160271
2887,2016-01-04,2016-03-31,5.61000000,5.72000000,201601-201604,0.01960784
2887,2016-02-01,2016-04-29,5.49000000,6.14000000,201602-201605,0.11839709
2887,2016-03-01,2016-05-31,5.51000000,6.19000000,201603-201606,0.12341198
2887,2016-04-01,2016-06-30,5.69000000,6.24000000,201604-201607,0.09666081
2887,2016-05-03,2016-07-29,6.04000000,6.45000000,201605-201608,0.06788079
2887,2016-06-01,2016-08-31,6.22000000,6.73000000,201606-201609,0.08199357
2887,2016-07-01,2016-09-30,6.27000000,6.53000000,201607-201610,0.04146730
2887,2016-08-01,2016-10-31,6.52000000,6.48000000,201608-201611,-0.00613497
2887,2016-09-01,2016-11-30,6.56000000,6.56000000,201609-201612,0.00000000
2887,2016-10-03,2016-12-30,6.53000000,6.62000000,201610-201701,0.01378254
2887,2016-11-01,2017-01-24,6.45000000,6.62000000,201611-201702,0.02635659
2887,2016-12-01,2017-02-24,6.59000000,6.81000000,201612-201703,0.03338392
2887,2017-01-03,2017-03-31,6.62000000,7.09000000,201701-201704,0.07099698
2887,2017-02-02,2017-04-28,6.62000000,6.98000000,201702-201705,0.05438066
2887,2017-03-01,2017-05-31,6.73000000,7.54000000,201703-201706,0.12035661
2887,2017-04-05,2017-06-30,7.04000000,7.77000000,201704-201707,0.10369318
2887,2017-05-02,2017-07-31,7.07000000,7.96000000,201705-201708,0.12588402
2887,2017-06-01,2017-08-31,7.54000000,8.15000000,201706-201709,0.08090186
2887,2017-07-03,2017-09-30,7.82000000,7.93000000,201707-201710,0.01406650
2887,2017-08-01,2017-10-31,7.96000000,8.03000000,201708-201711,0.00879397
2887,2017-09-01,2017-11-30,8.15000000,8.21000000,201709-201712,0.00736196
2887,2017-10-02,2017-12-29,7.93000000,8.42000000,201710-201801,0.06179067
2887,2017-11-01,2018-01-31,8.06000000,8.94000000,201711-201802,0.10918114
2887,2017-12-01,2018-02-27,8.24000000,8.63000000,201712-201803,0.04733010
2887,2018-01-02,2018-03-31,8.51000000,8.66000000,201801-201804,0.01762632
2887,2018-02-01,2018-04-30,8.94000000,8.78000000,201802-201805,-0.01789709
2887,2018-03-01,2018-05-31,8.60000000,8.97000000,201803-201806,0.04302326
2887,2018-04-02,2018-06-29,8.63000000,8.75000000,201804-201807,0.01390498
2887,2018-05-02,2018-07-31,8.82000000,9.12000000,201805-201808,0.03401361
2887,2018-06-01,2018-08-31,9.00000000,9.51000000,201806-201809,0.05666667
2887,2018-07-02,2018-09-28,8.75000000,9.71000000,201807-201810,0.10971429
2887,2018-08-01,2018-10-31,9.15000000,9.05000000,201808-201811,-0.01092896
2887,2018-09-03,2018-11-30,9.51000000,8.92000000,201809-201812,-0.06203996
2887,2018-10-01,2018-12-28,9.77000000,8.59000000,201810-201901,-0.12077789
2887,2018-11-01,2019-01-30,9.02000000,8.95000000,201811-201902,-0.00776053
2887,2018-12-03,2019-02-27,8.98000000,9.18000000,201812-201903,0.02227171
2887,2019-01-02,2019-03-29,8.62000000,9.25000000,201901-201904,0.07308585
2887,2019-02-11,2019-04-30,8.98000000,9.21000000,201902-201905,0.02561247
2887,2019-03-04,2019-05-31,9.18000000,9.28000000,201903-201906,0.01089325
2887,2019-04-01,2019-06-28,9.21000000,9.41000000,201904-201907,0.02171553
2887,2019-05-02,2019-07-31,9.28000000,9.61000000,201905-201908,0.03556034
2887,2019-06-03,2019-08-30,9.31000000,9.33000000,201906-201909,0.00214823
2887,2019-07-01,2019-09-27,9.41000000,9.65000000,201907-201910,0.02550478
2887,2019-08-01,2019-10-31,9.51000000,9.86000000,201908-201911,0.03680336
2887,2019-09-02,2019-11-29,9.37000000,9.93000000,201909-201912,0.05976521
2887,2019-10-01,2019-12-31,9.75000000,10.10000000,201910-202001,0.03589744
2887,2019-11-01,2020-01-31,9.89000000,9.86000000,201911-202002,-0.00303337
2887,2019-12-02,2020-02-27,9.96000000,9.89000000,201912-202003,-0.00702811
2887,2020-01-02,2020-03-31,10.14000000,8.15000000,202001-202004,-0.19625247
2887,2020-02-03,2020-04-30,9.86000000,8.88000000,202002-202005,-0.09939148
2887,2020-03-02,2020-05-29,9.75000000,9.06000000,202003-202006,-0.07076923
2887,2020-04-01,2020-06-30,8.08000000,9.30000000,202004-202007,0.15099010
2887,2020-05-04,2020-07-31,8.53000000,9.30000000,202005-202008,0.09026964
2887,2020-06-01,2020-08-31,9.20000000,9.85000000,202006-202009,0.07065217
2887,2020-07-01,2020-09-30,9.40000000,9.51000000,202007-202010,0.01170213
2887,2020-08-03,2020-10-30,9.30000000,9.37000000,202008-202011,0.00752688
2887,2020-09-01,2020-11-30,9.77000000,9.92000000,202009-202012,0.01535312
2887,2020-10-05,2020-12-31,9.55000000,9.85000000,202010-202101,0.03141361
2887C,2011-12-01,2012-02-08,31.50000000,31.79000000,201112-201203,0.00920635
2887E,2017-02-13,2017-04-28,37.73000000,37.80000000,201702-201705,0.00185529
2887E,2017-03-01,2017-05-31,38.31000000,37.73000000,201703-201706,-0.01513965
2887E,2017-04-05,2017-06-30,37.80000000,37.73000000,201704-201707,-0.00185185
2887E,2017-05-02,2017-07-31,37.80000000,37.82000000,201705-201708,0.00052910
2887E,2018-10-01,2018-12-28,40.71000000,40.55000000,201810-201901,-0.00393024
2887E,2018-11-01,2019-01-30,40.25000000,41.62000000,201811-201902,0.03403727
2887E,2018-12-03,2019-02-27,40.78000000,42.00000000,201812-201903,0.02991663
2887E,2019-01-02,2019-03-29,40.63000000,42.08000000,201901-201904,0.03568792
2887E,2019-02-11,2019-04-30,41.77000000,42.23000000,201902-201905,0.01101269
2887E,2019-03-04,2019-05-31,42.08000000,42.16000000,201903-201906,0.00190114
2887E,2020-03-02,2020-05-29,44.84000000,43.49000000,202003-202006,-0.03010705
2887E,2020-04-01,2020-06-30,41.42000000,44.84000000,202004-202007,0.08256881
2887E,2020-05-04,2020-07-31,43.09000000,44.98000000,202005-202008,0.04386168
2888,2010-01-04,2010-03-31,8.73000000,8.27000000,201001-201004,-0.05269187
2888,2010-02-01,2010-04-30,7.94000000,8.04000000,201002-201005,0.01259446
2888,2010-03-01,2010-05-31,7.84000000,7.38000000,201003-201006,-0.05867347
2888,2010-04-01,2010-06-30,8.57000000,7.34000000,201004-201007,-0.14352392
2888,2010-05-03,2010-07-30,7.90000000,7.67000000,201005-201008,-0.02911392
2888,2010-06-01,2010-08-31,7.28000000,7.04000000,201006-201009,-0.03296703
2888,2010-07-01,2010-09-30,7.28000000,7.41000000,201007-201010,0.01785714
2888,2010-08-02,2010-10-29,7.87000000,7.52000000,201008-201011,-0.04447268
2888,2010-09-01,2010-11-30,7.01000000,7.42000000,201009-201012,0.05848787
2888,2010-10-01,2010-12-31,7.47000000,9.36000000,201010-201101,0.25301205
2888,2010-11-01,2011-01-28,7.59000000,9.86000000,201011-201102,0.29907773
2888,2010-12-01,2011-02-25,7.89000000,8.32000000,201012-201103,0.05449937
2888,2011-01-03,2011-03-31,9.99000000,8.52000000,201101-201104,-0.14714715
2888,2011-02-08,2011-04-29,9.72000000,8.39000000,201102-201105,-0.13683128
2888,2011-03-01,2011-05-31,8.35000000,8.49000000,201103-201106,0.01676647
2888,2011-04-01,2011-06-30,8.49000000,8.25000000,201104-201107,-0.02826855
2888,2011-05-03,2011-07-29,8.25000000,8.32000000,201105-201108,0.00848485
2888,2011-06-01,2011-08-31,8.45000000,6.85000000,201106-201109,-0.18934911
2888,2011-07-01,2011-09-30,8.25000000,6.09000000,201107-201110,-0.26181818
2888,2011-08-01,2011-10-31,8.52000000,6.32000000,201108-201111,-0.25821596
2888,2011-09-01,2011-11-30,6.95000000,5.33000000,201109-201112,-0.23309353
2888,2011-10-03,2011-12-30,5.71000000,5.73000000,201110-201201,0.00350263
2888,2011-11-01,2012-01-31,6.25000000,6.01000000,201111-201202,-0.03840000
2888,2011-12-01,2012-02-29,5.70000000,6.66000000,201112-201203,0.16842105
2888,2012-01-02,2012-03-30,5.59000000,6.28000000,201201-201204,0.12343470
2888,2012-02-01,2012-04-30,6.10000000,5.79000000,201202-201205,-0.05081967
2888,2012-03-01,2012-05-31,6.68000000,5.53000000,201203-201206,-0.17215569
2888,2012-04-02,2012-06-29,6.21000000,5.73000000,201204-201207,-0.07729469
2888,2012-05-02,2012-07-31,6.01000000,6.12000000,201205-201208,0.01830283
2888,2012-06-01,2012-08-31,5.41000000,5.42000000,201206-201209,0.00184843
2888,2012-07-02,2012-09-28,5.87000000,5.46000000,201207-201210,-0.06984668
2888,2012-08-01,2012-10-31,6.09000000,5.06000000,201208-201211,-0.16912972
2888,2012-09-03,2012-11-30,5.43000000,5.38000000,201209-201212,-0.00920810
2888,2012-10-01,2012-12-28,5.39000000,5.47000000,201210-201301,0.01484230
2888,2016-01-04,2016-03-31,5.25000000,4.97000000,201601-201604,-0.05333333
2888,2016-02-01,2016-04-29,4.91000000,5.02000000,201602-201605,0.02240326
2888,2016-03-01,2016-05-31,4.86000000,5.23000000,201603-201606,0.07613169
2888,2016-04-01,2016-06-30,4.90000000,4.85000000,201604-201607,-0.01020408
2888,2016-05-03,2016-07-29,4.99000000,4.98000000,201605-201608,-0.00200401
2888,2016-06-01,2016-08-31,5.31000000,5.35000000,201606-201609,0.00753296
2888,2016-07-01,2016-09-30,4.91000000,5.30000000,201607-201610,0.07942974
2888,2016-08-01,2016-10-31,5.08000000,5.27000000,201608-201611,0.03740157
2888,2016-09-01,2016-11-30,5.24000000,6.32000000,201609-201612,0.20610687
2888,2016-10-03,2016-12-30,5.33000000,6.07000000,201610-201701,0.13883677
2888,2016-11-01,2017-01-24,5.27000000,6.17000000,201611-201702,0.17077799
2888,2016-12-01,2017-02-24,6.33000000,6.37000000,201612-201703,0.00631912
2888,2017-01-03,2017-03-31,6.04000000,6.81000000,201701-201704,0.12748344
2888,2017-02-02,2017-04-28,6.14000000,6.19000000,201702-201705,0.00814332
2888,2017-03-01,2017-05-31,6.32000000,5.96000000,201703-201706,-0.05696203
2888,2017-04-05,2017-06-30,6.81000000,6.23000000,201704-201707,-0.08516887
2888,2017-05-02,2017-07-31,6.19000000,6.36000000,201705-201708,0.02746365
2888,2017-06-01,2017-08-31,5.86000000,6.91000000,201706-201709,0.17918089
2888,2017-07-03,2017-09-30,6.25000000,7.21000000,201707-201710,0.15360000
2888,2017-08-01,2017-10-31,6.33000000,7.61000000,201708-201711,0.20221169
2888,2017-09-01,2017-11-30,7.38000000,8.08000000,201709-201712,0.09485095
2888,2017-10-02,2017-12-29,7.31000000,8.28000000,201710-201801,0.13269494
2888,2017-11-01,2018-01-31,7.54000000,8.43000000,201711-201802,0.11803714
2888,2017-12-01,2018-02-27,8.12000000,9.50000000,201712-201803,0.16995074
2888,2018-01-02,2018-03-31,8.28000000,9.10000000,201801-201804,0.09903382
2888,2018-02-01,2018-04-30,8.39000000,9.58000000,201802-201805,0.14183552
2888,2018-03-01,2018-05-31,9.62000000,9.46000000,201803-201806,-0.01663202
2888,2018-04-02,2018-06-29,9.02000000,9.26000000,201804-201807,0.02660754
2888,2018-05-02,2018-07-31,9.58000000,9.14000000,201805-201808,-0.04592902
2888,2018-06-01,2018-08-31,9.46000000,9.58000000,201806-201809,0.01268499
2888,2018-07-02,2018-09-28,9.14000000,9.82000000,201807-201810,0.07439825
2888,2018-08-01,2018-10-31,9.06000000,8.34000000,201808-201811,-0.07947020
2888,2018-09-03,2018-11-30,9.58000000,8.59000000,201809-201812,-0.10334029
2888,2018-10-01,2018-12-28,9.78000000,7.37000000,201810-201901,-0.24642127
2888,2018-11-01,2019-01-30,8.30000000,7.14000000,201811-201902,-0.13975904
2888,2018-12-03,2019-02-27,8.63000000,7.59000000,201812-201903,-0.12050985
2888,2019-01-02,2019-03-29,7.19000000,7.46000000,201901-201904,0.03755216
2888,2019-02-11,2019-04-30,7.13000000,7.18000000,201902-201905,0.00701262
2888,2019-03-04,2019-05-31,7.56000000,7.22000000,201903-201906,-0.04497354
2888,2019-04-01,2019-06-28,7.24000000,7.75000000,201904-201907,0.07044199
2888,2019-05-02,2019-07-31,7.25000000,7.59000000,201905-201908,0.04689655
2888,2019-06-03,2019-08-30,7.32000000,7.72000000,201906-201909,0.05464481
2888,2019-07-01,2019-09-27,7.79000000,7.90000000,201907-201910,0.01412067
2888,2019-08-01,2019-10-31,7.55000000,8.09000000,201908-201911,0.07152318
2888,2019-09-02,2019-11-29,7.81000000,8.46000000,201909-201912,0.08322663
2888,2019-10-01,2019-12-31,7.99000000,8.71000000,201910-202001,0.09011264
2888,2019-11-01,2020-01-31,8.16000000,8.29000000,201911-202002,0.01593137
2888,2019-12-02,2020-02-27,8.50000000,7.75000000,201912-202003,-0.08823529
2888,2020-01-02,2020-03-31,8.79000000,6.42000000,202001-202004,-0.26962457
2888,2020-02-03,2020-04-30,8.08000000,7.20000000,202002-202005,-0.10891089
2888,2020-03-02,2020-05-29,7.63000000,7.03000000,202003-202006,-0.07863696
2888,2020-04-01,2020-06-30,6.43000000,7.25000000,202004-202007,0.12752722
2888,2020-05-04,2020-07-31,6.98000000,7.18000000,202005-202008,0.02865330
2888,2020-06-01,2020-08-31,7.04000000,7.34000000,202006-202009,0.04261364
2888,2020-07-01,2020-09-30,7.25000000,7.11000000,202007-202010,-0.01931034
2888,2020-08-03,2020-10-30,7.12000000,7.04000000,202008-202011,-0.01123596
2888,2020-09-01,2020-11-30,7.39000000,7.59000000,202009-202012,0.02706360
2888,2020-10-05,2020-12-31,7.11000000,7.79000000,202010-202101,0.09563994
2889,2010-01-04,2010-03-31,4.21000000,4.11000000,201001-201004,-0.02375297
2889,2010-02-01,2010-04-30,4.15000000,4.09000000,201002-201005,-0.01445783
2889,2010-03-01,2010-05-31,4.09000000,3.86000000,201003-201006,-0.05623472
2889,2010-04-01,2010-06-30,4.17000000,3.90000000,201004-201007,-0.06474820
2889,2010-05-03,2010-07-30,4.13000000,4.01000000,201005-201008,-0.02905569
2889,2010-06-01,2010-08-31,3.91000000,4.02000000,201006-201009,0.02813299
2889,2010-07-01,2010-09-30,3.88000000,4.18000000,201007-201010,0.07731959
2889,2010-08-02,2010-10-29,4.17000000,4.37000000,201008-201011,0.04796163
2889,2010-09-01,2010-11-30,4.01000000,4.53000000,201009-201012,0.12967581
2889,2010-10-01,2010-12-31,4.17000000,5.71000000,201010-201101,0.36930456
2889,2010-11-01,2011-01-28,4.37000000,7.43000000,201011-201102,0.70022883
2889,2010-12-01,2011-02-25,4.58000000,7.01000000,201012-201103,0.53056769
2889,2011-01-03,2011-03-31,5.86000000,7.10000000,201101-201104,0.21160410
2889,2011-02-08,2011-04-29,7.45000000,6.04000000,201102-201105,-0.18926174
2889,2011-03-01,2011-05-31,7.10000000,5.79000000,201103-201106,-0.18450704
2889,2011-04-01,2011-06-30,6.90000000,5.71000000,201104-201107,-0.17246377
2889,2011-05-03,2011-07-29,6.04000000,5.77000000,201105-201108,-0.04470199
2889,2011-06-01,2011-08-31,5.77000000,5.42000000,201106-201109,-0.06065858
2889,2011-07-01,2011-09-30,5.75000000,4.80000000,201107-201110,-0.16521739
2889,2011-08-01,2011-10-31,5.84000000,5.35000000,201108-201111,-0.08390411
2889,2011-09-01,2011-11-30,5.42000000,4.70000000,201109-201112,-0.13284133
2889,2011-10-03,2011-12-30,4.73000000,4.86000000,201110-201201,0.02748414
2889,2011-11-01,2012-01-31,5.42000000,4.68000000,201111-201202,-0.13653137
2889,2011-12-01,2012-02-29,4.94000000,5.03000000,201112-201203,0.01821862
2889,2012-01-02,2012-03-30,4.76000000,4.89000000,201201-201204,0.02731092
2889,2012-02-01,2012-04-30,4.86000000,4.80000000,201202-201205,-0.01234568
2889,2012-03-01,2012-05-31,4.98000000,4.74000000,201203-201206,-0.04819277
2889,2012-04-02,2012-06-29,4.91000000,4.84000000,201204-201207,-0.01425662
2889,2012-05-02,2012-07-31,4.86000000,4.89000000,201205-201208,0.00617284
2889,2012-06-01,2012-08-31,4.66000000,4.33000000,201206-201209,-0.07081545
2889,2012-07-02,2012-09-28,4.82000000,4.30000000,201207-201210,-0.10788382
2889,2012-08-01,2012-10-31,4.84000000,4.26000000,201208-201211,-0.11983471
2889,2012-09-03,2012-11-30,4.32000000,4.31000000,201209-201212,-0.00231481
2889,2012-10-01,2012-12-28,4.27000000,4.81000000,201210-201301,0.12646370
2889,2016-11-01,2017-01-24,4.79000000,4.99000000,201611-201702,0.04175365
2889,2016-12-01,2017-02-24,4.96000000,5.24000000,201612-201703,0.05645161
2889,2017-01-03,2017-03-31,4.96000000,5.58000000,201701-201704,0.12500000
2889,2017-05-02,2017-07-31,5.57000000,5.74000000,201705-201708,0.03052065
2889,2018-05-02,2018-07-31,6.78000000,7.27000000,201805-201808,0.07227139
2889,2018-06-01,2018-08-31,6.78000000,7.35000000,201806-201809,0.08407080
2889,2018-07-02,2018-09-28,6.91000000,7.42000000,201807-201810,0.07380608
2889,2018-08-01,2018-10-31,7.39000000,6.97000000,201808-201811,-0.05683356
2889,2018-09-03,2018-11-30,7.38000000,6.97000000,201809-201812,-0.05555556
2889,2018-10-01,2018-12-28,7.38000000,6.60000000,201810-201901,-0.10569106
2889,2018-11-01,2019-01-30,6.86000000,6.86000000,201811-201902,0.00000000
2889,2018-12-03,2019-02-27,6.97000000,7.00000000,201812-201903,0.00430416
2889,2019-01-02,2019-03-29,6.62000000,7.28000000,201901-201904,0.09969789
2889,2019-02-11,2019-04-30,6.85000000,7.21000000,201902-201905,0.05255474
2889,2019-03-04,2019-05-31,7.03000000,7.28000000,201903-201906,0.03556188
2889,2019-04-01,2019-06-28,7.28000000,7.42000000,201904-201907,0.01923077
2889,2019-05-02,2019-07-31,7.24000000,7.69000000,201905-201908,0.06215470
2889,2019-06-03,2019-08-30,7.28000000,7.55000000,201906-201909,0.03708791
2889,2019-07-01,2019-09-27,7.42000000,7.81000000,201907-201910,0.05256065
2889,2019-08-01,2019-10-31,7.62000000,7.96000000,201908-201911,0.04461942
2889,2019-09-02,2019-11-29,7.63000000,8.00000000,201909-201912,0.04849279
2889,2019-10-01,2019-12-31,7.81000000,8.21000000,201910-202001,0.05121639
2889,2019-11-01,2020-01-31,7.92000000,8.58000000,201911-202002,0.08333333
2889,2019-12-02,2020-02-27,8.03000000,8.29000000,201912-202003,0.03237858
2889,2020-01-02,2020-03-31,8.29000000,7.56000000,202001-202004,-0.08805790
2889,2020-02-03,2020-04-30,8.51000000,8.00000000,202002-202005,-0.05992949
2889,2020-03-02,2020-05-29,8.14000000,8.25000000,202003-202006,0.01351351
2889,2020-04-01,2020-06-30,7.52000000,8.58000000,202004-202007,0.14095745
2889,2020-05-04,2020-07-31,7.89000000,8.75000000,202005-202008,0.10899873
2889,2020-06-01,2020-08-31,8.51000000,9.06000000,202006-202009,0.06462985
2889,2020-07-01,2020-09-30,8.65000000,9.22000000,202007-202010,0.06589595
2889,2020-08-03,2020-10-30,8.79000000,9.22000000,202008-202011,0.04891923
2889,2020-09-01,2020-11-30,9.10000000,9.41000000,202009-202012,0.03406593
2889,2020-10-05,2020-12-31,9.22000000,10.08000000,202010-202101,0.09327549
2890,2010-01-04,2010-03-31,4.75000000,4.23000000,201001-201004,-0.10947368
2890,2010-02-01,2010-04-30,3.95000000,4.02000000,201002-201005,0.01772152
2890,2010-03-01,2010-05-31,3.97000000,3.63000000,201003-201006,-0.08564232
2890,2010-04-01,2010-06-30,4.21000000,3.84000000,201004-201007,-0.08788599
2890,2010-05-03,2010-07-30,3.98000000,4.07000000,201005-201008,0.02261307
2890,2010-06-01,2010-08-31,3.55000000,4.26000000,201006-201009,0.20000000
2890,2010-07-01,2010-09-30,3.76000000,4.43000000,201007-201010,0.17819149
2890,2010-08-02,2010-10-29,4.22000000,4.37000000,201008-201011,0.03554502
2890,2010-09-01,2010-11-30,4.28000000,4.20000000,201009-201012,-0.01869159
2890,2010-10-01,2010-12-31,4.45000000,5.09000000,201010-201101,0.14382022
2890,2010-11-01,2011-01-28,4.45000000,5.34000000,201011-201102,0.20000000
2890,2010-12-01,2011-02-25,4.37000000,4.64000000,201012-201103,0.06178490
2890,2011-01-03,2011-03-31,5.24000000,5.01000000,201101-201104,-0.04389313
2890,2011-02-08,2011-04-29,5.28000000,5.15000000,201102-201105,-0.02462121
2890,2011-03-01,2011-05-31,4.79000000,5.05000000,201103-201106,0.05427975
2890,2011-04-01,2011-06-30,5.05000000,4.69000000,201104-201107,-0.07128713
2890,2011-05-03,2011-07-29,5.19000000,4.73000000,201105-201108,-0.08863198
2890,2011-06-01,2011-08-31,5.11000000,4.44000000,201106-201109,-0.13111546
2890,2011-07-01,2011-09-30,4.71000000,3.96000000,201107-201110,-0.15923567
2890,2011-08-01,2011-10-31,4.84000000,3.92000000,201108-201111,-0.19008264
2890,2011-09-01,2011-11-30,4.48000000,3.38000000,201109-201112,-0.24553571
2890,2011-10-03,2011-12-30,3.70000000,3.69000000,201110-201201,-0.00270270
2890,2011-11-01,2012-01-31,3.91000000,3.70000000,201111-201202,-0.05370844
2890,2011-12-01,2012-02-29,3.62000000,4.40000000,201112-201203,0.21546961
2890,2012-01-02,2012-03-30,3.53000000,4.26000000,201201-201204,0.20679887
2890,2012-02-01,2012-04-30,3.68000000,3.98000000,201202-201205,0.08152174
2890,2012-03-01,2012-05-31,4.46000000,4.44000000,201203-201206,-0.00448430
2890,2012-04-02,2012-06-29,4.20000000,4.48000000,201204-201207,0.06666667
2890,2012-05-02,2012-07-31,4.10000000,5.24000000,201205-201208,0.27804878
2890,2012-06-01,2012-08-31,4.14000000,4.97000000,201206-201209,0.20048309
2890,2012-07-02,2012-09-28,4.62000000,5.16000000,201207-201210,0.11688312
2890,2012-08-01,2012-10-31,5.14000000,4.72000000,201208-201211,-0.08171206
2890,2012-09-03,2012-11-30,4.93000000,5.10000000,201209-201212,0.03448276
2890,2012-10-01,2012-12-28,5.10000000,5.20000000,201210-201301,0.01960784
2890,2016-01-04,2016-03-31,5.24000000,5.72000000,201601-201604,0.09160305
2890,2016-02-01,2016-04-29,5.21000000,5.49000000,201602-201605,0.05374280
2890,2016-03-01,2016-05-31,5.23000000,5.51000000,201603-201606,0.05353728
2890,2016-04-01,2016-06-30,5.63000000,5.47000000,201604-201607,-0.02841918
2890,2016-05-03,2016-07-29,5.48000000,5.92000000,201605-201608,0.08029197
2890,2016-06-01,2016-08-31,5.50000000,5.84000000,201606-201609,0.06181818
2890,2016-07-01,2016-09-30,5.54000000,5.82000000,201607-201610,0.05054152
2890,2016-08-01,2016-10-31,5.95000000,5.73000000,201608-201611,-0.03697479
2890,2016-09-01,2016-11-30,5.80000000,5.72000000,201609-201612,-0.01379310
2890,2016-10-03,2016-12-30,5.80000000,5.71000000,201610-201701,-0.01551724
2890,2016-11-01,2017-01-24,5.74000000,5.80000000,201611-201702,0.01045296
2890,2016-12-01,2017-02-24,5.74000000,5.88000000,201612-201703,0.02439024
2890,2017-01-03,2017-03-31,5.70000000,5.95000000,201701-201704,0.04385965
2890,2017-02-02,2017-04-28,5.79000000,5.80000000,201702-201705,0.00172712
2890,2017-03-01,2017-05-31,5.90000000,5.85000000,201703-201706,-0.00847458
2890,2017-04-05,2017-06-30,5.95000000,5.85000000,201704-201707,-0.01680672
2890,2017-05-02,2017-07-31,5.84000000,5.95000000,201705-201708,0.01883562
2890,2017-06-01,2017-08-31,5.81000000,6.10000000,201706-201709,0.04991394
2890,2017-07-03,2017-09-30,5.88000000,6.13000000,201707-201710,0.04251701
2890,2017-08-01,2017-10-31,5.97000000,6.24000000,201708-201711,0.04522613
2890,2017-09-01,2017-11-30,6.06000000,6.29000000,201709-201712,0.03795380
2890,2017-10-02,2017-12-29,6.15000000,6.52000000,201710-201801,0.06016260
2890,2017-11-01,2018-01-31,6.25000000,6.78000000,201711-201802,0.08480000
2890,2017-12-01,2018-02-27,6.30000000,6.81000000,201712-201803,0.08095238
2890,2018-01-02,2018-03-31,6.54000000,6.98000000,201801-201804,0.06727829
2890,2018-02-01,2018-04-30,6.75000000,7.22000000,201802-201805,0.06962963
2890,2018-03-01,2018-05-31,6.78000000,7.49000000,201803-201806,0.10471976
2890,2018-04-02,2018-06-29,6.95000000,7.42000000,201804-201807,0.06762590
2890,2018-05-02,2018-07-31,7.22000000,7.76000000,201805-201808,0.07479224
2890,2018-06-01,2018-08-31,7.49000000,8.09000000,201806-201809,0.08010681
2890,2018-07-02,2018-09-28,7.39000000,8.02000000,201807-201810,0.08525034
2890,2018-08-01,2018-10-31,7.83000000,7.55000000,201808-201811,-0.03575990
2890,2018-09-03,2018-11-30,7.98000000,7.66000000,201809-201812,-0.04010025
2890,2018-10-01,2018-12-28,8.02000000,7.41000000,201810-201901,-0.07605985
2890,2018-11-01,2019-01-30,7.41000000,7.44000000,201811-201902,0.00404858
2890,2018-12-03,2019-02-27,7.73000000,7.73000000,201812-201903,0.00000000
2890,2019-01-02,2019-03-29,7.30000000,8.20000000,201901-201904,0.12328767
2890,2019-02-11,2019-04-30,7.48000000,8.56000000,201902-201905,0.14438503
2890,2019-03-04,2019-05-31,7.80000000,8.81000000,201903-201906,0.12948718
2890,2019-04-01,2019-06-28,8.16000000,9.39000000,201904-201907,0.15073529
2890,2019-05-02,2019-07-31,8.63000000,9.38000000,201905-201908,0.08690614
2890,2019-06-03,2019-08-30,8.85000000,8.96000000,201906-201909,0.01242938
2890,2019-07-01,2019-09-27,9.35000000,9.15000000,201907-201910,-0.02139037
2890,2019-08-01,2019-10-31,9.27000000,9.46000000,201908-201911,0.02049622
2890,2019-09-02,2019-11-29,9.04000000,9.72000000,201909-201912,0.07522124
2890,2019-10-01,2019-12-31,9.23000000,9.83000000,201910-202001,0.06500542
2890,2019-11-01,2020-01-31,9.49000000,9.76000000,201911-202002,0.02845100
2890,2019-12-02,2020-02-27,9.72000000,9.83000000,201912-202003,0.01131687
2890,2020-01-02,2020-03-31,9.87000000,8.36000000,202001-202004,-0.15298886
2890,2020-02-03,2020-04-30,9.83000000,9.23000000,202002-202005,-0.06103764
2890,2020-03-02,2020-05-29,9.83000000,8.93000000,202003-202006,-0.09155646
2890,2020-04-01,2020-06-30,8.32000000,8.70000000,202004-202007,0.04567308
2890,2020-05-04,2020-07-31,8.85000000,8.54000000,202005-202008,-0.03502825
2890,2020-06-01,2020-08-31,9.04000000,8.66000000,202006-202009,-0.04203540
2890,2020-07-01,2020-09-30,8.74000000,8.70000000,202007-202010,-0.00457666
2890,2020-08-03,2020-10-30,8.54000000,8.58000000,202008-202011,0.00468384
2890,2020-09-01,2020-11-30,8.70000000,8.90000000,202009-202012,0.02298851
2890,2020-10-05,2020-12-31,8.66000000,9.18000000,202010-202101,0.06004619
2891,2010-01-04,2010-03-31,6.60000000,5.94000000,201001-201004,-0.10000000
2891,2010-02-01,2010-04-30,5.65000000,5.88000000,201002-201005,0.04070796
2891,2010-03-01,2010-05-31,5.94000000,5.50000000,201003-201006,-0.07407407
2891,2010-04-01,2010-06-30,5.99000000,5.86000000,201004-201007,-0.02170284
2891,2010-05-03,2010-07-30,5.89000000,6.55000000,201005-201008,0.11205433
2891,2010-06-01,2010-08-31,5.33000000,6.52000000,201006-201009,0.22326454
2891,2010-07-01,2010-09-30,5.73000000,7.16000000,201007-201010,0.24956370
2891,2010-08-02,2010-10-29,6.81000000,6.94000000,201008-201011,0.01908957
2891,2010-09-01,2010-11-30,6.59000000,6.67000000,201009-201012,0.01213961
2891,2010-10-01,2010-12-31,7.18000000,7.77000000,201010-201101,0.08217270
2891,2010-11-01,2011-01-28,7.01000000,9.01000000,201011-201102,0.28530670
2891,2010-12-01,2011-02-25,6.92000000,8.43000000,201012-201103,0.21820809
2891,2011-01-03,2011-03-31,7.94000000,9.08000000,201101-201104,0.14357683
2891,2011-02-08,2011-04-29,8.79000000,9.54000000,201102-201105,0.08532423
2891,2011-03-01,2011-05-31,8.59000000,9.26000000,201103-201106,0.07799767
2891,2011-04-01,2011-06-30,8.97000000,9.08000000,201104-201107,0.01226310
2891,2011-05-03,2011-07-29,9.54000000,9.71000000,201105-201108,0.01781971
2891,2011-06-01,2011-08-31,9.34000000,8.85000000,201106-201109,-0.05246253
2891,2011-07-01,2011-09-30,9.34000000,7.29000000,201107-201110,-0.21948608
2891,2011-08-01,2011-10-31,9.93000000,7.99000000,201108-201111,-0.19536757
2891,2011-09-01,2011-11-30,8.87000000,6.63000000,201109-201112,-0.25253664
2891,2011-10-03,2011-12-30,6.81000000,7.57000000,201110-201201,0.11160059
2891,2011-11-01,2012-01-31,7.95000000,7.65000000,201111-201202,-0.03773585
2891,2011-12-01,2012-02-29,7.09000000,8.11000000,201112-201203,0.14386460
2891,2012-01-02,2012-03-30,7.39000000,7.52000000,201201-201204,0.01759134
2891,2012-02-01,2012-04-30,7.77000000,7.56000000,201202-201205,-0.02702703
2891,2012-03-01,2012-05-31,7.98000000,6.75000000,201203-201206,-0.15413534
2891,2012-04-02,2012-06-29,7.52000000,6.89000000,201204-201207,-0.08377660
2891,2012-05-02,2012-07-31,7.64000000,7.47000000,201205-201208,-0.02225131
2891,2012-06-01,2012-08-31,6.57000000,7.43000000,201206-201209,0.13089802
2891,2012-07-02,2012-09-28,7.07000000,7.99000000,201207-201210,0.13012730
2891,2012-08-01,2012-10-31,7.41000000,7.27000000,201208-201211,-0.01889339
2891,2012-09-03,2012-11-30,7.47000000,7.61000000,201209-201212,0.01874163
2891,2012-10-01,2012-12-28,7.90000000,7.74000000,201210-201301,-0.02025316
2891,2016-01-04,2016-03-31,9.89000000,10.25000000,201601-201604,0.03640040
2891,2016-02-01,2016-04-29,9.56000000,9.89000000,201602-201605,0.03451883
2891,2016-03-01,2016-05-31,9.74000000,10.31000000,201603-201606,0.05852156
2891,2016-04-01,2016-06-30,10.10000000,10.16000000,201604-201607,0.00594059
2891,2016-05-03,2016-07-29,9.95000000,11.10000000,201605-201608,0.11557789
2891,2016-06-01,2016-08-31,10.37000000,11.57000000,201606-201609,0.11571842
2891,2016-07-01,2016-09-30,10.19000000,11.48000000,201607-201610,0.12659470
2891,2016-08-01,2016-10-31,11.13000000,11.58000000,201608-201611,0.04043127
2891,2016-09-01,2016-11-30,11.51000000,11.92000000,201609-201612,0.03562120
2891,2016-10-03,2016-12-30,11.57000000,12.02000000,201610-201701,0.03889369
2891,2016-11-01,2017-01-24,11.64000000,12.12000000,201611-201702,0.04123711
2891,2016-12-01,2017-02-24,11.95000000,12.50000000,201612-201703,0.04602510
2891,2017-01-03,2017-03-31,12.05000000,12.77000000,201701-201704,0.05975104
2891,2017-02-02,2017-04-28,12.16000000,12.84000000,201702-201705,0.05592105
2891,2017-03-01,2017-05-31,12.53000000,13.04000000,201703-201706,0.04070231
2891,2017-04-05,2017-06-30,12.84000000,13.59000000,201704-201707,0.05841121
2891,2017-05-02,2017-07-31,12.87000000,13.88000000,201705-201708,0.07847708
2891,2017-06-01,2017-08-31,13.04000000,13.99000000,201706-201709,0.07285276
2891,2017-07-03,2017-09-30,13.62000000,13.67000000,201707-201710,0.00367107
2891,2017-08-01,2017-10-31,13.67000000,13.81000000,201708-201711,0.01024140
2891,2017-09-01,2017-11-30,13.92000000,14.31000000,201709-201712,0.02801724
2891,2017-10-02,2017-12-29,13.63000000,14.67000000,201710-201801,0.07630227
2891,2017-11-01,2018-01-31,13.81000000,15.24000000,201711-201802,0.10354815
2891,2017-12-01,2018-02-27,14.56000000,15.28000000,201712-201803,0.04945055
2891,2018-01-02,2018-03-31,14.63000000,15.17000000,201801-201804,0.03691046
2891,2018-02-01,2018-04-30,15.24000000,15.21000000,201802-201805,-0.00196850
2891,2018-03-01,2018-05-31,15.38000000,15.46000000,201803-201806,0.00520156
2891,2018-04-02,2018-06-29,15.06000000,15.71000000,201804-201807,0.04316069
2891,2018-05-02,2018-07-31,15.13000000,15.63000000,201805-201808,0.03304693
2891,2018-06-01,2018-08-31,15.53000000,16.27000000,201806-201809,0.04764971
2891,2018-07-02,2018-09-28,15.53000000,17.33000000,201807-201810,0.11590470
2891,2018-08-01,2018-10-31,15.90000000,15.56000000,201808-201811,-0.02138365
2891,2018-09-03,2018-11-30,16.09000000,15.41000000,201809-201812,-0.04226227
2891,2018-10-01,2018-12-28,17.29000000,15.22000000,201810-201901,-0.11972238
2891,2018-11-01,2019-01-30,15.33000000,15.60000000,201811-201902,0.01761252
2891,2018-12-03,2019-02-27,15.60000000,15.71000000,201812-201903,0.00705128
2891,2019-01-02,2019-03-29,14.99000000,15.41000000,201901-201904,0.02801868
2891,2019-02-11,2019-04-30,15.41000000,15.93000000,201902-201905,0.03374432
2891,2019-03-04,2019-05-31,15.63000000,15.78000000,201903-201906,0.00959693
2891,2019-04-01,2019-06-28,15.29000000,16.09000000,201904-201907,0.05232178
2891,2019-05-02,2019-07-31,16.20000000,16.04000000,201905-201908,-0.00987654
2891,2019-06-03,2019-08-30,15.75000000,16.08000000,201906-201909,0.02095238
2891,2019-07-01,2019-09-27,16.16000000,16.27000000,201907-201910,0.00680693
2891,2019-08-01,2019-10-31,16.04000000,16.75000000,201908-201911,0.04426434
2891,2019-09-02,2019-11-29,16.04000000,17.26000000,201909-201912,0.07605985
2891,2019-10-01,2019-12-31,16.47000000,17.70000000,201910-202001,0.07468124
2891,2019-11-01,2020-01-31,16.79000000,17.42000000,201911-202002,0.03752233
2891,2019-12-02,2020-02-27,17.26000000,17.93000000,201912-202003,0.03881808
2891,2020-01-02,2020-03-31,17.66000000,14.14000000,202001-202004,-0.19932050
2891,2020-02-03,2020-04-30,17.34000000,15.80000000,202002-202005,-0.08881200
2891,2020-03-02,2020-05-29,17.58000000,15.76000000,202003-202006,-0.10352673
2891,2020-04-01,2020-06-30,14.02000000,16.08000000,202004-202007,0.14693295
2891,2020-05-04,2020-07-31,15.40000000,16.10000000,202005-202008,0.04545455
2891,2020-06-01,2020-08-31,15.84000000,15.72000000,202006-202009,-0.00757576
2891,2020-07-01,2020-09-30,16.19000000,15.27000000,202007-202010,-0.05682520
2891,2020-08-03,2020-10-30,16.01000000,14.98000000,202008-202011,-0.06433479
2891,2020-09-01,2020-11-30,15.68000000,15.89000000,202009-202012,0.01339286
2891,2020-10-05,2020-12-31,15.06000000,16.34000000,202010-202101,0.08499336
2892,2010-01-04,2010-03-31,6.94000000,6.13000000,201001-201004,-0.11671470
2892,2010-02-01,2010-04-30,6.20000000,6.09000000,201002-201005,-0.01774194
2892,2010-03-01,2010-05-31,6.15000000,5.85000000,201003-201006,-0.04878049
2892,2010-04-01,2010-06-30,6.23000000,6.27000000,201004-201007,0.00642055
2892,2010-05-03,2010-07-30,6.09000000,6.62000000,201005-201008,0.08702791
2892,2010-06-01,2010-08-31,5.71000000,6.83000000,201006-201009,0.19614711
2892,2010-07-01,2010-09-30,6.32000000,7.64000000,201007-201010,0.20886076
2892,2010-08-02,2010-10-29,6.81000000,7.46000000,201008-201011,0.09544787
2892,2010-09-01,2010-11-30,6.83000000,7.53000000,201009-201012,0.10248902
2892,2010-10-01,2010-12-31,7.72000000,9.91000000,201010-201101,0.28367876
2892,2010-11-01,2011-01-28,7.60000000,9.86000000,201011-201102,0.29736842
2892,2010-12-01,2011-02-25,8.05000000,8.92000000,201012-201103,0.10807453
2892,2011-01-03,2011-03-31,10.06000000,9.30000000,201101-201104,-0.07554672
2892,2011-02-08,2011-04-29,9.93000000,9.80000000,201102-201105,-0.01309164
2892,2011-03-01,2011-05-31,8.99000000,9.10000000,201103-201106,0.01223582
2892,2011-04-01,2011-06-30,9.28000000,8.77000000,201104-201107,-0.05495690
2892,2011-05-03,2011-07-29,9.75000000,9.60000000,201105-201108,-0.01538462
2892,2011-06-01,2011-08-31,9.19000000,8.96000000,201106-201109,-0.02502720
2892,2011-07-01,2011-09-30,8.97000000,7.96000000,201107-201110,-0.11259755
2892,2011-08-01,2011-10-31,10.13000000,8.10000000,201108-201111,-0.20039487
2892,2011-09-01,2011-11-30,9.16000000,6.91000000,201109-201112,-0.24563319
2892,2011-10-03,2011-12-30,7.59000000,7.13000000,201110-201201,-0.06060606
2892,2011-11-01,2012-01-31,8.04000000,7.29000000,201111-201202,-0.09328358
2892,2011-12-01,2012-02-29,7.39000000,7.57000000,201112-201203,0.02435724
2892,2012-01-02,2012-03-30,6.89000000,7.13000000,201201-201204,0.03483309
2892,2012-02-01,2012-04-30,7.35000000,7.03000000,201202-201205,-0.04353741
2892,2012-03-01,2012-05-31,7.45000000,7.01000000,201203-201206,-0.05906040
2892,2012-04-02,2012-06-29,7.05000000,6.97000000,201204-201207,-0.01134752
2892,2012-05-02,2012-07-31,7.19000000,7.35000000,201205-201208,0.02225313
2892,2012-06-01,2012-08-31,6.77000000,7.55000000,201206-201209,0.11521418
2892,2012-07-02,2012-09-28,6.99000000,7.90000000,201207-201210,0.13018598
2892,2012-08-01,2012-10-31,7.37000000,7.23000000,201208-201211,-0.01899593
2892,2012-09-03,2012-11-30,7.60000000,7.73000000,201209-201212,0.01710526
2892,2012-10-01,2012-12-28,7.81000000,7.70000000,201210-201301,-0.01408451
2892,2016-01-04,2016-03-31,8.82000000,9.35000000,201601-201604,0.06009070
2892,2016-02-01,2016-04-29,9.00000000,9.29000000,201602-201605,0.03222222
2892,2016-03-01,2016-05-31,9.20000000,9.70000000,201603-201606,0.05434783
2892,2016-04-01,2016-06-30,9.35000000,9.94000000,201604-201607,0.06310160
2892,2016-05-03,2016-07-29,9.55000000,10.41000000,201605-201608,0.09005236
2892,2016-06-01,2016-08-31,9.79000000,10.58000000,201606-201609,0.08069459
2892,2016-07-01,2016-09-30,9.94000000,10.81000000,201607-201610,0.08752515
2892,2016-08-01,2016-10-31,10.44000000,10.75000000,201608-201611,0.02969349
2892,2016-09-01,2016-11-30,10.52000000,10.91000000,201609-201612,0.03707224
2892,2016-10-03,2016-12-30,10.81000000,11.17000000,201610-201701,0.03330250
2892,2016-11-01,2017-01-24,10.65000000,11.33000000,201611-201702,0.06384977
2892,2016-12-01,2017-02-24,10.91000000,11.79000000,201612-201703,0.08065995
2892,2017-01-03,2017-03-31,11.14000000,12.01000000,201701-201704,0.07809695
2892,2017-02-02,2017-04-28,11.33000000,11.95000000,201702-201705,0.05472198
2892,2017-03-01,2017-05-31,11.79000000,12.50000000,201703-201706,0.06022053
2892,2017-04-05,2017-06-30,12.14000000,13.21000000,201704-201707,0.08813839
2892,2017-05-02,2017-07-31,12.34000000,13.25000000,201705-201708,0.07374392
2892,2017-06-01,2017-08-31,12.50000000,13.78000000,201706-201709,0.10240000
2892,2017-07-03,2017-09-30,13.25000000,13.74000000,201707-201710,0.03698113
2892,2017-08-01,2017-10-31,13.34000000,13.67000000,201708-201711,0.02473763
2892,2017-09-01,2017-11-30,13.95000000,13.53000000,201709-201712,-0.03010753
2892,2017-10-02,2017-12-29,13.71000000,13.74000000,201710-201801,0.00218818
2892,2017-11-01,2018-01-31,13.74000000,14.16000000,201711-201802,0.03056769
2892,2017-12-01,2018-02-27,13.64000000,14.06000000,201712-201803,0.03079179
2892,2018-01-02,2018-03-31,13.74000000,14.27000000,201801-201804,0.03857351
2892,2018-02-01,2018-04-30,14.16000000,14.34000000,201802-201805,0.01271186
2892,2018-03-01,2018-05-31,14.02000000,14.30000000,201803-201806,0.01997147
2892,2018-04-02,2018-06-29,14.23000000,14.48000000,201804-201807,0.01756852
2892,2018-05-02,2018-07-31,14.37000000,14.80000000,201805-201808,0.02992345
2892,2018-06-01,2018-08-31,14.58000000,15.23000000,201806-201809,0.04458162
2892,2018-07-02,2018-09-28,14.27000000,15.41000000,201807-201810,0.07988788
2892,2018-08-01,2018-10-31,14.80000000,14.49000000,201808-201811,-0.02094595
2892,2018-09-03,2018-11-30,15.19000000,14.78000000,201809-201812,-0.02699144
2892,2018-10-01,2018-12-28,15.45000000,14.82000000,201810-201901,-0.04077670
2892,2018-11-01,2019-01-30,14.38000000,15.12000000,201811-201902,0.05146036
2892,2018-12-03,2019-02-27,14.86000000,15.41000000,201812-201903,0.03701211
2892,2019-01-02,2019-03-29,14.67000000,15.64000000,201901-201904,0.06612134
2892,2019-02-11,2019-04-30,15.12000000,16.34000000,201902-201905,0.08068783
2892,2019-03-04,2019-05-31,15.53000000,16.75000000,201903-201906,0.07855763
2892,2019-04-01,2019-06-28,15.64000000,16.90000000,201904-201907,0.08056266
2892,2019-05-02,2019-07-31,16.30000000,17.34000000,201905-201908,0.06380368
2892,2019-06-03,2019-08-30,16.56000000,15.93000000,201906-201909,-0.03804348
2892,2019-07-01,2019-09-27,16.86000000,16.16000000,201907-201910,-0.04151839
2892,2019-08-01,2019-10-31,17.12000000,16.56000000,201908-201911,-0.03271028
2892,2019-09-02,2019-11-29,15.93000000,17.01000000,201909-201912,0.06779661
2892,2019-10-01,2019-12-31,16.34000000,17.56000000,201910-202001,0.07466340
2892,2019-11-01,2020-01-31,16.67000000,17.49000000,201911-202002,0.04919016
2892,2019-12-02,2020-02-27,16.97000000,17.56000000,201912-202003,0.03476724
2892,2020-01-02,2020-03-31,17.56000000,14.56000000,202001-202004,-0.17084282
2892,2020-02-03,2020-04-30,17.38000000,16.34000000,202002-202005,-0.05983890
2892,2020-03-02,2020-05-29,17.19000000,16.93000000,202003-202006,-0.01512507
2892,2020-04-01,2020-06-30,14.45000000,16.78000000,202004-202007,0.16124567
2892,2020-05-04,2020-07-31,16.04000000,17.49000000,202005-202008,0.09039900
2892,2020-06-01,2020-08-31,17.01000000,16.97000000,202006-202009,-0.00235156
2892,2020-07-01,2020-09-30,16.86000000,16.41000000,202007-202010,-0.02669039
2892,2020-08-03,2020-10-30,17.30000000,16.01000000,202008-202011,-0.07456647
2892,2020-09-01,2020-11-30,16.89000000,17.01000000,202009-202012,0.00710480
2892,2020-10-05,2020-12-31,16.49000000,17.05000000,202010-202101,0.03395998
2903,2010-01-04,2010-03-31,15.74000000,11.31000000,201001-201004,-0.28144854
2903,2010-02-01,2010-04-30,13.16000000,12.17000000,201002-201005,-0.07522796
2903,2010-03-01,2010-05-31,10.56000000,11.55000000,201003-201006,0.09375000
2903,2010-04-01,2010-06-30,11.44000000,11.37000000,201004-201007,-0.00611888
2903,2010-05-03,2010-07-30,11.93000000,13.48000000,201005-201008,0.12992456
2903,2010-06-01,2010-08-31,11.44000000,14.27000000,201006-201009,0.24737762
2903,2010-07-01,2010-09-30,11.18000000,17.70000000,201007-201010,0.58318426
2903,2010-08-02,2010-10-29,14.08000000,17.11000000,201008-201011,0.21519886
2903,2010-09-01,2010-11-30,14.41000000,18.89000000,201009-201012,0.31089521
2903,2010-10-01,2010-12-31,18.10000000,21.95000000,201010-201101,0.21270718
2903,2010-11-01,2011-01-28,18.03000000,23.37000000,201011-201102,0.29617304
2903,2010-12-01,2011-02-25,18.91000000,20.15000000,201012-201103,0.06557377
2903,2011-01-03,2011-03-31,22.51000000,20.92000000,201101-201104,-0.07063527
2903,2011-02-08,2011-04-29,22.97000000,22.79000000,201102-201105,-0.00783631
2903,2011-03-01,2011-05-31,20.67000000,24.54000000,201103-201106,0.18722787
2903,2011-04-01,2011-06-30,22.04000000,25.89000000,201104-201107,0.17468240
2903,2011-05-03,2011-07-29,23.42000000,28.28000000,201105-201108,0.20751494
2903,2011-06-01,2011-08-31,24.05000000,26.22000000,201106-201109,0.09022869
2903,2011-07-01,2011-09-30,25.71000000,19.55000000,201107-201110,-0.23959549
2903,2011-08-01,2011-10-31,28.59000000,22.57000000,201108-201111,-0.21056313
2903,2011-09-01,2011-11-30,26.12000000,18.31000000,201109-201112,-0.29900459
2903,2011-10-03,2011-12-30,18.97000000,17.37000000,201110-201201,-0.08434370
2903,2011-11-01,2012-01-31,22.28000000,19.41000000,201111-201202,-0.12881508
2903,2011-12-01,2012-02-29,19.53000000,19.72000000,201112-201203,0.00972862
2903,2012-01-02,2012-03-30,16.47000000,18.36000000,201201-201204,0.11475410
2903,2012-02-01,2012-04-30,19.02000000,15.32000000,201202-201205,-0.19453207
2903,2012-03-01,2012-05-31,19.70000000,13.52000000,201203-201206,-0.31370558
2903,2012-04-02,2012-06-29,18.09000000,13.57000000,201204-201207,-0.24986180
2903,2012-05-02,2012-07-31,15.88000000,15.42000000,201205-201208,-0.02896725
2903,2012-06-01,2012-08-31,13.25000000,15.37000000,201206-201209,0.16000000
2903,2012-07-02,2012-09-28,13.74000000,16.52000000,201207-201210,0.20232897
2903,2012-08-01,2012-10-31,15.86000000,14.35000000,201208-201211,-0.09520807
2903,2012-09-03,2012-11-30,15.01000000,15.76000000,201209-201212,0.04996669
2903,2012-10-01,2012-12-28,16.68000000,15.74000000,201210-201301,-0.05635492
2903,2016-01-04,2016-03-31,11.14000000,10.46000000,201601-201604,-0.06104129
2903,2016-02-01,2016-04-29,10.33000000,10.70000000,201602-201605,0.03581801
2903,2016-03-01,2016-05-31,10.83000000,10.30000000,201603-201606,-0.04893813
2903,2016-04-01,2016-06-30,10.67000000,10.74000000,201604-201607,0.00656045
2903,2016-05-03,2016-07-29,10.67000000,11.29000000,201605-201608,0.05810684
2903,2016-06-01,2016-08-31,10.40000000,10.93000000,201606-201609,0.05096154
2903,2016-07-01,2016-09-30,10.77000000,11.06000000,201607-201610,0.02692665
2903,2016-08-01,2016-10-31,11.35000000,10.97000000,201608-201611,-0.03348018
2903,2016-09-01,2016-11-30,11.06000000,10.61000000,201609-201612,-0.04068716
2903,2016-10-03,2016-12-30,11.06000000,10.47000000,201610-201701,-0.05334539
2903,2016-11-01,2017-01-24,10.90000000,10.61000000,201611-201702,-0.02660550
2903,2016-12-01,2017-02-24,10.54000000,10.74000000,201612-201703,0.01897533
2903,2019-07-01,2019-09-27,16.43000000,17.95000000,201907-201910,0.09251369
2903,2019-08-01,2019-10-31,16.89000000,19.63000000,201908-201911,0.16222617
2903,2019-09-02,2019-11-29,17.57000000,19.75000000,201909-201912,0.12407513
2903,2019-10-01,2019-12-31,18.02000000,19.56000000,201910-202001,0.08546060
2903,2019-11-01,2020-01-31,19.33000000,18.47000000,201911-202002,-0.04449043
2903,2019-12-02,2020-02-27,19.67000000,18.21000000,201912-202003,-0.07422471
2903,2020-01-02,2020-03-31,19.41000000,16.26000000,202001-202004,-0.16228748
2903,2020-02-03,2020-04-30,18.10000000,17.31000000,202002-202005,-0.04364641
2903,2020-03-02,2020-05-29,18.02000000,18.02000000,202003-202006,0.00000000
2903,2020-04-01,2020-06-30,15.77000000,18.70000000,202004-202007,0.18579581
2903,2020-05-04,2020-07-31,16.52000000,18.26000000,202005-202008,0.10532688
2903,2020-06-01,2020-08-31,18.32000000,20.12000000,202006-202009,0.09825328
2903,2020-07-01,2020-09-30,18.73000000,18.92000000,202007-202010,0.01014415
2903,2020-08-03,2020-10-30,19.12000000,18.30000000,202008-202011,-0.04288703
2903,2020-09-01,2020-11-30,20.08000000,18.92000000,202009-202012,-0.05776892
2903,2020-10-05,2020-12-31,19.19000000,18.61000000,202010-202101,-0.03022408
2905,2011-09-01,2011-11-30,14.98000000,12.54000000,201109-201112,-0.16288385
2905,2011-10-03,2011-12-30,12.06000000,12.63000000,201110-201201,0.04726368
2905,2011-11-01,2012-01-31,14.21000000,13.77000000,201111-201202,-0.03096411
2905,2011-12-01,2012-02-29,13.37000000,14.91000000,201112-201203,0.11518325
2905,2012-01-02,2012-03-30,12.28000000,13.57000000,201201-201204,0.10504886
2905,2012-02-01,2012-04-30,13.92000000,10.72000000,201202-201205,-0.22988506
2912,2010-01-04,2010-03-31,47.57000000,49.57000000,201001-201004,0.04204330
2912,2010-02-01,2010-04-30,46.44000000,56.33000000,201002-201005,0.21296296
2912,2010-03-01,2010-05-31,47.57000000,57.27000000,201003-201006,0.20391003
2912,2010-04-01,2010-06-30,49.70000000,59.52000000,201004-201007,0.19758551
2912,2010-05-03,2010-07-30,54.45000000,65.72000000,201005-201008,0.20697888
2912,2010-06-01,2010-08-31,55.96000000,76.77000000,201006-201009,0.37187277
2912,2010-07-01,2010-09-30,57.58000000,87.13000000,201007-201010,0.51319903
2912,2010-08-02,2010-10-29,65.72000000,78.71000000,201008-201011,0.19765673
2912,2010-09-01,2010-11-30,74.82000000,79.68000000,201009-201012,0.06495589
2912,2010-10-01,2010-12-31,85.51000000,87.13000000,201010-201101,0.01894515
2912,2010-11-01,2011-01-28,79.36000000,80.33000000,201011-201102,0.01222278
2912,2010-12-01,2011-02-25,80.98000000,80.01000000,201012-201103,-0.01197827
2912,2011-01-03,2011-03-31,87.46000000,84.54000000,201101-201104,-0.03338669
2912,2011-02-08,2011-04-29,79.36000000,101.71000000,201102-201105,0.28162802
2912,2011-03-01,2011-05-31,81.62000000,106.24000000,201103-201106,0.30164175
2912,2011-04-01,2011-06-30,85.84000000,107.54000000,201104-201107,0.25279590
2912,2011-05-03,2011-07-29,103.00000000,119.52000000,201105-201108,0.16038835
2912,2011-06-01,2011-08-31,104.62000000,123.20000000,201106-201109,0.17759511
2912,2011-07-01,2011-09-30,111.10000000,115.54000000,201107-201110,0.03996400
2912,2011-08-01,2011-10-31,121.47000000,111.88000000,201108-201111,-0.07894953
2912,2011-09-01,2011-11-30,127.86000000,99.56000000,201109-201112,-0.22133584
2912,2011-10-03,2011-12-30,108.55000000,109.88000000,201110-201201,0.01225242
2912,2011-11-01,2012-01-31,111.21000000,105.89000000,201111-201202,-0.04783742
2912,2011-12-01,2012-02-29,106.22000000,103.55000000,201112-201203,-0.02513651
2912,2012-01-02,2012-03-30,111.21000000,109.21000000,201201-201204,-0.01798399
2912,2012-02-01,2012-04-30,105.55000000,104.55000000,201202-201205,-0.00947418
2912,2012-03-01,2012-05-31,104.22000000,104.89000000,201203-201206,0.00642871
2912,2012-04-02,2012-06-29,110.55000000,105.55000000,201204-201207,-0.04522840
2912,2012-05-02,2012-07-31,104.89000000,104.55000000,201205-201208,-0.00324149
2912,2012-06-01,2012-08-31,103.55000000,109.45000000,201206-201209,0.05697731
2912,2012-07-02,2012-09-28,105.22000000,107.74000000,201207-201210,0.02394982
2912,2012-08-01,2012-10-31,107.88000000,99.16000000,201208-201211,-0.08083055
2912,2012-09-03,2012-11-30,108.76000000,102.25000000,201209-201212,-0.05985656
2912,2012-10-01,2012-12-28,107.39000000,106.71000000,201210-201301,-0.00633206
2912,2016-01-04,2016-03-31,148.70000000,174.35000000,201601-201604,0.17249496
2912,2016-02-01,2016-04-29,164.31000000,169.88000000,201602-201605,0.03389934
2912,2016-03-01,2016-05-31,165.42000000,184.01000000,201603-201606,0.11238061
2912,2016-04-01,2016-06-30,175.46000000,186.61000000,201604-201607,0.06354725
2912,2016-05-03,2016-07-29,166.54000000,192.56000000,201605-201608,0.15623874
2912,2016-06-01,2016-08-31,186.98000000,193.09000000,201606-201609,0.03267729
2912,2016-07-01,2016-09-30,189.59000000,190.41000000,201607-201610,0.00432512
2912,2016-08-01,2016-10-31,194.05000000,180.47000000,201608-201611,-0.06998196
2912,2016-09-01,2016-11-30,187.35000000,183.14000000,201609-201612,-0.02247131
2912,2016-10-03,2016-12-30,191.56000000,176.64000000,201610-201701,-0.07788682
2912,2016-11-01,2017-01-24,180.47000000,178.56000000,201611-201702,-0.01058348
2912,2016-12-01,2017-02-24,184.29000000,172.44000000,201612-201703,-0.06430083
2912,2017-01-03,2017-03-31,178.17000000,191.17000000,201701-201704,0.07296402
2912,2017-02-02,2017-04-28,176.26000000,200.73000000,201702-201705,0.13882900
2912,2017-03-01,2017-05-31,170.91000000,205.70000000,201703-201706,0.20355743
2912,2017-04-05,2017-06-30,198.44000000,209.14000000,201704-201707,0.05392058
2912,2017-05-02,2017-07-31,200.35000000,195.76000000,201705-201708,-0.02290991
2912,2017-06-01,2017-08-31,208.76000000,199.23000000,201706-201709,-0.04565051
2912,2017-07-03,2017-09-30,208.38000000,200.81000000,201707-201710,-0.03632786
2912,2017-08-01,2017-10-31,198.44000000,213.82000000,201708-201711,0.07750454
2912,2017-09-01,2017-11-30,200.41000000,224.08000000,201709-201712,0.11810788
2912,2017-10-02,2017-12-29,200.41000000,224.08000000,201710-201801,0.11810788
2912,2017-11-01,2018-01-31,214.22000000,227.63000000,201711-201802,0.06259920
2912,2017-12-01,2018-02-27,225.26000000,232.37000000,201712-201803,0.03156353
2912,2018-01-02,2018-03-31,226.84000000,231.97000000,201801-201804,0.02261506
2912,2018-02-01,2018-04-30,230.00000000,230.79000000,201802-201805,0.00343478
2912,2018-03-01,2018-05-31,232.37000000,242.23000000,201803-201806,0.04243233
2912,2018-04-02,2018-06-29,233.15000000,272.61000000,201804-201807,0.16924727
2912,2018-05-02,2018-07-31,232.37000000,265.50000000,201805-201808,0.14257434
2912,2018-06-01,2018-08-31,246.17000000,285.53000000,201806-201809,0.15988951
2912,2018-07-02,2018-09-28,267.08000000,305.56000000,201807-201810,0.14407668
2912,2018-08-01,2018-10-31,260.82000000,297.47000000,201808-201811,0.14051837
2912,2018-09-03,2018-11-30,279.14000000,271.04000000,201809-201812,-0.02901770
2912,2018-10-01,2018-12-28,304.71000000,265.08000000,201810-201901,-0.13005809
2912,2018-11-01,2019-01-30,293.63000000,274.88000000,201811-201902,-0.06385587
2912,2018-12-03,2019-02-27,271.47000000,271.47000000,201812-201903,0.00000000
2912,2019-01-02,2019-03-29,256.13000000,258.69000000,201901-201904,0.00999492
2912,2019-02-11,2019-04-30,271.04000000,245.47000000,201902-201905,-0.09434032
2912,2019-03-04,2019-05-31,259.11000000,256.56000000,201903-201906,-0.00984138
2912,2019-04-01,2019-06-28,254.00000000,256.13000000,201904-201907,0.00838583
2912,2019-05-02,2019-07-31,254.00000000,263.26000000,201905-201908,0.03645669
2912,2019-06-03,2019-08-30,259.11000000,256.24000000,201906-201909,-0.01107638
2912,2019-07-01,2019-09-27,256.13000000,254.49000000,201907-201910,-0.00640300
2912,2019-08-01,2019-10-31,261.51000000,266.77000000,201908-201911,0.02011395
2912,2019-09-02,2019-11-29,256.68000000,268.09000000,201909-201912,0.04445224
2912,2019-10-01,2019-12-31,252.29000000,266.77000000,201910-202001,0.05739427
2912,2019-11-01,2020-01-31,265.89000000,261.94000000,201911-202002,-0.01485577
2912,2019-12-02,2020-02-27,270.72000000,260.19000000,201912-202003,-0.03889628
2912,2020-01-02,2020-03-31,265.46000000,248.34000000,202001-202004,-0.06449183
2912,2020-02-03,2020-04-30,263.26000000,270.28000000,202002-202005,0.02666565
2912,2020-03-02,2020-05-29,258.87000000,259.31000000,202003-202006,0.00169969
2912,2020-04-01,2020-06-30,247.47000000,260.19000000,202004-202007,0.05140017
2912,2020-05-04,2020-07-31,264.58000000,245.71000000,202005-202008,-0.07132058
2912,2020-06-01,2020-08-31,260.63000000,244.83000000,202006-202009,-0.06062234
2912,2020-07-01,2020-09-30,259.75000000,238.49000000,202007-202010,-0.08184793
2912,2020-08-03,2020-10-30,239.57000000,233.95000000,202008-202011,-0.02345870
2912,2020-09-01,2020-11-30,244.83000000,234.86000000,202009-202012,-0.04072213
2912,2020-10-05,2020-12-31,242.11000000,241.66000000,202010-202101,-0.00185866
2915,2010-01-04,2010-03-31,37.16000000,46.89000000,201001-201004,0.26184069
2915,2010-02-01,2010-04-30,34.44000000,50.00000000,201002-201005,0.45180023
2915,2010-03-01,2010-05-31,37.94000000,49.48000000,201003-201006,0.30416447
2915,2010-04-01,2010-06-30,50.13000000,58.17000000,201004-201007,0.16038300
2915,2010-05-03,2010-07-30,46.82000000,60.05000000,201005-201008,0.28257155
2915,2010-06-01,2010-08-31,48.83000000,61.83000000,201006-201009,0.26622978
2915,2010-07-01,2010-09-30,55.77000000,60.00000000,201007-201010,0.07584723
2915,2010-08-02,2010-10-29,63.88000000,57.19000000,201008-201011,-0.10472761
2915,2010-09-01,2010-11-30,62.75000000,62.75000000,201009-201012,0.00000000
2915,2010-10-01,2010-12-31,59.35000000,56.80000000,201010-201101,-0.04296546
2915,2010-11-01,2011-01-28,57.52000000,44.91000000,201011-201102,-0.21922809
2915,2010-12-01,2011-02-25,63.99000000,47.85000000,201012-201103,-0.25222691
2915,2011-01-03,2011-03-31,55.75000000,51.64000000,201101-201104,-0.07372197
2915,2011-02-08,2011-04-29,45.62000000,52.81000000,201102-201105,0.15760631
2915,2011-03-01,2011-05-31,47.85000000,47.39000000,201103-201106,-0.00961338
2915,2011-04-01,2011-06-30,52.94000000,46.54000000,201104-201107,-0.12089158
2915,2011-05-03,2011-07-29,51.38000000,46.47000000,201105-201108,-0.09556248
2915,2011-06-01,2011-08-31,46.54000000,33.33000000,201106-201109,-0.28384186
2915,2011-07-01,2011-09-30,44.64000000,32.42000000,201107-201110,-0.27374552
2915,2011-08-01,2011-10-31,47.58000000,40.97000000,201108-201111,-0.13892392
2915,2011-09-01,2011-11-30,34.05000000,32.40000000,201109-201112,-0.04845815
2915,2011-10-03,2011-12-30,31.47000000,33.14000000,201110-201201,0.05306641
2915,2011-11-01,2012-01-31,41.24000000,37.76000000,201111-201202,-0.08438409
2915,2011-12-01,2012-02-29,34.61000000,40.50000000,201112-201203,0.17018203
2915,2012-01-02,2012-03-30,32.80000000,38.69000000,201201-201204,0.17957317
2915,2012-02-01,2012-04-30,38.09000000,34.07000000,201202-201205,-0.10553951
2915,2012-03-01,2012-05-31,40.50000000,31.96000000,201203-201206,-0.21086420
2915,2012-04-02,2012-06-29,38.83000000,32.94000000,201204-201207,-0.15168684
2915,2012-05-02,2012-07-31,35.15000000,39.50000000,201205-201208,0.12375533
2915,2012-06-01,2012-08-31,31.16000000,39.39000000,201206-201209,0.26412067
2915,2012-07-02,2012-09-28,32.80000000,46.56000000,201207-201210,0.41951220
2915,2012-08-01,2012-10-31,38.83000000,44.60000000,201208-201211,0.14859645
2915,2012-09-03,2012-11-30,40.81000000,44.60000000,201209-201212,0.09286939
2915,2012-10-01,2012-12-28,47.71000000,48.72000000,201210-201301,0.02116957
2915,2016-01-04,2016-03-31,47.05000000,41.42000000,201601-201604,-0.11965994
2915,2016-02-01,2016-04-29,44.39000000,35.25000000,201602-201605,-0.20590223
2915,2016-03-01,2016-05-31,46.50000000,37.47000000,201603-201606,-0.19419355
2915,2016-04-01,2016-06-30,40.41000000,37.83000000,201604-201607,-0.06384558
2915,2016-05-03,2016-07-29,34.43000000,39.86000000,201605-201608,0.15771130
2915,2016-06-01,2016-08-31,37.20000000,39.25000000,201606-201609,0.05510753
2915,2016-07-01,2016-09-30,39.47000000,40.17000000,201607-201610,0.01773499
2915,2016-08-01,2016-10-31,39.94000000,40.57000000,201608-201611,0.01577366
2915,2016-09-01,2016-11-30,38.34000000,46.63000000,201609-201612,0.21622327
2915,2016-10-03,2016-12-30,41.05000000,42.80000000,201610-201701,0.04263094
2915,2016-11-01,2017-01-24,39.93000000,46.07000000,201611-201702,0.15376910
2915,2016-12-01,2017-02-24,46.55000000,46.47000000,201612-201703,-0.00171858
2915,2017-01-03,2017-03-31,42.80000000,38.90000000,201701-201704,-0.09112150
2915,2017-02-02,2017-04-28,45.35000000,38.70000000,201702-201705,-0.14663727
2915,2017-03-01,2017-05-31,46.70000000,35.87000000,201703-201706,-0.23190578
2915,2017-04-05,2017-06-30,38.66000000,36.18000000,201704-201707,-0.06414899
2915,2017-05-02,2017-07-31,38.70000000,36.11000000,201705-201708,-0.06692506
2915,2017-06-01,2017-08-31,35.15000000,39.13000000,201706-201709,0.11322902
2915,2017-07-03,2017-09-30,35.95000000,36.51000000,201707-201710,0.01557719
2915,2017-08-01,2017-10-31,36.96000000,38.93000000,201708-201711,0.05330087
2915,2017-09-01,2017-11-30,38.89000000,40.18000000,201709-201712,0.03317048
2915,2017-10-02,2017-12-29,37.15000000,40.79000000,201710-201801,0.09798116
2915,2017-11-01,2018-01-31,38.41000000,41.51000000,201711-201802,0.08070815
2915,2017-12-01,2018-02-27,39.58000000,41.35000000,201712-201803,0.04471956
2915,2018-01-02,2018-03-31,40.70000000,45.46000000,201801-201804,0.11695332
2915,2018-02-01,2018-04-30,41.43000000,46.50000000,201802-201805,0.12237509
2915,2018-03-01,2018-05-31,41.83000000,49.41000000,201803-201806,0.18120966
2915,2018-04-02,2018-06-29,45.38000000,50.14000000,201804-201807,0.10489202
2915,2018-05-02,2018-07-31,47.39000000,49.29000000,201805-201808,0.04009285
2915,2018-06-01,2018-08-31,50.29000000,52.99000000,201806-201809,0.05368861
2915,2018-07-02,2018-09-28,49.81000000,51.06000000,201807-201810,0.02509536
2915,2018-08-01,2018-10-31,49.96000000,42.20000000,201808-201811,-0.15532426
2915,2018-09-03,2018-11-30,51.82000000,49.55000000,201809-201812,-0.04380548
2915,2018-10-01,2018-12-28,51.65000000,42.80000000,201810-201901,-0.17134560
2915,2018-11-01,2019-01-30,41.98000000,44.65000000,201811-201902,0.06360172
2915,2018-12-03,2019-02-27,47.75000000,44.32000000,201812-201903,-0.07183246
2915,2019-01-02,2019-03-29,42.31000000,44.05000000,201901-201904,0.04112503
2915,2019-02-11,2019-04-30,44.54000000,40.18000000,201902-201905,-0.09788954
2915,2019-03-04,2019-05-31,44.38000000,37.68000000,201903-201906,-0.15096890
2915,2019-04-01,2019-06-28,43.34000000,41.11000000,201904-201907,-0.05145362
2915,2019-05-02,2019-07-31,40.57000000,39.03000000,201905-201908,-0.03795908
2915,2019-06-03,2019-08-30,37.57000000,40.91000000,201906-201909,0.08890072
2915,2019-07-01,2019-09-27,40.95000000,39.27000000,201907-201910,-0.04102564
2915,2019-08-01,2019-10-31,38.74000000,42.97000000,201908-201911,0.10918947
2915,2019-09-02,2019-11-29,41.79000000,44.43000000,201909-201912,0.06317301
2915,2019-10-01,2019-12-31,39.62000000,43.14000000,201910-202001,0.08884402
2915,2019-11-01,2020-01-31,42.91000000,39.97000000,201911-202002,-0.06851550
2915,2019-12-02,2020-02-27,44.20000000,39.68000000,201912-202003,-0.10226244
2915,2020-01-02,2020-03-31,43.08000000,40.74000000,202001-202004,-0.05431755
2915,2020-02-03,2020-04-30,39.21000000,40.21000000,202002-202005,0.02550370
2915,2020-03-02,2020-05-29,40.21000000,38.33000000,202003-202006,-0.04675454
2915,2020-04-01,2020-06-30,40.68000000,41.56000000,202004-202007,0.02163225
2915,2020-05-04,2020-07-31,39.33000000,40.52000000,202005-202008,0.03025680
2915,2020-06-01,2020-08-31,39.27000000,43.93000000,202006-202009,0.11866565
2915,2020-07-01,2020-09-30,42.09000000,40.84000000,202007-202010,-0.02969827
2915,2020-08-03,2020-10-30,40.71000000,41.78000000,202008-202011,0.02628347
2915,2020-09-01,2020-11-30,43.11000000,43.93000000,202009-202012,0.01902111
2915,2020-10-05,2020-12-31,40.84000000,43.99000000,202010-202101,0.07713026
2923,2016-01-04,2016-03-31,15.46000000,15.94000000,201601-201604,0.03104787
2923,2016-02-01,2016-04-29,14.10000000,15.28000000,201602-201605,0.08368794
2923,2016-03-01,2016-05-31,16.83000000,15.13000000,201603-201606,-0.10101010
2923,2016-04-01,2016-06-30,15.83000000,15.06000000,201604-201607,-0.04864182
2923,2016-05-03,2016-07-29,15.24000000,15.09000000,201605-201608,-0.00984252
2923,2016-06-01,2016-08-31,14.91000000,16.50000000,201606-201609,0.10663984
2923,2016-07-01,2016-09-30,14.95000000,17.57000000,201607-201610,0.17525084
2923,2016-08-01,2016-10-31,15.06000000,16.65000000,201608-201611,0.10557769
2923,2016-09-01,2016-11-30,15.94000000,15.56000000,201609-201612,-0.02383940
2923,2016-10-03,2016-12-30,17.27000000,15.93000000,201610-201701,-0.07759120
2923,2016-11-01,2017-01-24,16.35000000,15.60000000,201611-201702,-0.04587156
2923,2016-12-01,2017-02-24,15.67000000,16.05000000,201612-201703,0.02425016
2923,2017-01-03,2017-03-31,15.56000000,15.63000000,201701-201704,0.00449871
2923,2017-02-02,2017-04-28,15.60000000,15.48000000,201702-201705,-0.00769231
2923,2017-03-01,2017-05-31,16.05000000,15.00000000,201703-201706,-0.06542056
2923,2017-04-05,2017-06-30,15.52000000,15.45000000,201704-201707,-0.00451031
2923,2017-05-02,2017-07-31,15.26000000,14.92000000,201705-201708,-0.02228047
2923,2017-06-01,2017-08-31,14.92000000,14.60000000,201706-201709,-0.02144772
2923,2017-07-03,2017-09-30,15.41000000,13.75000000,201707-201710,-0.10772226
2923,2017-08-01,2017-10-31,15.00000000,13.75000000,201708-201711,-0.08333333
2923,2017-09-01,2017-11-30,14.67000000,14.18000000,201709-201712,-0.03340150
2923,2017-10-02,2017-12-29,13.98000000,14.02000000,201710-201801,0.00286123
2923,2017-11-01,2018-01-31,13.68000000,15.78000000,201711-201802,0.15350877
2923,2017-12-01,2018-02-27,14.06000000,13.98000000,201712-201803,-0.00568990
2923,2018-01-02,2018-03-31,14.10000000,14.33000000,201801-201804,0.01631206
2923,2018-02-01,2018-04-30,15.70000000,14.52000000,201802-201805,-0.07515924
2923,2018-03-01,2018-05-31,13.91000000,14.60000000,201803-201806,0.04960460
2923,2018-04-02,2018-06-29,14.44000000,15.02000000,201804-201807,0.04016620
2923,2018-05-02,2018-07-31,14.52000000,16.16000000,201805-201808,0.11294766
2923,2018-06-01,2018-08-31,14.52000000,15.19000000,201806-201809,0.04614325
2923,2018-07-02,2018-09-28,14.86000000,15.70000000,201807-201810,0.05652759
2923,2018-08-01,2018-10-31,16.01000000,12.94000000,201808-201811,-0.19175515
2923,2018-09-03,2018-11-30,15.19000000,14.14000000,201809-201812,-0.06912442
2923,2018-10-01,2018-12-28,15.70000000,14.84000000,201810-201901,-0.05477707
2923,2018-11-01,2019-01-30,12.98000000,15.46000000,201811-201902,0.19106317
2923,2018-12-03,2019-02-27,14.49000000,15.39000000,201812-201903,0.06211180
2923,2019-01-02,2019-03-29,14.65000000,15.31000000,201901-201904,0.04505119
2923,2019-02-11,2019-04-30,15.46000000,17.25000000,201902-201905,0.11578266
2923,2019-03-04,2019-05-31,15.23000000,16.90000000,201903-201906,0.10965200
2923,2019-04-01,2019-06-28,15.54000000,21.45000000,201904-201907,0.38030888
2923,2019-05-02,2019-07-31,17.29000000,19.04000000,201905-201908,0.10121457
2923,2019-06-03,2019-08-30,16.86000000,19.05000000,201906-201909,0.12989324
2923,2019-07-01,2019-09-27,21.64000000,18.93000000,201907-201910,-0.12523105
2923,2019-08-01,2019-10-31,18.96000000,20.78000000,201908-201911,0.09599156
2923,2019-09-02,2019-11-29,18.97000000,20.54000000,201909-201912,0.08276226
2923,2019-10-01,2019-12-31,19.09000000,21.66000000,201910-202001,0.13462546
2923,2019-11-01,2020-01-31,20.50000000,20.90000000,201911-202002,0.01951220
2923,2019-12-02,2020-02-27,20.62000000,18.01000000,201912-202003,-0.12657614
2923,2020-01-02,2020-03-31,21.70000000,17.29000000,202001-202004,-0.20322581
2923,2020-02-03,2020-04-30,19.74000000,20.98000000,202002-202005,0.06281662
2923,2020-03-02,2020-05-29,18.05000000,19.58000000,202003-202006,0.08476454
2923,2020-04-01,2020-06-30,17.33000000,20.46000000,202004-202007,0.18061166
2923,2020-05-04,2020-07-31,20.42000000,20.90000000,202005-202008,0.02350637
2923,2020-06-01,2020-08-31,19.74000000,21.34000000,202006-202009,0.08105370
2923,2020-07-01,2020-09-30,20.34000000,19.92000000,202007-202010,-0.02064897
2923,2020-08-03,2020-10-30,19.90000000,21.23000000,202008-202011,0.06683417
2923,2020-09-01,2020-11-30,21.30000000,23.28000000,202009-202012,0.09295775
2923,2020-10-05,2020-12-31,20.05000000,25.73000000,202010-202101,0.28329177
3005,2016-11-01,2017-01-24,24.25000000,27.24000000,201611-201702,0.12329897
3005,2017-01-03,2017-03-31,22.91000000,25.51000000,201701-201704,0.11348756
3005,2017-02-02,2017-04-28,28.32000000,22.91000000,201702-201705,-0.19103107
3005,2019-03-04,2019-05-31,32.21000000,28.08000000,201903-201906,-0.12822105
3005,2020-02-03,2020-04-30,34.89000000,33.76000000,202002-202005,-0.03238750
3005,2020-03-02,2020-05-29,34.61000000,33.23000000,202003-202006,-0.03987287
3005,2020-04-01,2020-06-30,32.06000000,32.97000000,202004-202007,0.02838428
3008,2010-01-04,2010-03-31,290.98000000,334.00000000,201001-201004,0.14784521
3008,2010-02-01,2010-04-30,285.03000000,363.72000000,201002-201005,0.27607620
3008,2010-03-01,2010-05-31,295.88000000,370.72000000,201003-201006,0.25294038
3008,2010-04-01,2010-06-30,336.09000000,360.93000000,201004-201007,0.07390877
3008,2010-05-03,2010-07-30,367.22000000,428.08000000,201005-201008,0.16573171
3008,2010-06-01,2010-08-31,365.82000000,411.00000000,201006-201009,0.12350336
3008,2010-07-01,2010-09-30,365.82000000,423.09000000,201007-201010,0.15655240
3008,2010-08-02,2010-10-29,453.96000000,431.62000000,201008-201011,-0.04921138
3008,2010-09-01,2010-11-30,429.49000000,480.68000000,201009-201012,0.11918787
3008,2010-10-01,2010-12-31,433.75000000,515.53000000,201010-201101,0.18854179
3008,2010-11-01,2011-01-28,437.31000000,566.01000000,201011-201102,0.29429924
3008,2010-12-01,2011-02-25,482.82000000,576.68000000,201012-201103,0.19439957
3008,2011-01-03,2011-03-31,521.92000000,566.01000000,201101-201104,0.08447655
3008,2011-02-08,2011-04-29,550.37000000,646.36000000,201102-201105,0.17440994
3008,2011-03-01,2011-05-31,585.21000000,670.54000000,201103-201106,0.14581091
3008,2011-04-01,2011-06-30,598.72000000,654.18000000,201104-201107,0.09263095
3008,2011-05-03,2011-07-29,632.14000000,689.74000000,201105-201108,0.09111906
3008,2011-06-01,2011-08-31,700.40000000,597.64000000,201106-201109,-0.14671616
3008,2011-07-01,2011-09-30,694.71000000,516.90000000,201107-201110,-0.25594853
3008,2011-08-01,2011-10-31,709.65000000,490.95000000,201108-201111,-0.30818009
3008,2011-09-01,2011-11-30,607.74000000,347.84000000,201109-201112,-0.42764998
3008,2011-10-03,2011-12-30,485.18000000,408.04000000,201110-201201,-0.15899254
3008,2011-11-01,2012-01-31,490.23000000,458.50000000,201111-201202,-0.06472472
3008,2011-12-01,2012-02-29,371.99000000,475.09000000,201112-201203,0.27715799
3008,2012-01-02,2012-03-30,398.67000000,418.13000000,201201-201204,0.04881230
3008,2012-02-01,2012-04-30,474.37000000,334.51000000,201202-201205,-0.29483315
3008,2012-03-01,2012-05-31,471.48000000,406.60000000,201203-201206,-0.13760923
3008,2012-04-02,2012-06-29,402.27000000,445.53000000,201204-201207,0.10753971
3008,2012-05-02,2012-07-31,357.58000000,443.37000000,201205-201208,0.23991834
3008,2012-06-01,2012-08-31,385.69000000,462.27000000,201206-201209,0.19855324
3008,2012-07-02,2012-09-28,437.60000000,450.40000000,201207-201210,0.02925046
3008,2012-08-01,2012-10-31,449.13000000,461.53000000,201208-201211,0.02760893
3008,2012-09-03,2012-11-30,477.11000000,589.16000000,201209-201212,0.23485150
3008,2012-10-01,2012-12-28,440.01000000,577.29000000,201210-201301,0.31199291
3008,2016-01-04,2016-03-31,1688.15000000,1936.53000000,201601-201604,0.14713148
3008,2016-02-01,2016-04-29,1823.98000000,1761.89000000,201602-201605,-0.03404094
3008,2016-03-01,2016-05-31,2111.16000000,2111.16000000,201603-201606,0.00000000
3008,2016-04-01,2016-06-30,1948.17000000,2285.80000000,201604-201607,0.17330623
3008,2016-05-03,2016-07-29,1781.29000000,2654.48000000,201605-201608,0.49020092
3008,2016-06-01,2016-08-31,2196.54000000,2810.41000000,201606-201609,0.27947135
3008,2016-07-01,2016-09-30,2301.32000000,2984.09000000,201607-201610,0.29668625
3008,2016-08-01,2016-10-31,2724.33000000,2948.57000000,201608-201611,0.08231015
3008,2016-09-01,2016-11-30,2924.88000000,2913.04000000,201609-201612,-0.00404803
3008,2016-10-03,2016-12-30,3031.46000000,2991.99000000,201610-201701,-0.01302013
3008,2016-11-01,2017-01-24,2881.46000000,3513.02000000,201611-201702,0.21918055
3008,2016-12-01,2017-02-24,2881.46000000,3599.86000000,201612-201703,0.24931805
3008,2017-01-03,2017-03-31,2995.93000000,3773.53000000,201701-201704,0.25955213
3008,2017-02-02,2017-04-28,3591.96000000,3959.05000000,201702-201705,0.10219769
3008,2017-03-01,2017-05-31,3532.75000000,3749.85000000,201703-201706,0.06145354
3008,2017-04-05,2017-06-30,3805.11000000,3828.80000000,201704-201707,0.00622584
3008,2017-05-02,2017-07-31,3947.21000000,4349.83000000,201705-201708,0.10200116
3008,2017-06-01,2017-08-31,3722.22000000,4655.57000000,201706-201709,0.25075090
3008,2017-07-03,2017-09-30,3757.75000000,4292.23000000,201707-201710,0.14223405
3008,2017-08-01,2017-10-31,4341.93000000,4563.74000000,201708-201711,0.05108558
3008,2017-09-01,2017-11-30,4687.51000000,4104.57000000,201709-201712,-0.12436027
3008,2017-10-02,2017-12-29,4356.11000000,3210.19000000,201710-201801,-0.26306039
3008,2017-11-01,2018-01-31,4615.64000000,3198.21000000,201711-201802,-0.30709284
3008,2017-12-01,2018-02-27,4000.76000000,2950.66000000,201712-201803,-0.26247513
3008,2018-01-02,2018-03-31,3397.85000000,2675.16000000,201801-201804,-0.21269038
3008,2018-02-01,2018-04-30,3258.10000000,2778.97000000,201802-201805,-0.14705810
3008,2018-03-01,2018-05-31,3114.36000000,3274.07000000,201803-201806,0.05128180
3008,2018-04-02,2018-06-29,2543.40000000,3585.51000000,201804-201807,0.40973107
3008,2018-05-02,2018-07-31,2954.65000000,4112.55000000,201805-201808,0.39189075
3008,2018-06-01,2018-08-31,3389.86000000,3819.35000000,201806-201809,0.12669845
3008,2018-07-02,2018-09-28,3641.41000000,2950.77000000,201807-201810,-0.18966280
3008,2018-08-01,2018-10-31,4032.70000000,2719.41000000,201808-201811,-0.32566023
3008,2018-09-03,2018-11-30,3807.18000000,2735.65000000,201809-201812,-0.28144979
3008,2018-10-01,2018-12-28,3036.00000000,2609.82000000,201810-201901,-0.14037549
3008,2018-11-01,2019-01-30,2707.24000000,3068.47000000,201811-201902,0.13343110
3008,2018-12-03,2019-02-27,3007.59000000,3539.29000000,201812-201903,0.17678606
3008,2019-01-02,2019-03-29,2484.00000000,3734.12000000,201901-201904,0.50326892
3008,2019-02-11,2019-04-30,3226.77000000,3774.71000000,201902-201905,0.16981068
3008,2019-03-04,2019-05-31,3543.35000000,3060.35000000,201903-201906,-0.13631168
3008,2019-04-01,2019-06-28,3636.71000000,3129.35000000,201904-201907,-0.13951071
3008,2019-05-02,2019-07-31,3742.24000000,3450.00000000,201905-201908,-0.07809227
3008,2019-06-03,2019-08-30,3031.94000000,3214.17000000,201906-201909,0.06010343
3008,2019-07-01,2019-09-27,3441.88000000,3676.88000000,201907-201910,0.06827664
3008,2019-08-01,2019-10-31,3429.71000000,3693.40000000,201908-201911,0.07688405
3008,2019-09-02,2019-11-29,3210.04000000,3664.48000000,201909-201912,0.14156833
3008,2019-10-01,2019-12-31,3747.11000000,4131.32000000,201910-202001,0.10253502
3008,2019-11-01,2020-01-31,3685.14000000,3970.20000000,201911-202002,0.07735391
3008,2019-12-02,2020-02-27,3730.58000000,3660.35000000,201912-202003,-0.01882549
3008,2020-01-02,2020-03-31,4156.11000000,3164.59000000,202001-202004,-0.23856924
3008,2020-02-03,2020-04-30,3883.44000000,3395.95000000,202002-202005,-0.12553046
3008,2020-03-02,2020-05-29,3619.04000000,3168.72000000,202003-202006,-0.12443079
3008,2020-04-01,2020-06-30,3106.75000000,3375.29000000,202004-202007,0.08643760
3008,2020-05-04,2020-07-31,3201.77000000,3160.46000000,202005-202008,-0.01290224
3008,2020-06-01,2020-08-31,3358.77000000,2853.26000000,202006-202009,-0.15050450
3008,2020-07-01,2020-09-30,3470.31000000,2832.18000000,202007-202010,-0.18388271
3008,2020-08-03,2020-10-30,3139.81000000,2549.81000000,202008-202011,-0.18790946
3008,2020-09-01,2020-11-30,2971.26000000,2718.39000000,202009-202012,-0.08510531
3008,2020-10-05,2020-12-31,2777.40000000,2693.10000000,202010-202101,-0.03035213
3009,2010-01-04,2010-03-05,24.05000000,22.85000000,201001-201004,-0.04989605
3019,2017-08-01,2017-10-31,57.33000000,97.00000000,201708-201711,0.69195883
3019,2017-09-01,2017-11-30,100.94000000,88.72000000,201709-201712,-0.12106202
3019,2017-10-02,2017-12-29,91.48000000,75.79000000,201710-201801,-0.17151290
3019,2017-11-01,2018-01-31,93.85000000,93.06000000,201711-201802,-0.00841769
3019,2018-03-01,2018-05-31,86.75000000,74.68000000,201803-201806,-0.13913545
3023,2019-08-01,2019-10-31,111.30000000,106.54000000,201908-201911,-0.04276730
3023,2019-09-02,2019-11-29,119.53000000,101.34000000,201909-201912,-0.15217937
3023,2020-02-03,2020-04-30,109.57000000,126.89000000,202002-202005,0.15807247
3023,2020-03-02,2020-05-29,112.17000000,130.36000000,202003-202006,0.16216457
3023,2020-04-01,2020-06-30,108.27000000,129.06000000,202004-202007,0.19201995
3023,2020-05-04,2020-07-31,127.33000000,155.29000000,202005-202008,0.21958690
3023,2020-06-01,2020-08-31,129.93000000,161.09000000,202006-202009,0.23982144
3023,2020-07-01,2020-09-30,131.23000000,159.75000000,202007-202010,0.21732835
3023,2020-08-03,2020-10-30,153.06000000,171.80000000,202008-202011,0.12243565
3023,2020-09-01,2020-11-30,165.10000000,174.03000000,202009-202012,0.05408843
3023,2020-10-05,2020-12-31,164.21000000,192.77000000,202010-202101,0.17392363
3026,2018-05-02,2018-07-31,87.36000000,128.56000000,201805-201808,0.47161172
3026,2018-06-01,2018-08-31,126.34000000,107.28000000,201806-201809,-0.15086275
3026,2018-07-02,2018-09-28,158.00000000,82.11000000,201807-201810,-0.48031646
3034,2010-01-04,2010-03-31,39.94000000,37.48000000,201001-201004,-0.06159239
3034,2010-02-01,2010-04-30,35.02000000,41.07000000,201002-201005,0.17275842
3034,2010-03-01,2010-05-31,35.58000000,35.21000000,201003-201006,-0.01039910
3034,2010-04-01,2010-06-30,38.04000000,32.97000000,201004-201007,-0.13328076
3034,2010-05-03,2010-07-30,40.69000000,33.94000000,201005-201008,-0.16588842
3034,2010-06-01,2010-08-31,34.45000000,30.61000000,201006-201009,-0.11146589
3034,2010-07-01,2010-09-30,33.12000000,35.46000000,201007-201010,0.07065217
3034,2010-08-02,2010-10-29,34.26000000,35.66000000,201008-201011,0.04086398
3034,2010-09-01,2010-11-30,29.85000000,38.87000000,201009-201012,0.30217755
3034,2010-10-01,2010-12-31,35.86000000,37.67000000,201010-201101,0.05047407
3034,2010-11-01,2011-01-28,36.06000000,38.71000000,201011-201102,0.07348863
3034,2010-12-01,2011-02-25,38.79000000,36.38000000,201012-201103,-0.06212941
3034,2011-01-03,2011-03-31,37.51000000,34.70000000,201101-201104,-0.07491336
3034,2011-02-08,2011-04-29,37.55000000,35.06000000,201102-201105,-0.06631158
3034,2011-03-01,2011-05-31,36.10000000,39.27000000,201103-201106,0.08781163
3034,2011-04-01,2011-06-30,34.90000000,37.07000000,201104-201107,0.06217765
3034,2011-05-03,2011-07-29,35.86000000,34.62000000,201105-201108,-0.03457892
3034,2011-06-01,2011-08-31,39.35000000,32.61000000,201106-201109,-0.17128335
3034,2011-07-01,2011-09-30,37.47000000,30.68000000,201107-201110,-0.18121164
3034,2011-08-01,2011-10-31,34.97000000,31.96000000,201108-201111,-0.08607378
3034,2011-09-01,2011-11-30,31.62000000,31.45000000,201109-201112,-0.00537634
3034,2011-10-03,2011-12-30,29.86000000,32.56000000,201110-201201,0.09042197
3034,2011-11-01,2012-01-31,32.65000000,36.08000000,201111-201202,0.10505360
3034,2011-12-01,2012-02-29,33.59000000,37.75000000,201112-201203,0.12384638
3034,2012-01-02,2012-03-30,31.66000000,38.57000000,201201-201204,0.21825648
3034,2012-02-01,2012-04-30,38.14000000,37.97000000,201202-201205,-0.00445726
3034,2012-03-01,2012-05-31,39.13000000,38.01000000,201203-201206,-0.02862254
3034,2012-04-02,2012-06-29,38.57000000,39.21000000,201204-201207,0.01659321
3034,2012-05-02,2012-07-31,38.91000000,39.58000000,201205-201208,0.01721922
3034,2012-06-01,2012-08-31,37.11000000,43.61000000,201206-201209,0.17515494
3034,2012-07-02,2012-09-28,40.11000000,47.90000000,201207-201210,0.19421591
3034,2012-08-01,2012-10-31,39.58000000,49.71000000,201208-201211,0.25593734
3034,2012-09-03,2012-11-30,43.83000000,52.87000000,201209-201212,0.20625143
3034,2012-10-01,2012-12-28,46.99000000,53.09000000,201210-201301,0.12981485
3034,2016-01-04,2016-03-31,67.01000000,68.60000000,201601-201604,0.02372780
3034,2016-02-01,2016-04-29,72.04000000,59.86000000,201602-201605,-0.16907274
3034,2016-03-01,2016-05-31,71.78000000,57.48000000,201603-201606,-0.19921984
3034,2016-04-01,2016-06-30,66.22000000,63.30000000,201604-201607,-0.04409544
3034,2016-05-03,2016-07-29,58.27000000,63.87000000,201605-201608,0.09610434
3034,2016-06-01,2016-08-31,58.27000000,61.88000000,201606-201609,0.06195298
3034,2016-07-01,2016-09-30,63.57000000,63.02000000,201607-201610,-0.00865188
3034,2016-08-01,2016-10-31,64.44000000,67.58000000,201608-201611,0.04872750
3034,2016-09-01,2016-11-30,61.88000000,60.45000000,201609-201612,-0.02310924
3034,2016-10-03,2016-12-30,63.87000000,60.74000000,201610-201701,-0.04900579
3034,2016-11-01,2017-01-24,66.73000000,63.02000000,201611-201702,-0.05559718
3034,2016-12-01,2017-02-24,61.59000000,65.59000000,201612-201703,0.06494561
3034,2017-01-03,2017-03-31,61.02000000,67.01000000,201701-201704,0.09816454
3034,2017-02-02,2017-04-28,62.73000000,66.16000000,201702-201705,0.05467878
3034,2017-03-01,2017-05-31,66.73000000,68.15000000,201703-201706,0.02127978
3034,2017-04-05,2017-06-30,66.16000000,70.15000000,201704-201707,0.06030834
3034,2017-05-02,2017-07-31,66.73000000,69.54000000,201705-201708,0.04211000
3034,2017-06-01,2017-08-31,67.87000000,71.05000000,201706-201709,0.04685428
3034,2017-07-03,2017-09-30,71.00000000,69.24000000,201707-201710,-0.02478873
3034,2017-08-01,2017-10-31,69.24000000,67.43000000,201708-201711,-0.02614096
3034,2017-09-01,2017-11-30,69.54000000,69.24000000,201709-201712,-0.00431406
3034,2017-10-02,2017-12-29,69.24000000,68.64000000,201710-201801,-0.00866551
3034,2017-11-01,2018-01-31,68.94000000,74.08000000,201711-201802,0.07455759
3034,2017-12-01,2018-02-27,71.05000000,76.50000000,201712-201803,0.07670654
3034,2018-01-02,2018-03-31,69.54000000,80.13000000,201801-201804,0.15228645
3034,2018-02-01,2018-04-30,74.08000000,75.59000000,201802-201805,0.02038337
3034,2018-03-01,2018-05-31,77.40000000,81.94000000,201803-201806,0.05865633
3034,2018-04-02,2018-06-29,79.52000000,83.15000000,201804-201807,0.04564889
3034,2018-05-02,2018-07-31,75.29000000,94.33000000,201805-201808,0.25288883
3034,2018-06-01,2018-08-31,82.85000000,95.93000000,201806-201809,0.15787568
3034,2018-07-02,2018-09-28,81.94000000,96.25000000,201807-201810,0.17463998
3034,2018-08-01,2018-10-31,91.47000000,87.00000000,201808-201811,-0.04886848
3034,2018-09-03,2018-11-30,93.70000000,82.86000000,201809-201812,-0.11568837
3034,2018-10-01,2018-12-28,94.02000000,90.51000000,201810-201901,-0.03733248
3034,2018-11-01,2019-01-30,87.96000000,100.71000000,201811-201902,0.14495225
3034,2018-12-03,2019-02-27,91.15000000,108.99000000,201812-201903,0.19572134
3034,2019-01-02,2019-03-29,88.28000000,126.20000000,201901-201904,0.42954237
3034,2019-02-11,2019-04-30,101.66000000,128.44000000,201902-201905,0.26342711
3034,2019-03-04,2019-05-31,108.99000000,106.76000000,201903-201906,-0.02046059
3034,2019-04-01,2019-06-28,124.93000000,110.27000000,201904-201907,-0.11734571
3034,2019-05-02,2019-07-31,127.48000000,111.15000000,201905-201908,-0.12809853
3034,2019-06-03,2019-08-30,104.53000000,124.54000000,201906-201909,0.19142830
3034,2019-07-01,2019-09-27,121.11000000,119.19000000,201907-201910,-0.01585336
3034,2019-08-01,2019-10-31,112.49000000,131.24000000,201908-201911,0.16668148
3034,2019-09-02,2019-11-29,129.23000000,149.65000000,201909-201912,0.15801285
3034,2019-10-01,2019-12-31,123.54000000,146.64000000,201910-202001,0.18698397
3034,2019-11-01,2020-01-31,135.26000000,145.97000000,201911-202002,0.07918084
3034,2019-12-02,2020-02-27,147.65000000,130.91000000,201912-202003,-0.11337623
3034,2020-01-02,2020-03-31,148.98000000,115.17000000,202001-202004,-0.22694321
3034,2020-02-03,2020-04-30,142.62000000,124.88000000,202002-202005,-0.12438648
3034,2020-03-02,2020-05-29,132.24000000,137.27000000,202003-202006,0.03803690
3034,2020-04-01,2020-06-30,117.18000000,152.67000000,202004-202007,0.30286738
3034,2020-05-04,2020-07-31,125.21000000,201.60000000,202005-202008,0.61009504
3034,2020-06-01,2020-08-31,139.61000000,166.84000000,202006-202009,0.19504334
3034,2020-07-01,2020-09-30,157.02000000,184.57000000,202007-202010,0.17545536
3034,2020-08-03,2020-10-30,205.77000000,185.61000000,202008-202011,-0.09797347
3034,2020-09-01,2020-11-30,171.36000000,207.85000000,202009-202012,0.21294351
3034,2020-10-05,2020-12-31,180.74000000,256.51000000,202010-202101,0.41922098
3035,2010-01-04,2010-03-31,60.17000000,51.45000000,201001-201004,-0.14492272
3035,2010-02-01,2010-04-30,53.02000000,48.31000000,201002-201005,-0.08883440
3035,2010-03-01,2010-05-31,50.49000000,45.60000000,201003-201006,-0.09685086
3035,2010-04-01,2010-06-30,52.93000000,43.60000000,201004-201007,-0.17627055
3035,2010-05-03,2010-07-30,47.27000000,45.70000000,201005-201008,-0.03321345
3035,2010-06-01,2010-08-31,45.60000000,46.82000000,201006-201009,0.02675439
3035,2010-07-01,2010-09-30,43.43000000,53.99000000,201007-201010,0.24314990
3035,2010-08-02,2010-10-29,47.44000000,53.99000000,201008-201011,0.13806914
3035,2010-09-01,2010-11-30,47.54000000,52.73000000,201009-201012,0.10917122
3035,2010-10-01,2010-12-31,52.82000000,51.03000000,201010-201101,-0.03388868
3036,2020-06-01,2020-08-31,29.41000000,31.33000000,202006-202009,0.06528392
3036,2020-07-01,2020-09-30,30.67000000,30.21000000,202007-202010,-0.01499837
3036,2020-08-03,2020-10-30,32.23000000,29.48000000,202008-202011,-0.08532423
3037,2010-01-04,2010-03-31,31.18000000,28.02000000,201001-201004,-0.10134702
3037,2010-02-01,2010-04-30,25.03000000,32.69000000,201002-201005,0.30603276
3037,2010-03-01,2010-05-31,25.03000000,32.79000000,201003-201006,0.31002797
3037,2010-04-01,2010-06-30,28.46000000,32.59000000,201004-201007,0.14511595
3037,2010-05-03,2010-07-30,32.21000000,36.64000000,201005-201008,0.13753493
3037,2010-06-01,2010-08-31,32.31000000,35.74000000,201006-201009,0.10615908
3037,2010-07-01,2010-09-30,31.66000000,38.63000000,201007-201010,0.22015161
3037,2010-08-02,2010-10-29,38.84000000,36.73000000,201008-201011,-0.05432544
3037,2010-09-01,2010-11-30,36.38000000,39.20000000,201009-201012,0.07751512
3037,2010-10-01,2010-12-31,37.36000000,40.04000000,201010-201101,0.07173448
3037,2010-11-01,2011-01-28,37.01000000,42.65000000,201011-201102,0.15239125
3037,2010-12-01,2011-02-25,40.18000000,38.77000000,201012-201103,-0.03509209
3037,2011-01-03,2011-03-31,39.27000000,35.25000000,201101-201104,-0.10236822
3037,2011-02-08,2011-04-29,39.69000000,33.24000000,201102-201105,-0.16250945
3037,2011-03-01,2011-05-31,40.40000000,37.36000000,201103-201106,-0.07524752
3037,2011-04-01,2011-06-30,35.95000000,36.02000000,201104-201107,0.00194715
3037,2011-05-03,2011-07-29,32.43000000,36.17000000,201105-201108,0.11532532
3037,2011-06-01,2011-08-31,35.95000000,31.16000000,201106-201109,-0.13324061
3037,2011-07-01,2011-09-30,35.60000000,32.27000000,201107-201110,-0.09353933
3037,2011-08-01,2011-10-31,36.09000000,29.34000000,201108-201111,-0.18703242
3037,2011-09-01,2011-11-30,30.93000000,23.80000000,201109-201112,-0.23052053
3037,2011-10-03,2011-12-30,31.38000000,26.44000000,201110-201201,-0.15742511
3037,2011-11-01,2012-01-31,29.19000000,28.93000000,201111-201202,-0.00890716
3037,2011-12-01,2012-02-29,25.18000000,28.59000000,201112-201203,0.13542494
3037,2012-01-02,2012-03-30,25.55000000,27.18000000,201201-201204,0.06379648
3037,2012-02-01,2012-04-30,28.82000000,24.69000000,201202-201205,-0.14330326
3037,2012-03-01,2012-05-31,28.59000000,23.95000000,201203-201206,-0.16229451
3037,2012-04-02,2012-06-29,26.81000000,25.10000000,201204-201207,-0.06378217
3037,2012-05-02,2012-07-31,25.10000000,25.03000000,201205-201208,-0.00278884
3037,2012-06-01,2012-08-31,22.47000000,25.29000000,201206-201209,0.12550067
3037,2012-07-02,2012-09-28,25.03000000,25.96000000,201207-201210,0.03715541
3037,2012-08-01,2012-10-31,25.25000000,22.21000000,201208-201211,-0.12039604
3037,2012-09-03,2012-11-30,25.40000000,23.47000000,201209-201212,-0.07598425
3037,2012-10-01,2012-12-28,26.07000000,22.87000000,201210-201301,-0.12274645
3037,2016-02-01,2016-04-29,11.39000000,12.58000000,201602-201605,0.10447761
3037,2016-03-01,2016-05-31,13.76000000,11.31000000,201603-201606,-0.17805233
3037,2016-04-01,2016-06-30,12.62000000,11.48000000,201604-201607,-0.09033281
3037,2017-04-05,2017-06-30,14.35000000,14.68000000,201704-201707,0.02299652
3037,2017-05-02,2017-07-31,15.34000000,16.34000000,201705-201708,0.06518905
3037,2017-07-03,2017-09-30,14.80000000,13.94000000,201707-201710,-0.05810811
3037,2018-02-01,2018-04-30,17.83000000,14.19000000,201802-201805,-0.20415031
3037,2018-03-01,2018-05-31,17.02000000,14.19000000,201803-201806,-0.16627497
3037,2018-09-03,2018-11-30,15.46000000,18.42000000,201809-201812,0.19146184
3037,2018-10-01,2018-12-28,17.55000000,19.42000000,201810-201901,0.10655271
3037,2018-11-01,2019-01-30,13.59000000,19.59000000,201811-201902,0.44150110
3037,2018-12-03,2019-02-27,19.81000000,20.99000000,201812-201903,0.05956588
3037,2019-01-02,2019-03-29,20.12000000,25.78000000,201901-201904,0.28131213
3037,2019-02-11,2019-04-30,20.25000000,30.00000000,201902-201905,0.48148148
3037,2019-03-04,2019-05-31,22.86000000,26.08000000,201903-201906,0.14085739
3037,2019-04-01,2019-06-28,28.13000000,30.70000000,201904-201907,0.09136154
3037,2019-05-02,2019-07-31,29.96000000,33.75000000,201905-201908,0.12650200
3037,2019-06-03,2019-08-30,24.99000000,34.68000000,201906-201909,0.38775510
3037,2019-07-01,2019-09-27,33.75000000,38.77000000,201907-201910,0.14874074
3037,2019-08-01,2019-10-31,33.08000000,41.88000000,201908-201911,0.26602177
3037,2019-09-02,2019-11-29,35.53000000,40.99000000,201909-201912,0.15367295
3037,2019-10-01,2019-12-31,39.26000000,37.30000000,201910-202001,-0.04992359
3037,2019-11-01,2020-01-31,41.92000000,34.33000000,201911-202002,-0.18105916
3037,2019-12-02,2020-02-27,39.21000000,35.53000000,201912-202003,-0.09385361
3037,2020-01-02,2020-03-31,38.72000000,28.42000000,202001-202004,-0.26601240
3037,2020-02-03,2020-04-30,32.64000000,38.06000000,202002-202005,0.16605392
3037,2020-03-02,2020-05-29,34.86000000,35.62000000,202003-202006,0.02180149
3037,2020-04-01,2020-06-30,28.15000000,44.50000000,202004-202007,0.58081705
3037,2020-05-04,2020-07-31,38.19000000,58.33000000,202005-202008,0.52736318
3037,2020-06-01,2020-08-31,39.17000000,66.76000000,202006-202009,0.70436559
3037,2020-07-01,2020-09-30,43.92000000,67.49000000,202007-202010,0.53665756
3037,2020-08-03,2020-10-30,57.51000000,61.86000000,202008-202011,0.07563902
3037,2020-09-01,2020-11-30,70.21000000,81.55000000,202009-202012,0.16151545
3037,2020-10-05,2020-12-31,70.93000000,79.28000000,202010-202101,0.11772170
3041,2010-01-04,2010-03-31,172.56000000,165.07000000,201001-201004,-0.04340519
3041,2010-02-01,2010-04-30,141.91000000,149.85000000,201002-201005,0.05595095
3041,2010-03-01,2010-05-31,155.31000000,127.60000000,201003-201006,-0.17841736
3041,2010-04-01,2010-06-30,168.93000000,115.34000000,201004-201007,-0.31723199
3044,2010-01-04,2010-03-31,46.08000000,46.73000000,201001-201004,0.01410590
3044,2010-02-01,2010-04-30,47.17000000,47.17000000,201002-201005,0.00000000
3044,2010-03-01,2010-05-31,45.43000000,53.04000000,201003-201006,0.16751046
3044,2010-04-01,2010-06-30,47.38000000,52.17000000,201004-201007,0.10109751
3044,2010-05-03,2010-07-30,47.60000000,54.22000000,201005-201008,0.13907563
3044,2010-06-01,2010-08-31,52.60000000,48.88000000,201006-201009,-0.07072243
3044,2010-07-01,2010-09-30,51.51000000,53.11000000,201007-201010,0.03106193
3044,2010-08-02,2010-10-29,55.11000000,52.22000000,201008-201011,-0.05244057
3044,2010-09-01,2010-11-30,49.33000000,59.11000000,201009-201012,0.19825664
3044,2010-10-01,2010-12-31,53.77000000,52.88000000,201010-201101,-0.01655198
3044,2010-11-01,2011-01-28,53.99000000,59.77000000,201011-201102,0.10705686
3044,2010-12-01,2011-02-25,59.77000000,58.66000000,201012-201103,-0.01857119
3044,2011-01-03,2011-03-31,53.11000000,57.55000000,201101-201104,0.08360008
3044,2011-02-08,2011-04-29,56.44000000,60.22000000,201102-201105,0.06697378
3044,2011-03-01,2011-05-31,60.44000000,59.99000000,201103-201106,-0.00744540
3044,2011-04-01,2011-06-30,57.77000000,52.88000000,201104-201107,-0.08464601
3044,2011-05-03,2011-07-29,59.11000000,50.88000000,201105-201108,-0.13923194
3044,2011-06-01,2011-08-31,62.22000000,50.31000000,201106-201109,-0.19141755
3044,2011-07-01,2011-09-30,53.33000000,41.65000000,201107-201110,-0.21901369
3044,2011-08-01,2011-10-31,50.88000000,40.72000000,201108-201111,-0.19968553
3044,2011-09-01,2011-11-30,49.64000000,34.33000000,201109-201112,-0.30842063
3044,2011-10-03,2011-12-30,40.87000000,37.63000000,201110-201201,-0.07927575
3044,2011-11-01,2012-01-31,42.16000000,42.47000000,201111-201202,0.00735294
3044,2011-12-01,2012-02-29,36.08000000,47.16000000,201112-201203,0.30709534
3044,2012-01-02,2012-03-30,36.39000000,51.03000000,201201-201204,0.40230833
3044,2012-02-01,2012-04-30,43.50000000,44.33000000,201202-201205,0.01908046
3044,2012-03-01,2012-05-31,47.68000000,42.88000000,201203-201206,-0.10067114
3044,2012-04-02,2012-06-29,50.31000000,43.30000000,201204-201207,-0.13933612
3044,2012-05-02,2012-07-31,46.90000000,36.95000000,201205-201208,-0.21215352
3044,2012-06-01,2012-08-31,41.75000000,35.76000000,201206-201209,-0.14347305
3044,2012-07-02,2012-09-28,43.24000000,39.01000000,201207-201210,-0.09782609
3044,2012-08-01,2012-10-31,37.38000000,30.61000000,201208-201211,-0.18111289
3044,2012-09-03,2012-11-30,38.25000000,32.56000000,201209-201212,-0.14875817
3044,2012-10-01,2012-12-28,39.44000000,33.75000000,201210-201301,-0.14426978
3044,2016-01-04,2016-03-31,34.23000000,35.96000000,201601-201604,0.05054046
3044,2016-02-01,2016-04-29,34.11000000,36.39000000,201602-201605,0.06684257
3044,2016-03-01,2016-05-31,36.63000000,38.36000000,201603-201606,0.04722905
3044,2016-04-01,2016-06-30,35.96000000,38.48000000,201604-201607,0.07007786
3044,2016-05-03,2016-07-29,36.02000000,42.29000000,201605-201608,0.17406996
3044,2016-06-01,2016-08-31,38.60000000,43.91000000,201606-201609,0.13756477
3044,2016-07-01,2016-09-30,38.42000000,45.14000000,201607-201610,0.17490890
3044,2016-08-01,2016-10-31,42.75000000,48.38000000,201608-201611,0.13169591
3044,2016-09-01,2016-11-30,43.33000000,47.28000000,201609-201612,0.09116086
3044,2016-10-03,2016-12-30,45.86000000,47.15000000,201610-201701,0.02812909
3044,2016-11-01,2017-01-24,47.47000000,49.42000000,201611-201702,0.04107858
3044,2016-12-01,2017-02-24,47.93000000,51.94000000,201612-201703,0.08366368
3044,2017-01-03,2017-03-31,47.15000000,55.38000000,201701-201704,0.17454931
3044,2017-02-02,2017-04-28,47.60000000,55.25000000,201702-201705,0.16071429
3044,2017-03-01,2017-05-31,53.11000000,57.97000000,201703-201706,0.09150819
3044,2017-04-05,2017-06-30,55.05000000,62.76000000,201704-201707,0.14005450
3044,2017-05-02,2017-07-31,54.15000000,66.67000000,201705-201708,0.23120960
3044,2017-06-01,2017-08-31,57.58000000,76.40000000,201706-201709,0.32684960
3044,2017-07-03,2017-09-30,62.76000000,70.99000000,201707-201710,0.13113448
3044,2017-08-01,2017-10-31,66.53000000,75.05000000,201708-201711,0.12806253
3044,2017-09-01,2017-11-30,75.39000000,65.31000000,201709-201712,-0.13370474
3044,2017-10-02,2017-12-29,71.67000000,62.88000000,201710-201801,-0.12264546
3044,2017-11-01,2018-01-31,77.08000000,63.56000000,201711-201802,-0.17540218
3044,2017-12-01,2018-02-27,64.50000000,66.06000000,201712-201803,0.02418605
3044,2018-01-02,2018-03-31,64.91000000,66.26000000,201801-201804,0.02079803
3044,2018-02-01,2018-04-30,63.69000000,60.78000000,201802-201805,-0.04569006
3044,2018-03-01,2018-05-31,69.98000000,57.34000000,201803-201806,-0.18062304
3044,2018-04-02,2018-06-29,66.87000000,56.66000000,201804-201807,-0.15268431
3044,2018-05-02,2018-07-31,60.92000000,60.80000000,201805-201808,-0.00196980
3044,2018-06-01,2018-08-31,57.81000000,68.15000000,201806-201809,0.17886179
3044,2018-07-02,2018-09-28,56.19000000,60.01000000,201807-201810,0.06798363
3044,2018-08-01,2018-10-31,63.54000000,53.81000000,201808-201811,-0.15313189
3044,2018-09-03,2018-11-30,66.13000000,60.01000000,201809-201812,-0.09254499
3044,2018-10-01,2018-12-28,60.80000000,57.49000000,201810-201901,-0.05444079
3044,2018-11-01,2019-01-30,55.11000000,59.07000000,201811-201902,0.07185629
3044,2018-12-03,2019-02-27,61.74000000,67.93000000,201812-201903,0.10025915
3044,2019-01-02,2019-03-29,57.92000000,71.68000000,201901-201904,0.23756906
3044,2019-02-11,2019-04-30,59.14000000,71.24000000,201902-201905,0.20459926
3044,2019-03-04,2019-05-31,69.66000000,72.40000000,201903-201906,0.03933391
3044,2019-04-01,2019-06-28,71.75000000,79.24000000,201904-201907,0.10439024
3044,2019-05-02,2019-07-31,71.03000000,79.08000000,201905-201908,0.11333239
3044,2019-06-03,2019-08-30,70.60000000,86.31000000,201906-201909,0.22252125
3044,2019-07-01,2019-09-27,80.32000000,84.79000000,201907-201910,0.05565239
3044,2019-08-01,2019-10-31,79.08000000,89.73000000,201908-201911,0.13467375
3044,2019-09-02,2019-11-29,86.31000000,96.19000000,201909-201912,0.11447109
3044,2019-10-01,2019-12-31,85.93000000,95.43000000,201910-202001,0.11055510
3044,2019-11-01,2020-01-31,87.45000000,85.55000000,201911-202002,-0.02172670
3044,2019-12-02,2020-02-27,93.91000000,83.65000000,201912-202003,-0.10925354
3044,2020-01-02,2020-03-31,97.71000000,72.24000000,202001-202004,-0.26066933
3044,2020-02-03,2020-04-30,82.13000000,80.98000000,202002-202005,-0.01400219
3044,2020-03-02,2020-05-29,80.98000000,85.55000000,202003-202006,0.05643369
3044,2020-04-01,2020-06-30,72.39000000,99.62000000,202004-202007,0.37615693
3044,2020-05-04,2020-07-31,79.08000000,101.81000000,202005-202008,0.28743045
3044,2020-06-01,2020-08-31,90.87000000,92.99000000,202006-202009,0.02333003
3044,2020-07-01,2020-09-30,100.38000000,88.18000000,202007-202010,-0.12153816
3044,2020-08-03,2020-10-30,99.80000000,90.99000000,202008-202011,-0.08827655
3044,2020-09-01,2020-11-30,92.59000000,98.20000000,202009-202012,0.06058970
3044,2020-10-05,2020-12-31,91.39000000,94.99000000,202010-202101,0.03939162
3045,2010-01-04,2010-03-31,32.88000000,31.36000000,201001-201004,-0.04622871
3045,2010-02-01,2010-04-30,31.93000000,31.56000000,201002-201005,-0.01158785
3045,2010-03-01,2010-05-31,31.67000000,32.09000000,201003-201006,0.01326176
3045,2010-04-01,2010-06-30,31.41000000,34.45000000,201004-201007,0.09678446
3045,2010-05-03,2010-07-30,31.30000000,35.56000000,201005-201008,0.13610224
3045,2010-06-01,2010-08-31,31.77000000,35.44000000,201006-201009,0.11551778
3045,2010-07-01,2010-09-30,34.35000000,36.29000000,201007-201010,0.05647744
3045,2010-08-02,2010-10-29,35.78000000,38.32000000,201008-201011,0.07098938
3045,2010-09-01,2010-11-30,35.78000000,38.42000000,201009-201012,0.07378424
3045,2010-10-01,2010-12-31,36.12000000,39.21000000,201010-201101,0.08554817
3045,2010-11-01,2011-01-28,38.54000000,38.54000000,201011-201102,0.00000000
3045,2010-12-01,2011-02-25,38.48000000,37.41000000,201012-201103,-0.02780665
3045,2011-01-03,2011-03-31,39.05000000,38.93000000,201101-201104,-0.00307298
3045,2011-02-08,2011-04-29,38.71000000,41.58000000,201102-201105,0.07414105
3045,2011-03-01,2011-05-31,37.81000000,43.55000000,201103-201106,0.15181169
3045,2011-04-01,2011-06-30,39.10000000,45.90000000,201104-201107,0.17391304
3045,2011-05-03,2011-07-29,41.46000000,46.78000000,201105-201108,0.12831645
3045,2011-06-01,2011-08-31,43.66000000,46.37000000,201106-201109,0.06207055
3045,2011-07-01,2011-09-26,45.48000000,44.19000000,201107-201110,-0.02836412
3045,2011-08-01,2011-10-31,49.08000000,46.39000000,201108-201111,-0.05480848
3045,2011-09-01,2011-11-30,45.72000000,51.77000000,201109-201112,0.13232721
3045,2011-10-13,2011-12-30,45.20000000,50.80000000,201110-201201,0.12389381
3045,2011-11-01,2012-01-31,47.09000000,48.16000000,201111-201202,0.02272245
3045,2011-12-01,2012-02-29,51.93000000,48.65000000,201112-201203,-0.06316195
3045,2012-01-02,2012-03-30,50.75000000,48.38000000,201201-201204,-0.04669951
3045,2012-02-01,2012-04-30,47.09000000,50.69000000,201202-201205,0.07644935
3045,2012-03-01,2012-05-31,48.65000000,50.86000000,201203-201206,0.04542652
3045,2012-04-02,2012-06-29,49.03000000,53.01000000,201204-201207,0.08117479
3045,2012-05-02,2012-07-31,50.59000000,56.18000000,201205-201208,0.11049615
3045,2012-06-01,2012-08-31,50.86000000,62.99000000,201206-201209,0.23849784
3045,2012-07-02,2012-09-28,53.71000000,60.72000000,201207-201210,0.13051573
3045,2012-08-01,2012-10-31,56.74000000,57.88000000,201208-201211,0.02009165
3045,2012-09-03,2012-11-30,62.70000000,59.30000000,201209-201212,-0.05422648
3045,2012-10-01,2012-12-28,60.72000000,60.72000000,201210-201301,0.00000000
3045,2016-01-04,2016-03-31,65.25000000,69.57000000,201601-201604,0.06620690
3045,2016-02-01,2016-04-29,66.51000000,70.90000000,201602-201605,0.06600511
3045,2016-03-01,2016-05-31,68.91000000,74.23000000,201603-201606,0.07720215
3045,2016-04-01,2016-06-30,69.57000000,78.73000000,201604-201607,0.13166595
3045,2016-05-03,2016-07-29,71.57000000,76.98000000,201605-201608,0.07559033
3045,2016-06-01,2016-08-31,73.57000000,78.03000000,201606-201609,0.06062254
3045,2016-07-01,2016-09-30,78.73000000,78.73000000,201607-201610,0.00000000
3045,2016-08-01,2016-10-31,77.68000000,77.33000000,201608-201611,-0.00450566
3045,2016-09-01,2016-11-30,78.03000000,75.23000000,201609-201612,-0.03588363
3045,2016-10-03,2016-12-30,79.43000000,72.78000000,201610-201701,-0.08372152
3045,2016-11-01,2017-01-24,76.28000000,73.13000000,201611-201702,-0.04129523
3045,2016-12-01,2017-02-24,73.83000000,75.58000000,201612-201703,0.02370310
3045,2017-01-03,2017-03-31,73.13000000,78.03000000,201701-201704,0.06700397
3045,2017-02-02,2017-04-28,71.38000000,78.03000000,201702-201705,0.09316335
3045,2017-03-01,2017-05-31,75.58000000,78.38000000,201703-201706,0.03704684
3045,2017-04-05,2017-06-30,79.08000000,80.13000000,201704-201707,0.01327769
3045,2017-05-02,2017-07-31,78.03000000,79.52000000,201705-201708,0.01909522
3045,2017-06-01,2017-08-31,79.08000000,79.52000000,201706-201709,0.00556399
3045,2017-07-03,2017-09-30,80.48000000,79.89000000,201707-201710,-0.00733101
3045,2017-08-01,2017-10-31,79.52000000,79.16000000,201708-201711,-0.00452716
3045,2017-09-01,2017-11-30,79.52000000,79.16000000,201709-201712,-0.00452716
3045,2017-10-02,2017-12-29,79.89000000,79.16000000,201710-201801,-0.00913756
3045,2017-11-01,2018-01-31,78.42000000,82.10000000,201711-201802,0.04692680
3045,2017-12-01,2018-02-27,79.89000000,79.16000000,201712-201803,-0.00913756
3045,2018-01-02,2018-03-31,79.52000000,81.00000000,201801-201804,0.01861167
3045,2018-02-01,2018-04-30,82.10000000,80.63000000,201802-201805,-0.01790499
3045,2018-03-01,2018-05-31,78.42000000,81.00000000,201803-201806,0.03289977
3045,2018-04-02,2018-06-29,81.00000000,81.37000000,201804-201807,0.00456790
3045,2018-05-02,2018-07-31,81.73000000,81.79000000,201805-201808,0.00073412
3045,2018-06-01,2018-08-31,81.37000000,82.95000000,201806-201809,0.01941748
3045,2018-07-02,2018-09-28,81.00000000,84.89000000,201807-201810,0.04802469
3045,2018-08-01,2018-10-31,82.18000000,85.67000000,201808-201811,0.04246775
3045,2018-09-03,2018-11-30,83.34000000,84.50000000,201809-201812,0.01391889
3045,2018-10-01,2018-12-28,84.89000000,82.57000000,201810-201901,-0.02732949
3045,2018-11-01,2019-01-30,84.89000000,84.89000000,201811-201902,0.00000000
3045,2018-12-03,2019-02-27,83.73000000,85.28000000,201812-201903,0.01851188
3045,2019-01-02,2019-03-29,82.95000000,86.44000000,201901-201904,0.04207354
3045,2019-02-11,2019-04-30,84.89000000,87.61000000,201902-201905,0.03204147
3045,2019-03-04,2019-05-31,85.28000000,91.48000000,201903-201906,0.07270169
3045,2019-04-01,2019-06-28,86.06000000,94.97000000,201904-201907,0.10353242
3045,2019-05-02,2019-07-31,88.77000000,88.94000000,201905-201908,0.00191506
3045,2019-06-03,2019-08-30,91.48000000,90.97000000,201906-201909,-0.00557499
3045,2019-07-01,2019-09-27,93.81000000,90.97000000,201907-201910,-0.03027396
3045,2019-08-01,2019-10-31,88.13000000,92.19000000,201908-201911,0.04606831
3045,2019-09-02,2019-11-29,91.38000000,93.00000000,201909-201912,0.01772817
3045,2019-10-01,2019-12-31,92.19000000,90.97000000,201910-202001,-0.01323354
3045,2019-11-01,2020-01-31,92.59000000,86.91000000,201911-202002,-0.06134572
3045,2019-12-02,2020-02-27,93.41000000,85.28000000,201912-202003,-0.08703565
3045,2020-01-02,2020-03-31,91.38000000,81.14000000,202001-202004,-0.11205953
3045,2020-02-03,2020-04-30,87.72000000,87.31000000,202002-202005,-0.00467396
3045,2020-03-02,2020-05-29,83.66000000,87.31000000,202003-202006,0.04362897
3045,2020-04-01,2020-06-30,79.68000000,89.75000000,202004-202007,0.12638052
3045,2020-05-04,2020-07-31,87.72000000,88.99000000,202005-202008,0.01447788
3045,2020-06-01,2020-08-31,86.50000000,86.03000000,202006-202009,-0.00543353
3045,2020-07-01,2020-09-30,90.97000000,81.87000000,202007-202010,-0.10003298
3045,2020-08-03,2020-10-30,88.14000000,82.80000000,202008-202011,-0.06058543
3045,2020-09-01,2020-11-30,86.03000000,82.30000000,202009-202012,-0.04335697
3045,2020-10-05,2020-12-31,81.79000000,83.82000000,202010-202101,0.02481966
3049,2010-01-04,2010-03-31,40.62000000,33.84000000,201001-201004,-0.16691285
3049,2010-03-01,2010-05-31,30.10000000,26.14000000,201003-201006,-0.13156146
3049,2011-03-01,2011-05-31,43.66000000,36.74000000,201103-201106,-0.15849748
3049,2011-04-01,2011-06-30,38.22000000,30.52000000,201104-201107,-0.20146520
3049,2011-05-03,2011-07-29,36.88000000,26.35000000,201105-201108,-0.28552061
3059,2010-01-04,2010-03-31,47.56000000,41.67000000,201001-201004,-0.12384357
3059,2010-02-01,2010-04-30,42.64000000,39.29000000,201002-201005,-0.07856473
3059,2010-03-01,2010-05-31,38.99000000,31.24000000,201003-201006,-0.19876892
3059,2010-04-01,2010-06-30,41.67000000,31.16000000,201004-201007,-0.25221982
3149,2012-01-02,2012-03-30,134.96000000,227.86000000,201201-201204,0.68835210
3149,2012-02-01,2012-04-30,192.58000000,188.85000000,201202-201205,-0.01936857
3149,2012-03-01,2012-05-31,203.10000000,196.30000000,201203-201206,-0.03348104
3149,2012-04-02,2012-06-29,227.86000000,194.64000000,201204-201207,-0.14579128
3149,2012-05-02,2012-07-31,202.00000000,172.98000000,201205-201208,-0.14366337
3149,2012-06-01,2012-08-31,182.72000000,182.05000000,201206-201209,-0.00366681
3149,2012-07-02,2012-09-28,201.05000000,200.38000000,201207-201210,-0.00333250
3149,2012-08-01,2012-10-31,174.09000000,156.64000000,201208-201211,-0.10023551
3149,2012-09-03,2012-11-30,190.44000000,162.82000000,201209-201212,-0.14503256
3149,2012-10-01,2012-12-28,201.26000000,167.68000000,201210-201301,-0.16684885
3189,2010-01-04,2010-03-31,51.33000000,50.60000000,201001-201004,-0.01422170
3189,2010-02-01,2010-04-30,49.26000000,49.99000000,201002-201005,0.01481933
3189,2010-03-01,2010-05-31,45.61000000,46.28000000,201003-201006,0.01468976
3189,2010-04-01,2010-06-30,50.05000000,37.89000000,201004-201007,-0.24295704
3189,2010-05-03,2010-07-30,49.93000000,40.80000000,201005-201008,-0.18285600
3189,2010-06-01,2010-08-31,45.61000000,40.28000000,201006-201009,-0.11686034
3189,2010-07-01,2010-09-30,38.31000000,50.36000000,201007-201010,0.31453928
3189,2010-08-02,2010-10-29,42.08000000,52.37000000,201008-201011,0.24453422
3189,2010-09-01,2010-11-30,40.03000000,57.91000000,201009-201012,0.44666500
3189,2010-10-01,2010-12-31,49.22000000,62.31000000,201010-201101,0.26594880
3189,2010-11-01,2011-01-28,53.63000000,59.17000000,201011-201102,0.10330039
3189,2010-12-01,2011-02-25,56.65000000,58.22000000,201012-201103,0.02771403
3189,2011-01-03,2011-03-31,60.43000000,57.22000000,201101-201104,-0.05311931
3189,2011-02-08,2011-04-29,58.79000000,62.88000000,201102-201105,0.06956965
3189,2011-03-01,2011-05-31,58.60000000,81.20000000,201103-201106,0.38566553
3189,2011-04-01,2011-06-30,57.97000000,73.64000000,201104-201107,0.27031223
3189,2011-05-03,2011-07-29,62.00000000,74.90000000,201105-201108,0.20806452
3189,2011-06-01,2011-08-31,79.62000000,68.12000000,201106-201109,-0.14443607
3189,2011-07-01,2011-09-30,75.22000000,65.21000000,201107-201110,-0.13307631
3189,2011-08-01,2011-10-31,78.05000000,68.12000000,201108-201111,-0.12722614
3189,2011-09-01,2011-11-30,68.12000000,58.39000000,201109-201112,-0.14283617
3189,2011-10-03,2011-12-30,63.58000000,52.16000000,201110-201201,-0.17961623
3189,2011-11-01,2012-01-31,68.77000000,62.29000000,201111-201202,-0.09422713
3189,2011-12-01,2012-02-29,60.60000000,67.80000000,201112-201203,0.11881188
3189,2012-01-02,2012-03-30,50.28000000,61.38000000,201201-201204,0.22076372
3189,2012-02-01,2012-04-30,60.14000000,59.56000000,201202-201205,-0.00964416
3189,2012-03-01,2012-05-31,68.45000000,56.12000000,201203-201206,-0.18013148
3189,2012-04-02,2012-06-29,61.96000000,52.81000000,201204-201207,-0.14767592
3189,2012-05-02,2012-07-31,62.61000000,54.76000000,201205-201208,-0.12537933
3189,2012-06-01,2012-08-31,54.82000000,57.67000000,201206-201209,0.05198833
3189,2012-07-02,2012-09-28,52.75000000,57.94000000,201207-201210,0.09838863
3189,2012-08-01,2012-10-31,53.98000000,54.03000000,201208-201211,0.00092627
3189,2012-09-03,2012-11-30,58.68000000,62.24000000,201209-201212,0.06066803
3189,2012-10-01,2012-12-28,57.87000000,61.30000000,201210-201301,0.05927078
3189,2016-01-04,2016-03-31,49.60000000,54.22000000,201601-201604,0.09314516
3189,2016-02-01,2016-04-29,52.71000000,47.40000000,201602-201605,-0.10073990
3189,2016-03-01,2016-05-31,60.21000000,54.15000000,201603-201606,-0.10064773
3189,2016-04-01,2016-06-30,53.62000000,53.39000000,201604-201607,-0.00428944
3189,2016-05-03,2016-07-29,47.25000000,52.18000000,201605-201608,0.10433862
3189,2016-06-01,2016-08-31,58.02000000,53.33000000,201606-201609,-0.08083420
3189,2016-07-01,2016-09-30,53.92000000,58.27000000,201607-201610,0.08067507
3189,2016-08-01,2016-10-31,53.31000000,58.11000000,201608-201611,0.09003939
3189,2016-09-01,2016-11-30,52.85000000,56.68000000,201609-201612,0.07246925
3189,2016-10-03,2016-12-30,57.80000000,56.76000000,201610-201701,-0.01799308
3189,2016-11-01,2017-01-24,58.19000000,57.24000000,201611-201702,-0.01632583
3189,2016-12-01,2017-02-24,57.24000000,67.76000000,201612-201703,0.18378756
3189,2017-01-03,2017-03-31,56.68000000,63.93000000,201701-201704,0.12791108
3189,2017-02-02,2017-04-28,58.59000000,62.58000000,201702-201705,0.06810036
3189,2017-03-01,2017-05-31,66.33000000,62.26000000,201703-201706,-0.06135987
3189,2017-04-05,2017-06-30,64.81000000,64.33000000,201704-201707,-0.00740626
3189,2017-05-02,2017-07-31,60.82000000,64.97000000,201705-201708,0.06823413
3189,2017-06-01,2017-08-31,63.38000000,69.40000000,201706-201709,0.09498264
3189,2017-07-03,2017-09-30,63.46000000,61.89000000,201707-201710,-0.02473999
3189,2017-08-01,2017-10-31,66.17000000,62.79000000,201708-201711,-0.05108055
3189,2017-09-01,2017-11-30,69.32000000,59.24000000,201709-201712,-0.14541258
3189,2017-10-02,2017-12-29,60.81000000,44.78000000,201710-201801,-0.26360796
3189,2017-11-01,2018-01-31,62.79000000,41.64000000,201711-201802,-0.33683708
3189,2020-07-01,2020-09-30,64.28000000,59.28000000,202007-202010,-0.07778469
3189,2020-08-03,2020-10-30,67.39000000,62.16000000,202008-202011,-0.07760795
3189,2020-10-05,2020-12-31,59.91000000,72.78000000,202010-202101,0.21482223
3231,2010-01-04,2010-03-31,18.17000000,17.05000000,201001-201004,-0.06164007
3231,2010-02-01,2010-04-30,17.67000000,17.96000000,201002-201005,0.01641200
3231,2010-03-01,2010-05-31,16.64000000,15.72000000,201003-201006,-0.05528846
3231,2010-04-01,2010-06-30,17.08000000,14.06000000,201004-201007,-0.17681499
3231,2010-05-03,2010-07-30,17.70000000,16.86000000,201005-201008,-0.04745763
3231,2010-06-01,2010-08-31,15.87000000,16.34000000,201006-201009,0.02961563
3231,2010-07-01,2010-09-30,14.30000000,18.59000000,201007-201010,0.30000000
3231,2010-08-02,2010-10-29,17.78000000,20.52000000,201008-201011,0.15410574
3231,2010-09-01,2010-11-30,16.34000000,20.16000000,201009-201012,0.23378213
3231,2010-10-01,2010-12-31,18.23000000,19.37000000,201010-201101,0.06253428
3231,2010-11-01,2011-01-28,20.87000000,18.59000000,201011-201102,-0.10924772
3231,2010-12-01,2011-02-25,20.06000000,17.25000000,201012-201103,-0.14007976
3231,2011-01-03,2011-03-31,19.50000000,15.20000000,201101-201104,-0.22051282
3231,2011-02-08,2011-04-29,18.27000000,16.80000000,201102-201105,-0.08045977
3231,2011-03-01,2011-05-31,17.78000000,17.61000000,201103-201106,-0.00956130
3231,2011-04-01,2011-06-30,15.33000000,16.63000000,201104-201107,0.08480104
3231,2011-05-03,2011-07-29,16.80000000,15.82000000,201105-201108,-0.05833333
3231,2011-06-01,2011-08-31,17.68000000,13.58000000,201106-201109,-0.23190045
3231,2011-07-01,2011-09-30,16.96000000,13.15000000,201107-201110,-0.22464623
3231,2011-08-01,2011-10-31,16.29000000,13.25000000,201108-201111,-0.18661756
3231,2011-09-01,2011-11-30,13.49000000,13.81000000,201109-201112,0.02372128
3231,2011-10-03,2011-12-30,12.96000000,14.43000000,201110-201201,0.11342593
3231,2011-11-01,2012-01-31,13.53000000,16.71000000,201111-201202,0.23503326
3231,2011-12-01,2012-02-29,14.02000000,18.42000000,201112-201203,0.31383738
3231,2012-01-02,2012-03-30,14.32000000,16.75000000,201201-201204,0.16969274
3231,2012-02-01,2012-04-30,16.41000000,16.50000000,201202-201205,0.00548446
3231,2012-03-01,2012-05-31,18.19000000,14.26000000,201203-201206,-0.21605278
3231,2012-04-02,2012-06-29,16.95000000,13.74000000,201204-201207,-0.18938053
3231,2012-05-02,2012-07-31,16.91000000,13.63000000,201205-201208,-0.19396807
3231,2012-06-01,2012-08-31,14.13000000,14.11000000,201206-201209,-0.00141543
3231,2012-07-02,2012-09-28,14.11000000,14.83000000,201207-201210,0.05102764
3231,2012-08-01,2012-10-31,13.75000000,11.82000000,201208-201211,-0.14036364
3231,2012-09-03,2012-11-30,14.20000000,13.44000000,201209-201212,-0.05352113
3231,2012-10-01,2012-12-28,14.89000000,12.68000000,201210-201301,-0.14842176
3231,2016-01-04,2016-03-31,10.09000000,11.06000000,201601-201604,0.09613479
3231,2016-02-01,2016-04-29,10.39000000,10.61000000,201602-201605,0.02117421
3231,2016-03-01,2016-05-31,10.97000000,11.64000000,201603-201606,0.06107566
3231,2016-04-01,2016-06-30,10.95000000,12.45000000,201604-201607,0.13698630
3231,2016-05-03,2016-07-29,10.39000000,14.09000000,201605-201608,0.35611165
3231,2016-06-01,2016-08-31,11.56000000,14.04000000,201606-201609,0.21453287
3231,2016-07-01,2016-09-30,12.45000000,14.04000000,201607-201610,0.12771084
3231,2016-08-01,2016-10-31,13.56000000,14.34000000,201608-201611,0.05752212
3231,2016-09-01,2016-11-30,13.53000000,13.74000000,201609-201612,0.01552106
3231,2016-10-03,2016-12-30,13.86000000,15.03000000,201610-201701,0.08441558
3231,2016-11-01,2017-01-24,14.46000000,16.06000000,201611-201702,0.11065007
3231,2016-12-01,2017-02-24,13.89000000,15.51000000,201612-201703,0.11663067
3231,2017-01-03,2017-03-31,15.06000000,16.75000000,201701-201704,0.11221780
3231,2017-02-02,2017-04-28,15.85000000,17.17000000,201702-201705,0.08328076
3231,2017-03-01,2017-05-31,15.54000000,16.75000000,201703-201706,0.07786358
3231,2017-04-05,2017-06-30,17.17000000,18.65000000,201704-201707,0.08619685
3231,2017-05-02,2017-07-31,17.35000000,18.38000000,201705-201708,0.05936599
3231,2017-06-01,2017-08-31,17.11000000,18.40000000,201706-201709,0.07539451
3231,2017-07-03,2017-09-30,18.74000000,15.81000000,201707-201710,-0.15635005
3231,2017-08-01,2017-10-31,18.29000000,16.23000000,201708-201711,-0.11262985
3231,2017-09-01,2017-11-30,18.20000000,14.91000000,201709-201712,-0.18076923
3231,2017-10-02,2017-12-29,16.10000000,15.46000000,201710-201801,-0.03975155
3231,2017-11-01,2018-01-31,16.10000000,15.81000000,201711-201802,-0.01801242
3231,2017-12-01,2018-02-27,14.59000000,15.81000000,201712-201803,0.08361892
3231,2018-01-02,2018-03-31,15.36000000,16.07000000,201801-201804,0.04622396
3231,2018-02-01,2018-04-30,15.62000000,15.30000000,201802-201805,-0.02048656
3231,2018-03-01,2018-05-31,16.07000000,14.56000000,201803-201806,-0.09396391
3231,2018-04-02,2018-06-29,15.85000000,14.62000000,201804-201807,-0.07760252
3231,2018-05-02,2018-07-31,15.43000000,15.27000000,201805-201808,-0.01036941
3231,2018-06-01,2018-08-31,14.88000000,15.20000000,201806-201809,0.02150538
3231,2018-07-02,2018-09-28,14.46000000,13.91000000,201807-201810,-0.03803596
3231,2018-08-01,2018-10-31,15.62000000,13.21000000,201808-201811,-0.15428937
3231,2018-09-03,2018-11-30,15.10000000,13.66000000,201809-201812,-0.09536424
3231,2018-10-01,2018-12-28,13.91000000,13.35000000,201810-201901,-0.04025881
3231,2018-11-01,2019-01-30,13.28000000,14.75000000,201811-201902,0.11069277
3231,2018-12-03,2019-02-27,14.05000000,14.92000000,201812-201903,0.06192171
3231,2019-01-02,2019-03-29,13.21000000,16.57000000,201901-201904,0.25435276
3231,2019-02-11,2019-04-30,14.89000000,17.89000000,201902-201905,0.20147750
3231,2019-03-04,2019-05-31,14.85000000,15.73000000,201903-201906,0.05925926
3231,2019-04-01,2019-06-28,16.74000000,16.91000000,201904-201907,0.01015532
3231,2019-05-02,2019-07-31,17.86000000,17.30000000,201905-201908,-0.03135498
3231,2019-06-03,2019-08-30,15.48000000,18.49000000,201906-201909,0.19444444
3231,2019-07-01,2019-09-27,16.98000000,18.60000000,201907-201910,0.09540636
3231,2019-08-01,2019-10-31,17.27000000,20.76000000,201908-201911,0.20208454
3231,2019-09-02,2019-11-29,18.42000000,20.57000000,201909-201912,0.11672096
3231,2019-10-01,2019-12-31,19.09000000,21.06000000,201910-202001,0.10319539
3231,2019-11-01,2020-01-31,20.80000000,20.24000000,201911-202002,-0.02692308
3231,2019-12-02,2020-02-27,20.65000000,20.09000000,201912-202003,-0.02711864
3231,2020-01-02,2020-03-31,21.09000000,18.20000000,202001-202004,-0.13703177
3231,2020-02-03,2020-04-30,20.05000000,20.98000000,202002-202005,0.04638404
3231,2020-03-02,2020-05-29,19.72000000,21.24000000,202003-202006,0.07707911
3231,2020-04-01,2020-06-30,18.12000000,26.59000000,202004-202007,0.46743929
3231,2020-05-04,2020-07-31,20.68000000,27.05000000,202005-202008,0.30802708
3231,2020-06-01,2020-08-31,21.54000000,25.01000000,202006-202009,0.16109564
3231,2020-07-01,2020-09-30,27.33000000,23.37000000,202007-202010,-0.14489572
3231,2020-08-03,2020-10-30,26.54000000,22.35000000,202008-202011,-0.15787491
3231,2020-09-01,2020-11-30,25.36000000,23.40000000,202009-202012,-0.07728707
3231,2020-10-05,2020-12-31,23.17000000,24.31000000,202010-202101,0.04920155
3311,2010-02-01,2010-04-30,123.31000000,117.51000000,201002-201005,-0.04703593
3376,2010-01-04,2010-03-31,75.73000000,65.33000000,201001-201004,-0.13732999
3376,2016-01-04,2016-03-31,86.95000000,77.21000000,201601-201604,-0.11201840
3406,2010-12-01,2011-02-25,232.63000000,259.61000000,201012-201103,0.11597816
3406,2011-01-03,2011-03-31,292.32000000,219.91000000,201101-201104,-0.24770799
3406,2011-02-08,2011-04-29,245.30000000,235.80000000,201102-201105,-0.03872809
3406,2011-03-01,2011-05-31,277.60000000,245.83000000,201103-201106,-0.11444524
3406,2011-04-01,2011-06-30,232.04000000,224.93000000,201104-201107,-0.03064127
3406,2011-05-03,2011-07-29,234.13000000,268.35000000,201105-201108,0.14615812
3406,2011-06-01,2011-08-31,253.78000000,264.99000000,201106-201109,0.04417212
3406,2011-07-01,2011-09-30,224.51000000,193.48000000,201107-201110,-0.13821211
3406,2011-08-01,2011-10-31,267.09000000,188.02000000,201108-201111,-0.29604253
3406,2011-09-01,2011-11-30,262.46000000,134.60000000,201109-201112,-0.48715995
3406,2011-10-03,2011-12-30,180.02000000,174.13000000,201110-201201,-0.03271859
3406,2012-01-02,2012-03-30,178.34000000,249.85000000,201201-201204,0.40097566
3406,2012-02-01,2012-04-30,207.78000000,165.72000000,201202-201205,-0.20242564
3406,2012-03-01,2012-05-31,261.20000000,198.11000000,201203-201206,-0.24153905
3406,2012-04-02,2012-06-29,232.60000000,200.65000000,201204-201207,-0.13736028
3406,2012-05-02,2012-07-31,177.08000000,177.70000000,201205-201208,0.00350124
3406,2012-06-01,2012-08-31,187.59000000,183.65000000,201206-201209,-0.02100325
3406,2012-07-02,2012-09-28,197.68000000,206.60000000,201207-201210,0.04512343
3406,2012-08-01,2012-10-31,190.02000000,166.64000000,201208-201211,-0.12303968
3406,2012-09-03,2012-11-30,188.32000000,194.28000000,201209-201212,0.03164826
3406,2012-10-01,2012-12-28,207.03000000,180.25000000,201210-201301,-0.12935323
3406,2017-04-05,2017-06-30,267.93000000,267.49000000,201704-201707,-0.00164222
3406,2017-05-02,2017-07-31,312.87000000,301.96000000,201705-201708,-0.03487071
3406,2017-06-01,2017-08-31,252.65000000,434.62000000,201706-201709,0.72024540
3406,2017-07-03,2017-09-30,269.24000000,341.24000000,201707-201710,0.26741940
3406,2017-08-01,2017-10-31,298.47000000,296.29000000,201708-201711,-0.00730392
3406,2017-09-01,2017-11-30,477.38000000,298.47000000,201709-201712,-0.37477481
3406,2017-10-02,2017-12-29,351.27000000,235.20000000,201710-201801,-0.33042958
3406,2017-11-01,2018-01-31,284.94000000,243.93000000,201711-201802,-0.14392504
3406,2017-12-01,2018-02-27,313.31000000,212.95000000,201712-201803,-0.32032173
3406,2018-04-02,2018-06-29,262.25000000,417.60000000,201804-201807,0.59237369
3406,2018-05-02,2018-07-31,299.34000000,425.14000000,201805-201808,0.42025790
3406,2018-06-01,2018-08-31,408.44000000,350.40000000,201806-201809,-0.14210166
3406,2018-07-02,2018-09-28,411.49000000,278.74000000,201807-201810,-0.32260808
3406,2018-08-01,2018-10-31,414.59000000,175.86000000,201808-201811,-0.57582190
3406,2018-09-03,2018-11-30,321.82000000,192.13000000,201809-201812,-0.40298925
3406,2019-02-11,2019-04-30,211.91000000,347.76000000,201902-201905,0.64107404
3406,2019-03-04,2019-05-31,272.58000000,281.38000000,201903-201906,0.03228410
3406,2019-04-01,2019-06-28,348.64000000,357.88000000,201904-201907,0.02650298
3406,2019-05-02,2019-07-31,347.76000000,379.09000000,201905-201908,0.09009087
3406,2019-06-03,2019-08-30,276.54000000,367.12000000,201906-201909,0.32754755
3406,2019-07-01,2019-09-27,391.29000000,373.77000000,201907-201910,-0.04477498
3406,2019-08-01,2019-10-31,389.28000000,390.17000000,201908-201911,0.00228627
3406,2019-09-02,2019-11-29,376.87000000,368.64000000,201909-201912,-0.02183777
3406,2019-10-01,2019-12-31,391.06000000,530.37000000,201910-202001,0.35623689
3406,2019-11-01,2020-01-31,396.38000000,484.29000000,201911-202002,0.22178213
3406,2019-12-02,2020-02-27,366.83000000,456.28000000,201912-202003,0.24384592
3406,2020-01-02,2020-03-31,546.64000000,373.16000000,202001-202004,-0.31735694
3406,2020-02-03,2020-04-30,486.10000000,438.66000000,202002-202005,-0.09759309
3406,2020-03-02,2020-05-29,442.28000000,435.95000000,202003-202006,-0.01431220
3406,2020-04-01,2020-06-30,374.51000000,632.47000000,202004-202007,0.68879336
3406,2020-05-04,2020-07-31,426.01000000,619.75000000,202005-202008,0.45477806
3406,2020-06-01,2020-08-31,454.48000000,522.85000000,202006-202009,0.15043566
3406,2020-07-01,2020-09-30,662.29000000,535.65000000,202007-202010,-0.19121533
3406,2020-08-03,2020-10-30,609.69000000,512.80000000,202008-202011,-0.15891683
3406,2020-09-01,2020-11-30,546.62000000,581.35000000,202009-202012,0.06353591
3406,2020-10-05,2020-12-31,535.65000000,518.28000000,202010-202101,-0.03242789
3443,2010-01-04,2010-03-31,113.16000000,99.36000000,201001-201004,-0.12195122
3443,2010-02-01,2010-04-30,101.08000000,100.05000000,201002-201005,-0.01018995
3443,2017-10-02,2017-12-29,200.05000000,225.22000000,201710-201801,0.12581855
3443,2017-11-01,2018-01-31,265.85000000,317.51000000,201711-201802,0.19432011
3443,2017-12-01,2018-02-27,236.26000000,273.79000000,201712-201803,0.15885042
3443,2018-01-02,2018-03-31,233.61000000,280.86000000,201801-201804,0.20226018
3443,2018-02-01,2018-04-30,304.27000000,249.06000000,201802-201805,-0.18145069
3443,2018-03-01,2018-05-31,273.79000000,225.22000000,201803-201806,-0.17739874
3443,2018-04-02,2018-06-29,272.91000000,246.39000000,201804-201807,-0.09717489
3443,2018-05-02,2018-07-31,238.02000000,298.64000000,201805-201808,0.25468448
3443,2018-06-01,2018-08-31,237.83000000,281.97000000,201806-201809,0.18559475
3443,2018-07-02,2018-09-28,249.99000000,244.14000000,201807-201810,-0.02340094
3443,2018-08-01,2018-10-31,322.96000000,189.18000000,201808-201811,-0.41423086
3443,2018-09-03,2018-11-30,270.26000000,179.72000000,201809-201812,-0.33501073
3443,2018-10-01,2018-12-28,252.69000000,185.58000000,201810-201901,-0.26558233
3443,2018-11-01,2019-01-30,194.59000000,178.37000000,201811-201902,-0.08335475
3443,2018-12-03,2019-02-27,194.59000000,190.53000000,201812-201903,-0.02086438
3443,2019-01-02,2019-03-29,183.33000000,185.13000000,201901-201904,0.00981836
3443,2019-02-11,2019-04-30,182.88000000,204.50000000,201902-201905,0.11821960
3443,2019-04-01,2019-06-28,185.13000000,208.61000000,201904-201907,0.12682980
3443,2019-05-02,2019-07-31,199.54000000,236.24000000,201905-201908,0.18392302
3443,2019-06-03,2019-08-30,202.17000000,218.28000000,201906-201909,0.07968541
3443,2019-07-01,2019-09-27,211.84000000,230.26000000,201907-201910,0.08695242
3443,2019-08-01,2019-10-31,236.24000000,246.37000000,201908-201911,0.04288012
3443,2019-09-02,2019-11-29,219.20000000,245.45000000,201909-201912,0.11975365
3443,2019-10-01,2019-12-31,231.64000000,221.97000000,201910-202001,-0.04174581
3443,2019-11-01,2020-01-31,239.47000000,219.66000000,201911-202002,-0.08272435
3443,2019-12-02,2020-02-27,238.09000000,206.31000000,201912-202003,-0.13347894
3443,2020-01-02,2020-03-31,225.65000000,169.01000000,202001-202004,-0.25100820
3443,2020-02-03,2020-04-30,210.92000000,223.35000000,202002-202005,0.05893230
3443,2020-03-02,2020-05-29,204.47000000,212.76000000,202003-202006,0.04054385
3443,2020-04-01,2020-06-30,172.69000000,237.70000000,202004-202007,0.37645492
3443,2020-05-04,2020-07-31,215.98000000,275.36000000,202005-202008,0.27493286
3443,2020-06-01,2020-08-31,214.17000000,249.00000000,202006-202009,0.16262782
3443,2020-07-01,2020-09-30,238.65000000,244.76000000,202007-202010,0.02560235
3443,2020-08-03,2020-10-30,286.66000000,243.82000000,202008-202011,-0.14944534
3443,2020-09-01,2020-11-30,256.06000000,310.66000000,202009-202012,0.21323127
3443,2020-10-05,2020-12-31,245.24000000,319.14000000,202010-202101,0.30133747
3474,2010-01-04,2010-03-31,25.82000000,25.60000000,201001-201004,-0.00852053
3474,2010-02-01,2010-04-30,23.00000000,22.35000000,201002-201005,-0.02826087
3474,2010-03-01,2010-05-31,23.55000000,19.15000000,201003-201006,-0.18683652
3474,2010-04-01,2010-06-30,26.00000000,18.05000000,201004-201007,-0.30576923
3474,2010-05-03,2010-07-30,21.95000000,16.90000000,201005-201008,-0.23006834
3474,2010-06-01,2010-08-31,18.65000000,15.45000000,201006-201009,-0.17158177
3474,2010-07-01,2010-09-30,17.70000000,17.50000000,201007-201010,-0.01129944
3474,2010-08-02,2010-10-29,17.05000000,15.00000000,201008-201011,-0.12023460
3474,2010-09-01,2010-11-30,15.50000000,13.35000000,201009-201012,-0.13870968
3474,2010-10-01,2010-12-31,17.40000000,13.95000000,201010-201101,-0.19827586
3474,2010-11-01,2011-01-28,14.60000000,18.40000000,201011-201102,0.26027397
3474,2010-12-01,2011-02-25,13.45000000,15.60000000,201012-201103,0.15985130
3474,2011-01-03,2011-03-31,14.05000000,15.00000000,201101-201104,0.06761566
3474,2011-02-08,2011-04-29,17.70000000,14.35000000,201102-201105,-0.18926554
3474,2011-03-01,2011-05-31,15.35000000,12.65000000,201103-201106,-0.17589577
3474,2011-04-01,2011-06-30,15.15000000,8.85000000,201104-201107,-0.41584158
3474,2011-05-03,2011-07-29,13.60000000,7.83000000,201105-201108,-0.42426471
3474,2011-06-01,2011-08-31,12.60000000,6.68000000,201106-201109,-0.46984127
3474,2011-07-01,2011-09-30,8.72000000,6.64000000,201107-201110,-0.23853211
3474,2011-08-01,2011-10-31,7.86000000,4.49000000,201108-201111,-0.42875318
3474,2011-09-01,2011-11-30,6.22000000,4.12000000,201109-201112,-0.33762058
3474,2011-10-03,2011-12-30,6.18000000,5.00000000,201110-201201,-0.19093851
3474,2011-11-01,2012-01-31,4.43000000,5.45000000,201111-201202,0.23024831
3474,2011-12-01,2012-02-29,4.12000000,8.04000000,201112-201203,0.95145631
3474,2012-01-02,2012-03-30,5.01000000,8.74000000,201201-201204,0.74451098
3474,2012-02-01,2012-04-30,5.48000000,7.68000000,201202-201205,0.40145985
3474,2012-03-01,2012-05-31,8.60000000,7.68000000,201203-201206,-0.10697674
3474,2012-04-02,2012-06-29,8.65000000,6.87000000,201204-201207,-0.20578035
3474,2012-05-02,2012-07-31,7.81000000,5.69000000,201205-201208,-0.27144686
3474,2012-06-01,2012-08-31,7.32000000,5.13000000,201206-201209,-0.29918033
3474,2012-07-02,2012-09-28,7.08000000,5.06000000,201207-201210,-0.28531073
3474,2012-08-01,2012-10-31,5.79000000,3.97000000,201208-201211,-0.31433506
3474,2012-09-03,2012-11-30,5.06000000,2.18000000,201209-201212,-0.56916996
3474,2012-10-01,2012-12-28,4.97000000,3.87000000,201210-201301,-0.22132797
3474,2016-01-04,2016-03-31,28.10000000,29.15000000,201601-201604,0.03736655
3474,2016-02-01,2016-04-29,28.45000000,29.30000000,201602-201605,0.02987698
3474,2016-03-01,2016-05-31,28.40000000,29.15000000,201603-201606,0.02640845
3474,2016-04-01,2016-06-30,29.15000000,25.10000000,201604-201607,-0.13893654
3474,2016-05-03,2016-07-29,29.30000000,26.00000000,201605-201608,-0.11262799
3474,2016-06-01,2016-08-31,29.40000000,26.90000000,201606-201609,-0.08503401
3474,2016-07-01,2016-09-30,23.95000000,27.60000000,201607-201610,0.15240084
3474,2016-08-01,2016-10-31,26.25000000,29.55000000,201608-201611,0.12571429
3474,2016-09-01,2016-11-29,26.70000000,29.80000000,201609-201612,0.11610487
3481,2010-01-04,2010-03-31,37.59000000,35.92000000,201001-201004,-0.04442671
3481,2010-02-01,2010-04-30,37.96000000,34.21000000,201002-201005,-0.09878820
3481,2010-03-01,2010-05-31,35.07000000,27.02000000,201003-201006,-0.22954092
3481,2010-04-01,2010-06-30,36.62000000,24.76000000,201004-201007,-0.32386674
3481,2010-05-03,2010-07-30,34.29000000,25.65000000,201005-201008,-0.25196850
3481,2010-06-01,2010-08-31,26.17000000,24.54000000,201006-201009,-0.06228506
3481,2010-07-01,2010-09-30,24.21000000,31.51000000,201007-201010,0.30152829
3481,2010-08-02,2010-10-29,26.36000000,30.47000000,201008-201011,0.15591806
3481,2010-09-01,2010-11-30,24.31000000,30.99000000,201009-201012,0.27478404
3481,2010-10-01,2010-12-31,31.36000000,29.87000000,201010-201101,-0.04751276
3481,2010-11-01,2011-01-28,29.10000000,27.24000000,201011-201102,-0.06391753
3481,2010-12-01,2011-02-25,31.14000000,23.43000000,201012-201103,-0.24759152
3481,2011-01-03,2011-03-31,29.25000000,22.35000000,201101-201104,-0.23589744
3481,2011-02-08,2011-04-29,26.06000000,21.80000000,201102-201105,-0.16346892
3481,2011-03-01,2011-05-31,24.24000000,21.35000000,201103-201106,-0.11922442
3481,2011-04-01,2011-06-30,22.21000000,15.20000000,201104-201107,-0.31562359
3481,2011-05-03,2011-07-29,21.50000000,11.46000000,201105-201108,-0.46697674
3481,2011-06-01,2011-08-31,21.65000000,9.34000000,201106-201109,-0.56859122
3481,2011-07-01,2011-09-30,15.05000000,9.20000000,201107-201110,-0.38870432
3481,2011-08-01,2011-10-31,11.46000000,9.04000000,201108-201111,-0.21116928
3481,2011-09-01,2011-11-30,9.79000000,9.34000000,201109-201112,-0.04596527
3481,2011-10-03,2011-12-30,9.20000000,9.04000000,201110-201201,-0.01739130
3481,2011-11-01,2012-01-31,9.38000000,10.16000000,201111-201202,0.08315565
3481,2011-12-01,2012-02-29,9.97000000,11.75000000,201112-201203,0.17853561
3481,2012-01-02,2012-03-30,9.01000000,10.19000000,201201-201204,0.13096559
3481,2012-02-01,2012-04-30,10.19000000,8.97000000,201202-201205,-0.11972522
3481,2012-03-01,2012-05-31,11.64000000,9.31000000,201203-201206,-0.20017182
3481,2012-04-02,2012-06-29,10.19000000,9.12000000,201204-201207,-0.10500491
3481,2012-05-02,2012-07-31,9.53000000,7.08000000,201205-201208,-0.25708290
3481,2012-06-01,2012-08-31,9.04000000,7.10000000,201206-201209,-0.21460177
3481,2012-07-02,2012-09-28,9.12000000,7.93000000,201207-201210,-0.13048246
3481,2012-08-01,2012-10-31,6.93000000,8.11000000,201208-201211,0.17027417
3481,2012-09-03,2012-11-30,7.13000000,9.67000000,201209-201212,0.35624123
3481,2012-10-01,2012-12-28,7.63000000,11.61000000,201210-201301,0.52162516
3481,2016-01-04,2016-03-31,7.66000000,8.98000000,201601-201604,0.17232376
3481,2016-02-01,2016-04-29,7.68000000,7.99000000,201602-201605,0.04036458
3481,2016-03-01,2016-05-31,7.68000000,7.72000000,201603-201606,0.00520833
3481,2016-04-01,2016-06-30,8.94000000,8.63000000,201604-201607,-0.03467562
3481,2016-05-03,2016-07-29,7.82000000,9.59000000,201605-201608,0.22634271
3481,2016-06-01,2016-08-31,7.97000000,9.10000000,201606-201609,0.14178168
3481,2016-07-01,2016-09-30,8.58000000,8.61000000,201607-201610,0.00349650
3481,2016-08-01,2016-10-31,9.59000000,8.66000000,201608-201611,-0.09697602
3481,2016-09-01,2016-11-30,8.94000000,8.94000000,201609-201612,0.00000000
3481,2016-10-03,2016-12-30,8.85000000,9.43000000,201610-201701,0.06553672
3481,2016-11-01,2017-01-24,8.98000000,10.73000000,201611-201702,0.19487751
3481,2016-12-01,2017-02-24,8.90000000,10.15000000,201612-201703,0.14044944
3481,2017-01-03,2017-03-31,9.83000000,10.20000000,201701-201704,0.03763988
3481,2017-02-02,2017-04-28,11.54000000,11.45000000,201702-201705,-0.00779896
3481,2017-03-01,2017-05-31,9.91000000,11.05000000,201703-201706,0.11503532
3481,2017-04-05,2017-06-30,10.28000000,12.92000000,201704-201707,0.25680934
3481,2017-05-02,2017-07-31,11.66000000,12.06000000,201705-201708,0.03430532
3481,2017-06-01,2017-08-31,11.09000000,12.02000000,201706-201709,0.08385933
3481,2017-07-03,2017-09-30,13.24000000,11.57000000,201707-201710,-0.12613293
3481,2017-08-01,2017-10-31,11.98000000,10.79000000,201708-201711,-0.09933222
3481,2017-09-01,2017-11-30,11.89000000,10.71000000,201709-201712,-0.09924306
3481,2017-10-02,2017-12-29,11.69000000,10.14000000,201710-201801,-0.13259196
3481,2017-11-01,2018-01-31,10.87000000,11.24000000,201711-201802,0.03403864
3481,2017-12-01,2018-02-27,10.59000000,10.62000000,201712-201803,0.00283286
3481,2018-01-02,2018-03-31,10.18000000,10.71000000,201801-201804,0.05206287
3481,2018-02-01,2018-04-30,11.08000000,9.08000000,201802-201805,-0.18050542
3481,2018-03-01,2018-05-31,10.55000000,9.49000000,201803-201806,-0.10047393
3481,2018-04-02,2018-06-29,10.75000000,8.96000000,201804-201807,-0.16651163
3481,2018-05-02,2018-07-31,9.03000000,10.04000000,201805-201808,0.11184939
3481,2018-06-01,2018-08-31,9.61000000,10.00000000,201806-201809,0.04058273
3481,2018-07-02,2018-09-28,8.96000000,9.26000000,201807-201810,0.03348214
3481,2018-08-01,2018-10-31,10.00000000,8.19000000,201808-201811,-0.18100000
3481,2018-09-03,2018-11-30,10.00000000,8.95000000,201809-201812,-0.10500000
3481,2018-10-01,2018-12-28,9.35000000,8.49000000,201810-201901,-0.09197861
3481,2018-11-01,2019-01-30,8.26000000,9.12000000,201811-201902,0.10411622
3481,2018-12-03,2019-02-27,9.12000000,8.95000000,201812-201903,-0.01864035
3481,2019-01-02,2019-03-29,8.30000000,8.74000000,201901-201904,0.05301205
3481,2019-02-11,2019-04-30,9.04000000,8.65000000,201902-201905,-0.04314159
3481,2019-03-04,2019-05-31,8.82000000,6.54000000,201903-201906,-0.25850340
3481,2019-04-01,2019-06-28,8.87000000,6.40000000,201904-201907,-0.27846674
3481,2019-05-02,2019-07-31,8.66000000,6.36000000,201905-201908,-0.26558891
3481,2019-06-03,2019-08-30,6.47000000,6.18000000,201906-201909,-0.04482226
3481,2019-07-01,2019-09-27,6.46000000,5.81000000,201907-201910,-0.10061920
3481,2019-08-01,2019-10-31,6.25000000,5.96000000,201908-201911,-0.04640000
3481,2019-09-02,2019-11-29,6.13000000,6.95000000,201909-201912,0.13376835
3481,2019-10-01,2019-12-31,5.99000000,7.33000000,201910-202001,0.22370618
3481,2019-11-01,2020-01-31,5.88000000,7.74000000,201911-202002,0.31632653
3481,2019-12-02,2020-02-27,6.88000000,6.95000000,201912-202003,0.01017442
3481,2020-01-02,2020-03-31,7.30000000,4.61000000,202001-202004,-0.36849315
3481,2020-02-03,2020-04-30,8.20000000,5.76000000,202002-202005,-0.29756098
3481,2020-03-02,2020-05-29,6.83000000,5.48000000,202003-202006,-0.19765739
3481,2020-04-01,2020-06-30,5.06000000,6.95000000,202004-202007,0.37351779
3481,2020-05-04,2020-07-31,5.52000000,7.39000000,202005-202008,0.33876812
3481,2020-06-01,2020-08-31,5.54000000,8.12000000,202006-202009,0.46570397
3481,2020-07-01,2020-09-30,6.93000000,8.34000000,202007-202010,0.20346320
3481,2020-08-03,2020-10-30,7.53000000,8.82000000,202008-202011,0.17131474
3481,2020-09-01,2020-11-30,8.43000000,8.95000000,202009-202012,0.06168446
3481,2020-10-05,2020-12-31,8.15000000,12.55000000,202010-202101,0.53987730
3504,2010-01-04,2010-03-31,226.39000000,210.21000000,201001-201004,-0.07146959
3504,2010-02-01,2010-04-30,202.53000000,224.77000000,201002-201005,0.10981089
3504,2010-03-01,2010-05-31,191.62000000,194.04000000,201003-201006,0.01262916
3504,2010-04-01,2010-06-30,213.45000000,182.32000000,201004-201007,-0.14584212
3504,2010-05-03,2010-07-30,230.83000000,194.96000000,201005-201008,-0.15539575
3504,2010-06-01,2010-08-31,196.87000000,143.31000000,201006-201009,-0.27205770
3504,2010-07-01,2010-09-30,184.75000000,154.97000000,201007-201010,-0.16119080
3504,2010-08-02,2010-10-29,198.71000000,124.98000000,201008-201011,-0.37104323
3504,2010-09-01,2010-11-30,148.31000000,128.73000000,201009-201012,-0.13202077
3514,2010-01-04,2010-03-31,75.03000000,85.02000000,201001-201004,0.13314674
3514,2010-02-01,2010-04-30,62.65000000,71.90000000,201002-201005,0.14764565
3514,2010-03-01,2010-05-31,75.78000000,66.04000000,201003-201006,-0.12852996
3514,2010-04-01,2010-06-30,85.02000000,70.25000000,201004-201007,-0.17372383
3514,2010-05-03,2010-07-30,72.64000000,78.09000000,201005-201008,0.07502753
3514,2010-06-01,2010-08-31,66.04000000,78.01000000,201006-201009,0.18125379
3514,2010-07-01,2010-09-30,71.32000000,73.66000000,201007-201010,0.03280987
3514,2010-08-02,2010-10-29,83.37000000,74.00000000,201008-201011,-0.11239055
3514,2010-09-01,2010-11-30,81.03000000,70.06000000,201009-201012,-0.13538196
3514,2010-10-01,2010-12-31,73.66000000,69.89000000,201010-201101,-0.05118110
3514,2010-11-01,2011-01-28,74.00000000,77.18000000,201011-201102,0.04297297
3514,2010-12-01,2011-02-25,70.23000000,78.43000000,201012-201103,0.11675922
3514,2011-01-03,2011-03-31,69.48000000,78.26000000,201101-201104,0.12636730
3514,2011-02-08,2011-04-29,77.34000000,68.22000000,201102-201105,-0.11792087
3514,2011-03-01,2011-05-31,79.10000000,57.42000000,201103-201106,-0.27408344
3514,2011-04-01,2011-06-30,77.93000000,59.01000000,201104-201107,-0.24278198
3514,2011-05-03,2011-07-29,63.95000000,60.29000000,201105-201108,-0.05723221
3514,2011-06-01,2011-08-31,57.84000000,41.15000000,201106-201109,-0.28855463
3514,2011-07-01,2011-09-30,59.60000000,38.09000000,201107-201110,-0.36090604
3519,2011-01-03,2011-03-31,69.60000000,111.54000000,201101-201104,0.60258621
3519,2011-02-08,2011-04-29,108.62000000,97.76000000,201102-201105,-0.09998159
3519,2011-03-01,2011-05-31,116.97000000,81.21000000,201103-201106,-0.30571942
3519,2011-04-01,2011-06-30,112.38000000,83.13000000,201104-201107,-0.26027763
3519,2011-05-03,2011-07-29,92.74000000,67.34000000,201105-201108,-0.27388398
3519,2011-06-01,2011-08-31,80.04000000,48.54000000,201106-201109,-0.39355322
3532,2010-01-04,2010-03-31,128.60000000,142.41000000,201001-201004,0.10738725
3532,2010-02-01,2010-04-30,132.46000000,131.57000000,201002-201005,-0.00671901
3532,2010-03-01,2010-05-31,125.48000000,87.77000000,201003-201006,-0.30052598
3532,2010-04-01,2010-06-30,145.97000000,90.88000000,201004-201007,-0.37740632
3532,2010-05-03,2010-07-30,131.87000000,92.22000000,201005-201008,-0.30067491
3532,2010-06-01,2010-08-31,83.16000000,86.28000000,201006-201009,0.03751804
3532,2010-07-01,2010-09-30,88.80000000,91.47000000,201007-201010,0.03006757
3532,2010-08-02,2010-10-29,92.96000000,88.95000000,201008-201011,-0.04313683
3532,2010-09-01,2010-11-30,87.77000000,86.58000000,201009-201012,-0.01355816
3532,2010-10-01,2010-12-31,91.63000000,85.98000000,201010-201101,-0.06166103
3532,2010-11-01,2011-01-28,92.51000000,93.41000000,201011-201102,0.00972868
3532,2010-12-01,2011-02-25,87.62000000,86.28000000,201012-201103,-0.01529331
3532,2011-01-03,2011-03-31,85.83000000,111.37000000,201101-201104,0.29756495
3532,2011-02-08,2011-04-29,91.92000000,99.05000000,201102-201105,0.07756745
3532,2011-03-01,2011-05-31,85.83000000,93.56000000,201103-201106,0.09006175
3532,2011-04-01,2011-06-30,111.37000000,88.50000000,201104-201107,-0.20535153
3532,2011-05-03,2011-07-29,92.37000000,76.05000000,201105-201108,-0.17668074
3532,2011-06-01,2011-08-31,93.11000000,55.63000000,201106-201109,-0.40253464
3532,2011-07-01,2011-09-30,87.46000000,46.16000000,201107-201110,-0.47221587
3532,2011-08-01,2011-10-31,79.04000000,47.57000000,201108-201111,-0.39815283
3532,2011-09-01,2011-11-30,55.92000000,40.71000000,201109-201112,-0.27199571
3532,2011-10-03,2011-12-30,45.78000000,46.08000000,201110-201201,0.00655308
3532,2011-11-01,2012-01-31,48.77000000,46.67000000,201111-201202,-0.04305926
3532,2011-12-01,2012-02-29,43.55000000,60.77000000,201112-201203,0.39540758
3532,2012-01-02,2012-03-30,44.74000000,53.16000000,201201-201204,0.18819848
3532,2012-02-01,2012-04-30,48.54000000,46.38000000,201202-201205,-0.04449938
3532,2012-03-01,2012-05-31,61.44000000,45.85000000,201203-201206,-0.25374349
3532,2012-04-02,2012-06-29,52.27000000,43.55000000,201204-201207,-0.16682610
3532,2012-05-02,2012-07-31,49.06000000,40.27000000,201205-201208,-0.17916837
3532,2012-06-01,2012-08-31,44.81000000,42.95000000,201206-201209,-0.04150859
3532,2012-07-02,2012-09-28,43.55000000,51.74000000,201207-201210,0.18805970
3532,2012-08-01,2012-10-31,40.41000000,44.88000000,201208-201211,0.11061618
3532,2012-09-03,2012-11-30,43.24000000,46.38000000,201209-201212,0.07261795
3532,2012-10-01,2012-12-28,51.52000000,45.93000000,201210-201301,-0.10850155
3532,2016-01-04,2016-03-31,51.86000000,50.10000000,201601-201604,-0.03393752
3532,2016-02-01,2016-04-29,48.96000000,47.44000000,201602-201605,-0.03104575
3532,2016-03-01,2016-05-31,55.89000000,46.75000000,201603-201606,-0.16353552
3532,2016-04-01,2016-06-30,50.56000000,47.44000000,201604-201607,-0.06170886
3532,2016-05-03,2016-07-29,47.14000000,46.98000000,201605-201608,-0.00339415
3532,2016-06-01,2016-08-31,47.52000000,54.28000000,201606-201609,0.14225589
3532,2016-07-01,2016-09-30,46.98000000,52.03000000,201607-201610,0.10749255
3532,2016-08-01,2016-10-31,46.98000000,54.74000000,201608-201611,0.16517667
3532,2016-09-01,2016-11-30,53.42000000,80.14000000,201609-201612,0.50018720
3532,2016-10-03,2016-12-30,51.48000000,100.95000000,201610-201701,0.96095571
3532,2016-11-01,2017-01-24,60.18000000,107.32000000,201611-201702,0.78331672
3532,2016-12-01,2017-02-24,80.45000000,152.98000000,201612-201703,0.90155376
3532,2017-01-03,2017-03-31,101.42000000,183.26000000,201701-201704,0.80694143
3532,2017-02-02,2017-04-28,109.49000000,140.71000000,201702-201705,0.28514020
3532,2017-03-01,2017-05-31,150.65000000,137.60000000,201703-201706,-0.08662463
3532,2017-04-05,2017-06-30,181.71000000,120.21000000,201704-201707,-0.33845138
3532,2017-05-02,2017-07-31,140.24000000,139.07000000,201705-201708,-0.00834284
3532,2017-06-01,2017-08-31,137.60000000,136.43000000,201706-201709,-0.00850291
3532,2017-07-03,2017-09-30,120.51000000,165.27000000,201707-201710,0.37142146
3532,2017-08-01,2017-10-31,141.11000000,168.39000000,201708-201711,0.19332436
3532,2017-09-01,2017-11-30,139.07000000,159.81000000,201709-201712,0.14913353
3532,2017-10-02,2017-12-29,166.05000000,150.30000000,201710-201801,-0.09485095
3532,2017-11-01,2018-01-31,162.16000000,205.80000000,201711-201802,0.26911692
3532,2017-12-01,2018-02-27,157.47000000,203.47000000,201712-201803,0.29211913
3532,2018-01-02,2018-03-31,144.53000000,183.20000000,201801-201804,0.26755691
3532,2018-02-01,2018-04-30,204.25000000,183.20000000,201802-201805,-0.10305998
3532,2018-03-01,2018-05-31,202.69000000,260.38000000,201803-201806,0.28462184
3532,2018-04-02,2018-06-29,186.32000000,223.73000000,201804-201807,0.20078360
3532,2018-05-02,2018-07-31,188.66000000,232.52000000,201805-201808,0.23248171
3532,2018-06-01,2018-08-31,254.15000000,172.82000000,201806-201809,-0.32000787
3532,2018-07-02,2018-09-28,211.26000000,125.76000000,201807-201810,-0.40471457
3532,2018-08-01,2018-10-31,229.37000000,88.45000000,201808-201811,-0.61437852
3532,2018-09-03,2018-11-30,164.17000000,119.47000000,201809-201812,-0.27227874
3532,2018-10-01,2018-12-28,126.60000000,98.93000000,201810-201901,-0.21856240
3532,2018-11-01,2019-01-30,95.16000000,102.28000000,201811-201902,0.07482135
3532,2018-12-03,2019-02-27,125.76000000,100.19000000,201812-201903,-0.20332379
3532,2019-01-02,2019-03-29,97.67000000,98.09000000,201901-201904,0.00430019
3532,2019-02-11,2019-04-30,101.03000000,98.51000000,201902-201905,-0.02494309
3532,2019-03-04,2019-05-31,99.77000000,86.35000000,201903-201906,-0.13450937
3532,2019-04-01,2019-06-28,98.09000000,101.86000000,201904-201907,0.03843409
3532,2019-05-02,2019-07-31,98.09000000,101.48000000,201905-201908,0.03456010
3532,2019-06-03,2019-08-30,85.10000000,92.87000000,201906-201909,0.09130435
3532,2019-07-01,2019-09-27,103.96000000,91.51000000,201907-201910,-0.11975760
3532,2019-08-01,2019-10-31,100.57000000,105.56000000,201908-201911,0.04961718
3532,2019-09-02,2019-11-29,93.32000000,97.85000000,201909-201912,0.04854265
3532,2019-10-01,2019-12-31,92.87000000,106.01000000,201910-202001,0.14148810
3532,2019-11-01,2020-01-31,106.92000000,100.57000000,201911-202002,-0.05939020
3532,2019-12-02,2020-02-27,97.40000000,126.85000000,201912-202003,0.30236140
3532,2020-01-02,2020-03-31,107.82000000,117.33000000,202001-202004,0.08820256
3532,2020-02-03,2020-04-30,100.12000000,134.55000000,202002-202005,0.34388734
3532,2020-03-02,2020-05-29,128.66000000,143.16000000,202003-202006,0.11270014
3532,2020-04-01,2020-06-30,113.71000000,124.13000000,202004-202007,0.09163662
3532,2020-05-04,2020-07-31,139.53000000,120.90000000,202005-202008,-0.13351967
3532,2020-06-01,2020-08-31,140.44000000,95.79000000,202006-202009,-0.31792936
3532,2020-07-01,2020-09-30,122.77000000,97.65000000,202007-202010,-0.20461025
3532,2020-08-03,2020-10-30,117.64000000,105.09000000,202008-202011,-0.10668140
3532,2020-09-01,2020-11-30,98.11000000,135.78000000,202009-202012,0.38395678
3532,2020-10-05,2020-12-31,100.44000000,125.55000000,202010-202101,0.25000000
3533,2019-10-01,2019-12-31,247.02000000,291.81000000,201910-202001,0.18132135
3533,2019-11-01,2020-01-31,256.97000000,285.02000000,201911-202002,0.10915671
3533,2019-12-02,2020-02-27,271.45000000,267.83000000,201912-202003,-0.01333579
3533,2020-01-02,2020-03-31,295.43000000,248.83000000,202001-202004,-0.15773618
3533,2020-02-03,2020-04-30,277.33000000,303.12000000,202002-202005,0.09299391
3533,2020-03-02,2020-05-29,268.74000000,364.65000000,202003-202006,0.35688770
3533,2020-04-01,2020-06-30,245.66000000,342.48000000,202004-202007,0.39412196
3533,2020-05-04,2020-07-31,298.14000000,415.64000000,202005-202008,0.39411015
3533,2020-06-01,2020-08-31,370.08000000,396.20000000,202006-202009,0.07057933
3533,2020-07-01,2020-09-30,345.65000000,426.75000000,202007-202010,0.23463041
3533,2020-08-03,2020-10-30,415.64000000,404.07000000,202008-202011,-0.02783659
3533,2020-09-01,2020-11-30,394.35000000,411.94000000,202009-202012,0.04460505
3533,2020-10-05,2020-12-31,426.28000000,439.24000000,202010-202101,0.03040255
3573,2010-04-01,2010-06-30,144.53000000,113.78000000,201004-201007,-0.21275860
3573,2010-05-03,2010-07-30,141.45000000,119.87000000,201005-201008,-0.15256274
3576,2011-02-08,2011-04-29,114.35000000,98.61000000,201102-201105,-0.13764757
3576,2011-03-01,2011-05-31,123.61000000,87.77000000,201103-201106,-0.28994418
3576,2020-09-01,2020-11-30,19.67000000,25.74000000,202009-202012,0.30859176
3576,2020-10-05,2020-12-31,20.11000000,24.70000000,202010-202101,0.22824465
3622,2010-01-04,2010-03-31,239.83000000,230.91000000,201001-201004,-0.03719301
3622,2010-02-01,2010-04-30,218.21000000,202.43000000,201002-201005,-0.07231566
3622,2010-03-01,2010-05-31,196.94000000,162.40000000,201003-201006,-0.17538337
3622,2010-04-01,2010-06-30,231.94000000,174.13000000,201004-201007,-0.24924549
3622,2010-05-03,2010-07-30,205.52000000,196.16000000,201005-201008,-0.04554301
3622,2010-06-01,2010-08-31,173.41000000,240.22000000,201006-201009,0.38527190
3622,2010-07-01,2010-09-30,171.99000000,256.89000000,201007-201010,0.49363335
3622,2010-08-02,2010-10-29,209.66000000,259.78000000,201008-201011,0.23905371
3622,2010-09-01,2010-11-30,246.62000000,238.85000000,201009-201012,-0.03150596
3622,2010-10-01,2010-12-31,259.78000000,200.97000000,201010-201101,-0.22638386
3622,2010-11-01,2011-01-28,262.30000000,209.99000000,201011-201102,-0.19942814
3622,2010-12-01,2011-02-25,222.25000000,188.34000000,201012-201103,-0.15257593
3622,2011-01-03,2011-03-31,195.55000000,155.87000000,201101-201104,-0.20291486
3622,2011-02-08,2011-04-29,206.02000000,141.43000000,201102-201105,-0.31351325
3622,2011-03-01,2011-05-31,185.45000000,140.71000000,201103-201106,-0.24125101
3622,2011-04-01,2011-06-30,152.62000000,129.17000000,201104-201107,-0.15364959
3622,2011-05-03,2011-07-29,137.83000000,105.41000000,201105-201108,-0.23521730
3622,2011-06-01,2011-08-31,150.45000000,67.34000000,201106-201109,-0.55240944
3622,2011-07-01,2011-09-30,128.81000000,66.16000000,201107-201110,-0.48637528
3653,2020-06-01,2020-08-31,210.86000000,260.04000000,202006-202009,0.23323532
3653,2020-07-01,2020-09-30,238.89000000,258.34000000,202007-202010,0.08141823
3653,2020-08-03,2020-10-30,256.88000000,253.24000000,202008-202011,-0.01417004
3653,2020-09-01,2020-11-30,264.29000000,237.10000000,202009-202012,-0.10287941
3653,2020-10-05,2020-12-31,256.64000000,210.33000000,202010-202101,-0.18044732
3661,2020-07-01,2020-09-30,489.43000000,470.36000000,202007-202010,-0.03896369
3661,2020-08-03,2020-10-30,590.19000000,467.46000000,202008-202011,-0.20794998
3661,2020-10-05,2020-12-31,457.33000000,599.16000000,202010-202101,0.31012617
3665,2017-09-01,2017-11-30,206.77000000,211.08000000,201709-201712,0.02084442
3665,2017-10-02,2017-12-29,224.00000000,219.64000000,201710-201801,-0.01946429
3665,2020-01-02,2020-03-31,191.46000000,138.02000000,202001-202004,-0.27911835
3665,2020-09-01,2020-11-30,224.74000000,215.09000000,202009-202012,-0.04293851
3673,2010-11-01,2011-01-28,290.06000000,409.43000000,201011-201102,0.41153554
3673,2010-12-01,2011-02-25,400.20000000,471.71000000,201012-201103,0.17868566
3673,2011-01-03,2011-03-31,386.94000000,466.52000000,201101-201104,0.20566496
3673,2011-02-08,2011-04-29,403.66000000,493.62000000,201102-201105,0.22286082
3673,2011-03-01,2011-05-31,480.35000000,539.17000000,201103-201106,0.12245238
3673,2011-04-01,2011-06-30,472.86000000,504.57000000,201104-201107,0.06706002
3673,2011-05-03,2011-07-29,486.12000000,490.16000000,201105-201108,0.00831071
3673,2011-06-01,2011-08-31,544.94000000,426.26000000,201106-201109,-0.21778544
3673,2011-07-01,2011-09-30,514.95000000,349.37000000,201107-201110,-0.32154578
3673,2011-08-01,2011-10-31,508.03000000,308.80000000,201108-201111,-0.39216188
3673,2011-09-01,2011-11-30,415.36000000,241.29000000,201109-201112,-0.41908224
3673,2011-10-03,2011-12-30,325.15000000,238.86000000,201110-201201,-0.26538521
3673,2011-11-01,2012-01-31,319.70000000,260.06000000,201111-201202,-0.18654989
3673,2011-12-01,2012-02-29,257.94000000,298.51000000,201112-201203,0.15728464
3673,2012-01-02,2012-03-30,224.33000000,289.12000000,201201-201204,0.28881558
3673,2012-02-01,2012-04-30,266.11000000,217.98000000,201202-201205,-0.18086506
3673,2012-03-01,2012-05-31,303.95000000,269.44000000,201203-201206,-0.11353841
3673,2012-04-02,2012-06-29,286.70000000,306.16000000,201204-201207,0.06787583
3673,2012-05-02,2012-07-31,233.11000000,274.24000000,201205-201208,0.17644031
3673,2012-06-01,2012-08-31,250.67000000,316.81000000,201206-201209,0.26385287
3673,2012-07-02,2012-09-28,300.84000000,314.76000000,201207-201210,0.04627044
3673,2012-08-01,2012-10-31,284.06000000,300.43000000,201208-201211,0.05762867
3673,2012-09-03,2012-11-30,326.63000000,379.84000000,201209-201212,0.16290604
3673,2012-10-01,2012-12-28,301.25000000,419.95000000,201210-201301,0.39402490
3673,2016-01-04,2016-03-31,70.68000000,61.46000000,201601-201604,-0.13044709
3673,2016-02-01,2016-04-29,65.14000000,59.53000000,201602-201605,-0.08612220
3673,2016-03-01,2016-05-31,62.16000000,57.59000000,201603-201606,-0.07351995
3673,2016-04-01,2016-06-30,61.63000000,54.70000000,201604-201607,-0.11244524
3673,2016-05-03,2016-07-29,59.88000000,53.56000000,201605-201608,-0.10554442
3673,2016-06-01,2016-08-31,57.33000000,51.36000000,201606-201609,-0.10413396
3673,2017-02-02,2017-04-28,51.27000000,94.82000000,201702-201705,0.84942461
3673,2017-03-01,2017-05-31,74.98000000,81.21000000,201703-201706,0.08308882
3673,2017-04-05,2017-06-30,92.62000000,81.83000000,201704-201707,-0.11649752
3673,2017-05-02,2017-07-31,95.26000000,89.11000000,201705-201708,-0.06456015
3673,2017-06-01,2017-08-31,82.35000000,108.87000000,201706-201709,0.32204007
3673,2017-07-03,2017-09-30,81.74000000,88.23000000,201707-201710,0.07939809
3673,2017-08-01,2017-10-31,89.11000000,87.36000000,201708-201711,-0.01963865
3673,2017-09-01,2017-11-30,112.82000000,77.70000000,201709-201712,-0.31129232
3673,2017-10-02,2017-12-29,90.87000000,73.40000000,201710-201801,-0.19225267
3673,2017-11-01,2018-01-31,89.55000000,91.31000000,201711-201802,0.01965382
3673,2017-12-01,2018-02-27,78.93000000,63.74000000,201712-201803,-0.19244901
3673,2018-01-02,2018-03-31,73.48000000,63.91000000,201801-201804,-0.13023952
3673,2018-02-01,2018-04-30,89.11000000,57.24000000,201802-201805,-0.35764785
3682,2016-01-04,2016-03-31,17.08000000,16.85000000,201601-201604,-0.01346604
3682,2016-02-01,2016-04-29,17.08000000,15.79000000,201602-201605,-0.07552693
3682,2016-03-01,2016-05-31,17.23000000,16.01000000,201603-201606,-0.07080673
3682,2016-04-01,2016-06-30,16.78000000,16.32000000,201604-201607,-0.02741359
3682,2016-05-03,2016-07-29,15.48000000,16.85000000,201605-201608,0.08850129
3682,2016-06-01,2016-08-31,16.47000000,16.32000000,201606-201609,-0.00910747
3682,2016-07-01,2016-09-30,16.32000000,15.86000000,201607-201610,-0.02818627
3682,2016-08-01,2016-10-31,16.85000000,15.48000000,201608-201611,-0.08130564
3682,2016-09-01,2016-11-30,16.09000000,15.13000000,201609-201612,-0.05966439
3682,2016-10-03,2016-12-30,15.79000000,15.79000000,201610-201701,0.00000000
3682,2016-11-01,2017-01-24,15.40000000,15.48000000,201611-201702,0.00519481
3682,2016-12-01,2017-02-24,15.02000000,15.71000000,201612-201703,0.04593875
3682,2017-01-03,2017-03-31,15.86000000,15.21000000,201701-201704,-0.04098361
3682,2017-02-02,2017-04-28,15.40000000,14.82000000,201702-201705,-0.03766234
3682,2017-03-01,2017-05-31,15.71000000,15.71000000,201703-201706,0.00000000
3682,2017-04-05,2017-06-30,15.33000000,16.70000000,201704-201707,0.08936725
3682,2017-05-02,2017-07-31,14.76000000,16.32000000,201705-201708,0.10569106
3682,2017-06-01,2017-08-31,15.40000000,15.79000000,201706-201709,0.02532468
3682,2017-07-03,2017-09-30,16.55000000,15.63000000,201707-201710,-0.05558912
3682,2017-08-01,2017-10-31,16.32000000,15.22000000,201708-201711,-0.06740196
3682,2017-09-01,2017-11-30,15.94000000,15.33000000,201709-201712,-0.03826851
3682,2017-10-02,2017-12-29,15.56000000,15.22000000,201710-201801,-0.02185090
3682,2017-11-01,2018-01-31,15.33000000,15.33000000,201711-201802,0.00000000
3682,2017-12-01,2018-02-27,14.87000000,14.44000000,201712-201803,-0.02891728
3682,2018-01-02,2018-03-31,15.25000000,13.94000000,201801-201804,-0.08590164
3682,2018-02-01,2018-04-30,15.25000000,13.42000000,201802-201805,-0.12000000
3682,2018-03-01,2018-05-31,14.32000000,12.26000000,201803-201806,-0.14385475
3682,2018-04-02,2018-06-29,13.92000000,12.20000000,201804-201807,-0.12356322
3682,2018-05-02,2018-07-31,13.33000000,12.14000000,201805-201808,-0.08927232
3682,2018-06-01,2018-08-31,12.46000000,11.16000000,201806-201809,-0.10433387
3682,2018-07-02,2018-09-28,12.09000000,10.60000000,201807-201810,-0.12324235
3682,2018-08-01,2018-10-31,12.23000000,9.07000000,201808-201811,-0.25838103
3682,2018-09-03,2018-11-30,11.00000000,11.61000000,201809-201812,0.05545455
3682,2018-10-01,2018-12-28,10.58000000,10.52000000,201810-201901,-0.00567108
3682,2018-11-01,2019-01-30,9.12000000,10.71000000,201811-201902,0.17434211
3682,2018-12-03,2019-02-27,11.53000000,10.86000000,201812-201903,-0.05810928
3682,2019-01-02,2019-03-29,10.74000000,11.13000000,201901-201904,0.03631285
3682,2019-02-11,2019-04-30,10.60000000,12.32000000,201902-201905,0.16226415
3682,2019-03-04,2019-05-31,10.74000000,11.07000000,201903-201906,0.03072626
3682,2019-04-01,2019-06-28,11.26000000,11.13000000,201904-201907,-0.01154529
3682,2019-05-02,2019-07-31,12.32000000,10.83000000,201905-201908,-0.12094156
3682,2019-06-03,2019-08-30,10.89000000,9.27000000,201906-201909,-0.14876033
3682,2019-07-01,2019-09-27,11.26000000,9.20000000,201907-201910,-0.18294849
3682,2019-11-01,2020-01-31,9.30000000,7.90000000,201911-202002,-0.15053763
3682,2019-12-02,2020-02-27,11.90000000,7.38000000,201912-202003,-0.37983193
3682,2020-01-02,2020-03-31,11.21000000,5.70000000,202001-202004,-0.49152542
3682,2020-04-01,2020-06-30,5.84000000,7.89000000,202004-202007,0.35102740
3682,2020-09-01,2020-11-30,7.47000000,9.66000000,202009-202012,0.29317269
3682,2020-10-05,2020-12-31,9.38000000,10.10000000,202010-202101,0.07675906
3697,2010-12-27,2011-02-25,241.06000000,212.81000000,201012-201103,-0.11719074
3697,2011-01-03,2011-03-31,215.60000000,191.73000000,201101-201104,-0.11071429
3697,2011-02-08,2011-04-29,182.18000000,188.95000000,201102-201105,0.03716105
3697,2011-03-01,2011-05-31,221.17000000,156.73000000,201103-201106,-0.29135959
3697,2011-04-01,2011-06-30,190.54000000,130.87000000,201104-201107,-0.31316259
3697,2011-05-03,2011-07-29,186.96000000,134.22000000,201105-201108,-0.28209243
3697,2011-06-01,2011-08-31,166.27000000,147.74000000,201106-201109,-0.11144524
3697,2011-07-01,2011-09-30,132.06000000,151.46000000,201107-201110,0.14690292
3697,2011-08-01,2011-10-31,124.90000000,164.05000000,201108-201111,0.31345076
3697,2011-09-01,2011-11-30,142.14000000,146.34000000,201109-201112,0.02954833
3697,2011-10-03,2011-12-30,144.47000000,147.27000000,201110-201201,0.01938119
3697,2011-11-01,2012-01-31,163.58000000,175.23000000,201111-201202,0.07121898
3697,2011-12-01,2012-02-29,152.86000000,174.30000000,201112-201203,0.14025906
3697,2012-01-02,2012-03-30,146.34000000,168.24000000,201201-201204,0.14965150
3697,2012-02-01,2012-04-30,172.90000000,161.72000000,201202-201205,-0.06466165
3697,2012-03-01,2012-05-31,182.22000000,168.71000000,201203-201206,-0.07414115
3697,2012-04-02,2012-06-29,165.91000000,185.48000000,201204-201207,0.11795552
3697,2012-05-02,2012-07-31,170.57000000,186.73000000,201205-201208,0.09474116
3697,2012-06-01,2012-08-31,164.05000000,232.56000000,201206-201209,0.41761658
3697,2012-07-02,2012-09-28,185.02000000,229.64000000,201207-201210,0.24116312
3697,2012-08-01,2012-10-31,199.41000000,241.34000000,201208-201211,0.21027030
3697,2012-09-03,2012-11-30,234.51000000,242.80000000,201209-201212,0.03535030
3697,2012-10-01,2012-12-28,231.10000000,212.57000000,201210-201301,-0.08018174
3702,2010-01-04,2010-03-31,20.33000000,19.29000000,201001-201004,-0.05115593
3702,2010-02-01,2010-04-30,18.62000000,24.16000000,201002-201005,0.29752954
3702,2010-03-01,2010-05-31,20.29000000,23.12000000,201003-201006,0.13947758
3702,2010-04-01,2010-06-30,20.22000000,22.30000000,201004-201007,0.10286845
3702,2010-05-03,2010-07-30,24.08000000,24.56000000,201005-201008,0.01993355
3702,2010-06-01,2010-08-31,23.12000000,26.44000000,201006-201009,0.14359862
3702,2010-07-01,2010-09-30,22.37000000,27.60000000,201007-201010,0.23379526
3702,2010-08-02,2010-10-29,25.20000000,25.33000000,201008-201011,0.00515873
3702,2010-09-01,2010-11-30,26.57000000,25.24000000,201009-201012,-0.05005645
3702,2010-10-01,2010-12-31,27.60000000,25.06000000,201010-201101,-0.09202899
3702,2010-11-01,2011-01-28,24.21000000,25.46000000,201011-201102,0.05163156
3702,2010-12-01,2011-02-25,25.10000000,22.70000000,201012-201103,-0.09561753
3702,2011-01-03,2011-03-31,25.42000000,22.03000000,201101-201104,-0.13335956
3702,2011-02-08,2011-04-29,25.73000000,23.55000000,201102-201105,-0.08472600
3702,2011-03-01,2011-05-31,23.01000000,23.63000000,201103-201106,0.02694481
3702,2011-04-01,2011-06-30,22.88000000,21.68000000,201104-201107,-0.05244755
3702,2011-05-03,2011-07-29,23.55000000,21.46000000,201105-201108,-0.08874735
3702,2011-06-01,2011-08-31,23.33000000,21.67000000,201106-201109,-0.07115302
3702,2011-07-01,2011-09-30,21.59000000,17.95000000,201107-201110,-0.16859657
3702,2011-08-01,2011-10-31,22.92000000,18.47000000,201108-201111,-0.19415358
3702,2011-09-01,2011-11-30,21.65000000,15.45000000,201109-201112,-0.28637413
3702,2011-10-03,2011-12-30,16.71000000,17.57000000,201110-201201,0.05146619
3702,2011-11-01,2012-01-31,18.42000000,20.81000000,201111-201202,0.12975027
3702,2011-12-01,2012-02-29,16.11000000,21.09000000,201112-201203,0.30912477
3702,2012-01-02,2012-03-30,17.52000000,20.24000000,201201-201204,0.15525114
3702,2012-02-01,2012-04-30,20.79000000,20.08000000,201202-201205,-0.03415103
3702,2012-03-01,2012-05-31,21.04000000,17.92000000,201203-201206,-0.14828897
3702,2012-04-02,2012-06-29,20.31000000,17.54000000,201204-201207,-0.13638602
3702,2012-05-02,2012-07-31,20.61000000,17.36000000,201205-201208,-0.15769044
3702,2012-06-01,2012-08-31,17.29000000,19.21000000,201206-201209,0.11104685
3702,2012-07-02,2012-09-28,17.57000000,21.22000000,201207-201210,0.20774047
3702,2012-08-01,2012-10-31,17.55000000,19.21000000,201208-201211,0.09458689
3702,2012-09-03,2012-11-30,19.65000000,20.93000000,201209-201212,0.06513995
3702,2012-10-01,2012-12-28,21.66000000,20.68000000,201210-201301,-0.04524469
3702,2016-01-04,2016-03-31,20.18000000,22.47000000,201601-201604,0.11347869
3702,2016-02-01,2016-04-29,21.25000000,22.60000000,201602-201605,0.06352941
3702,2016-03-01,2016-05-31,22.17000000,23.48000000,201603-201606,0.05908886
3702,2016-04-01,2016-06-30,22.04000000,24.53000000,201604-201607,0.11297641
3702,2016-05-03,2016-07-29,22.53000000,26.59000000,201605-201608,0.18020417
3702,2016-06-01,2016-08-31,23.81000000,26.18000000,201606-201609,0.09953801
3702,2016-07-01,2016-09-30,24.50000000,25.73000000,201607-201610,0.05020408
3702,2016-08-01,2016-10-31,26.63000000,25.66000000,201608-201611,-0.03642508
3702,2016-09-01,2016-11-30,25.94000000,27.36000000,201609-201612,0.05474171
3702,2016-10-03,2016-12-30,25.66000000,26.36000000,201610-201701,0.02727981
3702,2016-11-01,2017-01-24,25.59000000,25.94000000,201611-201702,0.01367722
3702,2016-12-01,2017-02-24,27.50000000,27.05000000,201612-201703,-0.01636364
3702,2017-01-03,2017-03-31,26.18000000,26.42000000,201701-201704,0.00916730
3702,2017-02-02,2017-04-28,25.76000000,26.53000000,201702-201705,0.02989130
3702,2017-03-01,2017-05-31,27.05000000,27.88000000,201703-201706,0.03068392
3702,2017-04-05,2017-06-30,26.77000000,28.16000000,201704-201707,0.05192380
3702,2017-05-02,2017-07-31,26.63000000,29.34000000,201705-201708,0.10176493
3702,2017-06-01,2017-08-31,27.78000000,28.71000000,201706-201709,0.03347732
3702,2017-07-03,2017-09-30,28.19000000,29.48000000,201707-201710,0.04576091
3702,2017-08-01,2017-10-31,31.70000000,30.17000000,201708-201711,-0.04826498
3702,2017-09-01,2017-11-30,28.89000000,29.73000000,201709-201712,0.02907580
3702,2017-10-02,2017-12-29,29.62000000,28.78000000,201710-201801,-0.02835922
3702,2017-11-01,2018-01-31,30.24000000,29.04000000,201711-201802,-0.03968254
3702,2017-12-01,2018-02-27,29.84000000,27.39000000,201712-201803,-0.08210456
3702,2018-01-02,2018-03-31,28.89000000,27.98000000,201801-201804,-0.03149879
3702,2018-02-01,2018-04-30,28.82000000,29.26000000,201802-201805,0.01526718
3702,2018-03-01,2018-05-31,27.10000000,31.78000000,201803-201806,0.17269373
3702,2018-04-02,2018-06-29,27.94000000,31.56000000,201804-201807,0.12956335
3702,2018-05-02,2018-07-31,29.21000000,32.70000000,201805-201808,0.11947963
3702,2018-06-01,2018-08-31,31.41000000,29.96000000,201806-201809,-0.04616364
3702,2018-07-02,2018-09-19,31.78000000,29.19000000,201807-201810,-0.08149780
3702,2018-08-01,2018-10-31,32.16000000,26.61000000,201808-201811,-0.17257463
3702,2018-09-03,2018-11-30,29.84000000,27.15000000,201809-201812,-0.09014745
3702,2018-10-01,2018-12-28,29.65000000,26.75000000,201810-201901,-0.09780776
3702,2018-11-01,2019-01-30,27.11000000,28.20000000,201811-201902,0.04020657
3702,2018-12-03,2019-02-27,27.29000000,28.82000000,201812-201903,0.05606449
3702,2019-01-02,2019-03-29,26.79000000,29.10000000,201901-201904,0.08622620
3702,2019-02-11,2019-04-30,27.87000000,29.50000000,201902-201905,0.05848583
3702,2019-03-04,2019-05-31,28.38000000,28.60000000,201903-201906,0.00775194
3702,2019-04-01,2019-06-28,29.47000000,29.21000000,201904-201907,-0.00882253
3702,2019-05-02,2019-07-31,29.94000000,29.83000000,201905-201908,-0.00367401
3702,2019-06-03,2019-08-30,28.53000000,30.85000000,201906-201909,0.08131791
3702,2019-07-01,2019-09-27,29.25000000,29.65000000,201907-201910,0.01367521
3702,2019-08-01,2019-10-31,29.58000000,29.96000000,201908-201911,0.01284652
3702,2019-09-02,2019-11-29,30.42000000,29.45000000,201909-201912,-0.03188692
3702,2019-10-01,2019-12-31,29.96000000,30.35000000,201910-202001,0.01301736
3702,2019-11-01,2020-01-31,29.80000000,29.49000000,201911-202002,-0.01040268
3702,2019-12-02,2020-02-27,29.38000000,30.11000000,201912-202003,0.02484683
3702,2020-01-02,2020-03-31,30.23000000,27.55000000,202001-202004,-0.08865366
3702,2020-02-03,2020-04-30,29.38000000,30.23000000,202002-202005,0.02893125
3702,2020-03-02,2020-05-29,29.73000000,30.46000000,202003-202006,0.02455432
3702,2020-04-01,2020-06-30,27.16000000,30.46000000,202004-202007,0.12150221
3702,2020-05-04,2020-07-31,29.49000000,32.78000000,202005-202008,0.11156324
3702,2020-06-01,2020-08-31,30.66000000,33.76000000,202006-202009,0.10110894
3702,2020-07-01,2020-09-30,30.93000000,31.95000000,202007-202010,0.03297769
3702,2020-08-03,2020-10-30,32.45000000,31.87000000,202008-202011,-0.01787365
3702,2020-09-01,2020-11-30,33.15000000,35.03000000,202009-202012,0.05671192
3702,2020-10-05,2020-12-31,31.75000000,35.24000000,202010-202101,0.10992126
3706,2016-08-01,2016-10-31,11.96000000,14.19000000,201608-201611,0.18645485
3706,2016-09-01,2016-11-30,14.15000000,15.40000000,201609-201612,0.08833922
3706,2016-10-03,2016-12-30,15.26000000,14.71000000,201610-201701,-0.03604194
3706,2016-11-01,2017-01-24,14.21000000,16.35000000,201611-201702,0.15059817
3706,2016-12-01,2017-02-24,15.21000000,15.54000000,201612-201703,0.02169625
3706,2017-01-03,2017-03-31,14.64000000,15.99000000,201701-201704,0.09221311
3706,2017-02-02,2017-04-28,16.28000000,15.11000000,201702-201705,-0.07186732
3706,2017-03-01,2017-05-31,15.28000000,17.51000000,201703-201706,0.14594241
3706,2017-04-05,2017-06-30,15.92000000,18.43000000,201704-201707,0.15766332
3706,2017-05-02,2017-07-31,15.40000000,18.35000000,201705-201708,0.19155844
3706,2017-06-01,2017-08-31,17.56000000,18.25000000,201706-201709,0.03929385
3706,2017-07-03,2017-09-30,18.41000000,18.65000000,201707-201710,0.01303639
3706,2017-08-01,2017-10-31,19.01000000,19.03000000,201708-201711,0.00105208
3706,2017-09-01,2017-11-30,18.07000000,18.27000000,201709-201712,0.01106807
3706,2017-10-02,2017-12-29,18.58000000,18.12000000,201710-201801,-0.02475780
3706,2017-11-01,2018-01-31,19.01000000,17.23000000,201711-201802,-0.09363493
3706,2018-11-01,2019-01-30,15.14000000,16.69000000,201811-201902,0.10237781
3706,2019-03-04,2019-05-31,19.32000000,17.81000000,201903-201906,-0.07815735
3706,2019-04-01,2019-06-28,19.17000000,18.84000000,201904-201907,-0.01721440
3706,2019-05-02,2019-07-31,19.60000000,19.60000000,201905-201908,0.00000000
3706,2019-07-01,2019-09-27,18.99000000,19.13000000,201907-201910,0.00737230
3706,2019-08-01,2019-10-31,19.51000000,19.60000000,201908-201911,0.00461302
3706,2019-11-01,2020-01-31,19.57000000,21.21000000,201911-202002,0.08380174
3706,2019-12-02,2020-02-27,20.48000000,24.90000000,201912-202003,0.21582031
3706,2020-01-02,2020-03-31,21.17000000,19.86000000,202001-202004,-0.06188002
3706,2020-02-03,2020-04-30,20.77000000,22.38000000,202002-202005,0.07751565
3706,2020-03-02,2020-05-29,25.05000000,23.62000000,202003-202006,-0.05708583
3706,2020-04-01,2020-06-30,19.93000000,23.70000000,202004-202007,0.18916207
3706,2020-05-04,2020-07-31,22.05000000,24.94000000,202005-202008,0.13106576
3706,2020-06-01,2020-08-31,23.66000000,24.39000000,202006-202009,0.03085376
3706,2020-07-01,2020-09-30,23.70000000,24.14000000,202007-202010,0.01856540
3706,2020-08-03,2020-10-30,24.64000000,23.80000000,202008-202011,-0.03409091
3706,2020-09-01,2020-11-30,24.35000000,24.90000000,202009-202012,0.02258727
3706,2020-10-05,2020-12-31,23.97000000,24.90000000,202010-202101,0.03879850
3711,2018-05-02,2018-07-31,55.12000000,57.08000000,201805-201808,0.03555878
3711,2018-06-01,2018-08-31,55.33000000,56.63000000,201806-201809,0.02349539
3711,2018-07-02,2018-09-28,51.62000000,56.03000000,201807-201810,0.08543200
3711,2018-08-01,2018-10-31,56.79000000,46.93000000,201808-201811,-0.17362212
3711,2018-09-03,2018-11-30,55.88000000,46.93000000,201809-201812,-0.16016464
3711,2018-10-01,2018-12-28,56.33000000,43.84000000,201810-201901,-0.22172910
3711,2018-11-01,2019-01-30,47.08000000,45.12000000,201811-201902,-0.04163127
3711,2018-12-03,2019-02-27,48.51000000,47.30000000,201812-201903,-0.02494331
3711,2019-01-02,2019-03-29,42.49000000,50.76000000,201901-201904,0.19463403
3711,2019-02-11,2019-04-30,44.22000000,53.92000000,201902-201905,0.21935776
3711,2019-03-04,2019-05-31,47.98000000,44.97000000,201903-201906,-0.06273447
3711,2019-04-01,2019-06-28,51.66000000,46.25000000,201904-201907,-0.10472319
3711,2019-05-02,2019-07-31,53.17000000,52.57000000,201905-201908,-0.01128456
3711,2019-06-03,2019-08-30,45.12000000,55.72000000,201906-201909,0.23492908
3711,2019-07-01,2019-09-27,49.71000000,55.25000000,201907-201910,0.11144639
3711,2019-08-01,2019-10-31,52.19000000,62.04000000,201908-201911,0.18873347
3711,2019-09-02,2019-11-29,55.79000000,58.99000000,201909-201912,0.05735795
3711,2019-10-01,2019-12-31,57.35000000,64.92000000,201910-202001,0.13199651
3711,2019-11-01,2020-01-31,62.43000000,58.21000000,201911-202002,-0.06759571
3711,2019-12-02,2020-02-27,59.15000000,55.64000000,201912-202003,-0.05934066
3711,2020-01-02,2020-03-31,64.61000000,45.73000000,202001-202004,-0.29221483
3711,2020-02-03,2020-04-30,56.81000000,52.36000000,202002-202005,-0.07833128
3711,2020-03-02,2020-05-29,54.70000000,48.22000000,202003-202006,-0.11846435
3711,2020-04-01,2020-06-30,44.64000000,52.75000000,202004-202007,0.18167563
3711,2020-05-04,2020-07-31,50.25000000,58.99000000,202005-202008,0.17393035
3711,2020-06-01,2020-08-31,49.01000000,49.16000000,202006-202009,0.00306060
3711,2020-07-01,2020-09-30,53.06000000,47.56000000,202007-202010,-0.10365624
3711,2020-08-03,2020-10-30,55.87000000,50.77000000,202008-202011,-0.09128334
3711,2020-09-01,2020-11-30,49.24000000,61.53000000,202009-202012,0.24959383
3711,2020-10-05,2020-12-31,48.60000000,65.31000000,202010-202101,0.34382716
4137,2016-01-04,2016-03-31,215.80000000,174.53000000,201601-201604,-0.19124189
4137,2016-02-01,2016-04-29,199.10000000,143.34000000,201602-201605,-0.28006027
4725,2010-08-02,2010-10-29,132.48000000,160.90000000,201008-201011,0.21452295
4725,2010-09-01,2010-11-30,141.00000000,168.46000000,201009-201012,0.19475177
4725,2010-10-01,2010-12-31,143.75000000,174.38000000,201010-201101,0.21307826
4725,2010-11-01,2011-01-28,163.55000000,165.39000000,201011-201102,0.01125038
4725,2010-12-01,2011-02-25,168.66000000,153.96000000,201012-201103,-0.08715760
4725,2011-01-03,2011-03-31,173.35000000,203.37000000,201101-201104,0.17317566
4725,2011-02-08,2011-04-29,166.00000000,260.34000000,201102-201105,0.56831325
4725,2011-03-01,2011-05-31,155.59000000,261.36000000,201103-201106,0.67979947
4725,2011-04-01,2011-06-30,217.46000000,238.90000000,201104-201107,0.09859284
4725,2011-05-03,2011-07-29,270.55000000,270.07000000,201105-201108,-0.00177416
4725,2011-06-01,2011-08-31,263.40000000,227.87000000,201106-201109,-0.13488990
4725,2011-07-01,2011-09-30,242.99000000,187.15000000,201107-201110,-0.22980370
4725,2011-08-01,2011-10-31,288.01000000,182.72000000,201108-201111,-0.36557758
4725,2011-09-01,2011-11-30,223.66000000,148.96000000,201109-201112,-0.33398909
4725,2011-10-03,2011-12-30,180.19000000,140.52000000,201110-201201,-0.22015650
4725,2011-11-01,2012-01-31,184.19000000,165.42000000,201111-201202,-0.10190564
4725,2011-12-01,2012-02-29,152.97000000,169.43000000,201112-201203,0.10760280
4725,2012-01-02,2012-03-30,136.09000000,175.33000000,201201-201204,0.28833860
4725,2012-02-01,2012-04-30,168.38000000,147.69000000,201202-201205,-0.12287683
4725,2012-03-01,2012-05-31,170.90000000,151.92000000,201203-201206,-0.11105910
4725,2012-04-02,2012-06-29,171.32000000,150.65000000,201204-201207,-0.12065141
4725,2012-05-02,2012-07-31,151.92000000,116.92000000,201205-201208,-0.23038441
4725,2012-06-01,2012-08-31,146.64000000,118.46000000,201206-201209,-0.19217130
4904,2010-01-04,2010-03-31,18.39000000,18.34000000,201001-201004,-0.00271887
4904,2010-02-01,2010-04-30,18.46000000,18.46000000,201002-201005,0.00000000
4904,2010-03-01,2010-05-31,18.42000000,18.51000000,201003-201006,0.00488599
4904,2010-04-01,2010-06-30,18.49000000,19.16000000,201004-201007,0.03623580
4904,2010-05-03,2010-07-30,18.44000000,21.53000000,201005-201008,0.16757050
4904,2010-06-01,2010-08-31,18.37000000,21.35000000,201006-201009,0.16222101
4904,2010-07-01,2010-09-30,19.16000000,22.51000000,201007-201010,0.17484342
4904,2010-08-02,2010-10-29,21.70000000,22.66000000,201008-201011,0.04423963
4904,2010-09-01,2010-11-30,21.28000000,22.12000000,201009-201012,0.03947368
4904,2010-10-01,2010-12-31,22.59000000,21.76000000,201010-201101,-0.03674192
4904,2010-11-01,2011-01-28,22.82000000,22.38000000,201011-201102,-0.01928133
4904,2010-12-01,2011-02-25,22.10000000,21.87000000,201012-201103,-0.01040724
4904,2011-01-03,2011-03-31,21.66000000,22.64000000,201101-201104,0.04524469
4904,2011-02-08,2011-04-29,22.46000000,22.36000000,201102-201105,-0.00445236
4904,2011-03-01,2011-05-31,21.94000000,22.90000000,201103-201106,0.04375570
4904,2011-04-01,2011-06-30,22.28000000,23.56000000,201104-201107,0.05745063
4904,2011-05-03,2011-07-29,22.30000000,25.84000000,201105-201108,0.15874439
4904,2011-06-01,2011-08-31,23.41000000,25.16000000,201106-201109,0.07475438
4904,2011-07-01,2011-09-30,24.31000000,24.68000000,201107-201110,0.01522007
4904,2011-08-01,2011-10-31,25.76000000,26.82000000,201108-201111,0.04114907
4904,2011-09-01,2011-11-30,25.22000000,30.91000000,201109-201112,0.22561459
4904,2011-10-03,2011-12-30,25.22000000,30.86000000,201110-201201,0.22363204
4904,2011-11-01,2012-01-31,27.55000000,30.91000000,201111-201202,0.12196007
4904,2011-12-01,2012-02-29,31.56000000,33.46000000,201112-201203,0.06020279
4904,2012-01-02,2012-03-30,30.80000000,32.81000000,201201-201204,0.06525974
4904,2012-02-01,2012-04-30,30.70000000,34.44000000,201202-201205,0.12182410
4904,2012-03-01,2012-05-31,32.54000000,36.01000000,201203-201206,0.10663798
4904,2012-04-02,2012-06-29,32.86000000,35.09000000,201204-201207,0.06786366
4904,2012-05-02,2012-07-31,35.03000000,42.81000000,201205-201208,0.22209535
4904,2012-06-01,2012-08-31,36.34000000,41.79000000,201206-201209,0.14997248
4904,2012-07-02,2012-09-28,35.36000000,41.06000000,201207-201210,0.16119910
4904,2012-08-01,2012-10-31,41.91000000,38.17000000,201208-201211,-0.08923885
4904,2012-09-03,2012-11-30,41.62000000,41.23000000,201209-201212,-0.00937049
4904,2012-10-01,2012-12-28,40.61000000,41.96000000,201210-201301,0.03324304
4904,2016-01-04,2016-03-31,43.65000000,47.54000000,201601-201604,0.08911798
4904,2016-02-01,2016-04-29,46.09000000,48.00000000,201602-201605,0.04144066
4904,2016-03-01,2016-05-31,46.02000000,49.51000000,201603-201606,0.07583659
4904,2016-04-01,2016-06-30,46.94000000,51.36000000,201604-201607,0.09416276
4904,2016-05-03,2016-07-29,48.79000000,50.65000000,201605-201608,0.03812257
4904,2016-06-01,2016-08-31,49.71000000,51.07000000,201606-201609,0.02735868
4904,2016-07-01,2016-09-30,52.88000000,51.14000000,201607-201610,-0.03290469
4904,2016-08-01,2016-10-31,51.27000000,51.55000000,201608-201611,0.00546128
4904,2016-09-01,2016-11-30,50.58000000,51.00000000,201609-201612,0.00830368
4904,2016-10-03,2016-12-30,50.93000000,50.10000000,201610-201701,-0.01629688
4904,2016-11-01,2017-01-24,51.69000000,51.41000000,201611-201702,-0.00541691
4904,2016-12-01,2017-02-24,50.86000000,51.14000000,201612-201703,0.00550531
4904,2017-01-03,2017-03-31,49.55000000,51.48000000,201701-201704,0.03895055
4904,2017-02-02,2017-04-28,49.62000000,51.34000000,201702-201705,0.03466344
4904,2017-03-01,2017-05-31,51.21000000,52.86000000,201703-201706,0.03222027
4904,2017-04-05,2017-06-30,51.97000000,53.55000000,201704-201707,0.03040216
4904,2017-05-02,2017-07-31,51.83000000,53.01000000,201705-201708,0.02276674
4904,2017-06-01,2017-08-31,53.35000000,53.15000000,201706-201709,-0.00374883
4904,2017-07-03,2017-09-30,54.31000000,52.72000000,201707-201710,-0.02927638
4904,2017-08-01,2017-10-31,53.15000000,51.41000000,201708-201711,-0.03273754
4904,2017-09-01,2017-11-30,53.15000000,51.92000000,201709-201712,-0.02314205
4904,2017-10-02,2017-12-29,52.50000000,53.37000000,201710-201801,0.01657143
4904,2017-11-01,2018-01-31,51.05000000,55.19000000,201711-201802,0.08109696
4904,2017-12-01,2018-02-27,51.99000000,53.73000000,201712-201803,0.03346797
4904,2018-01-02,2018-03-31,53.44000000,56.78000000,201801-201804,0.06250000
4904,2018-02-01,2018-04-30,55.48000000,56.93000000,201802-201805,0.02613554
4904,2018-03-01,2018-05-31,53.30000000,55.48000000,201803-201806,0.04090056
4904,2018-04-02,2018-06-29,56.20000000,57.22000000,201804-201807,0.01814947
4904,2018-05-02,2018-07-31,56.49000000,55.33000000,201805-201808,-0.02053461
4904,2018-06-01,2018-08-31,56.13000000,55.79000000,201806-201809,-0.00605737
4904,2018-07-02,2018-09-28,56.13000000,55.49000000,201807-201810,-0.01140210
4904,2018-08-01,2018-10-31,54.95000000,56.17000000,201808-201811,0.02220200
4904,2018-09-03,2018-11-30,55.56000000,55.26000000,201809-201812,-0.00539957
4904,2018-10-01,2018-12-28,55.79000000,58.23000000,201810-201901,0.04373544
4904,2018-11-01,2019-01-30,55.26000000,54.57000000,201811-201902,-0.01248643
4904,2018-12-03,2019-02-27,55.26000000,54.95000000,201812-201903,-0.00560984
4904,2019-01-02,2019-03-29,55.18000000,56.63000000,201901-201904,0.02627764
4904,2019-02-11,2019-04-30,54.88000000,57.77000000,201902-201905,0.05266035
4904,2019-03-04,2019-05-31,54.88000000,59.83000000,201903-201906,0.09019679
4904,2019-04-01,2019-06-28,55.87000000,59.68000000,201904-201907,0.06819402
4904,2019-05-02,2019-07-31,57.92000000,57.32000000,201905-201908,-0.01035912
4904,2019-06-03,2019-08-30,59.60000000,58.69000000,201906-201909,-0.01526846
4904,2019-07-01,2019-09-27,59.60000000,58.12000000,201907-201910,-0.02483221
4904,2019-08-01,2019-10-31,57.24000000,58.53000000,201908-201911,0.02253669
4904,2019-09-02,2019-11-29,58.69000000,58.61000000,201909-201912,-0.00136309
4904,2019-10-01,2019-12-31,58.85000000,57.80000000,201910-202001,-0.01784197
4904,2019-11-01,2020-01-31,58.77000000,55.00000000,201911-202002,-0.06414838
4904,2019-12-02,2020-02-27,58.85000000,52.99000000,201912-202003,-0.09957519
4904,2020-01-02,2020-03-31,57.96000000,50.75000000,202001-202004,-0.12439614
4904,2020-02-03,2020-04-30,54.36000000,53.23000000,202002-202005,-0.02078734
4904,2020-03-02,2020-05-29,52.11000000,51.87000000,202003-202006,-0.00460564
4904,2020-04-01,2020-06-30,49.71000000,54.52000000,202004-202007,0.09676122
4904,2020-05-04,2020-07-31,53.47000000,53.09000000,202005-202008,-0.00710679
4904,2020-06-01,2020-08-31,52.19000000,51.57000000,202006-202009,-0.01187967
4904,2020-07-01,2020-09-30,55.48000000,51.32000000,202007-202010,-0.07498198
4904,2020-08-03,2020-10-30,52.33000000,50.48000000,202008-202011,-0.03535257
4904,2020-09-01,2020-11-30,51.57000000,52.16000000,202009-202012,0.01144076
4904,2020-10-05,2020-12-31,51.74000000,51.49000000,202010-202101,-0.00483185
4915,2017-06-01,2017-08-31,36.97000000,47.34000000,201706-201709,0.28049770
4915,2017-07-03,2017-09-30,41.85000000,49.06000000,201707-201710,0.17228196
4915,2017-08-01,2017-10-31,44.89000000,51.70000000,201708-201711,0.15170417
4915,2017-09-01,2017-11-30,49.26000000,54.88000000,201709-201712,0.11408851
4915,2017-10-02,2017-12-29,49.39000000,52.23000000,201710-201801,0.05750152
4915,2017-11-01,2018-01-31,51.44000000,54.61000000,201711-201802,0.06162519
4915,2017-12-01,2018-02-27,53.29000000,49.59000000,201712-201803,-0.06943141
4915,2018-01-02,2018-03-31,54.61000000,41.32000000,201801-201804,-0.24336202
4915,2018-02-01,2018-04-30,54.15000000,40.00000000,201802-201805,-0.26131117
4915,2018-03-01,2018-05-31,48.93000000,38.55000000,201803-201806,-0.21213979
4915,2019-04-01,2019-06-28,41.95000000,37.82000000,201904-201907,-0.09845054
4938,2010-06-25,2010-08-31,16.06000000,18.51000000,201006-201009,0.15255293
4938,2010-07-01,2010-09-30,13.57000000,18.86000000,201007-201010,0.38983051
4938,2010-08-02,2010-10-29,17.08000000,19.13000000,201008-201011,0.12002342
4938,2010-09-01,2010-11-30,19.34000000,19.27000000,201009-201012,-0.00361944
4938,2010-10-01,2010-12-31,18.92000000,19.39000000,201010-201101,0.02484144
4938,2010-11-01,2011-01-28,19.43000000,18.51000000,201011-201102,-0.04734946
4938,2010-12-01,2011-02-25,19.66000000,16.16000000,201012-201103,-0.17802645
4938,2011-01-03,2011-03-31,19.29000000,15.39000000,201101-201104,-0.20217729
4938,2011-02-08,2011-04-29,18.09000000,13.94000000,201102-201105,-0.22940851
4938,2011-03-01,2011-05-31,16.48000000,14.24000000,201103-201106,-0.13592233
4938,2011-04-01,2011-06-30,15.26000000,13.73000000,201104-201107,-0.10026212
4938,2011-05-03,2011-07-29,13.66000000,15.30000000,201105-201108,0.12005857
4938,2011-06-01,2011-08-31,14.35000000,12.97000000,201106-201109,-0.09616725
4938,2011-07-01,2011-09-30,13.85000000,13.91000000,201107-201110,0.00433213
4938,2011-08-01,2011-10-31,15.76000000,15.96000000,201108-201111,0.01269036
4938,2011-09-01,2011-11-30,13.22000000,15.11000000,201109-201112,0.14296520
4938,2011-10-03,2011-12-30,13.26000000,16.03000000,201110-201201,0.20889894
4938,2011-11-01,2012-01-31,15.50000000,17.42000000,201111-201202,0.12387097
4938,2011-12-01,2012-02-29,16.05000000,19.46000000,201112-201203,0.21246106
4938,2012-01-02,2012-03-30,15.76000000,22.38000000,201201-201204,0.42005076
4938,2012-02-01,2012-04-30,17.51000000,20.58000000,201202-201205,0.17532838
4938,2012-03-01,2012-05-31,19.39000000,20.17000000,201203-201206,0.04022692
4938,2012-04-02,2012-06-29,21.82000000,18.92000000,201204-201207,-0.13290559
4938,2012-05-02,2012-07-31,21.14000000,19.12000000,201205-201208,-0.09555345
4938,2012-06-01,2012-08-31,19.56000000,18.27000000,201206-201209,-0.06595092
4938,2012-07-02,2012-09-28,18.56000000,18.56000000,201207-201210,0.00000000
4938,2012-08-01,2012-10-31,18.80000000,17.95000000,201208-201211,-0.04521277
4938,2012-09-03,2012-11-30,19.02000000,18.44000000,201209-201212,-0.03049422
4938,2012-10-01,2012-12-28,18.44000000,18.27000000,201210-201301,-0.00921909
4938,2016-01-04,2016-03-31,39.11000000,41.49000000,201601-201604,0.06085400
4938,2016-02-01,2016-04-29,42.92000000,37.73000000,201602-201605,-0.12092265
4938,2016-03-01,2016-05-31,44.19000000,37.51000000,201603-201606,-0.15116542
4938,2016-04-01,2016-06-30,40.55000000,37.45000000,201604-201607,-0.07644883
4938,2016-05-03,2016-07-29,37.01000000,43.25000000,201605-201608,0.16860308
4938,2016-06-01,2016-08-31,38.12000000,45.23000000,201606-201609,0.18651626
4938,2016-07-01,2016-09-30,38.78000000,47.53000000,201607-201610,0.22563177
4938,2016-08-01,2016-10-31,43.86000000,50.13000000,201608-201611,0.14295486
4938,2016-09-01,2016-11-30,45.06000000,44.76000000,201609-201612,-0.00665779
4938,2016-10-03,2016-12-30,48.18000000,45.41000000,201610-201701,-0.05749274
4938,2016-11-01,2017-01-24,49.60000000,44.29000000,201611-201702,-0.10705645
4938,2016-12-01,2017-02-24,45.12000000,47.59000000,201612-201703,0.05474291
4938,2017-01-03,2017-03-31,46.24000000,52.96000000,201701-201704,0.14532872
4938,2017-02-02,2017-04-28,44.82000000,52.43000000,201702-201705,0.16979027
4938,2017-03-01,2017-05-31,47.95000000,54.73000000,201703-201706,0.14139729
4938,2017-04-05,2017-06-30,53.67000000,56.20000000,201704-201707,0.04713993
4938,2017-05-02,2017-07-31,53.08000000,58.15000000,201705-201708,0.09551620
4938,2017-06-01,2017-08-31,54.55000000,58.98000000,201706-201709,0.08120990
4938,2017-07-03,2017-09-30,57.56000000,49.42000000,201707-201710,-0.14141765
4938,2017-08-01,2017-10-31,58.79000000,48.42000000,201708-201711,-0.17639054
4938,2017-09-01,2017-11-30,58.54000000,42.40000000,201709-201712,-0.27570892
4938,2017-10-02,2017-12-29,50.72000000,44.70000000,201710-201801,-0.11869085
4938,2017-11-01,2018-01-31,48.55000000,49.04000000,201711-201802,0.01009269
4938,2017-12-01,2018-02-27,42.90000000,46.56000000,201712-201803,0.08531469
4938,2018-01-02,2018-03-31,44.76000000,45.32000000,201801-201804,0.01251117
4938,2018-02-01,2018-04-30,47.80000000,43.15000000,201802-201805,-0.09728033
4938,2018-03-01,2018-05-31,46.56000000,39.30000000,201803-201806,-0.15592784
4938,2018-04-02,2018-06-29,45.19000000,38.92000000,201804-201807,-0.13874751
4938,2018-05-02,2018-07-31,44.08000000,44.87000000,201805-201808,0.01792196
4938,2018-06-01,2018-08-31,40.29000000,43.62000000,201806-201809,0.08265078
4938,2018-07-02,2018-09-28,38.92000000,40.26000000,201807-201810,0.03442960
4938,2018-08-01,2018-10-31,44.47000000,37.10000000,201808-201811,-0.16572971
4938,2018-09-03,2018-11-30,42.96000000,34.46000000,201809-201812,-0.19785847
4938,2018-10-01,2018-12-28,40.65000000,33.87000000,201810-201901,-0.16678967
4938,2018-11-01,2019-01-30,36.90000000,34.13000000,201811-201902,-0.07506775
4938,2018-12-03,2019-02-27,35.65000000,34.79000000,201812-201903,-0.02412342
4938,2019-01-02,2019-03-29,33.08000000,35.12000000,201901-201904,0.06166868
4938,2019-02-11,2019-04-30,33.60000000,38.41000000,201902-201905,0.14315476
4938,2019-03-04,2019-05-31,34.13000000,33.93000000,201903-201906,-0.00585995
4938,2019-04-01,2019-06-28,34.92000000,35.38000000,201904-201907,0.01317297
4938,2019-05-02,2019-07-31,38.61000000,35.77000000,201905-201908,-0.07355607
4938,2019-06-03,2019-08-30,33.73000000,36.83000000,201906-201909,0.09190631
4938,2019-07-01,2019-09-27,35.91000000,37.95000000,201907-201910,0.05680869
4938,2019-08-01,2019-10-31,35.70000000,41.68000000,201908-201911,0.16750700
4938,2019-09-02,2019-11-29,36.69000000,47.79000000,201909-201912,0.30253475
4938,2019-10-01,2019-12-31,38.51000000,48.07000000,201910-202001,0.24824721
4938,2019-11-01,2020-01-31,42.31000000,44.70000000,201911-202002,0.05648783
4938,2019-12-02,2020-02-27,47.44000000,44.07000000,201912-202003,-0.07103710
4938,2020-01-02,2020-03-31,48.21000000,40.76000000,202001-202004,-0.15453225
4938,2020-02-03,2020-04-30,44.91000000,46.46000000,202002-202005,0.03451347
4938,2020-03-02,2020-05-29,42.38000000,45.33000000,202003-202006,0.06960831
4938,2020-04-01,2020-06-30,41.04000000,48.08000000,202004-202007,0.17153996
4938,2020-05-04,2020-07-31,45.61000000,46.35000000,202005-202008,0.01622451
4938,2020-06-01,2020-08-31,45.12000000,46.95000000,202006-202009,0.04055851
4938,2020-07-01,2020-09-30,48.46000000,47.93000000,202007-202010,-0.01093686
4938,2020-08-03,2020-10-30,46.65000000,46.20000000,202008-202011,-0.00964630
4938,2020-09-01,2020-11-30,47.70000000,49.06000000,202009-202012,0.02851153
4938,2020-10-05,2020-12-31,47.48000000,50.56000000,202010-202101,0.06486942
4943,2017-11-01,2018-01-31,516.36000000,432.06000000,201711-201802,-0.16325819
4943,2017-12-01,2018-02-27,894.22000000,393.67000000,201712-201803,-0.55976158
4943,2018-01-02,2018-03-31,481.73000000,453.89000000,201801-201804,-0.05779171
4943,2018-02-01,2018-04-30,474.96000000,392.16000000,201802-201805,-0.17433047
4943,2018-03-01,2018-05-31,406.47000000,445.60000000,201803-201806,0.09626787
4943,2018-04-02,2018-06-29,438.08000000,441.09000000,201804-201807,0.00687089
4943,2018-05-02,2018-07-31,406.47000000,443.92000000,201805-201808,0.09213472
4943,2018-06-01,2018-08-31,446.35000000,439.91000000,201806-201809,-0.01442814
4943,2018-07-02,2018-09-28,440.33000000,367.93000000,201807-201810,-0.16442214
4943,2018-08-01,2018-10-31,451.11000000,187.16000000,201808-201811,-0.58511228
4943,2018-09-03,2018-11-30,421.52000000,247.95000000,201809-201812,-0.41177168
4958,2011-12-27,2012-02-29,27.22000000,47.21000000,201112-201203,0.73438648
4958,2012-01-02,2012-03-30,26.43000000,51.30000000,201201-201204,0.94097616
4958,2012-02-01,2012-04-30,37.27000000,51.04000000,201202-201205,0.36946606
4958,2012-03-01,2012-05-31,47.79000000,48.84000000,201203-201206,0.02197112
4958,2012-04-02,2012-06-29,50.25000000,48.99000000,201204-201207,-0.02507463
4958,2012-05-02,2012-07-31,53.65000000,47.32000000,201205-201208,-0.11798695
4958,2012-06-01,2012-08-31,48.10000000,52.74000000,201206-201209,0.09646570
4958,2012-07-02,2012-09-28,49.47000000,51.13000000,201207-201210,0.03355569
4958,2012-08-01,2012-10-31,46.85000000,42.85000000,201208-201211,-0.08537887
4958,2012-09-03,2012-11-30,54.96000000,44.13000000,201209-201212,-0.19705240
4958,2012-10-01,2012-12-28,50.35000000,39.69000000,201210-201301,-0.21171797
4958,2016-01-04,2016-03-31,49.27000000,46.25000000,201601-201604,-0.06129491
4958,2016-02-01,2016-04-29,45.61000000,43.62000000,201602-201605,-0.04363078
4958,2016-03-01,2016-05-31,48.69000000,39.44000000,201603-201606,-0.18997741
4958,2016-04-01,2016-06-30,46.19000000,37.06000000,201604-201607,-0.19766183
4958,2016-05-03,2016-07-29,42.78000000,42.08000000,201605-201608,-0.01636279
4958,2016-06-01,2016-08-31,38.93000000,43.74000000,201606-201609,0.12355510
4958,2016-07-01,2016-09-30,37.84000000,47.24000000,201607-201610,0.24841438
4958,2016-08-01,2016-10-31,42.08000000,49.44000000,201608-201611,0.17490494
4958,2016-09-01,2016-11-30,43.46000000,44.08000000,201609-201612,0.01426599
4958,2016-10-03,2016-12-30,48.00000000,43.87000000,201610-201701,-0.08604167
4958,2016-11-01,2017-01-24,48.82000000,44.97000000,201611-201702,-0.07886112
4958,2016-12-01,2017-02-24,44.63000000,52.61000000,201612-201703,0.17880350
4958,2017-01-03,2017-03-31,43.87000000,49.03000000,201701-201704,0.11762024
4958,2017-02-02,2017-04-28,46.90000000,48.55000000,201702-201705,0.03518124
4958,2017-03-01,2017-05-31,51.85000000,50.89000000,201703-201706,-0.01851495
4958,2017-04-05,2017-06-30,48.34000000,49.58000000,201704-201707,0.02565163
4958,2017-05-02,2017-07-31,48.62000000,49.81000000,201705-201708,0.02447552
4958,2017-06-01,2017-08-31,50.89000000,49.59000000,201706-201709,-0.02554529
4958,2017-07-03,2017-09-30,50.06000000,44.06000000,201707-201710,-0.11985617
4958,2017-08-01,2017-10-31,50.51000000,53.64000000,201708-201711,0.06196793
4958,2017-09-01,2017-11-30,49.38000000,52.00000000,201709-201712,0.05305792
4958,2017-10-02,2017-12-29,44.84000000,46.47000000,201710-201801,0.03635147
4958,2017-11-01,2018-01-31,53.21000000,47.39000000,201711-201802,-0.10937794
4958,2017-12-01,2018-02-27,50.02000000,45.34000000,201712-201803,-0.09356257
4958,2018-01-02,2018-03-31,47.04000000,48.60000000,201801-201804,0.03316327
4958,2018-02-01,2018-04-30,48.39000000,46.04000000,201802-201805,-0.04856375
4958,2018-03-01,2018-05-31,45.55000000,48.03000000,201803-201806,0.05444566
4958,2018-04-02,2018-06-29,49.10000000,47.82000000,201804-201807,-0.02606925
4958,2018-05-02,2018-07-31,45.34000000,53.70000000,201805-201808,0.18438465
4958,2018-06-01,2018-08-31,48.67000000,58.62000000,201806-201809,0.20443805
4958,2018-07-02,2018-09-28,47.25000000,50.87000000,201807-201810,0.07661376
4958,2018-08-01,2018-10-31,54.45000000,52.73000000,201808-201811,-0.03158861
4958,2018-09-03,2018-11-30,57.43000000,58.40000000,201809-201812,0.01689013
4958,2018-10-01,2018-12-28,51.09000000,59.82000000,201810-201901,0.17087493
4958,2018-11-01,2019-01-30,54.37000000,58.92000000,201811-201902,0.08368586
4958,2018-12-03,2019-02-27,61.08000000,66.68000000,201812-201903,0.09168304
4958,2019-01-02,2019-03-29,58.85000000,71.38000000,201901-201904,0.21291419
4958,2019-02-11,2019-04-30,60.71000000,82.41000000,201902-201905,0.35743700
4958,2019-03-04,2019-05-31,65.86000000,69.06000000,201903-201906,0.04858791
4958,2019-04-01,2019-06-28,70.11000000,74.14000000,201904-201907,0.05748110
4958,2019-05-02,2019-07-31,80.55000000,88.82000000,201905-201908,0.10266915
4958,2019-06-03,2019-08-30,67.72000000,90.37000000,201906-201909,0.33446545
4958,2019-07-01,2019-09-27,79.43000000,86.48000000,201907-201910,0.08875740
4958,2019-08-01,2019-10-31,86.48000000,112.97000000,201908-201911,0.30631360
4958,2019-09-02,2019-11-29,92.32000000,104.79000000,201909-201912,0.13507366
4958,2019-10-01,2019-12-31,91.54000000,111.41000000,201910-202001,0.21706358
4958,2019-11-01,2020-01-31,114.14000000,93.10000000,201911-202002,-0.18433503
4958,2019-12-02,2020-02-27,104.79000000,89.98000000,201912-202003,-0.14133028
4958,2020-01-02,2020-03-31,114.14000000,72.45000000,202001-202004,-0.36525320
4958,2020-02-03,2020-04-30,93.88000000,84.14000000,202002-202005,-0.10374947
4958,2020-03-02,2020-05-29,91.93000000,93.10000000,202003-202006,0.01272707
4958,2020-04-01,2020-06-30,70.90000000,100.11000000,202004-202007,0.41198872
4958,2020-05-04,2020-07-31,82.58000000,108.75000000,202005-202008,0.31690482
4958,2020-06-01,2020-08-31,95.83000000,99.08000000,202006-202009,0.03391422
4958,2020-07-01,2020-09-30,103.23000000,101.50000000,202007-202010,-0.01675869
4958,2020-08-03,2020-10-30,104.72000000,97.47000000,202008-202011,-0.06923224
4958,2020-09-01,2020-11-30,99.48000000,99.48000000,202009-202012,0.00000000
4958,2020-10-05,2020-12-31,102.30000000,91.83000000,202010-202101,-0.10234604
4994,2012-03-01,2012-05-31,136.14000000,184.48000000,201203-201206,0.35507566
5264,2016-01-04,2016-03-31,110.00000000,142.59000000,201601-201604,0.29627273
5264,2016-02-01,2016-04-29,142.59000000,118.55000000,201602-201605,-0.16859527
5264,2016-03-01,2016-05-31,147.07000000,101.03000000,201603-201606,-0.31304821
5264,2016-04-01,2016-06-30,138.52000000,91.66000000,201604-201607,-0.33829050
5264,2016-05-03,2016-07-29,113.66000000,104.70000000,201605-201608,-0.07883160
5264,2016-06-01,2016-08-31,100.63000000,97.23000000,201606-201609,-0.03378714
5264,2016-07-01,2016-09-30,94.52000000,99.41000000,201607-201610,0.05173508
5264,2016-08-01,2016-10-31,105.92000000,88.51000000,201608-201611,-0.16436934
5264,2016-09-01,2016-11-30,96.35000000,75.95000000,201609-201612,-0.21172807
5264,2016-10-03,2016-12-30,102.02000000,74.90000000,201610-201701,-0.26583023
5264,2016-11-01,2017-01-24,87.63000000,83.54000000,201611-201702,-0.04667351
5264,2016-12-01,2017-02-24,74.55000000,90.69000000,201612-201703,0.21649899
5264,2017-01-03,2017-03-31,74.73000000,88.07000000,201701-201704,0.17850930
5264,2017-02-02,2017-04-28,90.69000000,78.04000000,201702-201705,-0.13948616
5264,2017-03-01,2017-05-31,87.63000000,78.48000000,201703-201706,-0.10441630
5264,2017-04-05,2017-06-30,86.06000000,88.94000000,201704-201707,0.03346502
5264,2017-05-02,2017-07-31,78.22000000,83.19000000,201705-201708,0.06353874
5264,2017-06-01,2017-08-31,79.09000000,90.72000000,201706-201709,0.14704767
5264,2017-07-03,2017-09-30,94.17000000,91.17000000,201707-201710,-0.03185728
5264,2017-08-01,2017-10-31,90.25000000,102.51000000,201708-201711,0.13584488
5264,2017-09-01,2017-11-30,92.08000000,105.24000000,201709-201712,0.14291920
5264,2017-10-02,2017-12-29,91.63000000,94.29000000,201710-201801,0.02902979
5264,2017-11-01,2018-01-31,107.05000000,99.38000000,201711-201802,-0.07164876
5264,2017-12-01,2018-02-27,99.79000000,88.93000000,201712-201803,-0.10882854
5264,2018-01-02,2018-03-31,93.83000000,79.69000000,201801-201804,-0.15069807
5264,2018-02-01,2018-04-30,97.99000000,67.48000000,201802-201805,-0.31135830
5264,2018-03-01,2018-05-31,90.59000000,69.52000000,201803-201806,-0.23258638
5264,2018-04-02,2018-06-29,78.85000000,68.59000000,201804-201807,-0.13012048
5264,2018-05-02,2018-07-31,68.78000000,65.73000000,201805-201808,-0.04434429
5264,2018-06-01,2018-08-31,69.70000000,57.79000000,201806-201809,-0.17087518
5264,2018-07-02,2018-09-28,66.56000000,50.15000000,201807-201810,-0.24654447
5264,2020-08-03,2020-10-30,69.00000000,86.40000000,202008-202011,0.25217391
5264,2020-09-01,2020-11-30,85.10000000,86.40000000,202009-202012,0.01527615
5264,2020-10-05,2020-12-31,86.20000000,87.30000000,202010-202101,0.01276102
5269,2018-07-02,2018-09-28,404.22000000,485.80000000,201807-201810,0.20182079
5269,2018-08-01,2018-10-31,438.57000000,386.74000000,201808-201811,-0.11817954
5269,2018-09-03,2018-11-30,518.36000000,445.09000000,201809-201812,-0.14134964
5269,2018-10-01,2018-12-28,450.06000000,452.32000000,201810-201901,0.00502155
5269,2018-11-01,2019-01-30,419.76000000,540.98000000,201811-201902,0.28878407
5269,2018-12-03,2019-02-27,447.35000000,530.12000000,201812-201903,0.18502291
5269,2019-01-02,2019-03-29,451.42000000,511.13000000,201901-201904,0.13227150
5269,2019-02-11,2019-04-30,577.16000000,483.08000000,201902-201905,-0.16300506
5269,2019-03-04,2019-05-31,515.65000000,508.41000000,201903-201906,-0.01404053
5269,2019-04-01,2019-06-28,514.74000000,437.85000000,201904-201907,-0.14937638
5269,2019-05-02,2019-07-31,496.65000000,483.99000000,201905-201908,-0.02549079
5269,2019-06-03,2019-08-30,491.22000000,466.92000000,201906-201909,-0.04946867
5269,2019-07-01,2019-09-27,455.94000000,448.43000000,201907-201910,-0.01647147
5269,2019-08-01,2019-10-31,474.03000000,453.06000000,201908-201911,-0.04423771
5269,2019-09-02,2019-11-29,470.62000000,524.25000000,201909-201912,0.11395606
5269,2019-10-01,2019-12-31,443.81000000,607.46000000,201910-202001,0.36873887
5269,2019-11-01,2020-01-31,453.98000000,737.83000000,201911-202002,0.62524781
5269,2019-12-02,2020-02-27,555.69000000,720.27000000,201912-202003,0.29617233
5269,2020-01-02,2020-03-31,590.82000000,711.94000000,202001-202004,0.20500322
5269,2020-02-03,2020-04-30,743.38000000,774.82000000,202002-202005,0.04229331
5269,2020-03-02,2020-05-29,712.87000000,1049.42000000,202003-202006,0.47210571
5269,2020-04-01,2020-06-30,728.59000000,1326.80000000,202004-202007,0.82105162
5269,2020-05-04,2020-07-31,782.21000000,1710.51000000,202005-202008,1.18676570
5269,2020-06-01,2020-08-31,1109.52000000,1643.07000000,202006-202009,0.48088363
5269,2020-07-01,2020-09-30,1414.64000000,1354.48000000,202007-202010,-0.04252672
5269,2020-08-03,2020-10-30,1645.79000000,1335.86000000,202008-202011,-0.18831686
5269,2020-09-01,2020-11-30,1549.97000000,1531.36000000,202009-202012,-0.01200668
5269,2020-10-05,2020-12-31,1405.68000000,1461.54000000,202010-202101,0.03973877
5522,2010-01-04,2010-03-31,21.68000000,19.36000000,201001-201004,-0.10701107
5522,2010-02-01,2010-04-30,19.22000000,19.19000000,201002-201005,-0.00156087
5522,2010-03-01,2010-05-31,19.45000000,17.93000000,201003-201006,-0.07814910
5522,2010-04-01,2010-06-30,20.71000000,18.39000000,201004-201007,-0.11202318
5522,2010-05-03,2010-07-30,19.25000000,19.99000000,201005-201008,0.03844156
5522,2010-06-01,2010-08-31,17.64000000,21.75000000,201006-201009,0.23299320
5522,2010-07-01,2010-09-30,18.10000000,23.89000000,201007-201010,0.31988950
5522,2010-08-02,2010-10-29,20.24000000,23.89000000,201008-201011,0.18033597
5522,2010-09-01,2010-11-30,23.26000000,24.55000000,201009-201012,0.05546002
5522,2010-10-01,2010-12-31,23.64000000,24.68000000,201010-201101,0.04399323
5522,2010-11-01,2011-01-28,24.05000000,22.79000000,201011-201102,-0.05239085
5522,2010-12-01,2011-02-25,24.99000000,20.31000000,201012-201103,-0.18727491
5522,2011-01-03,2011-03-31,24.99000000,19.71000000,201101-201104,-0.21128451
5522,2011-02-08,2011-04-29,22.35000000,20.53000000,201102-201105,-0.08143177
5522,2011-03-01,2011-05-31,20.53000000,21.69000000,201103-201106,0.05650268
5522,2011-04-01,2011-06-30,20.12000000,22.51000000,201104-201107,0.11878728
5522,2011-05-03,2011-07-29,20.81000000,24.14000000,201105-201108,0.16001922
5522,2011-06-01,2011-08-31,21.56000000,18.10000000,201106-201109,-0.16048237
5522,2011-07-01,2011-09-30,23.07000000,17.05000000,201107-201110,-0.26094495
5522,2011-08-01,2011-10-31,24.55000000,17.46000000,201108-201111,-0.28879837
5522,2011-09-01,2011-11-30,18.51000000,17.49000000,201109-201112,-0.05510535
5522,2011-10-03,2011-12-30,16.28000000,16.19000000,201110-201201,-0.00552826
5522,2011-11-01,2012-01-31,17.73000000,18.68000000,201111-201202,0.05358150
5522,2011-12-01,2012-02-29,18.68000000,21.34000000,201112-201203,0.14239829
5522,2012-01-02,2012-03-30,15.72000000,20.25000000,201201-201204,0.28816794
5522,2012-02-01,2012-04-30,18.72000000,18.41000000,201202-201205,-0.01655983
5522,2012-03-01,2012-05-31,21.34000000,16.45000000,201203-201206,-0.22914714
5522,2012-04-02,2012-06-29,20.12000000,17.93000000,201204-201207,-0.10884692
5522,2012-05-02,2012-07-31,18.72000000,18.28000000,201205-201208,-0.02350427
5522,2012-06-01,2012-08-31,16.25000000,20.25000000,201206-201209,0.24615385
5522,2012-07-02,2012-09-28,18.00000000,20.59000000,201207-201210,0.14388889
5522,2012-08-01,2012-10-31,18.31000000,18.45000000,201208-201211,0.00764610
5522,2012-09-03,2012-11-30,20.14000000,20.44000000,201209-201212,0.01489573
5522,2012-10-01,2012-12-28,20.66000000,19.57000000,201210-201301,-0.05275895
5522,2016-01-04,2016-03-31,15.71000000,17.33000000,201601-201604,0.10311903
5522,2016-02-01,2016-04-29,15.60000000,18.08000000,201602-201605,0.15897436
5522,2016-03-01,2016-05-31,16.09000000,17.07000000,201603-201606,0.06090740
5522,2016-04-01,2016-06-30,17.87000000,17.40000000,201604-201607,-0.02630106
5522,2016-05-03,2016-07-29,17.61000000,17.71000000,201605-201608,0.00567859
5522,2016-06-01,2016-08-31,17.14000000,19.10000000,201606-201609,0.11435239
5522,2016-07-01,2016-09-30,17.23000000,19.20000000,201607-201610,0.11433546
5522,2016-08-01,2016-10-31,17.81000000,18.71000000,201608-201611,0.05053341
5522,2016-09-01,2016-11-30,19.12000000,19.15000000,201609-201612,0.00156904
5522,2016-10-03,2016-12-30,19.15000000,19.05000000,201610-201701,-0.00522193
5522,2016-11-01,2017-01-24,18.74000000,19.10000000,201611-201702,0.01921025
5522,2016-12-01,2017-02-24,19.07000000,20.08000000,201612-201703,0.05296277
5522,2017-01-03,2017-03-31,19.05000000,21.16000000,201701-201704,0.11076115
5522,2017-02-02,2017-04-28,19.18000000,21.08000000,201702-201705,0.09906152
5522,2017-03-01,2017-05-31,20.03000000,21.65000000,201703-201706,0.08087868
5522,2017-04-05,2017-06-30,20.95000000,20.10000000,201704-201707,-0.04057279
5522,2017-05-02,2017-07-31,21.03000000,21.44000000,201705-201708,0.01949596
5522,2017-06-01,2017-08-31,21.62000000,20.73000000,201706-201709,-0.04116559
5522,2017-07-03,2017-09-30,19.97000000,19.17000000,201707-201710,-0.04006009
5522,2017-08-01,2017-10-31,21.78000000,18.69000000,201708-201711,-0.14187328
5522,2017-09-01,2017-11-30,20.59000000,17.95000000,201709-201712,-0.12821758
5522,2018-10-01,2018-12-28,20.87000000,21.18000000,201810-201901,0.01485386
5522,2018-11-01,2019-01-30,22.10000000,22.90000000,201811-201902,0.03619910
5522,2018-12-03,2019-02-27,21.85000000,22.65000000,201812-201903,0.03661327
5522,2019-01-02,2019-03-29,20.93000000,23.02000000,201901-201904,0.09985667
5522,2019-02-11,2019-04-30,23.73000000,23.42000000,201902-201905,-0.01306363
5522,2019-03-04,2019-05-31,23.23000000,24.37000000,201903-201906,0.04907447
5522,2019-04-01,2019-06-28,23.14000000,25.32000000,201904-201907,0.09420916
5522,2019-05-02,2019-07-31,22.90000000,25.27000000,201905-201908,0.10349345
5522,2019-06-03,2019-08-30,24.49000000,24.94000000,201906-201909,0.01837485
5522,2019-07-01,2019-09-27,25.32000000,24.21000000,201907-201910,-0.04383886
5522,2019-08-01,2019-10-31,25.10000000,25.63000000,201908-201911,0.02111554
5522,2019-09-02,2019-11-29,24.67000000,25.33000000,201909-201912,0.02675314
5522,2019-10-01,2019-12-31,24.04000000,26.69000000,201910-202001,0.11023295
5522,2019-11-01,2020-01-31,25.27000000,26.72000000,201911-202002,0.05738029
5522,2019-12-02,2020-02-27,25.47000000,25.07000000,201912-202003,-0.01570475
5522,2020-01-02,2020-03-31,26.92000000,25.17000000,202001-202004,-0.06500743
5522,2020-02-03,2020-04-30,26.23000000,28.48000000,202002-202005,0.08577964
5522,2020-03-02,2020-05-29,24.77000000,28.94000000,202003-202006,0.16834881
5522,2020-04-01,2020-06-30,25.10000000,31.33000000,202004-202007,0.24820717
5522,2020-05-04,2020-07-31,28.12000000,30.39000000,202005-202008,0.08072546
5522,2020-06-01,2020-08-31,29.14000000,34.32000000,202006-202009,0.17776253
5522,2020-07-01,2020-09-30,31.99000000,32.50000000,202007-202010,0.01594248
5522,2020-08-03,2020-10-30,30.14000000,32.16000000,202008-202011,0.06702057
5522,2020-09-01,2020-11-30,33.97000000,38.15000000,202009-202012,0.12304975
5522,2020-10-05,2020-12-31,32.43000000,41.15000000,202010-202101,0.26888683
5854,2010-01-04,2010-03-31,16.64000000,15.89000000,201001-201004,-0.04507212
5854,2010-02-01,2010-04-30,15.44000000,15.93000000,201002-201005,0.03173575
5854,2010-03-01,2010-05-31,15.35000000,15.23000000,201003-201006,-0.00781759
5854,2010-04-01,2010-06-30,16.18000000,16.14000000,201004-201007,-0.00247219
5854,2010-05-03,2010-07-30,15.93000000,17.18000000,201005-201008,0.07846830
5854,2010-06-01,2010-08-31,15.06000000,18.38000000,201006-201009,0.22045153
5854,2010-07-01,2010-09-30,16.26000000,20.40000000,201007-201010,0.25461255
5854,2010-08-02,2010-10-29,17.80000000,20.03000000,201008-201011,0.12528090
5854,2010-09-01,2010-11-30,18.38000000,19.75000000,201009-201012,0.07453754
5854,2010-10-01,2010-12-31,20.81000000,23.25000000,201010-201101,0.11725132
5854,2010-11-01,2011-01-28,20.21000000,22.65000000,201011-201102,0.12073231
5854,2010-12-01,2011-02-25,21.04000000,20.58000000,201012-201103,-0.02186312
5854,2011-01-03,2011-03-31,23.43000000,21.22000000,201101-201104,-0.09432352
5854,2011-02-08,2011-04-29,22.42000000,22.05000000,201102-201105,-0.01650312
5854,2011-03-01,2011-05-31,20.72000000,22.05000000,201103-201106,0.06418919
5854,2011-04-01,2011-06-30,21.41000000,21.45000000,201104-201107,0.00186829
5854,2011-05-03,2011-07-29,22.14000000,21.68000000,201105-201108,-0.02077687
5854,2011-06-01,2011-08-31,22.10000000,20.55000000,201106-201109,-0.07013575
5854,2011-07-01,2011-09-30,21.50000000,18.55000000,201107-201110,-0.13720930
5854,2011-08-01,2011-10-31,22.14000000,19.85000000,201108-201111,-0.10343270
5854,2011-09-01,2011-11-18,20.70000000,18.45000000,201109-201112,-0.10869565
5871,2011-12-01,2012-02-29,11.18000000,15.09000000,201112-201203,0.34973166
5871,2012-01-02,2012-03-30,10.96000000,16.80000000,201201-201204,0.53284672
5871,2012-02-01,2012-04-30,14.06000000,16.99000000,201202-201205,0.20839260
5871,2012-03-01,2012-05-31,16.12000000,19.22000000,201203-201206,0.19230769
5871,2012-04-02,2012-06-29,16.36000000,18.13000000,201204-201207,0.10819071
5871,2012-05-02,2012-07-31,17.39000000,21.22000000,201205-201208,0.22024152
5871,2012-06-01,2012-08-31,18.51000000,21.10000000,201206-201209,0.13992437
5871,2012-07-02,2012-09-28,18.21000000,23.10000000,201207-201210,0.26853377
5871,2012-08-01,2012-10-31,20.64000000,21.72000000,201208-201211,0.05232558
5871,2012-09-03,2012-11-30,20.93000000,24.69000000,201209-201212,0.17964644
5871,2012-10-01,2012-12-28,22.89000000,27.82000000,201210-201301,0.21537789
5871,2016-01-04,2016-03-31,31.05000000,32.49000000,201601-201604,0.04637681
5871,2016-02-01,2016-04-29,30.24000000,31.39000000,201602-201605,0.03802910
5871,2016-03-01,2016-05-31,32.78000000,28.90000000,201603-201606,-0.11836486
5871,2016-04-01,2016-06-30,32.09000000,30.18000000,201604-201607,-0.05952010
5871,2016-05-03,2016-07-29,30.93000000,32.78000000,201605-201608,0.05981248
5871,2016-06-01,2016-08-31,28.96000000,33.55000000,201606-201609,0.15849448
5871,2016-07-01,2016-09-30,30.18000000,34.04000000,201607-201610,0.12789927
5871,2016-08-01,2016-10-31,33.25000000,33.43000000,201608-201611,0.00541353
5871,2016-09-01,2016-11-30,33.13000000,33.31000000,201609-201612,0.00543314
5871,2016-10-03,2016-12-30,33.86000000,33.74000000,201610-201701,-0.00354400
5871,2016-11-01,2017-01-24,33.49000000,34.29000000,201611-201702,0.02388773
5871,2016-12-01,2017-02-24,33.13000000,40.35000000,201612-201703,0.21792937
5871,2017-01-03,2017-03-31,33.80000000,43.41000000,201701-201704,0.28431953
5871,2017-02-02,2017-04-28,34.29000000,47.09000000,201702-201705,0.37328667
5871,2017-03-01,2017-05-31,40.84000000,49.72000000,201703-201706,0.21743389
5871,2017-04-05,2017-06-30,44.15000000,51.92000000,201704-201707,0.17599094
5871,2017-05-02,2017-07-31,47.58000000,55.24000000,201705-201708,0.16099201
5871,2017-06-01,2017-08-31,49.29000000,52.31000000,201706-201709,0.06127003
5871,2017-07-03,2017-09-30,52.78000000,47.60000000,201707-201710,-0.09814324
5871,2017-08-01,2017-10-31,55.37000000,49.51000000,201708-201711,-0.10583348
5871,2017-09-01,2017-11-30,51.93000000,55.37000000,201709-201712,0.06624302
5871,2017-10-02,2017-12-29,48.43000000,55.11000000,201710-201801,0.13793103
5871,2017-11-01,2018-01-31,50.85000000,62.43000000,201711-201802,0.22772861
5871,2017-12-01,2018-02-27,55.05000000,62.49000000,201712-201803,0.13514986
5871,2018-01-02,2018-03-31,55.75000000,65.87000000,201801-201804,0.18152466
5871,2018-02-01,2018-04-30,62.62000000,69.37000000,201802-201805,0.10779304
5871,2018-03-01,2018-05-31,63.13000000,68.09000000,201803-201806,0.07856803
5871,2018-04-02,2018-06-29,65.55000000,63.64000000,201804-201807,-0.02913806
5871,2018-05-02,2018-07-31,69.05000000,67.30000000,201805-201808,-0.02534395
5871,2018-06-01,2018-08-31,69.37000000,70.33000000,201806-201809,0.01383884
5871,2018-07-02,2018-09-28,61.86000000,72.01000000,201807-201810,0.16408018
5871,2018-08-01,2018-10-31,67.64000000,59.36000000,201808-201811,-0.12241277
5871,2018-09-03,2018-11-30,69.99000000,64.68000000,201809-201812,-0.07586798
5871,2018-10-01,2018-12-28,72.01000000,65.21000000,201810-201901,-0.09443133
5871,2018-11-01,2019-01-30,61.24000000,76.05000000,201811-201902,0.24183540
5871,2018-12-03,2019-02-27,67.64000000,81.43000000,201812-201903,0.20387345
5871,2019-01-02,2019-03-29,66.02000000,84.80000000,201901-201904,0.28445925
5871,2019-02-11,2019-04-30,75.38000000,88.50000000,201902-201905,0.17405147
5871,2019-03-04,2019-05-31,81.10000000,78.40000000,201903-201906,-0.03329223
5871,2019-04-01,2019-06-28,84.46000000,86.48000000,201904-201907,0.02391665
5871,2019-05-02,2019-07-31,88.84000000,93.98000000,201905-201908,0.05785682
5871,2019-06-03,2019-08-30,79.41000000,88.98000000,201906-201909,0.12051379
5871,2019-07-01,2019-09-27,88.16000000,89.34000000,201907-201910,0.01338475
5871,2019-08-01,2019-10-31,95.06000000,98.27000000,201908-201911,0.03376815
5871,2019-09-02,2019-11-29,90.77000000,97.56000000,201909-201912,0.07480445
5871,2019-10-01,2019-12-31,91.84000000,98.63000000,201910-202001,0.07393293
5871,2019-11-01,2020-01-31,98.27000000,90.77000000,201911-202002,-0.07632034
5871,2019-12-02,2020-02-27,97.20000000,82.19000000,201912-202003,-0.15442387
5871,2020-01-02,2020-03-31,98.27000000,65.40000000,202001-202004,-0.33448662
5871,2020-02-03,2020-04-30,87.55000000,81.83000000,202002-202005,-0.06533409
5871,2020-03-02,2020-05-29,81.48000000,83.26000000,202003-202006,0.02184585
5871,2020-04-01,2020-06-30,65.97000000,96.38000000,202004-202007,0.46096711
5871,2020-05-04,2020-07-31,77.55000000,94.45000000,202005-202008,0.21792392
5871,2020-06-01,2020-08-31,85.05000000,99.85000000,202006-202009,0.17401529
5871,2020-07-01,2020-09-30,97.15000000,101.00000000,202007-202010,0.03962944
5871,2020-08-03,2020-10-30,93.29000000,106.79000000,202008-202011,0.14471004
5871,2020-09-01,2020-11-30,98.31000000,120.28000000,202009-202012,0.22347676
5871,2020-10-05,2020-12-31,101.39000000,129.53000000,202010-202101,0.27754216
5876,2018-10-01,2018-12-28,27.23000000,30.41000000,201810-201901,0.11678296
5876,2018-11-01,2019-01-30,29.12000000,33.21000000,201811-201902,0.14045330
5876,2018-12-03,2019-02-27,30.11000000,36.23000000,201812-201903,0.20325473
5876,2019-01-02,2019-03-29,30.33000000,36.84000000,201901-201904,0.21463897
5876,2019-02-11,2019-04-30,33.13000000,37.67000000,201902-201905,0.13703592
5876,2019-03-04,2019-05-31,34.87000000,43.95000000,201903-201906,0.26039576
5876,2019-04-01,2019-06-28,36.69000000,42.51000000,201904-201907,0.15862633
5876,2019-05-02,2019-07-31,38.13000000,40.29000000,201905-201908,0.05664831
5876,2019-06-03,2019-08-30,43.65000000,40.94000000,201906-201909,-0.06208477
5876,2019-07-01,2019-09-27,41.83000000,41.98000000,201907-201910,0.00358594
5876,2019-08-01,2019-10-31,39.35000000,42.31000000,201908-201911,0.07522236
5876,2019-09-02,2019-11-29,40.86000000,40.21000000,201909-201912,-0.01590798
5876,2019-10-01,2019-12-31,41.50000000,41.90000000,201910-202001,0.00963855
5876,2019-11-01,2020-01-31,41.98000000,40.29000000,201911-202002,-0.04025727
5876,2019-12-02,2020-02-27,39.93000000,40.53000000,201912-202003,0.01502630
5876,2020-01-02,2020-03-31,41.90000000,31.71000000,202001-202004,-0.24319809
5876,2020-02-03,2020-04-30,39.97000000,35.58000000,202002-202005,-0.10983237
5876,2020-03-02,2020-05-29,39.81000000,34.49000000,202003-202006,-0.13363477
5876,2020-04-01,2020-06-30,31.03000000,36.71000000,202004-202007,0.18304866
5876,2020-05-04,2020-07-31,34.17000000,35.66000000,202005-202008,0.04360550
5876,2020-06-01,2020-08-31,35.05000000,35.20000000,202006-202009,0.00427960
5876,2020-07-01,2020-09-30,37.23000000,32.71000000,202007-202010,-0.12140747
5876,2020-08-03,2020-10-30,34.90000000,31.20000000,202008-202011,-0.10601719
5876,2020-09-01,2020-11-30,35.15000000,32.84000000,202009-202012,-0.06571835
5876,2020-10-05,2020-12-31,32.71000000,34.61000000,202010-202101,0.05808621
5880,2011-12-01,2012-02-29,7.98000000,8.04000000,201112-201203,0.00751880
5880,2012-01-02,2012-03-30,7.37000000,7.71000000,201201-201204,0.04613297
5880,2012-02-01,2012-04-30,7.79000000,7.48000000,201202-201205,-0.03979461
5880,2012-03-01,2012-05-31,7.98000000,7.33000000,201203-201206,-0.08145363
5880,2012-04-02,2012-06-29,7.60000000,7.33000000,201204-201207,-0.03552632
5880,2012-05-02,2012-07-31,7.62000000,7.60000000,201205-201208,-0.00262467
5880,2012-06-01,2012-08-31,7.16000000,6.85000000,201206-201209,-0.04329609
5880,2012-07-02,2012-09-28,7.33000000,6.77000000,201207-201210,-0.07639836
5880,2012-08-01,2012-10-31,7.62000000,6.33000000,201208-201211,-0.16929134
5880,2012-09-03,2012-11-30,6.85000000,6.66000000,201209-201212,-0.02773723
5880,2012-10-01,2012-12-28,6.73000000,6.81000000,201210-201301,0.01188707
5880,2016-01-04,2016-03-31,7.27000000,7.76000000,201601-201604,0.06740028
5880,2016-02-01,2016-04-29,7.46000000,7.67000000,201602-201605,0.02815013
5880,2016-03-01,2016-05-31,7.59000000,7.70000000,201603-201606,0.01449275
5880,2016-04-01,2016-06-30,7.73000000,7.65000000,201604-201607,-0.01034929
5880,2016-05-03,2016-07-29,7.62000000,8.05000000,201605-201608,0.05643045
5880,2016-06-01,2016-08-31,7.67000000,8.20000000,201606-201609,0.06910039
5880,2016-07-01,2016-09-30,7.73000000,8.14000000,201607-201610,0.05304010
5880,2016-08-01,2016-10-31,8.08000000,8.14000000,201608-201611,0.00742574
5880,2016-09-01,2016-11-30,8.26000000,8.26000000,201609-201612,0.00000000
5880,2016-10-03,2016-12-30,8.14000000,8.26000000,201610-201701,0.01474201
5880,2016-11-01,2017-01-24,8.14000000,8.41000000,201611-201702,0.03316953
5880,2016-12-01,2017-02-24,8.23000000,8.61000000,201612-201703,0.04617254
5880,2017-01-03,2017-03-31,8.26000000,8.88000000,201701-201704,0.07506053
5880,2017-02-02,2017-04-28,8.35000000,9.02000000,201702-201705,0.08023952
5880,2017-03-01,2017-05-31,8.61000000,9.14000000,201703-201706,0.06155633
5880,2017-04-05,2017-06-30,8.96000000,9.49000000,201704-201707,0.05915179
5880,2017-05-02,2017-07-31,9.08000000,9.70000000,201705-201708,0.06828194
5880,2017-06-01,2017-08-31,9.20000000,10.09000000,201706-201709,0.09673913
5880,2017-07-03,2017-09-30,9.55000000,9.93000000,201707-201710,0.03979058
5880,2017-08-01,2017-10-31,9.73000000,10.34000000,201708-201711,0.06269270
5880,2017-09-01,2017-11-30,10.12000000,10.37000000,201709-201712,0.02470356
5880,2017-10-02,2017-12-29,9.93000000,10.53000000,201710-201801,0.06042296
5880,2017-11-01,2018-01-31,10.37000000,11.01000000,201711-201802,0.06171649
5880,2017-12-01,2018-02-27,10.44000000,10.79000000,201712-201803,0.03352490
5880,2018-01-02,2018-03-31,10.56000000,10.91000000,201801-201804,0.03314394
5880,2018-02-01,2018-04-30,10.95000000,10.95000000,201802-201805,0.00000000
5880,2018-03-01,2018-05-31,10.72000000,11.20000000,201803-201806,0.04477612
5880,2018-04-02,2018-06-29,10.91000000,11.33000000,201804-201807,0.03849679
5880,2018-05-02,2018-07-31,11.07000000,11.87000000,201805-201808,0.07226739
5880,2018-06-01,2018-08-31,11.33000000,12.42000000,201806-201809,0.09620477
5880,2018-07-02,2018-09-28,11.20000000,12.66000000,201807-201810,0.13035714
5880,2018-08-01,2018-10-31,11.87000000,11.84000000,201808-201811,-0.00252738
5880,2018-09-03,2018-11-30,12.32000000,12.18000000,201809-201812,-0.01136364
5880,2018-10-01,2018-12-28,12.69000000,12.01000000,201810-201901,-0.05358550
5880,2018-11-01,2019-01-30,11.77000000,12.59000000,201811-201902,0.06966865
5880,2018-12-03,2019-02-27,12.22000000,13.00000000,201812-201903,0.06382979
5880,2019-01-02,2019-03-29,11.98000000,13.27000000,201901-201904,0.10767947
5880,2019-02-11,2019-04-30,12.66000000,13.95000000,201902-201905,0.10189573
5880,2019-03-04,2019-05-31,12.90000000,13.99000000,201903-201906,0.08449612
5880,2019-04-01,2019-06-28,13.24000000,14.16000000,201904-201907,0.06948640
5880,2019-05-02,2019-07-31,13.95000000,14.29000000,201905-201908,0.02437276
5880,2019-06-03,2019-08-30,13.88000000,14.55000000,201906-201909,0.04827089
5880,2019-07-01,2019-09-27,14.09000000,14.91000000,201907-201910,0.05819730
5880,2019-08-01,2019-10-31,14.19000000,15.24000000,201908-201911,0.07399577
5880,2019-09-02,2019-11-29,14.55000000,15.09000000,201909-201912,0.03711340
5880,2019-10-01,2019-12-31,15.02000000,15.09000000,201910-202001,0.00466045
5880,2019-11-01,2020-01-31,15.24000000,15.13000000,201911-202002,-0.00721785
5880,2019-12-02,2020-02-27,15.09000000,15.24000000,201912-202003,0.00994036
5880,2020-01-02,2020-03-31,15.16000000,13.35000000,202001-202004,-0.11939314
5880,2020-02-03,2020-04-30,15.06000000,14.62000000,202002-202005,-0.02921647
5880,2020-03-02,2020-05-29,14.98000000,14.84000000,202003-202006,-0.00934579
5880,2020-04-01,2020-06-30,13.16000000,15.09000000,202004-202007,0.14665653
5880,2020-05-04,2020-07-31,14.29000000,15.56000000,202005-202008,0.08887334
5880,2020-06-01,2020-08-31,15.06000000,15.63000000,202006-202009,0.03784861
5880,2020-07-01,2020-09-30,15.16000000,15.20000000,202007-202010,0.00263852
5880,2020-08-03,2020-10-30,15.42000000,14.96000000,202008-202011,-0.02983139
5880,2020-09-01,2020-11-30,15.59000000,15.82000000,202009-202012,0.01475305
5880,2020-10-05,2020-12-31,15.32000000,15.86000000,202010-202101,0.03524804
5907,2012-06-06,2012-08-31,74.26000000,57.92000000,201206-201209,-0.22003771
5907,2012-07-02,2012-09-28,68.36000000,58.97000000,201207-201210,-0.13736103
5907,2012-08-01,2012-10-31,61.96000000,46.48000000,201208-201211,-0.24983861
6005,2010-01-04,2010-03-31,7.83000000,6.46000000,201001-201004,-0.17496807
6005,2010-02-01,2010-04-30,6.34000000,5.91000000,201002-201005,-0.06782334
6005,2010-03-01,2010-05-31,6.54000000,5.41000000,201003-201006,-0.17278287
6005,2010-04-01,2010-06-30,6.64000000,5.43000000,201004-201007,-0.18222892
6005,2010-05-03,2010-07-30,6.17000000,5.85000000,201005-201008,-0.05186386
6005,2010-06-01,2010-08-31,5.32000000,6.04000000,201006-201009,0.13533835
6005,2010-07-01,2010-09-30,5.40000000,6.10000000,201007-201010,0.12962963
6005,2010-08-02,2010-10-29,6.21000000,6.04000000,201008-201011,-0.02737520
6005,2010-09-01,2010-11-30,6.08000000,5.82000000,201009-201012,-0.04276316
6005,2010-10-01,2010-12-31,6.06000000,6.75000000,201010-201101,0.11386139
6005,2010-11-01,2011-01-28,6.13000000,6.77000000,201011-201102,0.10440457
6005,2010-12-01,2011-02-25,6.13000000,5.85000000,201012-201103,-0.04567700
6005,2011-01-03,2011-03-31,6.99000000,5.67000000,201101-201104,-0.18884120
6005,2011-02-08,2011-04-29,6.66000000,6.02000000,201102-201105,-0.09609610
6005,2011-03-01,2011-05-31,5.97000000,6.26000000,201103-201106,0.04857621
6005,2011-04-01,2011-06-30,5.76000000,5.97000000,201104-201107,0.03645833
6005,2011-05-03,2011-07-29,5.95000000,6.26000000,201105-201108,0.05210084
6005,2011-06-01,2011-08-31,6.32000000,5.50000000,201106-201109,-0.12974684
6005,2011-07-01,2011-09-30,6.00000000,4.59000000,201107-201110,-0.23500000
6005,2011-08-01,2011-10-31,6.36000000,5.24000000,201108-201111,-0.17610063
6005,2011-09-01,2011-11-30,5.48000000,4.63000000,201109-201112,-0.15510949
6005,2011-10-03,2011-12-30,4.44000000,4.70000000,201110-201201,0.05855856
6005,2011-11-01,2012-01-31,5.21000000,5.51000000,201111-201202,0.05758157
6005,2011-12-01,2012-02-29,4.94000000,5.84000000,201112-201203,0.18218623
6005,2012-01-02,2012-03-30,4.61000000,5.15000000,201201-201204,0.11713666
6005,2012-02-01,2012-04-30,5.48000000,4.70000000,201202-201205,-0.14233577
6005,2012-03-01,2012-05-31,5.75000000,4.42000000,201203-201206,-0.23130435
6005,2012-04-02,2012-06-29,4.99000000,4.47000000,201204-201207,-0.10420842
6005,2012-05-02,2012-07-31,4.83000000,4.59000000,201205-201208,-0.04968944
6005,2012-06-01,2012-08-31,4.14000000,4.68000000,201206-201209,0.13043478
6005,2012-07-02,2012-09-28,4.45000000,5.14000000,201207-201210,0.15505618
6005,2012-08-01,2012-10-31,4.61000000,4.48000000,201208-201211,-0.02819957
6005,2012-09-03,2012-11-30,4.72000000,5.00000000,201209-201212,0.05932203
6005,2012-10-01,2012-12-28,5.07000000,5.14000000,201210-201301,0.01380671
6116,2010-01-04,2010-03-31,11.72000000,9.58000000,201001-201004,-0.18259386
6116,2010-02-01,2010-04-30,9.91000000,8.90000000,201002-201005,-0.10191726
6116,2010-03-01,2010-05-31,9.04000000,8.41000000,201003-201006,-0.06969027
6116,2010-04-01,2010-06-30,9.61000000,8.45000000,201004-201007,-0.12070760
6116,2010-05-03,2010-07-30,8.68000000,8.52000000,201005-201008,-0.01843318
6116,2010-06-01,2010-08-31,8.28000000,8.04000000,201006-201009,-0.02898551
6116,2010-07-01,2010-09-30,8.28000000,8.54000000,201007-201010,0.03140097
6116,2010-08-02,2010-10-29,8.59000000,8.39000000,201008-201011,-0.02328289
6116,2010-09-01,2010-11-30,8.08000000,7.68000000,201009-201012,-0.04950495
6116,2010-10-01,2010-12-31,8.52000000,8.09000000,201010-201101,-0.05046948
6116,2010-11-01,2011-01-28,8.30000000,7.80000000,201011-201102,-0.06024096
6116,2010-12-01,2011-02-25,7.74000000,7.35000000,201012-201103,-0.05038760
6116,2011-01-03,2011-03-31,7.97000000,7.16000000,201101-201104,-0.10163112
6116,2011-02-08,2011-04-29,7.54000000,6.90000000,201102-201105,-0.08488064
6116,2011-03-01,2011-05-31,7.46000000,6.82000000,201103-201106,-0.08579088
6116,2011-04-01,2011-06-30,7.26000000,5.87000000,201104-201107,-0.19146006
6116,2011-05-03,2011-07-29,7.12000000,4.96000000,201105-201108,-0.30337079
6116,2011-06-01,2011-08-31,6.85000000,3.56000000,201106-201109,-0.48029197
6116,2011-07-01,2011-09-30,5.90000000,2.79000000,201107-201110,-0.52711864
6116,2016-10-03,2016-12-30,5.98000000,6.08000000,201610-201701,0.01672241
6116,2016-11-01,2017-01-24,6.15000000,6.35000000,201611-201702,0.03252033
6116,2016-12-01,2017-02-24,6.86000000,6.00000000,201612-201703,-0.12536443
6116,2017-01-03,2017-03-31,6.16000000,6.46000000,201701-201704,0.04870130
6116,2017-02-02,2017-04-28,6.68000000,6.28000000,201702-201705,-0.05988024
6116,2017-03-01,2017-05-31,5.93000000,6.01000000,201703-201706,0.01349073
6116,2017-04-05,2017-06-30,6.61000000,7.06000000,201704-201707,0.06807867
6116,2017-06-01,2017-08-31,6.07000000,9.96000000,201706-201709,0.64085667
6116,2017-07-03,2017-09-30,7.18000000,9.84000000,201707-201710,0.37047354
6116,2017-08-01,2017-10-31,7.16000000,9.48000000,201708-201711,0.32402235
6116,2017-09-01,2017-11-30,10.05000000,9.07000000,201709-201712,-0.09751244
6116,2017-10-02,2017-12-29,9.84000000,8.05000000,201710-201801,-0.18191057
6116,2017-11-01,2018-01-31,9.48000000,8.63000000,201711-201802,-0.08966245
6116,2017-12-01,2018-02-27,8.87000000,8.14000000,201712-201803,-0.08229989
6116,2018-01-02,2018-03-31,8.14000000,8.10000000,201801-201804,-0.00491400
6116,2018-02-01,2018-04-30,8.67000000,6.64000000,201802-201805,-0.23414072
6116,2018-03-01,2018-05-31,8.10000000,7.56000000,201803-201806,-0.06666667
6116,2018-06-01,2018-08-31,7.56000000,7.04000000,201806-201809,-0.06878307
6176,2010-12-01,2011-02-25,17.97000000,22.21000000,201012-201103,0.23594880
6176,2011-01-03,2011-03-31,18.88000000,23.79000000,201101-201104,0.26006356
6176,2011-02-08,2011-04-29,21.03000000,29.15000000,201102-201105,0.38611507
6176,2011-03-01,2011-05-31,23.76000000,36.35000000,201103-201106,0.52988215
6176,2011-04-01,2011-06-30,24.64000000,33.46000000,201104-201107,0.35795455
6176,2011-05-03,2011-07-29,30.49000000,40.75000000,201105-201108,0.33650377
6176,2011-06-01,2011-08-31,36.35000000,34.51000000,201106-201109,-0.05061898
6176,2011-07-01,2011-09-30,35.20000000,31.44000000,201107-201110,-0.10681818
6176,2011-08-01,2011-10-31,41.29000000,32.20000000,201108-201111,-0.22015016
6176,2011-09-01,2011-11-30,33.90000000,32.09000000,201109-201112,-0.05339233
6176,2011-10-03,2011-12-30,30.69000000,31.19000000,201110-201201,0.01629195
6176,2011-11-01,2012-01-31,32.89000000,40.57000000,201111-201202,0.23350562
6176,2011-12-01,2012-02-29,33.54000000,47.24000000,201112-201203,0.40846750
6176,2012-01-02,2012-03-30,29.68000000,47.24000000,201201-201204,0.59164420
6176,2012-02-01,2012-04-30,40.57000000,44.35000000,201202-201205,0.09317229
6176,2012-03-01,2012-05-31,47.24000000,48.50000000,201203-201206,0.02667231
6176,2012-04-02,2012-06-29,46.16000000,54.09000000,201204-201207,0.17179376
6176,2012-05-02,2012-07-31,47.42000000,42.55000000,201205-201208,-0.10269928
6176,2012-06-01,2012-08-31,46.16000000,50.13000000,201206-201209,0.08600520
6176,2012-07-02,2012-09-28,54.09000000,49.55000000,201207-201210,-0.08393418
6176,2012-08-01,2012-10-31,43.27000000,47.40000000,201208-201211,0.09544719
6176,2012-09-03,2012-11-30,50.33000000,51.30000000,201209-201212,0.01927280
6176,2012-10-01,2012-12-28,49.35000000,46.62000000,201210-201301,-0.05531915
6176,2016-01-04,2016-03-31,34.53000000,30.26000000,201601-201604,-0.12366058
6176,2016-02-01,2016-04-29,31.18000000,22.57000000,201602-201605,-0.27613855
6176,2016-03-01,2016-05-31,32.59000000,24.39000000,201603-201606,-0.25161092
6176,2016-04-01,2016-06-30,30.31000000,24.34000000,201604-201607,-0.19696470
6176,2016-05-03,2016-07-29,22.89000000,26.95000000,201605-201608,0.17737003
6176,2016-06-01,2016-08-31,24.44000000,27.48000000,201606-201609,0.12438625
6176,2016-07-01,2016-09-30,24.78000000,26.84000000,201607-201610,0.08313156
6176,2016-08-01,2016-10-31,27.00000000,28.11000000,201608-201611,0.04111111
6176,2016-09-01,2016-11-30,27.21000000,30.69000000,201609-201612,0.12789416
6176,2016-10-03,2016-12-30,27.32000000,29.64000000,201610-201701,0.08491947
6176,2016-11-01,2017-01-24,27.95000000,29.85000000,201611-201702,0.06797853
6176,2016-12-01,2017-02-24,30.22000000,33.49000000,201612-201703,0.10820649
6176,2017-01-03,2017-03-31,29.53000000,33.65000000,201701-201704,0.13951913
6176,2017-02-02,2017-04-28,30.32000000,33.23000000,201702-201705,0.09597625
6176,2017-03-01,2017-05-31,33.23000000,34.02000000,201703-201706,0.02377370
6176,2017-04-05,2017-06-30,33.75000000,35.70000000,201704-201707,0.05777778
6176,2017-05-02,2017-07-31,33.33000000,40.38000000,201705-201708,0.21152115
6176,2017-06-01,2017-08-31,34.28000000,42.80000000,201706-201709,0.24854142
6176,2017-07-03,2017-09-30,35.70000000,40.05000000,201707-201710,0.12184874
6176,2017-08-01,2017-10-31,40.38000000,37.68000000,201708-201711,-0.06686478
6176,2017-09-01,2017-11-30,42.35000000,36.45000000,201709-201712,-0.13931523
6176,2017-10-02,2017-12-29,40.33000000,39.76000000,201710-201801,-0.01413340
6176,2017-11-01,2018-01-31,36.95000000,41.62000000,201711-201802,0.12638701
6176,2017-12-01,2018-02-27,36.28000000,46.40000000,201712-201803,0.27894157
6176,2018-01-02,2018-03-31,39.37000000,40.44000000,201801-201804,0.02717805
6176,2018-02-01,2018-04-30,41.90000000,34.65000000,201802-201805,-0.17303103
6176,2018-03-01,2018-05-31,46.57000000,35.32000000,201803-201806,-0.24157183
6176,2018-04-02,2018-06-29,40.95000000,34.31000000,201804-201807,-0.16214896
6176,2018-05-02,2018-07-31,35.10000000,39.39000000,201805-201808,0.12222222
6176,2018-07-02,2018-09-28,34.25000000,42.08000000,201807-201810,0.22861314
6176,2018-08-01,2018-10-31,39.33000000,49.33000000,201808-201811,0.25425884
6176,2018-09-03,2018-11-30,41.10000000,51.41000000,201809-201812,0.25085158
6176,2018-10-01,2018-12-28,41.71000000,51.53000000,201810-201901,0.23543515
6176,2018-11-01,2019-01-30,49.03000000,53.11000000,201811-201902,0.08321436
6176,2018-12-03,2019-02-27,52.14000000,55.86000000,201812-201903,0.07134638
6176,2019-01-02,2019-03-29,50.06000000,60.13000000,201901-201904,0.20115861
6176,2019-02-11,2019-04-30,54.27000000,63.42000000,201902-201905,0.16860144
6176,2019-03-04,2019-05-31,56.77000000,60.98000000,201903-201906,0.07415889
6176,2019-04-01,2019-06-28,60.25000000,63.42000000,201904-201907,0.05261411
6176,2019-05-02,2019-07-31,64.03000000,80.42000000,201905-201908,0.25597376
6176,2019-06-03,2019-08-30,60.37000000,74.21000000,201906-201909,0.22925294
6176,2019-07-01,2019-09-27,65.38000000,77.48000000,201907-201910,0.18507189
6176,2019-08-01,2019-10-31,81.40000000,79.11000000,201908-201911,-0.02813268
6176,2019-09-02,2019-11-29,75.19000000,76.50000000,201909-201912,0.01742253
6176,2019-10-01,2019-12-31,78.13000000,78.46000000,201910-202001,0.00422373
6176,2019-11-01,2020-01-31,78.78000000,68.65000000,201911-202002,-0.12858594
6176,2019-12-02,2020-02-27,76.17000000,64.20000000,201912-202003,-0.15714848
6176,2020-01-02,2020-03-31,79.44000000,51.65000000,202001-202004,-0.34982377
6176,2020-02-03,2020-04-30,68.98000000,64.60000000,202002-202005,-0.06349667
6176,2020-03-02,2020-05-29,62.11000000,67.34000000,202003-202006,0.08420544
6176,2020-04-01,2020-06-30,53.22000000,77.48000000,202004-202007,0.45584367
6176,2020-05-04,2020-07-31,63.94000000,87.24000000,202005-202008,0.36440413
6176,2020-06-01,2020-08-31,68.98000000,75.38000000,202006-202009,0.09278052
6176,2020-07-01,2020-09-30,78.46000000,77.12000000,202007-202010,-0.01707877
6176,2020-08-03,2020-10-30,85.50000000,78.52000000,202008-202011,-0.08163743
6176,2020-09-01,2020-11-30,74.68000000,80.96000000,202009-202012,0.08409213
6176,2020-10-05,2020-12-31,75.73000000,79.57000000,202010-202101,0.05070646
6197,2010-09-01,2010-11-30,71.57000000,45.09000000,201009-201012,-0.36998742
6213,2019-04-01,2019-06-28,67.35000000,83.99000000,201904-201907,0.24706756
6213,2019-05-02,2019-07-31,79.37000000,109.50000000,201905-201908,0.37961446
6213,2019-06-03,2019-08-30,68.04000000,109.10000000,201906-201909,0.60346855
6213,2019-07-01,2019-09-27,90.93000000,120.25000000,201907-201910,0.32244584
6213,2019-08-01,2019-10-31,109.50000000,123.43000000,201908-201911,0.12721461
6213,2019-09-02,2019-11-29,113.48000000,111.09000000,201909-201912,-0.02106098
6213,2019-10-01,2019-12-31,122.24000000,101.53000000,201910-202001,-0.16942081
6213,2019-11-01,2020-01-31,122.64000000,105.91000000,201911-202002,-0.13641553
6213,2019-12-02,2020-02-27,110.69000000,116.52000000,201912-202003,0.05266962
6213,2020-01-02,2020-03-31,108.70000000,108.40000000,202001-202004,-0.00275989
6213,2020-02-03,2020-04-30,102.73000000,117.74000000,202002-202005,0.14611117
6213,2020-03-02,2020-05-29,122.61000000,109.62000000,202003-202006,-0.10594568
6213,2020-04-01,2020-06-30,108.81000000,119.77000000,202004-202007,0.10072604
6213,2020-05-04,2020-07-31,113.68000000,112.55000000,202005-202008,-0.00994018
6213,2020-06-01,2020-08-31,112.06000000,100.37000000,202006-202009,-0.10431911
6213,2020-07-01,2020-09-30,120.18000000,103.31000000,202007-202010,-0.14037277
6213,2020-08-03,2020-10-30,109.61000000,100.79000000,202008-202011,-0.08046711
6213,2020-09-01,2020-11-30,100.79000000,115.07000000,202009-202012,0.14168072
6213,2020-10-05,2020-12-31,103.73000000,115.91000000,202010-202101,0.11742023
6239,2010-01-04,2010-03-31,47.24000000,49.19000000,201001-201004,0.04127858
6239,2010-02-01,2010-04-30,44.43000000,48.98000000,201002-201005,0.10240828
6239,2010-03-01,2010-05-31,47.24000000,41.48000000,201003-201006,-0.12193057
6239,2010-04-01,2010-06-30,50.06000000,39.05000000,201004-201007,-0.21993608
6239,2010-05-03,2010-07-30,49.41000000,44.14000000,201005-201008,-0.10665857
6239,2010-06-01,2010-08-31,40.79000000,42.79000000,201006-201009,0.04903163
6239,2010-07-01,2010-09-30,39.66000000,45.26000000,201007-201010,0.14120020
6239,2010-08-02,2010-10-29,45.71000000,45.49000000,201008-201011,-0.00481295
6239,2010-09-01,2010-11-30,42.65000000,43.46000000,201009-201012,0.01899179
6239,2010-10-01,2010-12-31,45.71000000,43.69000000,201010-201101,-0.04419164
6239,2010-11-01,2011-01-28,45.94000000,49.09000000,201011-201102,0.06856770
6239,2010-12-01,2011-02-25,43.46000000,46.61000000,201012-201103,0.07248044
6239,2011-01-03,2011-03-31,43.69000000,41.48000000,201101-201104,-0.05058366
6239,2011-02-08,2011-04-29,49.09000000,46.84000000,201102-201105,-0.04583418
6239,2011-03-01,2011-05-31,47.29000000,48.19000000,201103-201106,0.01903151
6239,2011-04-01,2011-06-30,42.74000000,43.42000000,201104-201107,0.01591015
6239,2011-05-03,2011-07-29,46.39000000,42.83000000,201105-201108,-0.07674068
6239,2011-06-01,2011-08-31,47.97000000,36.01000000,201106-201109,-0.24932249
6239,2011-07-01,2011-09-30,44.90000000,34.10000000,201107-201110,-0.24053452
6239,2011-08-01,2011-10-31,41.28000000,38.23000000,201108-201111,-0.07388566
6239,2011-09-01,2011-11-30,34.25000000,34.51000000,201109-201112,0.00759124
6239,2011-10-03,2011-12-30,33.84000000,33.11000000,201110-201201,-0.02157210
6239,2011-11-01,2012-01-31,39.21000000,38.23000000,201111-201202,-0.02499362
6239,2011-12-01,2012-02-29,36.68000000,34.82000000,201112-201203,-0.05070883
6239,2012-01-02,2012-03-30,31.77000000,29.70000000,201201-201204,-0.06515581
6239,2012-02-01,2012-04-30,38.38000000,25.65000000,201202-201205,-0.33168317
6239,2012-03-01,2012-05-31,32.39000000,29.86000000,201203-201206,-0.07811053
6239,2012-04-02,2012-06-29,29.76000000,29.81000000,201204-201207,0.00168011
6239,2012-05-02,2012-07-31,26.66000000,31.25000000,201205-201208,0.17216804
6239,2012-06-01,2012-08-31,28.83000000,30.21000000,201206-201209,0.04786681
6239,2012-07-02,2012-09-28,30.32000000,30.10000000,201207-201210,-0.00725594
6239,2012-08-01,2012-10-31,29.68000000,24.28000000,201208-201211,-0.18194070
6239,2012-09-03,2012-11-30,31.76000000,23.02000000,201209-201212,-0.27518892
6239,2012-10-01,2012-12-28,29.78000000,25.11000000,201210-201301,-0.15681666
6239,2016-01-04,2016-03-31,40.93000000,45.34000000,201601-201604,0.10774493
6239,2016-02-01,2016-04-29,43.60000000,40.62000000,201602-201605,-0.06834862
6239,2016-03-01,2016-05-31,44.72000000,43.66000000,201603-201606,-0.02370304
6239,2016-04-01,2016-06-30,44.78000000,46.68000000,201604-201607,0.04242966
6239,2016-05-03,2016-07-29,40.43000000,53.02000000,201605-201608,0.31140242
6239,2016-06-01,2016-08-31,42.85000000,54.06000000,201606-201609,0.26161027
6239,2016-07-01,2016-09-30,46.09000000,53.08000000,201607-201610,0.15165980
6239,2016-08-01,2016-10-31,53.80000000,58.83000000,201608-201611,0.09349442
6239,2016-09-01,2016-11-30,53.08000000,53.47000000,201609-201612,0.00734740
6239,2016-10-03,2016-12-30,54.19000000,56.80000000,201610-201701,0.04816387
6239,2016-11-01,2017-01-24,58.17000000,55.82000000,201611-201702,-0.04039883
6239,2016-12-01,2017-02-24,55.63000000,58.24000000,201612-201703,0.04691713
6239,2017-01-03,2017-03-31,56.54000000,57.65000000,201701-201704,0.01963212
6239,2017-02-02,2017-04-28,58.04000000,61.83000000,201702-201705,0.06529979
6239,2017-03-01,2017-05-31,58.43000000,60.33000000,201703-201706,0.03251754
6239,2017-04-05,2017-06-30,56.87000000,61.31000000,201704-201707,0.07807280
6239,2017-05-02,2017-07-31,61.31000000,63.92000000,201705-201708,0.04257054
6239,2017-06-01,2017-08-31,59.74000000,62.35000000,201706-201709,0.04368932
6239,2017-07-03,2017-09-30,61.44000000,60.45000000,201707-201710,-0.01611328
6239,2017-08-01,2017-10-31,63.44000000,64.19000000,201708-201711,0.01182219
6239,2017-09-01,2017-11-30,62.69000000,61.94000000,201709-201712,-0.01196363
6239,2017-10-02,2017-12-29,61.06000000,59.90000000,201710-201801,-0.01899771
6239,2017-11-01,2018-01-31,65.42000000,64.53000000,201711-201802,-0.01360440
6239,2017-12-01,2018-02-27,60.24000000,61.67000000,201712-201803,0.02373838
6239,2018-01-02,2018-03-31,59.77000000,62.42000000,201801-201804,0.04433662
6239,2018-02-01,2018-04-30,66.03000000,58.13000000,201802-201805,-0.11964259
6239,2018-03-01,2018-05-31,60.65000000,60.86000000,201803-201806,0.00346249
6239,2018-04-02,2018-06-29,62.22000000,60.24000000,201804-201807,-0.03182257
6239,2018-05-02,2018-07-31,58.88000000,61.94000000,201805-201808,0.05197011
6239,2018-06-01,2018-08-31,62.56000000,65.23000000,201806-201809,0.04267903
6239,2018-07-02,2018-09-28,59.22000000,59.65000000,201807-201810,0.00726106
6239,2018-08-01,2018-10-31,62.73000000,48.40000000,201808-201811,-0.22843934
6239,2018-09-03,2018-11-30,62.58000000,51.77000000,201809-201812,-0.17273889
6239,2018-10-01,2018-12-28,59.43000000,47.33000000,201810-201901,-0.20360087
6239,2018-11-01,2019-01-30,48.33000000,50.62000000,201811-201902,0.04738258
6239,2018-12-03,2019-02-27,53.92000000,51.27000000,201812-201903,-0.04914688
6239,2019-01-02,2019-03-29,47.40000000,52.13000000,201901-201904,0.09978903
6239,2019-02-11,2019-04-30,48.48000000,55.14000000,201902-201905,0.13737624
6239,2019-03-04,2019-05-31,51.34000000,53.20000000,201903-201906,0.03622906
6239,2019-04-01,2019-06-28,53.77000000,54.42000000,201904-201907,0.01208853
6239,2019-05-02,2019-07-31,55.14000000,61.29000000,201905-201908,0.11153428
6239,2019-06-03,2019-08-30,53.42000000,56.97000000,201906-201909,0.06645451
6239,2019-07-01,2019-09-27,55.71000000,66.15000000,201907-201910,0.18739903
6239,2019-08-01,2019-10-31,60.38000000,72.82000000,201908-201911,0.20602849
6239,2019-09-02,2019-11-29,57.88000000,71.38000000,201909-201912,0.23324119
6239,2019-10-01,2019-12-31,66.38000000,75.71000000,201910-202001,0.14055438
6239,2019-11-01,2020-01-31,72.07000000,81.93000000,201911-202002,0.13681143
6239,2019-12-02,2020-02-27,70.85000000,77.38000000,201912-202003,0.09216655
6239,2020-01-02,2020-03-31,75.86000000,65.16000000,202001-202004,-0.14104930
6239,2020-02-03,2020-04-30,81.17000000,76.62000000,202002-202005,-0.05605519
6239,2020-03-02,2020-05-29,77.00000000,73.58000000,202003-202006,-0.04441558
6239,2020-04-01,2020-06-30,64.40000000,81.17000000,202004-202007,0.26040373
6239,2020-05-04,2020-07-31,75.48000000,77.88000000,202005-202008,0.03179650
6239,2020-06-01,2020-08-31,76.24000000,68.52000000,202006-202009,-0.10125918
6239,2020-07-01,2020-09-30,83.06000000,68.44000000,202007-202010,-0.17601734
6239,2020-08-03,2020-10-30,77.16000000,66.93000000,202008-202011,-0.13258165
6239,2020-09-01,2020-11-30,70.58000000,72.96000000,202009-202012,0.03372060
6239,2020-10-05,2020-12-31,68.20000000,75.26000000,202010-202101,0.10351906
6269,2012-02-01,2012-04-30,42.85000000,41.02000000,201202-201205,-0.04270712
6269,2012-03-01,2012-05-31,57.72000000,51.16000000,201203-201206,-0.11365211
6269,2012-04-02,2012-06-29,50.72000000,52.47000000,201204-201207,0.03450315
6269,2012-06-01,2012-08-31,47.88000000,59.25000000,201206-201209,0.23746867
6269,2012-07-02,2012-09-28,52.91000000,54.43000000,201207-201210,0.02872803
6269,2012-08-01,2012-10-31,52.69000000,55.36000000,201208-201211,0.05067375
6269,2012-09-03,2012-11-30,60.12000000,55.13000000,201209-201212,-0.08300067
6269,2012-10-01,2012-12-28,53.27000000,47.46000000,201210-201301,-0.10906702
6269,2016-02-01,2016-04-29,48.62000000,44.66000000,201602-201605,-0.08144796
6269,2016-03-01,2016-05-31,52.23000000,50.24000000,201603-201606,-0.03810071
6269,2016-04-01,2016-06-30,49.10000000,49.82000000,201604-201607,0.01466395
6269,2016-05-03,2016-07-29,43.52000000,51.03000000,201605-201608,0.17256434
6269,2016-06-01,2016-08-31,50.42000000,53.01000000,201606-201609,0.05136850
6269,2016-07-01,2016-09-30,50.12000000,61.86000000,201607-201610,0.23423783
6269,2016-08-01,2016-10-31,51.51000000,59.61000000,201608-201611,0.15725102
6269,2016-09-01,2016-11-30,52.59000000,56.62000000,201609-201612,0.07663054
6269,2016-10-03,2016-12-30,61.73000000,56.22000000,201610-201701,-0.08925968
6269,2016-11-01,2017-01-24,60.14000000,59.47000000,201611-201702,-0.01114067
6269,2016-12-01,2017-02-24,56.03000000,62.66000000,201612-201703,0.11832947
6269,2017-01-03,2017-03-31,56.69000000,69.95000000,201701-201704,0.23390369
6269,2017-02-02,2017-04-28,61.00000000,74.26000000,201702-201705,0.21737705
6269,2017-03-01,2017-05-31,61.53000000,70.61000000,201703-201706,0.14757029
6269,2017-04-05,2017-06-30,69.62000000,75.92000000,201704-201707,0.09049124
6269,2017-05-02,2017-07-31,76.58000000,93.49000000,201705-201708,0.22081483
6269,2017-06-01,2017-08-31,71.28000000,95.88000000,201706-201709,0.34511785
6269,2017-07-03,2017-09-30,74.92000000,85.83000000,201707-201710,0.14562200
6269,2017-08-01,2017-10-31,91.83000000,82.95000000,201708-201711,-0.09670042
6269,2017-09-01,2017-11-30,96.60000000,88.34000000,201709-201712,-0.08550725
6269,2017-10-02,2017-12-29,85.83000000,76.49000000,201710-201801,-0.10881976
6269,2017-11-01,2018-01-31,81.88000000,79.72000000,201711-201802,-0.02638007
6269,2017-12-01,2018-02-27,82.60000000,80.44000000,201712-201803,-0.02615012
6269,2018-01-02,2018-03-31,79.72000000,71.25000000,201801-201804,-0.10624686
6269,2018-02-01,2018-04-30,80.08000000,56.09000000,201802-201805,-0.29957542
6269,2018-03-01,2018-05-31,82.60000000,62.34000000,201803-201806,-0.24527845
6269,2018-04-02,2018-06-29,70.39000000,67.51000000,201804-201807,-0.04091490
6269,2018-06-01,2018-08-31,63.06000000,74.46000000,201806-201809,0.18078021
6269,2018-07-02,2018-09-28,67.51000000,65.13000000,201807-201810,-0.03525404
6269,2018-08-01,2018-10-31,77.57000000,58.44000000,201808-201811,-0.24661596
6269,2018-09-03,2018-11-30,73.10000000,60.62000000,201809-201812,-0.17072503
6269,2018-10-01,2018-12-28,66.11000000,56.03000000,201810-201901,-0.15247315
6269,2018-11-01,2019-01-30,64.23000000,56.56000000,201811-201902,-0.11941460
6269,2019-02-11,2019-04-30,58.66000000,72.88000000,201902-201905,0.24241391
6269,2019-03-04,2019-05-31,67.84000000,59.19000000,201903-201906,-0.12750590
6269,2019-04-01,2019-06-28,70.92000000,64.83000000,201904-201907,-0.08587140
6269,2019-07-01,2019-09-27,68.21000000,74.88000000,201907-201910,0.09778625
6269,2019-08-01,2019-10-31,76.07000000,87.25000000,201908-201911,0.14696990
6269,2019-09-02,2019-11-29,75.20000000,89.63000000,201909-201912,0.19188830
6269,2019-10-01,2019-12-31,76.55000000,90.82000000,201910-202001,0.18641411
6269,2019-11-01,2020-01-31,90.03000000,84.08000000,201911-202002,-0.06608908
6269,2019-12-02,2020-02-27,86.86000000,90.03000000,201912-202003,0.03649551
6269,2020-01-02,2020-03-31,98.36000000,75.67000000,202001-202004,-0.23068320
6269,2020-02-03,2020-04-30,85.27000000,86.07000000,202002-202005,0.00938196
6269,2020-03-02,2020-05-29,90.43000000,86.07000000,202003-202006,-0.04821409
6269,2020-04-01,2020-06-30,73.77000000,96.38000000,202004-202007,0.30649315
6269,2020-05-04,2020-07-31,83.69000000,116.09000000,202005-202008,0.38714303
6269,2020-06-01,2020-08-31,88.44000000,103.37000000,202006-202009,0.16881502
6269,2020-07-01,2020-09-30,99.95000000,99.68000000,202007-202010,-0.00270135
6269,2020-08-03,2020-10-30,111.58000000,95.58000000,202008-202011,-0.14339487
6269,2020-09-01,2020-11-30,105.01000000,98.45000000,202009-202012,-0.06247024
6269,2020-10-05,2020-12-31,98.86000000,99.27000000,202010-202101,0.00414728
6271,2020-07-01,2020-09-30,128.65000000,126.35000000,202007-202010,-0.01787796
6271,2020-08-03,2020-10-30,135.37000000,119.70000000,202008-202011,-0.11575681
6271,2020-09-01,2020-11-30,124.92000000,145.02000000,202009-202012,0.16090298
6271,2020-10-05,2020-12-31,127.78000000,129.32000000,202010-202101,0.01205196
6278,2019-11-01,2020-01-31,78.02000000,78.57000000,201911-202002,0.00704947
6278,2019-12-02,2020-02-27,85.81000000,73.45000000,201912-202003,-0.14403916
6278,2020-01-02,2020-03-31,92.90000000,54.40000000,202001-202004,-0.41442411
6278,2020-02-03,2020-04-30,76.52000000,71.25000000,202002-202005,-0.06887088
6278,2020-05-04,2020-07-31,70.07000000,108.07000000,202005-202008,0.54231483
6278,2020-06-01,2020-08-31,88.96000000,95.62000000,202006-202009,0.07486511
6278,2020-07-01,2020-09-30,101.95000000,83.57000000,202007-202010,-0.18028445
6278,2020-08-03,2020-10-30,103.66000000,75.53000000,202008-202011,-0.27136793
6278,2020-09-01,2020-11-30,96.02000000,98.03000000,202009-202012,0.02093314
6285,2011-02-08,2011-04-29,37.28000000,47.30000000,201102-201105,0.26877682
6285,2011-03-01,2011-05-31,44.72000000,47.94000000,201103-201106,0.07200358
6285,2011-04-01,2011-06-30,43.00000000,38.70000000,201104-201107,-0.10000000
6285,2011-05-03,2011-07-29,47.94000000,43.86000000,201105-201108,-0.08510638
6285,2011-06-01,2011-08-31,51.17000000,34.76000000,201106-201109,-0.32069572
6285,2011-07-01,2011-09-30,40.03000000,35.65000000,201107-201110,-0.10941794
6285,2011-08-01,2011-10-31,44.72000000,33.77000000,201108-201111,-0.24485689
6285,2011-09-01,2011-11-30,34.01000000,25.89000000,201109-201112,-0.23875331
6285,2011-10-03,2011-12-30,36.35000000,23.22000000,201110-201201,-0.36121045
6285,2011-11-01,2012-01-31,34.29000000,28.61000000,201111-201202,-0.16564596
6285,2016-01-04,2016-03-31,54.75000000,54.50000000,201601-201604,-0.00456621
6285,2016-02-01,2016-04-29,54.75000000,53.11000000,201602-201605,-0.02995434
6285,2016-03-01,2016-05-31,55.07000000,49.44000000,201603-201606,-0.10223352
6285,2016-04-01,2016-06-30,55.00000000,51.91000000,201604-201607,-0.05618182
6285,2016-05-03,2016-07-29,52.54000000,53.87000000,201605-201608,0.02531405
6285,2016-06-01,2016-08-31,48.81000000,64.88000000,201606-201609,0.32923581
6285,2016-07-01,2016-09-30,51.97000000,67.19000000,201607-201610,0.29286127
6285,2016-08-01,2016-10-31,55.64000000,59.72000000,201608-201611,0.07332854
6285,2016-09-01,2016-11-30,64.54000000,64.07000000,201609-201612,-0.00728231
6285,2016-10-03,2016-12-30,68.28000000,58.63000000,201610-201701,-0.14132982
6285,2016-11-01,2017-01-24,59.11000000,60.74000000,201611-201702,0.02757571
6285,2016-12-01,2017-02-24,64.07000000,60.94000000,201612-201703,-0.04885282
6285,2017-01-03,2017-03-31,59.18000000,57.95000000,201701-201704,-0.02078405
6285,2017-02-02,2017-04-28,60.13000000,58.84000000,201702-201705,-0.02145352
6285,2017-03-01,2017-05-31,60.88000000,61.15000000,201703-201706,0.00443495
6285,2017-04-05,2017-06-30,58.02000000,61.56000000,201704-201707,0.06101344
6285,2017-05-02,2017-07-31,58.84000000,65.70000000,201705-201708,0.11658736
6285,2017-06-01,2017-08-31,61.96000000,66.07000000,201706-201709,0.06633312
6285,2017-07-03,2017-09-30,61.69000000,64.18000000,201707-201710,0.04036311
6285,2017-08-01,2017-10-31,66.79000000,62.94000000,201708-201711,-0.05764336
6285,2017-09-01,2017-11-30,65.49000000,62.07000000,201709-201712,-0.05222171
6285,2017-10-02,2017-12-29,64.91000000,62.21000000,201710-201801,-0.04159606
6285,2017-11-01,2018-01-31,63.60000000,63.16000000,201711-201802,-0.00691824
6285,2017-12-01,2018-02-27,61.49000000,59.38000000,201712-201803,-0.03431452
6285,2018-01-02,2018-03-31,62.29000000,56.54000000,201801-201804,-0.09231016
6285,2018-02-01,2018-04-30,62.58000000,50.79000000,201802-201805,-0.18839885
6285,2018-09-03,2018-11-30,52.95000000,59.96000000,201809-201812,0.13238905
6285,2018-10-01,2018-12-28,57.78000000,62.22000000,201810-201901,0.07684320
6285,2018-11-01,2019-01-30,56.30000000,58.71000000,201811-201902,0.04280639
6285,2018-12-03,2019-02-27,61.91000000,61.21000000,201812-201903,-0.01130674
6285,2019-01-02,2019-03-29,63.00000000,63.08000000,201901-201904,0.00126984
6285,2019-02-11,2019-04-30,59.42000000,62.30000000,201902-201905,0.04846853
6285,2019-03-04,2019-05-31,61.28000000,55.13000000,201903-201906,-0.10035901
6285,2019-04-01,2019-06-28,63.85000000,57.00000000,201904-201907,-0.10728269
6285,2019-07-01,2019-09-27,58.01000000,66.66000000,201907-201910,0.14911222
6285,2019-08-01,2019-10-31,60.89000000,62.09000000,201908-201911,0.01970767
6285,2019-09-02,2019-11-29,64.54000000,61.27000000,201909-201912,-0.05066625
6285,2019-10-01,2019-12-31,67.23000000,61.68000000,201910-202001,-0.08255243
6285,2019-11-01,2020-01-31,61.19000000,57.76000000,201911-202002,-0.05605491
6285,2019-12-02,2020-02-27,60.86000000,56.37000000,201912-202003,-0.07377588
6285,2020-09-01,2020-11-30,69.97000000,70.14000000,202009-202012,0.00242961
6286,2010-01-04,2010-03-31,238.16000000,249.53000000,201001-201004,0.04774101
6286,2010-02-01,2010-04-30,225.68000000,243.66000000,201002-201005,0.07967033
6286,2010-03-01,2010-05-31,231.92000000,220.18000000,201003-201006,-0.05062090
6286,2010-04-01,2010-06-30,266.78000000,199.26000000,201004-201007,-0.25309244
6286,2010-05-03,2010-07-30,247.70000000,198.53000000,201005-201008,-0.19850626
6286,2010-06-01,2010-08-31,223.11000000,172.91000000,201006-201009,-0.22500112
6286,2010-07-01,2010-09-30,202.20000000,184.01000000,201007-201010,-0.08996044
6286,2010-08-02,2010-10-29,203.66000000,190.75000000,201008-201011,-0.06338996
6286,2010-09-01,2010-11-30,174.89000000,215.74000000,201009-201012,0.23357539
6286,2010-10-01,2010-12-31,186.39000000,192.73000000,201010-201101,0.03401470
6286,2010-11-01,2011-01-28,197.49000000,180.04000000,201011-201102,-0.08835890
6286,2010-12-01,2011-02-25,215.34000000,185.60000000,201012-201103,-0.13810718
6286,2011-01-03,2011-03-31,193.13000000,161.41000000,201101-201104,-0.16424170
6286,2011-02-08,2011-04-29,180.84000000,151.89000000,201102-201105,-0.16008626
6286,2011-03-01,2011-05-31,188.77000000,170.92000000,201103-201106,-0.09455952
6286,2011-04-01,2011-06-30,160.61000000,156.25000000,201104-201107,-0.02714650
6286,2011-05-03,2011-07-29,151.89000000,153.25000000,201105-201108,0.00895385
6286,2011-06-01,2011-08-31,171.32000000,125.20000000,201106-201109,-0.26920383
6286,2011-07-01,2011-09-30,155.46000000,120.59000000,201107-201110,-0.22430207
6286,2011-08-01,2011-10-31,147.39000000,128.13000000,201108-201111,-0.13067372
6286,2011-09-01,2011-11-30,127.29000000,100.49000000,201109-201112,-0.21054285
6286,2011-10-03,2011-12-30,123.52000000,105.10000000,201110-201201,-0.14912565
6286,2011-11-01,2012-01-31,128.97000000,138.18000000,201111-201202,0.07141196
6286,2011-12-01,2012-02-29,104.68000000,147.39000000,201112-201203,0.40800535
6286,2012-01-02,2012-03-30,100.08000000,152.42000000,201201-201204,0.52298161
6286,2012-02-01,2012-04-30,140.69000000,149.07000000,201202-201205,0.05956358
6286,2012-03-01,2012-05-31,151.16000000,149.90000000,201203-201206,-0.00833554
6286,2012-04-02,2012-06-29,151.58000000,146.55000000,201204-201207,-0.03318380
6286,2012-05-02,2012-07-31,159.12000000,145.61000000,201205-201208,-0.08490447
6286,2012-06-01,2012-08-31,143.62000000,148.67000000,201206-201209,0.03516223
6286,2012-07-02,2012-09-28,146.97000000,153.03000000,201207-201210,0.04123290
6286,2012-08-01,2012-10-31,148.67000000,138.64000000,201208-201211,-0.06746486
6286,2012-09-03,2012-11-30,154.77000000,146.49000000,201209-201212,-0.05349874
6286,2012-10-01,2012-12-28,153.90000000,147.79000000,201210-201301,-0.03970110
6286,2016-01-04,2016-03-31,189.00000000,194.00000000,201601-201604,0.02645503
6286,2016-02-01,2016-04-20,192.50000000,193.50000000,201602-201605,0.00519481
6409,2016-01-04,2016-03-31,338.88000000,345.01000000,201601-201604,0.01808900
6409,2016-02-01,2016-04-29,355.21000000,346.37000000,201602-201605,-0.02488669
6409,2016-03-01,2016-05-31,339.22000000,308.60000000,201603-201606,-0.09026590
6409,2016-04-01,2016-06-30,357.26000000,305.54000000,201604-201607,-0.14476852
6409,2016-05-03,2016-07-29,341.60000000,345.69000000,201605-201608,0.01197307
6409,2016-06-01,2016-08-31,319.15000000,361.64000000,201606-201609,0.13313489
6409,2016-07-01,2016-09-30,308.26000000,360.90000000,201607-201610,0.17076494
6409,2016-08-01,2016-10-31,346.37000000,349.12000000,201608-201611,0.00793949
6409,2016-09-01,2016-11-30,360.53000000,307.50000000,201609-201612,-0.14708901
6409,2016-10-03,2016-12-30,362.74000000,328.13000000,201610-201701,-0.09541269
6409,2016-11-01,2017-01-24,349.49000000,312.66000000,201611-201702,-0.10538213
6409,2016-12-01,2017-02-24,317.45000000,332.91000000,201612-201703,0.04870058
6409,2017-01-03,2017-03-31,328.49000000,298.30000000,201701-201704,-0.09190539
6409,2017-02-02,2017-04-28,307.50000000,317.08000000,201702-201705,0.03115447
6409,2017-03-01,2017-05-31,336.23000000,361.64000000,201703-201706,0.07557327
6409,2017-04-05,2017-06-30,306.03000000,369.00000000,201704-201707,0.20576414
6409,2017-05-02,2017-07-31,313.76000000,396.20000000,201705-201708,0.26274860
6409,2017-06-01,2017-08-31,362.37000000,416.09000000,201706-201709,0.14824627
6409,2017-07-03,2017-09-30,374.16000000,409.20000000,201707-201710,0.09364978
6409,2017-08-01,2017-10-31,397.73000000,434.44000000,201708-201711,0.09229880
6409,2017-09-01,2017-11-30,411.50000000,416.85000000,201709-201712,0.01300122
6409,2017-10-02,2017-12-29,426.79000000,393.90000000,201710-201801,-0.07706366
6409,2017-11-01,2018-01-31,426.03000000,395.43000000,201711-201802,-0.07182593
6409,2017-12-01,2018-02-27,411.50000000,382.05000000,201712-201803,-0.07156744
6409,2018-01-02,2018-03-31,397.73000000,423.73000000,201801-201804,0.06537098
6409,2018-02-01,2018-04-30,396.20000000,403.85000000,201802-201805,0.01930843
6409,2018-03-01,2018-05-31,402.32000000,362.93000000,201803-201806,-0.09790714
6409,2018-04-02,2018-06-29,431.38000000,398.49000000,201804-201807,-0.07624368
6409,2018-05-02,2018-07-31,403.08000000,423.22000000,201805-201808,0.04996527
6409,2018-06-01,2018-08-31,354.13000000,420.83000000,201806-201809,0.18834891
6409,2018-07-02,2018-09-28,399.26000000,426.40000000,201807-201810,0.06797576
6409,2018-08-01,2018-10-31,420.83000000,397.36000000,201808-201811,-0.05577074
6409,2018-09-03,2018-11-30,417.65000000,410.49000000,201809-201812,-0.01714354
6409,2018-10-01,2018-12-28,431.17000000,427.19000000,201810-201901,-0.00923070
6409,2018-11-01,2019-01-30,395.77000000,419.24000000,201811-201902,0.05930212
6409,2018-12-03,2019-02-27,425.60000000,455.83000000,201812-201903,0.07102914
6409,2019-01-02,2019-03-29,421.62000000,480.49000000,201901-201904,0.13962810
6409,2019-02-11,2019-04-30,424.81000000,485.27000000,201902-201905,0.14232245
6409,2019-03-04,2019-05-31,473.33000000,470.15000000,201903-201906,-0.00671836
6409,2019-04-01,2019-06-28,472.54000000,538.57000000,201904-201907,0.13973420
6409,2019-05-02,2019-07-31,482.88000000,534.59000000,201905-201908,0.10708665
6409,2019-06-03,2019-08-30,477.31000000,560.84000000,201906-201909,0.17500157
6409,2019-07-01,2019-09-27,541.75000000,551.00000000,201907-201910,0.01707430
6409,2019-08-01,2019-10-31,539.36000000,581.13000000,201908-201911,0.07744364
6409,2019-09-02,2019-11-29,554.44000000,604.38000000,201909-201912,0.09007287
6409,2019-10-01,2019-12-31,540.67000000,615.57000000,201910-202001,0.13853182
6409,2019-11-01,2020-01-31,586.30000000,629.35000000,201911-202002,0.07342657
6409,2019-12-02,2020-02-27,612.99000000,605.24000000,201912-202003,-0.01264295
6409,2020-01-02,2020-03-31,607.82000000,544.97000000,202001-202004,-0.10340232
6409,2020-02-03,2020-04-30,627.62000000,611.27000000,202002-202005,-0.02605080
6409,2020-03-02,2020-05-29,579.41000000,659.48000000,202003-202006,0.13819230
6409,2020-04-01,2020-06-30,551.00000000,728.35000000,202004-202007,0.32186933
6409,2020-05-04,2020-07-31,584.58000000,766.23000000,202005-202008,0.31073591
6409,2020-06-01,2020-08-31,672.39000000,891.07000000,202006-202009,0.32522792
6409,2020-07-01,2020-09-30,731.80000000,910.72000000,202007-202010,0.24449303
6409,2020-08-03,2020-10-30,761.93000000,907.94000000,202008-202011,0.19163178
6409,2020-09-01,2020-11-30,869.55000000,809.73000000,202009-202012,-0.06879420
6409,2020-10-05,2020-12-31,907.94000000,1037.64000000,202010-202101,0.14285085
6414,2016-01-04,2016-03-31,244.29000000,266.31000000,201601-201604,0.09013877
6414,2016-02-01,2016-04-29,240.85000000,283.51000000,201602-201605,0.17712269
6414,2016-03-01,2016-05-31,254.61000000,305.53000000,201603-201606,0.19999214
6414,2016-04-01,2016-06-30,269.75000000,304.15000000,201604-201607,0.12752549
6414,2016-05-03,2016-07-29,289.02000000,338.10000000,201605-201608,0.16981524
6414,2016-06-01,2016-08-31,300.37000000,373.46000000,201606-201609,0.24333322
6414,2016-07-01,2016-09-30,308.04000000,369.93000000,201607-201610,0.20091547
6414,2016-08-01,2016-10-31,348.71000000,354.37000000,201608-201611,0.01623125
6414,2016-09-01,2016-11-30,352.60000000,318.29000000,201609-201612,-0.09730573
6414,2016-10-03,2016-12-30,364.98000000,291.42000000,201610-201701,-0.20154529
6414,2016-11-01,2017-01-24,344.11000000,316.88000000,201611-201702,-0.07913167
6414,2016-12-01,2017-02-24,316.53000000,343.05000000,201612-201703,0.08378353
6414,2017-01-03,2017-03-31,301.67000000,280.45000000,201701-201704,-0.07034176
6414,2017-02-02,2017-04-28,325.37000000,232.35000000,201702-201705,-0.28588991
6414,2017-03-01,2017-05-31,333.85000000,263.83000000,201703-201706,-0.20973491
6414,2017-05-02,2017-07-31,232.00000000,329.29000000,201705-201708,0.41935345
6414,2017-06-01,2017-08-31,269.13000000,320.22000000,201706-201709,0.18983391
6414,2017-07-03,2017-09-30,278.10000000,322.39000000,201707-201710,0.15925926
6414,2017-08-01,2017-10-31,325.30000000,311.14000000,201708-201711,-0.04352905
6414,2017-09-01,2017-11-30,323.12000000,354.34000000,201709-201712,0.09662045
6414,2017-10-02,2017-12-29,324.57000000,326.75000000,201710-201801,0.00671658
6414,2017-11-01,2018-01-31,317.67000000,344.90000000,201711-201802,0.08571788
6414,2017-12-01,2018-02-27,353.98000000,360.88000000,201712-201803,0.01949263
6414,2018-01-02,2018-03-31,322.39000000,359.79000000,201801-201804,0.11600856
6414,2018-02-01,2018-04-30,345.63000000,349.99000000,201802-201805,0.01261465
6414,2018-03-01,2018-05-31,375.40000000,353.98000000,201803-201806,-0.05705914
6414,2018-04-02,2018-06-29,343.09000000,321.30000000,201804-201807,-0.06351103
6414,2018-05-02,2018-07-31,346.72000000,281.73000000,201805-201808,-0.18744232
6414,2018-06-01,2018-08-31,349.62000000,222.26000000,201806-201809,-0.36428122
6414,2018-07-02,2018-09-28,300.97000000,207.77000000,201807-201810,-0.30966542
6415,2016-01-04,2016-03-31,350.75000000,411.71000000,201601-201604,0.17379900
6415,2016-02-01,2016-04-29,398.11000000,403.27000000,201602-201605,0.01296124
6415,2016-03-01,2016-05-31,410.77000000,362.00000000,201603-201606,-0.11872824
6415,2016-04-01,2016-06-30,396.23000000,354.50000000,201604-201607,-0.10531762
6415,2016-05-03,2016-07-29,394.83000000,388.91000000,201605-201608,-0.01499379
6415,2016-06-01,2016-08-31,367.63000000,453.50000000,201606-201609,0.23357724
6415,2016-07-01,2016-09-30,351.69000000,436.53000000,201607-201610,0.24123518
6415,2016-08-01,2016-10-31,393.16000000,434.64000000,201608-201611,0.10550412
6415,2016-09-01,2016-11-30,445.96000000,458.68000000,201609-201612,0.02852274
6415,2016-10-03,2016-12-30,436.53000000,428.04000000,201610-201701,-0.01944884
6415,2016-11-01,2017-01-24,436.53000000,447.84000000,201611-201702,0.02590887
6415,2016-12-01,2017-02-24,451.61000000,487.44000000,201612-201703,0.07933837
6415,2017-01-03,2017-03-31,435.58000000,527.98000000,201701-201704,0.21213095
6415,2017-02-02,2017-04-28,457.27000000,514.78000000,201702-201705,0.12576815
6415,2017-03-01,2017-05-31,503.47000000,560.04000000,201703-201706,0.11236022
6415,2017-04-05,2017-06-30,529.87000000,552.49000000,201704-201707,0.04268972
6415,2017-05-02,2017-07-31,527.98000000,560.89000000,201705-201708,0.06233191
6415,2017-06-01,2017-08-31,546.84000000,639.79000000,201706-201709,0.16997659
6415,2017-07-03,2017-09-30,562.87000000,662.61000000,201707-201710,0.17719900
6415,2017-08-01,2017-10-31,550.43000000,618.88000000,201708-201711,0.12435732
6415,2017-09-01,2017-11-30,622.68000000,604.62000000,201709-201712,-0.02900366
6415,2017-10-02,2017-12-29,670.21000000,646.45000000,201710-201801,-0.03545157
6415,2017-11-01,2018-01-31,615.08000000,591.31000000,201711-201802,-0.03864538
6415,2017-12-01,2018-02-27,603.67000000,617.93000000,201712-201803,0.02362218
6415,2018-01-02,2018-03-31,653.10000000,610.32000000,201801-201804,-0.06550299
6415,2018-02-01,2018-04-30,593.21000000,591.31000000,201802-201805,-0.00320291
6415,2018-03-01,2018-05-31,613.17000000,652.15000000,201803-201806,0.06357128
6415,2018-04-02,2018-06-29,617.93000000,704.44000000,201804-201807,0.13999968
6415,2018-05-02,2018-07-31,608.42000000,673.73000000,201805-201808,0.10734361
6415,2018-06-01,2018-08-31,633.14000000,579.81000000,201806-201809,-0.08423098
6415,2018-07-02,2018-09-28,715.85000000,527.10000000,201807-201810,-0.26367256
6415,2018-08-01,2018-10-31,673.73000000,377.59000000,201808-201811,-0.43955294
6415,2018-09-03,2018-11-30,575.02000000,467.20000000,201809-201812,-0.18750652
6415,2018-10-01,2018-12-28,528.06000000,434.14000000,201810-201901,-0.17785858
6415,2018-11-01,2019-01-30,397.72000000,435.10000000,201811-201902,0.09398572
6415,2018-12-03,2019-02-27,512.72000000,530.93000000,201812-201903,0.03551646
6415,2019-01-02,2019-03-29,444.20000000,440.85000000,201901-201904,-0.00754165
6415,2019-02-11,2019-04-30,465.28000000,484.93000000,201902-201905,0.04223263
6415,2019-03-04,2019-05-31,532.85000000,429.35000000,201903-201906,-0.19423853
6415,2019-04-01,2019-06-28,458.58000000,582.68000000,201904-201907,0.27061799
6415,2019-05-02,2019-07-31,489.72000000,614.73000000,201905-201908,0.25526832
6415,2019-06-03,2019-08-30,425.51000000,675.71000000,201906-201909,0.58800028
6415,2019-07-01,2019-09-27,569.27000000,744.45000000,201907-201910,0.30772744
6415,2019-08-01,2019-10-31,621.50000000,830.61000000,201908-201911,0.33646018
6415,2019-09-02,2019-11-29,682.49000000,859.65000000,201909-201912,0.25957889
6415,2019-10-01,2019-12-31,745.42000000,919.67000000,201910-202001,0.23376083
6415,2019-11-01,2020-01-31,817.05000000,1069.72000000,201911-202002,0.30924668
6415,2019-12-02,2020-02-27,874.17000000,982.59000000,201912-202003,0.12402622
6415,2020-01-02,2020-03-31,992.27000000,958.39000000,202001-202004,-0.03414393
6415,2020-02-03,2020-04-30,1113.28000000,1156.85000000,202002-202005,0.03913661
6415,2020-03-02,2020-05-29,1035.84000000,1568.28000000,202003-202006,0.51401761
6415,2020-04-01,2020-06-30,1001.95000000,1858.70000000,202004-202007,0.85508259
6415,2020-05-04,2020-07-31,1176.21000000,1706.30000000,202005-202008,0.45067632
6415,2020-06-01,2020-08-31,1500.51000000,1813.25000000,202006-202009,0.20842247
6415,2020-07-01,2020-09-30,1897.42000000,1657.69000000,202007-202010,-0.12634525
6415,2020-08-03,2020-10-30,1716.02000000,1711.16000000,202008-202011,-0.00283213
6415,2020-09-01,2020-11-30,1788.94000000,2158.40000000,202009-202012,0.20652453
6415,2020-10-05,2020-12-31,1822.97000000,2343.12000000,202010-202101,0.28533108
6446,2016-07-01,2016-09-30,195.86000000,188.15000000,201607-201610,-0.03936485
6446,2016-08-01,2016-10-31,178.02000000,156.79000000,201608-201611,-0.11925626
6446,2016-09-01,2016-11-30,163.06000000,175.12000000,201609-201612,0.07396051
6446,2016-10-03,2016-12-30,187.67000000,155.83000000,201610-201701,-0.16965951
6446,2016-11-01,2017-01-24,162.58000000,138.94000000,201611-201702,-0.14540534
6446,2016-12-01,2017-02-24,169.33000000,156.79000000,201612-201703,-0.07405658
6446,2017-01-03,2017-03-31,149.55000000,151.00000000,201701-201704,0.00969575
6446,2017-02-02,2017-04-28,137.01000000,145.21000000,201702-201705,0.05984965
6446,2017-03-01,2017-05-31,154.86000000,142.80000000,201703-201706,-0.07787679
6446,2017-04-05,2017-06-30,151.00000000,141.84000000,201704-201707,-0.06066225
6446,2017-05-02,2017-07-31,146.66000000,144.73000000,201705-201708,-0.01315969
6446,2017-06-01,2017-08-31,140.87000000,142.80000000,201706-201709,0.01370057
6446,2017-07-03,2017-09-30,140.87000000,139.91000000,201707-201710,-0.00681479
6446,2017-08-01,2017-10-31,139.91000000,137.49000000,201708-201711,-0.01729683
6446,2017-09-01,2017-11-30,140.87000000,142.80000000,201709-201712,0.01370057
6446,2017-10-02,2017-12-29,141.84000000,137.98000000,201710-201801,-0.02721376
6446,2017-11-01,2018-01-31,136.53000000,146.66000000,201711-201802,0.07419615
6446,2017-12-01,2018-02-27,140.87000000,166.44000000,201712-201803,0.18151487
6446,2018-01-02,2018-03-31,137.49000000,169.33000000,201801-201804,0.23158048
6446,2018-02-01,2018-04-30,146.18000000,175.61000000,201802-201805,0.20132713
6446,2018-03-01,2018-05-31,166.44000000,171.75000000,201803-201806,0.03190339
6446,2018-04-02,2018-06-29,166.92000000,192.97000000,201804-201807,0.15606278
6446,2018-05-02,2018-07-31,175.61000000,166.92000000,201805-201808,-0.04948465
6446,2018-06-01,2018-08-31,170.78000000,175.12000000,201806-201809,0.02541281
6446,2018-07-02,2018-09-28,190.56000000,172.71000000,201807-201810,-0.09367128
6446,2018-08-01,2018-10-31,168.85000000,159.20000000,201808-201811,-0.05715132
6446,2018-09-03,2018-11-30,168.37000000,175.12000000,201809-201812,0.04009028
6446,2018-10-01,2018-12-28,174.16000000,168.37000000,201810-201901,-0.03324529
6446,2018-11-01,2019-01-30,160.65000000,168.85000000,201811-201902,0.05104264
6446,2018-12-03,2019-02-27,175.12000000,164.03000000,201812-201903,-0.06332800
6446,2019-01-02,2019-03-29,162.58000000,155.34000000,201901-201904,-0.04453192
6446,2019-02-11,2019-04-30,168.85000000,137.98000000,201902-201905,-0.18282499
6446,2019-03-04,2019-05-31,164.03000000,114.82000000,201903-201906,-0.30000610
6446,2019-04-01,2019-06-28,153.90000000,116.27000000,201904-201907,-0.24450942
6446,2019-05-02,2019-07-31,142.80000000,124.47000000,201905-201908,-0.12836134
6446,2020-07-01,2020-09-30,113.37000000,98.36000000,202007-202010,-0.13239834
6452,2016-02-01,2016-04-29,226.33000000,220.65000000,201602-201605,-0.02509610
6452,2016-03-01,2016-05-31,234.84000000,237.04000000,201603-201606,0.00936808
6452,2016-04-01,2016-06-30,245.87000000,252.80000000,201604-201607,0.02818563
6452,2016-05-03,2016-07-29,222.23000000,307.65000000,201605-201608,0.38437655
6452,2016-06-01,2016-08-31,231.37000000,309.54000000,201606-201609,0.33785711
6452,2016-07-01,2016-09-30,257.85000000,295.67000000,201607-201610,0.14667442
6452,2016-08-01,2016-10-31,305.76000000,300.40000000,201608-201611,-0.01753009
6452,2016-09-01,2016-11-30,310.49000000,270.44000000,201609-201612,-0.12898966
6452,2016-10-03,2016-12-30,299.46000000,273.97000000,201610-201701,-0.08511988
6452,2016-11-01,2017-01-24,302.29000000,278.48000000,201611-201702,-0.07876542
6452,2016-12-01,2017-02-24,268.51000000,305.81000000,201612-201703,0.13891475
6452,2017-01-03,2017-03-31,269.79000000,303.56000000,201701-201704,0.12517143
6452,2017-02-02,2017-04-28,274.94000000,305.81000000,201702-201705,0.11227904
6452,2017-03-01,2017-05-31,303.24000000,302.27000000,201703-201706,-0.00319879
6452,2017-04-05,2017-06-30,304.20000000,295.52000000,201704-201707,-0.02853386
6452,2017-05-02,2017-07-31,307.42000000,273.33000000,201705-201708,-0.11089064
6452,2017-06-01,2017-08-31,300.98000000,283.30000000,201706-201709,-0.05874144
6452,2017-07-03,2017-09-30,292.62000000,269.47000000,201707-201710,-0.07911284
6452,2017-10-02,2017-12-29,272.69000000,311.73000000,201710-201801,0.14316623
6452,2017-12-01,2018-02-27,285.72000000,287.23000000,201712-201803,0.00528489
6452,2018-01-02,2018-03-31,312.11000000,286.10000000,201801-201804,-0.08333600
6452,2018-02-01,2018-04-30,277.81000000,294.01000000,201802-201805,0.05831324
6452,2018-03-01,2018-05-31,291.00000000,290.62000000,201803-201806,-0.00130584
6452,2018-04-02,2018-06-29,285.72000000,284.21000000,201804-201807,-0.00528489
6452,2018-05-02,2018-07-31,295.90000000,289.49000000,201805-201808,-0.02166272
6452,2018-06-01,2018-08-31,287.98000000,284.23000000,201806-201809,-0.01302174
6452,2018-07-02,2018-09-28,282.71000000,356.25000000,201807-201810,0.26012522
6452,2018-08-01,2018-10-31,290.25000000,179.09000000,201808-201811,-0.38298019
6452,2018-09-03,2018-11-30,284.23000000,123.24000000,201809-201812,-0.56640749
6452,2018-10-01,2018-12-28,360.10000000,117.08000000,201810-201901,-0.67486809
6456,2016-01-04,2016-03-31,74.50000000,78.88000000,201601-201604,0.05879195
6456,2016-02-01,2016-04-29,69.02000000,62.59000000,201602-201605,-0.09316140
6456,2016-03-01,2016-05-31,86.18000000,67.92000000,201603-201606,-0.21188211
6456,2016-04-01,2016-06-30,78.15000000,59.48000000,201604-201607,-0.23889955
6456,2016-05-03,2016-07-29,62.59000000,63.19000000,201605-201608,0.00958620
6456,2016-06-01,2016-08-31,67.05000000,61.22000000,201606-201609,-0.08695004
6456,2016-07-01,2016-09-30,60.01000000,62.43000000,201607-201610,0.04032661
6456,2016-08-01,2016-10-31,64.17000000,63.80000000,201608-201611,-0.00576593
6456,2016-09-01,2016-11-30,61.90000000,69.25000000,201609-201612,0.11873990
6456,2016-10-03,2016-12-30,63.64000000,69.33000000,201610-201701,0.08940918
6456,2016-11-01,2017-01-24,63.87000000,75.08000000,201611-201702,0.17551276
6456,2016-12-01,2017-02-24,69.18000000,95.47000000,201612-201703,0.38002313
6456,2017-01-03,2017-03-31,68.95000000,110.24000000,201701-201704,0.59883974
6456,2017-02-02,2017-04-28,76.52000000,127.67000000,201702-201705,0.66845269
6456,2017-03-01,2017-05-31,92.06000000,173.51000000,201703-201706,0.88474908
6456,2017-04-05,2017-06-30,111.38000000,173.72000000,201704-201707,0.55970551
6456,2017-05-02,2017-07-31,140.17000000,223.91000000,201705-201708,0.59741742
6456,2017-06-01,2017-08-31,170.48000000,279.11000000,201706-201709,0.63720084
6456,2017-07-03,2017-09-30,176.81000000,238.19000000,201707-201710,0.34715231
6456,2017-08-01,2017-10-31,220.82000000,213.49000000,201708-201711,-0.03319446
6456,2017-09-01,2017-11-30,280.27000000,182.60000000,201709-201712,-0.34848539
6456,2017-10-02,2017-12-29,241.28000000,153.65000000,201710-201801,-0.36318800
6456,2017-11-01,2018-01-31,216.19000000,167.55000000,201711-201802,-0.22498728
6456,2017-12-01,2018-02-27,178.74000000,137.82000000,201712-201803,-0.22893588
6456,2018-01-02,2018-03-31,153.26000000,138.59000000,201801-201804,-0.09571969
6456,2018-02-01,2018-04-30,162.53000000,138.59000000,201802-201805,-0.14729588
6456,2018-03-01,2018-05-31,137.05000000,147.86000000,201803-201806,0.07887632
6456,2018-04-02,2018-06-29,138.59000000,159.86000000,201804-201807,0.15347428
6456,2018-05-02,2018-07-31,135.89000000,167.53000000,201805-201808,0.23283538
6456,2018-06-01,2018-08-31,150.56000000,153.80000000,201806-201809,0.02151966
6456,2018-07-02,2018-09-28,154.61000000,104.15000000,201807-201810,-0.32636958
6456,2018-08-01,2018-10-31,171.16000000,82.76000000,201808-201811,-0.51647581
6456,2018-09-03,2018-11-30,138.46000000,83.16000000,201809-201812,-0.39939333
6456,2018-10-01,2018-12-28,109.40000000,72.66000000,201810-201901,-0.33583181
6456,2018-11-01,2019-01-30,85.99000000,84.37000000,201811-201902,-0.01883940
6456,2018-12-03,2019-02-27,88.00000000,86.79000000,201812-201903,-0.01375000
6456,2019-01-02,2019-03-29,72.10000000,92.85000000,201901-201904,0.28779473
6456,2019-02-11,2019-04-30,85.58000000,96.48000000,201902-201905,0.12736621
6456,2019-03-04,2019-05-31,87.60000000,80.74000000,201903-201906,-0.07831050
6456,2019-04-01,2019-06-28,95.67000000,85.28000000,201904-201907,-0.10860249
6456,2019-05-02,2019-07-31,97.69000000,97.46000000,201905-201908,-0.00235439
6456,2019-06-03,2019-08-30,79.93000000,86.54000000,201906-201909,0.08269736
6456,2019-07-01,2019-09-27,87.38000000,87.80000000,201907-201910,0.00480659
6456,2019-08-01,2019-10-31,95.78000000,96.20000000,201908-201911,0.00438505
6456,2019-09-02,2019-11-29,88.64000000,88.64000000,201909-201912,0.00000000
6456,2019-10-01,2019-12-31,89.06000000,94.94000000,201910-202001,0.06602291
6456,2019-11-01,2020-01-31,98.72000000,84.86000000,201911-202002,-0.14039708
6456,2019-12-02,2020-02-27,91.16000000,82.50000000,201912-202003,-0.09499781
6456,2020-01-02,2020-03-31,95.78000000,66.71000000,202001-202004,-0.30350804
6456,2020-02-03,2020-04-30,83.34000000,80.32000000,202002-202005,-0.03623710
6456,2020-03-02,2020-05-29,82.25000000,95.36000000,202003-202006,0.15939210
6456,2020-04-01,2020-06-30,67.46000000,94.52000000,202004-202007,0.40112659
6456,2020-05-04,2020-07-31,80.49000000,119.07000000,202005-202008,0.47931420
6456,2020-06-01,2020-08-31,97.46000000,112.57000000,202006-202009,0.15503796
6456,2020-07-01,2020-09-30,97.46000000,107.81000000,202007-202010,0.10619741
6456,2020-08-03,2020-10-30,115.60000000,98.29000000,202008-202011,-0.14974048
6456,2020-09-01,2020-11-30,119.07000000,98.29000000,202009-202012,-0.17451919
6456,2020-10-05,2020-12-31,108.68000000,99.15000000,202010-202101,-0.08768863
6505,2010-01-04,2010-03-31,50.23000000,51.02000000,201001-201004,0.01572765
6505,2010-02-01,2010-04-30,49.37000000,50.47000000,201002-201005,0.02228074
6505,2010-03-01,2010-05-31,49.50000000,47.36000000,201003-201006,-0.04323232
6505,2010-04-01,2010-06-30,51.93000000,47.48000000,201004-201007,-0.08569228
6505,2010-05-03,2010-07-30,50.41000000,47.60000000,201005-201008,-0.05574291
6505,2010-06-01,2010-08-31,46.14000000,46.00000000,201006-201009,-0.00303424
6505,2010-07-01,2010-09-30,46.81000000,51.50000000,201007-201010,0.10019227
6505,2010-08-02,2010-10-29,48.24000000,53.29000000,201008-201011,0.10468491
6505,2010-09-01,2010-11-30,46.96000000,54.00000000,201009-201012,0.14991482
6505,2010-10-01,2010-12-31,51.76000000,63.27000000,201010-201101,0.22237249
6505,2010-11-01,2011-01-28,54.70000000,60.27000000,201011-201102,0.10182815
6505,2010-12-01,2011-02-25,54.76000000,57.39000000,201012-201103,0.04802776
6505,2011-01-03,2011-03-31,62.95000000,61.74000000,201101-201104,-0.01922160
6505,2011-02-08,2011-04-29,62.06000000,64.30000000,201102-201105,0.03609410
6505,2011-03-01,2011-05-31,56.62000000,64.94000000,201103-201106,0.14694454
6505,2011-04-01,2011-06-30,61.54000000,64.62000000,201104-201107,0.05004875
6505,2011-05-03,2011-07-29,63.91000000,72.13000000,201105-201108,0.12861837
6505,2011-06-01,2011-08-31,64.94000000,56.24000000,201106-201109,-0.13396982
6505,2011-07-01,2011-09-30,65.26000000,55.78000000,201107-201110,-0.14526509
6505,2011-08-01,2011-10-31,67.15000000,62.89000000,201108-201111,-0.06344006
6505,2011-09-01,2011-11-30,56.18000000,62.29000000,201109-201112,0.10875756
6505,2011-10-03,2011-12-30,53.65000000,62.36000000,201110-201201,0.16234856
6505,2011-11-01,2012-01-31,64.15000000,61.36000000,201111-201202,-0.04349182
6505,2011-12-01,2012-02-29,63.89000000,64.42000000,201112-201203,0.00829551
6505,2012-01-02,2012-03-30,60.30000000,61.16000000,201201-201204,0.01426202
6505,2012-02-01,2012-04-30,59.77000000,60.43000000,201202-201205,0.01104233
6505,2012-03-01,2012-05-31,63.36000000,54.18000000,201203-201206,-0.14488636
6505,2012-04-02,2012-06-29,61.69000000,53.78000000,201204-201207,-0.12822175
6505,2012-05-02,2012-07-31,60.96000000,59.29000000,201205-201208,-0.02739501
6505,2012-06-01,2012-08-31,54.51000000,58.20000000,201206-201209,0.06769400
6505,2012-07-02,2012-09-28,53.78000000,60.04000000,201207-201210,0.11640015
6505,2012-08-01,2012-10-31,59.15000000,57.93000000,201208-201211,-0.02062553
6505,2012-09-03,2012-11-30,58.06000000,60.17000000,201209-201212,0.03634172
6505,2012-10-01,2012-12-28,59.70000000,58.61000000,201210-201301,-0.01825796
6505,2016-01-04,2016-03-31,54.92000000,66.06000000,201601-201604,0.20284050
6505,2016-02-01,2016-04-29,58.92000000,65.49000000,201602-201605,0.11150713
6505,2016-03-01,2016-05-31,61.63000000,63.56000000,201603-201606,0.03131592
6505,2016-04-01,2016-06-30,66.34000000,62.49000000,201604-201607,-0.05803437
6505,2016-05-03,2016-07-29,65.20000000,67.86000000,201605-201608,0.04079755
6505,2016-06-01,2016-08-31,62.77000000,69.36000000,201606-201609,0.10498646
6505,2016-07-01,2016-09-30,64.27000000,70.40000000,201607-201610,0.09537887
6505,2016-08-01,2016-10-31,68.31000000,78.85000000,201608-201611,0.15429659
6505,2016-09-01,2016-11-30,68.76000000,80.34000000,201609-201612,0.16841187
6505,2016-10-03,2016-12-30,71.75000000,83.70000000,201610-201701,0.16655052
6505,2016-11-01,2017-01-24,77.73000000,79.59000000,201611-201702,0.02392898
6505,2016-12-01,2017-02-24,81.84000000,79.97000000,201612-201703,-0.02284946
6505,2017-01-03,2017-03-31,81.84000000,79.22000000,201701-201704,-0.03201369
6505,2017-02-02,2017-04-28,77.35000000,78.85000000,201702-201705,0.01939237
6505,2017-03-01,2017-05-31,78.10000000,80.72000000,201703-201706,0.03354673
6505,2017-04-05,2017-06-30,80.72000000,82.70000000,201704-201707,0.02452924
6505,2017-05-02,2017-07-31,80.34000000,83.48000000,201705-201708,0.03908389
6505,2017-06-01,2017-08-31,78.85000000,83.88000000,201706-201709,0.06379201
6505,2017-07-03,2017-09-30,83.48000000,83.48000000,201707-201710,0.00000000
6505,2017-08-01,2017-10-31,83.09000000,83.09000000,201708-201711,0.00000000
6505,2017-09-01,2017-11-30,83.88000000,83.48000000,201709-201712,-0.00476872
6505,2017-10-02,2017-12-29,84.27000000,90.97000000,201710-201801,0.07950635
6505,2017-11-01,2018-01-31,83.09000000,97.66000000,201711-201802,0.17535203
6505,2017-12-01,2018-02-27,85.06000000,92.15000000,201712-201803,0.08335293
6505,2018-01-02,2018-03-31,90.57000000,93.33000000,201801-201804,0.03047367
6505,2018-02-01,2018-04-30,98.05000000,95.69000000,201802-201805,-0.02406935
6505,2018-03-01,2018-05-31,90.18000000,95.69000000,201803-201806,0.06110002
6505,2018-04-02,2018-06-29,92.15000000,96.48000000,201804-201807,0.04698861
6505,2018-05-02,2018-07-31,94.51000000,100.03000000,201805-201808,0.05840652
6505,2018-06-01,2018-08-31,96.08000000,104.59000000,201806-201809,0.08857202
6505,2018-07-02,2018-09-28,95.30000000,122.85000000,201807-201810,0.28908709
6505,2018-08-01,2018-10-31,100.03000000,101.27000000,201808-201811,0.01239628
6505,2018-09-03,2018-11-30,103.35000000,92.56000000,201809-201812,-0.10440252
6505,2018-10-01,2018-12-28,123.27000000,90.48000000,201810-201901,-0.26600146
6505,2018-11-01,2019-01-30,101.27000000,89.24000000,201811-201902,-0.11879135
6505,2018-12-03,2019-02-27,95.88000000,96.71000000,201812-201903,0.00865665
6505,2019-01-02,2019-03-29,85.50000000,95.88000000,201901-201904,0.12140351
6505,2019-02-11,2019-04-30,88.41000000,95.05000000,201902-201905,0.07510463
6505,2019-03-04,2019-05-31,96.71000000,96.29000000,201903-201906,-0.00434288
6505,2019-04-01,2019-06-28,94.22000000,95.60000000,201904-201907,0.01464657
6505,2019-05-02,2019-07-31,95.46000000,91.70000000,201905-201908,-0.03938823
6505,2019-06-03,2019-08-30,96.29000000,84.09000000,201906-201909,-0.12670059
6505,2019-07-01,2019-09-27,95.17000000,84.96000000,201907-201910,-0.10728171
6505,2019-08-01,2019-10-31,90.84000000,83.83000000,201908-201911,-0.07716865
6505,2019-09-02,2019-11-29,83.31000000,83.05000000,201909-201912,-0.00312087
6505,2019-10-01,2019-12-31,86.95000000,84.35000000,201910-202001,-0.02990224
6505,2019-11-01,2020-01-31,84.35000000,77.78000000,201911-202002,-0.07788975
6505,2019-12-02,2020-02-27,83.05000000,74.49000000,201912-202003,-0.10307044
6505,2020-01-02,2020-03-31,84.78000000,70.42000000,202001-202004,-0.16937957
6505,2020-02-03,2020-04-30,75.70000000,77.60000000,202002-202005,0.02509908
6505,2020-03-02,2020-05-29,73.54000000,75.87000000,202003-202006,0.03168344
6505,2020-04-01,2020-06-30,67.48000000,79.09000000,202004-202007,0.17205098
6505,2020-05-04,2020-07-31,74.75000000,72.84000000,202005-202008,-0.02555184
6505,2020-06-01,2020-08-31,77.78000000,73.28000000,202006-202009,-0.05785549
6505,2020-07-01,2020-09-30,79.09000000,71.49000000,202007-202010,-0.09609306
6505,2020-08-03,2020-10-30,71.49000000,70.24000000,202008-202011,-0.01748496
6505,2020-09-01,2020-11-30,72.39000000,80.88000000,202009-202012,0.11728139
6505,2020-10-05,2020-12-31,71.94000000,89.19000000,202010-202101,0.23978315
6531,2020-07-01,2020-09-30,380.57000000,298.80000000,202007-202010,-0.21486192
6592,2019-12-02,2020-02-27,99.06000000,52.29000000,201912-202003,-0.47213810
6592,2020-01-02,2020-03-31,59.25000000,42.85000000,202001-202004,-0.27679325
6592,2020-02-03,2020-04-30,53.43000000,53.56000000,202002-202005,0.00243309
6592,2020-03-02,2020-05-29,51.22000000,55.24000000,202003-202006,0.07848497
6592,2020-04-01,2020-06-30,43.18000000,54.63000000,202004-202007,0.26516906
6592,2020-05-04,2020-07-31,53.03000000,54.87000000,202005-202008,0.03469734
6592,2020-06-01,2020-08-31,55.44000000,56.12000000,202006-202009,0.01226551
6592,2020-07-01,2020-09-30,54.97000000,56.74000000,202007-202010,0.03219938
6592,2020-08-03,2020-10-30,54.66000000,54.66000000,202008-202011,0.00000000
6592,2020-09-01,2020-11-30,55.29000000,57.23000000,202009-202012,0.03508772
6592,2020-10-05,2020-12-31,56.88000000,55.98000000,202010-202101,-0.01582278
6669,2019-03-04,2019-05-31,315.61000000,260.43000000,201903-201906,-0.17483603
6669,2019-04-01,2019-06-28,303.44000000,281.54000000,201904-201907,-0.07217242
6669,2019-05-02,2019-07-31,263.62000000,318.53000000,201905-201908,0.20829224
6669,2019-06-03,2019-08-30,257.25000000,358.56000000,201906-201909,0.39381924
6669,2019-07-01,2019-09-27,283.53000000,368.15000000,201907-201910,0.29845166
6669,2019-08-01,2019-10-31,326.04000000,482.80000000,201908-201911,0.48079990
6669,2019-09-02,2019-11-29,375.23000000,461.12000000,201909-201912,0.22889961
6669,2019-10-01,2019-12-31,364.39000000,529.50000000,201910-202001,0.45311342
6669,2019-11-01,2020-01-31,465.29000000,585.37000000,201911-202002,0.25807561
6669,2019-12-02,2020-02-27,458.62000000,603.71000000,201912-202003,0.31636213
6669,2020-01-02,2020-03-31,525.33000000,585.37000000,202001-202004,0.11429007
6669,2020-02-03,2020-04-30,572.02000000,642.07000000,202002-202005,0.12246075
6669,2020-03-02,2020-05-29,593.70000000,667.92000000,202003-202006,0.12501263
6669,2020-04-01,2020-06-30,579.53000000,668.75000000,202004-202007,0.15395234
6669,2020-05-04,2020-07-31,640.40000000,672.06000000,202005-202008,0.04943785
6669,2020-06-01,2020-08-31,693.77000000,670.34000000,202006-202009,-0.03377200
6669,2020-07-01,2020-09-30,699.60000000,559.76000000,202007-202010,-0.19988565
6669,2020-08-03,2020-10-30,664.34000000,623.19000000,202008-202011,-0.06194117
6669,2020-09-01,2020-11-30,685.77000000,584.62000000,202009-202012,-0.14749843
6669,2020-10-05,2020-12-31,583.76000000,603.48000000,202010-202101,0.03378101
8008,2010-01-04,2010-03-31,25.88000000,27.79000000,201001-201004,0.07380216
8008,2010-02-01,2010-04-30,26.05000000,27.75000000,201002-201005,0.06525912
8008,2010-03-01,2010-05-31,26.21000000,29.00000000,201003-201006,0.10644792
8008,2010-04-01,2010-06-30,27.83000000,28.39000000,201004-201007,0.02012217
8008,2010-05-03,2010-07-30,27.83000000,28.96000000,201005-201008,0.04060367
8008,2010-06-01,2010-08-31,29.00000000,25.42000000,201006-201009,-0.12344828
8008,2010-07-01,2010-09-30,27.75000000,27.50000000,201007-201010,-0.00900901
8008,2010-08-02,2010-10-29,29.44000000,27.54000000,201008-201011,-0.06453804
8008,2010-09-01,2010-11-30,25.34000000,27.54000000,201009-201012,0.08681926
8008,2010-10-01,2010-12-31,27.08000000,28.26000000,201010-201101,0.04357459
8008,2010-11-01,2011-01-28,27.46000000,28.05000000,201011-201102,0.02148580
8008,2010-12-01,2011-02-25,28.81000000,25.08000000,201012-201103,-0.12946893
8008,2011-01-03,2011-03-31,27.88000000,24.83000000,201101-201104,-0.10939742
8008,2011-02-08,2011-04-29,27.88000000,26.31000000,201102-201105,-0.05631277
8008,2011-03-01,2011-05-31,25.59000000,27.75000000,201103-201106,0.08440797
8008,2011-04-01,2011-06-30,24.70000000,27.71000000,201104-201107,0.12186235
8008,2011-05-03,2011-07-29,26.40000000,29.49000000,201105-201108,0.11704545
8008,2011-06-01,2011-08-31,27.41000000,28.57000000,201106-201109,0.04232032
8008,2011-07-01,2011-09-30,28.30000000,26.69000000,201107-201110,-0.05689046
8008,2011-08-01,2011-10-31,29.24000000,26.01000000,201108-201111,-0.11046512
8008,2011-09-01,2011-11-30,28.48000000,24.41000000,201109-201112,-0.14290730
8008,2011-10-03,2011-12-30,26.51000000,22.76000000,201110-201201,-0.14145605
8008,2011-11-01,2012-01-31,26.05000000,26.56000000,201111-201202,0.01957774
8008,2011-12-01,2012-02-29,25.14000000,28.16000000,201112-201203,0.12012729
8008,2012-01-02,2012-03-30,22.26000000,28.48000000,201201-201204,0.27942498
8008,2012-02-01,2012-04-30,26.65000000,27.06000000,201202-201205,0.01538462
8008,2012-03-01,2012-05-31,28.34000000,26.05000000,201203-201206,-0.08080452
8008,2012-04-02,2012-06-29,28.43000000,26.46000000,201204-201207,-0.06929300
8008,2012-05-02,2012-07-31,27.70000000,25.64000000,201205-201208,-0.07436823
8008,2012-06-01,2012-08-31,25.82000000,25.85000000,201206-201209,0.00116189
8008,2012-07-02,2012-09-28,26.65000000,27.10000000,201207-201210,0.01688555
8008,2012-08-01,2012-10-31,25.87000000,24.50000000,201208-201211,-0.05295709
8008,2012-09-03,2012-11-30,26.65000000,24.00000000,201209-201212,-0.09943715
8008,2012-10-01,2012-12-28,26.85000000,24.95000000,201210-201301,-0.07076350
8046,2010-01-04,2010-03-31,82.52000000,84.53000000,201001-201004,0.02435773
8046,2010-02-01,2010-04-30,85.20000000,88.55000000,201002-201005,0.03931925
8046,2010-03-01,2010-05-31,82.85000000,90.90000000,201003-201006,0.09716355
8046,2010-04-01,2010-06-30,85.54000000,88.22000000,201004-201007,0.03133037
8046,2010-05-03,2010-07-30,91.24000000,91.15000000,201005-201008,-0.00098641
8046,2010-06-01,2010-08-31,88.55000000,71.67000000,201006-201009,-0.19062676
8046,2010-07-01,2010-09-30,86.88000000,84.20000000,201007-201010,-0.03084715
8046,2010-08-02,2010-10-29,93.94000000,86.98000000,201008-201011,-0.07408984
8046,2010-09-01,2010-11-30,74.80000000,75.15000000,201009-201012,0.00467914
8046,2010-10-01,2010-12-31,86.63000000,75.50000000,201010-201101,-0.12847743
8046,2010-11-01,2011-01-28,86.98000000,76.19000000,201011-201102,-0.12405151
8046,2010-12-01,2011-02-25,75.85000000,73.76000000,201012-201103,-0.02755438
8046,2011-01-03,2011-03-31,76.89000000,61.02000000,201101-201104,-0.20639875
8046,2011-02-08,2011-04-29,75.50000000,65.13000000,201102-201105,-0.13735099
8046,2011-03-01,2011-05-31,75.50000000,80.37000000,201103-201106,0.06450331
8046,2011-04-01,2011-06-30,61.93000000,75.85000000,201104-201107,0.22476990
8046,2011-05-03,2011-07-29,67.22000000,69.71000000,201105-201108,0.03704255
8046,2011-06-01,2011-08-31,78.98000000,68.78000000,201106-201109,-0.12914662
8046,2011-07-01,2011-09-30,75.85000000,59.93000000,201107-201110,-0.20988794
8046,2011-08-01,2011-10-31,70.65000000,63.53000000,201108-201111,-0.10077849
8046,2011-09-01,2011-11-30,68.99000000,48.99000000,201109-201112,-0.28989709
8046,2011-10-03,2011-12-30,56.33000000,44.25000000,201110-201201,-0.21445056
8046,2011-11-01,2012-01-31,62.45000000,50.22000000,201111-201202,-0.19583667
8046,2011-12-01,2012-02-29,50.00000000,53.17000000,201112-201203,0.06340000
8046,2012-01-02,2012-03-30,43.53000000,46.48000000,201201-201204,0.06776935
8046,2012-02-01,2012-04-30,49.50000000,39.35000000,201202-201205,-0.20505051
8046,2012-03-01,2012-05-31,53.09000000,35.07000000,201203-201206,-0.33942362
8046,2012-04-02,2012-06-29,45.54000000,36.19000000,201204-201207,-0.20531401
8046,2012-05-02,2012-07-31,41.15000000,34.34000000,201205-201208,-0.16549210
8046,2012-06-01,2012-08-31,34.75000000,36.07000000,201206-201209,0.03798561
8046,2012-07-02,2012-09-28,37.19000000,35.95000000,201207-201210,-0.03334230
8046,2012-08-01,2012-10-31,34.79000000,25.21000000,201208-201211,-0.27536648
8046,2012-09-03,2012-11-30,36.48000000,25.92000000,201209-201212,-0.28947368
8046,2012-10-01,2012-12-28,36.07000000,26.98000000,201210-201301,-0.25200998
8046,2019-04-01,2019-06-28,38.27000000,33.46000000,201904-201907,-0.12568592
8046,2019-09-02,2019-11-29,35.91000000,44.31000000,201909-201912,0.23391813
8046,2019-10-01,2019-12-31,42.71000000,39.76000000,201910-202001,-0.06907048
8046,2019-11-01,2020-01-31,46.90000000,37.90000000,201911-202002,-0.19189765
8046,2019-12-02,2020-02-27,42.06000000,45.86000000,201912-202003,0.09034712
8046,2020-01-02,2020-03-31,41.45000000,47.59000000,202001-202004,0.14813028
8046,2020-02-03,2020-04-30,36.99000000,61.70000000,202002-202005,0.66801838
8046,2020-03-02,2020-05-29,48.46000000,48.46000000,202003-202006,0.00000000
8046,2020-04-01,2020-06-30,46.56000000,68.62000000,202004-202007,0.47379725
8046,2020-05-04,2020-07-31,61.01000000,87.23000000,202005-202008,0.42976561
8046,2020-06-01,2020-08-31,52.18000000,105.11000000,202006-202009,1.01437332
8046,2020-07-01,2020-09-30,67.84000000,102.93000000,202007-202010,0.51724646
8046,2020-08-03,2020-10-30,88.54000000,100.75000000,202008-202011,0.13790377
8046,2020-09-01,2020-11-30,115.58000000,157.88000000,202009-202012,0.36598027
8046,2020-10-05,2020-12-31,104.24000000,158.76000000,202010-202101,0.52302379
8078,2010-01-04,2010-03-31,40.14000000,29.89000000,201001-201004,-0.25535625
8078,2010-02-01,2010-04-30,31.60000000,30.95000000,201002-201005,-0.02056962
8078,2010-03-01,2010-05-31,29.75000000,24.48000000,201003-201006,-0.17714286
8078,2010-04-01,2010-06-30,30.40000000,24.76000000,201004-201007,-0.18552632
8078,2011-07-01,2011-09-30,33.43000000,36.40000000,201107-201110,0.08884236
8078,2011-09-01,2011-11-30,32.56000000,46.60000000,201109-201112,0.43120393
8078,2011-10-03,2011-12-30,36.05000000,44.22000000,201110-201201,0.22662968
8078,2011-11-01,2012-01-31,43.83000000,53.55000000,201111-201202,0.22176591
8078,2011-12-01,2012-02-29,49.85000000,65.79000000,201112-201203,0.31975928
8078,2012-01-02,2012-03-30,43.05000000,49.76000000,201201-201204,0.15586527
8078,2012-02-01,2012-04-30,52.67000000,40.14000000,201202-201205,-0.23789634
8078,2012-03-01,2012-05-31,67.54000000,35.37000000,201203-201206,-0.47631033
8078,2012-04-02,2012-06-29,46.31000000,30.37000000,201204-201207,-0.34420212
8078,2012-05-02,2012-07-31,42.91000000,27.02000000,201205-201208,-0.37030995
8078,2012-06-01,2012-08-31,33.72000000,31.83000000,201206-201209,-0.05604982
8078,2012-08-01,2012-10-31,28.86000000,25.32000000,201208-201211,-0.12266112
8078,2012-09-03,2012-11-30,33.14000000,30.18000000,201209-201212,-0.08931804
8131,2010-01-04,2010-03-31,19.14000000,22.92000000,201001-201004,0.19749216
8131,2010-02-01,2010-04-30,19.10000000,20.94000000,201002-201005,0.09633508
8131,2010-03-01,2010-05-31,19.71000000,18.03000000,201003-201006,-0.08523592
8131,2010-04-01,2010-06-30,23.12000000,17.43000000,201004-201007,-0.24610727
8131,2010-05-03,2010-07-30,21.11000000,17.21000000,201005-201008,-0.18474657
8131,2010-06-01,2010-08-31,17.70000000,15.07000000,201006-201009,-0.14858757
8150,2016-01-04,2016-03-31,20.14000000,22.51000000,201601-201604,0.11767627
8150,2016-02-01,2016-04-29,21.34000000,20.88000000,201602-201605,-0.02155576
8150,2016-03-01,2016-05-31,22.82000000,22.08000000,201603-201606,-0.03242770
8150,2016-04-01,2016-06-30,22.41000000,22.98000000,201604-201607,0.02543507
8150,2016-05-03,2016-07-29,20.40000000,22.11000000,201605-201608,0.08382353
8150,2016-06-01,2016-08-31,22.18000000,20.58000000,201606-201609,-0.07213706
8150,2016-07-01,2016-09-30,23.15000000,20.34000000,201607-201610,-0.12138229
8150,2016-08-01,2016-10-31,22.15000000,18.83000000,201608-201611,-0.14988713
8150,2016-09-01,2016-11-29,20.27000000,18.72000000,201609-201612,-0.07646769
8150,2016-10-03,2016-12-30,20.21000000,16.74000000,201610-201701,-0.17169718
8150,2016-11-01,2017-01-24,18.83000000,17.78000000,201611-201702,-0.05576208
8150,2017-06-01,2017-08-31,22.57000000,20.47000000,201706-201709,-0.09304386
8201,2010-06-01,2010-08-31,26.66000000,23.18000000,201006-201009,-0.13053263
8201,2010-07-01,2010-09-30,24.66000000,23.43000000,201007-201010,-0.04987835
8341,2018-11-01,2019-01-30,164.34000000,182.48000000,201811-201902,0.11038092
8341,2019-01-02,2019-03-29,148.80000000,178.41000000,201901-201904,0.19899194
8341,2019-02-11,2019-04-30,185.07000000,194.69000000,201902-201905,0.05198033
8341,2019-05-02,2019-07-31,195.43000000,201.25000000,201905-201908,0.02978048
8341,2019-06-03,2019-08-30,197.29000000,198.22000000,201906-201909,0.00471387
8341,2019-07-01,2019-09-27,205.06000000,205.80000000,201907-201910,0.00360870
8341,2019-08-01,2019-10-31,201.63000000,199.36000000,201908-201911,-0.01125825
8341,2019-09-02,2019-11-29,198.98000000,182.68000000,201909-201912,-0.08191778
8341,2019-10-01,2019-12-31,204.66000000,177.37000000,201910-202001,-0.13334311
8341,2020-02-03,2020-04-30,203.52000000,195.57000000,202002-202005,-0.03906250
8341,2020-03-02,2020-05-29,192.15000000,197.08000000,202003-202006,0.02565704
8341,2020-04-01,2020-06-30,170.93000000,195.19000000,202004-202007,0.14192944
8341,2020-05-04,2020-07-31,192.15000000,203.40000000,202005-202008,0.05854801
8341,2020-06-01,2020-08-31,199.73000000,192.45000000,202006-202009,-0.03644921
8422,2011-10-03,2011-12-30,96.82000000,81.76000000,201110-201201,-0.15554637
8422,2011-11-01,2012-01-31,78.06000000,80.84000000,201111-201202,0.03561363
8422,2011-12-01,2012-02-29,88.02000000,94.04000000,201112-201203,0.06839355
8422,2012-01-02,2012-03-30,80.37000000,97.28000000,201201-201204,0.21040189
8422,2012-02-01,2012-04-30,83.39000000,105.39000000,201202-201205,0.26382060
8422,2012-03-01,2012-05-31,95.20000000,99.29000000,201203-201206,0.04296218
8422,2012-04-02,2012-06-29,95.66000000,98.32000000,201204-201207,0.02780682
8422,2012-05-02,2012-07-31,103.54000000,100.76000000,201205-201208,-0.02684953
8422,2012-06-01,2012-08-31,98.32000000,100.76000000,201206-201209,0.02481692
8422,2012-07-02,2012-09-28,98.56000000,104.65000000,201207-201210,0.06178977
8422,2012-08-01,2012-10-31,100.51000000,98.81000000,201208-201211,-0.01691374
8422,2012-09-03,2012-11-30,101.73000000,97.35000000,201209-201212,-0.04305515
8422,2012-10-01,2012-12-28,103.92000000,93.21000000,201210-201301,-0.10306005
8454,2016-01-04,2016-03-31,89.45000000,90.30000000,201601-201604,0.00950252
8454,2016-02-01,2016-04-29,89.03000000,88.61000000,201602-201605,-0.00471751
8454,2016-03-01,2016-05-31,89.87000000,100.46000000,201603-201606,0.11783688
8454,2016-04-01,2016-06-30,89.87000000,92.62000000,201604-201607,0.03059976
8454,2016-05-03,2016-07-29,88.40000000,95.01000000,201605-201608,0.07477376
8454,2016-06-01,2016-08-31,100.03000000,98.72000000,201606-201609,-0.01309607
8454,2016-07-01,2016-09-30,91.53000000,91.74000000,201607-201610,0.00229433
8454,2016-08-01,2016-10-31,94.80000000,89.35000000,201608-201611,-0.05748945
8454,2016-09-01,2016-11-30,96.54000000,84.77000000,201609-201612,-0.12191838
8454,2016-10-03,2016-12-30,91.53000000,84.55000000,201610-201701,-0.07625915
8454,2016-11-01,2017-01-24,88.48000000,82.16000000,201611-201702,-0.07142857
8454,2016-12-01,2017-02-24,84.12000000,84.55000000,201612-201703,0.00511175
8454,2017-01-03,2017-03-31,84.55000000,94.14000000,201701-201704,0.11342401
8454,2017-02-02,2017-04-28,83.25000000,94.14000000,201702-201705,0.13081081
8454,2017-03-01,2017-05-31,85.43000000,99.59000000,201703-201706,0.16574974
8454,2017-04-05,2017-06-30,94.14000000,95.07000000,201704-201707,0.00987890
8454,2017-05-02,2017-07-31,94.58000000,96.65000000,201705-201708,0.02188623
8454,2017-06-01,2017-08-31,99.37000000,95.07000000,201706-201709,-0.04327262
8454,2017-07-03,2017-09-30,95.30000000,97.11000000,201707-201710,0.01899265
8454,2017-08-01,2017-10-31,97.11000000,100.72000000,201708-201711,0.03717434
8454,2017-09-01,2017-11-30,94.85000000,93.49000000,201709-201712,-0.01433843
8454,2017-10-02,2017-12-29,97.11000000,98.24000000,201710-201801,0.01163629
8454,2017-12-01,2018-02-27,92.36000000,135.50000000,201712-201803,0.46708532
8454,2018-01-02,2018-03-31,99.36000000,122.40000000,201801-201804,0.23188406
8454,2018-02-01,2018-04-30,119.01000000,111.33000000,201802-201805,-0.06453239
8454,2018-03-01,2018-05-31,132.34000000,102.53000000,201803-201806,-0.22525314
8454,2018-04-02,2018-06-29,122.62000000,100.92000000,201804-201807,-0.17696950
8454,2018-05-02,2018-07-31,112.69000000,93.45000000,201805-201808,-0.17073387
8454,2018-06-01,2018-08-31,108.40000000,90.88000000,201806-201809,-0.16162362
8454,2018-07-02,2018-09-28,99.29000000,82.93000000,201807-201810,-0.16476987
8454,2018-10-01,2018-12-28,83.63000000,87.84000000,201810-201901,0.05034079
8454,2018-11-01,2019-01-30,86.67000000,105.83000000,201811-201902,0.22106842
8454,2018-12-03,2019-02-27,93.68000000,114.94000000,201812-201903,0.22694278
8454,2019-01-02,2019-03-29,87.61000000,118.91000000,201901-201904,0.35726515
8454,2019-02-11,2019-04-30,109.80000000,128.72000000,201902-201905,0.17231330
8454,2019-03-04,2019-05-31,117.74000000,122.41000000,201903-201906,0.03966367
8454,2019-04-01,2019-06-28,117.51000000,127.01000000,201904-201907,0.08084418
8454,2019-05-02,2019-07-31,129.89000000,126.77000000,201905-201908,-0.02402032
8454,2019-06-03,2019-08-30,123.38000000,125.08000000,201906-201909,0.01377857
8454,2019-07-01,2019-09-27,126.77000000,126.53000000,201907-201910,-0.00189319
8454,2019-08-01,2019-10-31,127.25000000,127.74000000,201908-201911,0.00385069
8454,2019-09-02,2019-11-29,125.56000000,135.48000000,201909-201912,0.07900605
8454,2019-10-01,2019-12-31,126.29000000,140.32000000,201910-202001,0.11109351
8454,2019-11-01,2020-01-31,131.85000000,148.06000000,201911-202002,0.12294274
8454,2019-12-02,2020-02-27,138.62000000,171.04000000,201912-202003,0.23387679
8454,2020-01-02,2020-03-31,140.32000000,185.31000000,202001-202004,0.32062429
8454,2020-02-03,2020-04-30,150.48000000,232.49000000,202002-202005,0.54498937
8454,2020-03-02,2020-05-29,175.64000000,275.79000000,202003-202006,0.57020041
8454,2020-04-01,2020-06-30,199.10000000,351.55000000,202004-202007,0.76569563
8454,2020-05-04,2020-07-31,230.31000000,319.14000000,202005-202008,0.38569754
8454,2020-06-01,2020-08-31,283.05000000,357.93000000,202006-202009,0.26454690
8454,2020-07-01,2020-09-30,363.33000000,345.16000000,202007-202010,-0.05000963
8454,2020-08-03,2020-10-30,319.14000000,335.83000000,202008-202011,0.05229680
8454,2020-09-01,2020-11-30,367.26000000,304.41000000,202009-202012,-0.17113217
8454,2020-10-05,2020-12-31,335.34000000,312.76000000,202010-202101,-0.06733465
8464,2016-01-04,2016-03-31,152.57000000,165.52000000,201601-201604,0.08487907
8464,2016-02-01,2016-04-29,163.36000000,182.79000000,201602-201605,0.11893976
8464,2016-03-01,2016-05-31,164.08000000,215.18000000,201603-201606,0.31143345
8464,2016-04-01,2016-06-30,162.64000000,210.86000000,201604-201607,0.29648303
8464,2016-05-03,2016-07-29,182.79000000,246.35000000,201605-201608,0.34772143
8464,2016-06-01,2016-08-31,206.18000000,266.32000000,201606-201609,0.29168688
8464,2016-07-01,2016-09-30,207.98000000,298.50000000,201607-201610,0.43523416
8464,2016-08-01,2016-10-31,241.91000000,270.76000000,201608-201611,0.11925923
8464,2016-09-01,2016-11-30,267.43000000,264.10000000,201609-201612,-0.01245186
8464,2016-10-03,2016-12-30,301.46000000,245.98000000,201610-201701,-0.18403768
8464,2016-11-01,2017-01-24,269.28000000,216.39000000,201611-201702,-0.19641266
8464,2016-12-01,2017-02-24,264.10000000,222.31000000,201612-201703,-0.15823552
8464,2017-01-03,2017-03-31,237.47000000,209.36000000,201701-201704,-0.11837285
8464,2017-02-02,2017-04-28,215.65000000,226.01000000,201702-201705,0.04804081
8464,2017-03-01,2017-05-31,228.96000000,231.18000000,201703-201706,0.00969602
8464,2017-04-05,2017-06-30,206.40000000,249.68000000,201704-201707,0.20968992
8464,2017-05-02,2017-07-31,239.32000000,272.61000000,201705-201708,0.13910246
8464,2017-06-01,2017-08-31,229.33000000,246.76000000,201706-201709,0.07600401
8464,2017-07-03,2017-09-30,259.30000000,236.49000000,201707-201710,-0.08796761
8464,2017-08-01,2017-10-31,272.98000000,238.77000000,201708-201711,-0.12532054
8464,2017-09-01,2017-11-30,246.76000000,209.12000000,201709-201712,-0.15253688
8464,2017-10-02,2017-12-29,246.00000000,241.82000000,201710-201801,-0.01699187
8464,2017-11-01,2018-01-31,236.11000000,228.13000000,201711-201802,-0.03379781
8464,2017-12-01,2018-02-27,220.90000000,219.00000000,201712-201803,-0.00860118
8464,2018-01-02,2018-03-31,245.62000000,213.30000000,201801-201804,-0.13158538
8464,2018-02-01,2018-04-30,223.56000000,201.51000000,201802-201805,-0.09863124
8464,2018-03-01,2018-05-31,220.52000000,180.60000000,201803-201806,-0.18102666
8464,2018-04-02,2018-06-29,211.02000000,198.09000000,201804-201807,-0.06127381
8464,2018-05-02,2018-07-31,202.27000000,209.36000000,201805-201808,0.03505216
8464,2018-06-01,2018-08-31,192.01000000,188.38000000,201806-201809,-0.01890527
8464,2018-07-02,2018-09-28,201.89000000,189.17000000,201807-201810,-0.06300461
8464,2018-08-01,2018-10-31,209.36000000,151.18000000,201808-201811,-0.27789454
8464,2018-09-03,2018-11-30,190.76000000,178.49000000,201809-201812,-0.06432166
8464,2018-10-01,2018-12-28,182.05000000,186.80000000,201810-201901,0.02609173
8464,2018-11-01,2019-01-30,151.97000000,205.80000000,201811-201902,0.35421465
8464,2018-12-03,2019-02-27,194.72000000,211.73000000,201812-201903,0.08735620
8464,2019-01-02,2019-03-29,187.99000000,214.90000000,201901-201904,0.14314591
8464,2019-02-11,2019-04-30,199.07000000,191.55000000,201902-201905,-0.03777566
8464,2019-03-04,2019-05-31,209.36000000,182.45000000,201903-201906,-0.12853458
8464,2019-04-01,2019-06-28,215.69000000,184.82000000,201904-201907,-0.14312207
8464,2019-05-02,2019-07-31,190.36000000,198.24000000,201905-201908,0.04139525
8464,2019-06-03,2019-08-30,182.05000000,226.68000000,201906-201909,0.24515243
8464,2019-07-01,2019-09-27,194.32000000,224.21000000,201907-201910,0.15381844
8464,2019-08-01,2019-10-31,201.95000000,227.92000000,201908-201911,0.12859619
8464,2019-09-02,2019-11-29,221.32000000,230.80000000,201909-201912,0.04283391
8464,2019-10-01,2019-12-31,222.15000000,228.33000000,201910-202001,0.02781904
8464,2019-11-01,2020-01-31,229.98000000,204.01000000,201911-202002,-0.11292286
8464,2019-12-02,2020-02-27,230.80000000,201.13000000,201912-202003,-0.12855286
8464,2020-01-02,2020-03-31,228.33000000,148.79000000,202001-202004,-0.34835545
8464,2020-02-03,2020-04-30,198.66000000,189.59000000,202002-202005,-0.04565589
8464,2020-03-02,2020-05-29,197.42000000,211.85000000,202003-202006,0.07309290
8464,2020-04-01,2020-06-30,151.26000000,236.99000000,202004-202007,0.56677244
8464,2020-05-04,2020-07-31,180.93000000,273.42000000,202005-202008,0.51119217
8464,2020-06-01,2020-08-31,209.37000000,287.01000000,202006-202009,0.37082677
8464,2020-07-01,2020-09-30,259.65000000,291.68000000,202007-202010,0.12335837
8464,2020-08-03,2020-10-30,270.87000000,273.42000000,202008-202011,0.00941411
8464,2020-09-01,2020-11-30,291.68000000,285.73000000,202009-202012,-0.02039907
8464,2020-10-05,2020-12-31,290.40000000,276.82000000,202010-202101,-0.04676309
9904,2010-01-04,2010-03-31,13.22000000,13.55000000,201001-201004,0.02496218
9904,2010-02-01,2010-04-30,12.33000000,14.08000000,201002-201005,0.14193025
9904,2010-03-01,2010-05-31,12.69000000,12.90000000,201003-201006,0.01654846
9904,2010-04-01,2010-06-30,13.50000000,13.14000000,201004-201007,-0.02666667
9904,2010-05-03,2010-07-30,14.13000000,13.85000000,201005-201008,-0.01981599
9904,2010-06-01,2010-08-31,12.75000000,14.62000000,201006-201009,0.14666667
9904,2010-07-01,2010-09-30,12.95000000,15.47000000,201007-201010,0.19459459
9904,2010-08-02,2010-10-29,14.22000000,16.40000000,201008-201011,0.15330520
9904,2010-09-01,2010-11-30,14.42000000,15.86000000,201009-201012,0.09986130
9904,2010-10-01,2010-12-31,15.75000000,15.24000000,201010-201101,-0.03238095
9904,2010-11-01,2011-01-28,16.60000000,15.64000000,201011-201102,-0.05783133
9904,2010-12-01,2011-02-25,16.20000000,14.67000000,201012-201103,-0.09444444
9904,2011-01-03,2011-03-31,16.29000000,15.35000000,201101-201104,-0.05770411
9904,2011-02-08,2011-04-29,15.47000000,15.27000000,201102-201105,-0.01292825
9904,2011-03-01,2011-05-31,14.90000000,15.27000000,201103-201106,0.02483221
9904,2011-04-01,2011-06-30,15.41000000,14.99000000,201104-201107,-0.02725503
9904,2011-05-03,2011-07-29,15.13000000,15.27000000,201105-201108,0.00925314
9904,2011-06-01,2011-08-31,15.47000000,13.25000000,201106-201109,-0.14350356
9904,2011-07-01,2011-09-30,15.10000000,13.10000000,201107-201110,-0.13245033
9904,2011-08-01,2011-10-31,15.30000000,13.76000000,201108-201111,-0.10065359
9904,2011-09-01,2011-11-30,13.37000000,13.34000000,201109-201112,-0.00224383
9904,2011-10-03,2011-12-30,12.60000000,14.73000000,201110-201201,0.16904762
9904,2011-11-01,2012-01-31,13.81000000,15.39000000,201111-201202,0.11440985
9904,2011-12-01,2012-02-29,13.99000000,15.47000000,201112-201203,0.10578985
9904,2012-01-02,2012-03-30,14.47000000,15.21000000,201201-201204,0.05114029
9904,2012-02-01,2012-04-30,15.21000000,14.85000000,201202-201205,-0.02366864
9904,2012-03-01,2012-05-31,15.36000000,15.33000000,201203-201206,-0.00195312
9904,2012-04-02,2012-06-29,15.12000000,15.09000000,201204-201207,-0.00198413
9904,2012-05-02,2012-07-31,15.42000000,16.94000000,201205-201208,0.09857328
9904,2012-06-01,2012-08-31,14.85000000,18.03000000,201206-201209,0.21414141
9904,2012-07-02,2012-09-28,15.36000000,18.72000000,201207-201210,0.21875000
9904,2012-08-01,2012-10-31,16.94000000,18.44000000,201208-201211,0.08854782
9904,2012-09-03,2012-11-30,17.97000000,18.72000000,201209-201212,0.04173623
9904,2012-10-01,2012-12-28,18.66000000,19.03000000,201210-201301,0.01982851
9904,2016-01-04,2016-03-31,29.18000000,28.69000000,201601-201604,-0.01679232
9904,2016-02-01,2016-04-29,28.06000000,28.48000000,201602-201605,0.01496793
9904,2016-03-01,2016-05-31,29.25000000,30.62000000,201603-201606,0.04683761
9904,2016-04-01,2016-06-30,28.03000000,30.13000000,201604-201607,0.07491973
9904,2016-05-03,2016-07-29,27.99000000,31.56000000,201605-201608,0.12754555
9904,2016-06-01,2016-08-31,30.48000000,33.37000000,201606-201609,0.09481627
9904,2016-07-01,2016-09-30,30.51000000,31.99000000,201607-201610,0.04850869
9904,2016-08-01,2016-10-31,31.88000000,30.98000000,201608-201611,-0.02823087
9904,2016-09-01,2016-11-30,32.46000000,28.91000000,201609-201612,-0.10936537
9904,2016-10-03,2016-12-30,32.14000000,29.16000000,201610-201701,-0.09271935
9904,2016-11-01,2017-01-24,30.83000000,28.69000000,201611-201702,-0.06941291
9904,2016-12-01,2017-02-24,29.09000000,30.25000000,201612-201703,0.03987625
9904,2017-01-03,2017-03-31,29.27000000,30.47000000,201701-201704,0.04099761
9904,2017-02-02,2017-04-28,28.18000000,30.65000000,201702-201705,0.08765082
9904,2017-03-01,2017-05-31,29.82000000,30.11000000,201703-201706,0.00972502
9904,2017-04-05,2017-06-30,31.38000000,30.54000000,201704-201707,-0.02676864
9904,2017-05-02,2017-07-31,30.29000000,30.67000000,201705-201708,0.01254539
9904,2017-06-01,2017-08-31,30.29000000,29.43000000,201706-201709,-0.02839221
9904,2017-07-03,2017-09-30,31.38000000,28.57000000,201707-201710,-0.08954748
9904,2017-08-01,2017-10-31,30.90000000,28.57000000,201708-201711,-0.07540453
9904,2017-09-01,2017-11-30,29.92000000,27.06000000,201709-201712,-0.09558824
9904,2017-10-02,2017-12-29,28.64000000,28.98000000,201710-201801,0.01187151
9904,2017-11-01,2018-01-31,28.38000000,29.47000000,201711-201802,0.03840733
9904,2017-12-01,2018-02-27,27.10000000,27.63000000,201712-201803,0.01955720
9904,2018-01-02,2018-03-31,28.72000000,29.62000000,201801-201804,0.03133705
9904,2018-02-01,2018-04-30,29.47000000,27.93000000,201802-201805,-0.05225653
9904,2018-03-01,2018-05-31,27.93000000,27.59000000,201803-201806,-0.01217329
9904,2018-04-02,2018-06-29,29.20000000,26.61000000,201804-201807,-0.08869863
9904,2018-05-02,2018-07-31,28.30000000,26.81000000,201805-201808,-0.05265018
9904,2018-06-01,2018-08-31,27.44000000,26.97000000,201806-201809,-0.01712828
9904,2018-07-02,2018-09-28,26.42000000,25.69000000,201807-201810,-0.02763058
9904,2018-08-01,2018-10-31,27.04000000,24.97000000,201808-201811,-0.07655325
9904,2018-09-03,2018-11-30,26.65000000,26.69000000,201809-201812,0.00150094
9904,2018-10-01,2018-12-28,25.85000000,25.97000000,201810-201901,0.00464217
9904,2018-11-01,2019-01-30,24.62000000,29.32000000,201811-201902,0.19090171
9904,2018-12-03,2019-02-27,27.20000000,30.91000000,201812-201903,0.13639706
9904,2019-01-02,2019-03-29,25.65000000,29.91000000,201901-201904,0.16608187
9904,2019-02-11,2019-04-30,29.20000000,29.91000000,201902-201905,0.02431507
9904,2019-03-04,2019-05-31,30.79000000,28.56000000,201903-201906,-0.07242611
9904,2019-04-01,2019-06-28,29.20000000,30.67000000,201904-201907,0.05034247
9904,2019-05-02,2019-07-31,29.51000000,31.85000000,201905-201908,0.07929515
9904,2019-06-03,2019-08-30,28.76000000,32.47000000,201906-201909,0.12899861
9904,2019-07-01,2019-09-27,30.83000000,32.93000000,201907-201910,0.06811547
9904,2019-08-01,2019-10-31,31.11000000,33.76000000,201908-201911,0.08518161
9904,2019-09-02,2019-11-29,32.31000000,32.93000000,201909-201912,0.01918911
9904,2019-10-01,2019-12-31,32.93000000,32.47000000,201910-202001,-0.01396903
9904,2019-11-01,2020-01-31,34.42000000,29.08000000,201911-202002,-0.15514236
9904,2019-12-02,2020-02-27,32.35000000,28.25000000,201912-202003,-0.12673879
9904,2020-01-02,2020-03-31,32.89000000,21.25000000,202001-202004,-0.35390696
9904,2020-02-03,2020-04-30,28.62000000,23.36000000,202002-202005,-0.18378756
9904,2020-03-02,2020-05-29,27.38000000,24.48000000,202003-202006,-0.10591673
9904,2020-04-01,2020-06-30,21.70000000,23.86000000,202004-202007,0.09953917
9904,2020-05-04,2020-07-31,23.28000000,23.08000000,202005-202008,-0.00859107
9904,2020-06-01,2020-08-31,24.35000000,24.08000000,202006-202009,-0.01108830
9904,2020-07-01,2020-09-30,23.82000000,22.73000000,202007-202010,-0.04575987
9904,2020-08-03,2020-10-30,23.00000000,21.91000000,202008-202011,-0.04739130
9904,2020-09-01,2020-11-30,24.04000000,27.17000000,202009-202012,0.13019967
9904,2020-10-05,2020-12-31,23.26000000,27.30000000,202010-202101,0.17368874
9907,2010-05-03,2010-07-30,8.03000000,8.73000000,201005-201008,0.08717310
9907,2010-06-01,2010-08-31,7.43000000,9.03000000,201006-201009,0.21534320
9907,2010-07-01,2010-09-30,8.03000000,9.63000000,201007-201010,0.19925280
9907,2010-08-02,2010-10-29,8.76000000,9.60000000,201008-201011,0.09589041
9907,2010-09-01,2010-11-30,9.15000000,9.42000000,201009-201012,0.02950820
9907,2010-10-01,2010-12-31,9.85000000,9.67000000,201010-201101,-0.01827411
9907,2010-11-01,2011-01-28,9.79000000,9.60000000,201011-201102,-0.01940756
9907,2010-12-01,2011-02-25,9.67000000,9.03000000,201012-201103,-0.06618407
9907,2011-01-03,2011-03-31,9.88000000,9.67000000,201101-201104,-0.02125506
9907,2011-02-08,2011-04-29,9.73000000,10.45000000,201102-201105,0.07399794
9907,2011-03-01,2011-05-31,9.12000000,10.21000000,201103-201106,0.11951754
9907,2011-04-01,2011-06-30,9.70000000,10.27000000,201104-201107,0.05876289
9907,2011-05-03,2011-07-29,10.21000000,12.55000000,201105-201108,0.22918707
9907,2011-06-01,2011-08-31,10.21000000,11.56000000,201106-201109,0.13222331
9907,2011-07-01,2011-09-30,10.45000000,9.51000000,201107-201110,-0.08995215
9907,2011-08-01,2011-10-31,13.05000000,10.17000000,201108-201111,-0.22068966
9907,2011-09-01,2011-11-30,11.30000000,9.02000000,201109-201112,-0.20176991
9907,2011-10-03,2011-12-30,9.35000000,9.25000000,201110-201201,-0.01069519
9907,2011-11-01,2012-01-31,10.21000000,10.04000000,201111-201202,-0.01665034
9907,2011-12-01,2012-02-29,9.35000000,10.87000000,201112-201203,0.16256684
9907,2012-01-02,2012-03-30,9.12000000,10.30000000,201201-201204,0.12938596
9907,2012-02-01,2012-04-30,9.97000000,9.94000000,201202-201205,-0.00300903
9907,2012-03-01,2012-05-31,10.87000000,10.04000000,201203-201206,-0.07635695
9907,2012-04-02,2012-06-29,10.24000000,10.47000000,201204-201207,0.02246094
9907,2012-05-02,2012-07-31,10.57000000,12.38000000,201205-201208,0.17123936
9907,2012-06-01,2012-08-31,9.74000000,11.53000000,201206-201209,0.18377823
9907,2012-07-02,2012-09-28,10.67000000,11.66000000,201207-201210,0.09278351
9907,2012-08-01,2012-10-31,12.28000000,11.25000000,201208-201211,-0.08387622
9907,2012-09-03,2012-11-30,11.46000000,11.36000000,201209-201212,-0.00872600
9907,2012-10-01,2012-12-28,11.70000000,11.59000000,201210-201301,-0.00940171
9907,2016-01-04,2016-03-31,11.13000000,10.81000000,201601-201604,-0.02875112
9907,2016-02-01,2016-04-29,10.74000000,11.17000000,201602-201605,0.04003724
9907,2016-03-01,2016-05-31,11.17000000,10.84000000,201603-201606,-0.02954342
9907,2016-04-01,2016-06-30,10.74000000,10.34000000,201604-201607,-0.03724395
9907,2016-05-03,2016-07-29,10.95000000,10.50000000,201605-201608,-0.04109589
9907,2016-06-01,2016-08-31,11.02000000,10.39000000,201606-201609,-0.05716878
9907,2016-07-01,2016-09-30,10.37000000,10.28000000,201607-201610,-0.00867888
9907,2016-08-01,2016-10-31,10.53000000,9.98000000,201608-201611,-0.05223172
9907,2016-12-01,2017-02-24,10.13000000,11.31000000,201612-201703,0.11648569
9910,2016-01-04,2016-03-31,85.26000000,89.44000000,201601-201604,0.04902651
9910,2016-02-01,2016-04-29,92.32000000,72.71000000,201602-201605,-0.21241334
9910,2016-03-01,2016-05-31,95.20000000,71.40000000,201603-201606,-0.25000000
9910,2016-04-01,2016-06-30,89.18000000,69.57000000,201604-201607,-0.21989235
9910,2016-05-03,2016-07-29,72.71000000,86.97000000,201605-201608,0.19612158
9910,2016-06-01,2016-08-31,71.40000000,91.19000000,201606-201609,0.27717087
9910,2016-07-01,2016-09-30,70.61000000,83.95000000,201607-201610,0.18892508
9910,2016-08-01,2016-10-31,87.57000000,79.72000000,201608-201611,-0.08964257
9910,2016-09-01,2016-11-30,90.89000000,72.17000000,201609-201612,-0.20596325
9910,2016-10-03,2016-12-30,84.55000000,72.77000000,201610-201701,-0.13932584
9910,2016-11-01,2017-01-24,78.21000000,82.13000000,201611-201702,0.05012147
9910,2016-12-01,2017-02-24,74.59000000,78.51000000,201612-201703,0.05255396
9910,2017-01-03,2017-03-31,73.98000000,73.08000000,201701-201704,-0.01216545
9910,2017-02-02,2017-04-28,78.21000000,70.06000000,201702-201705,-0.10420662
9910,2017-03-01,2017-05-31,76.70000000,70.66000000,201703-201706,-0.07874837
9910,2017-04-05,2017-06-30,73.98000000,81.23000000,201704-201707,0.09799946
9910,2017-05-02,2017-07-31,71.26000000,81.21000000,201705-201708,0.13962953
9910,2017-06-01,2017-08-31,70.96000000,89.68000000,201706-201709,0.26381060
9910,2017-07-03,2017-09-30,88.48000000,86.55000000,201707-201710,-0.02181284
9910,2017-08-01,2017-10-31,82.16000000,85.29000000,201708-201711,0.03809640
9910,2017-09-01,2017-11-30,89.05000000,78.71000000,201709-201712,-0.11611454
9910,2017-10-02,2017-12-29,86.55000000,84.98000000,201710-201801,-0.01813980
9910,2017-11-01,2018-01-31,85.60000000,86.55000000,201711-201802,0.01109813
9910,2017-12-01,2018-02-27,80.90000000,87.17000000,201712-201803,0.07750309
9910,2018-01-02,2018-03-31,85.60000000,81.84000000,201801-201804,-0.04392523
9910,2018-02-01,2018-04-30,85.60000000,84.66000000,201802-201805,-0.01098131
9910,2018-03-01,2018-05-31,84.66000000,83.41000000,201803-201806,-0.01476494
9910,2018-04-02,2018-06-29,83.41000000,95.95000000,201804-201807,0.15034169
9910,2018-05-02,2018-07-31,83.41000000,113.87000000,201805-201808,0.36518403
9910,2018-06-01,2018-08-31,83.72000000,120.34000000,201806-201809,0.43741042
9910,2018-07-02,2018-09-28,95.95000000,121.63000000,201807-201810,0.26763940
9910,2018-08-01,2018-10-31,111.93000000,120.34000000,201808-201811,0.07513625
9910,2018-09-03,2018-11-30,119.37000000,126.81000000,201809-201812,0.06232722
9910,2018-10-01,2018-12-28,122.93000000,113.55000000,201810-201901,-0.07630359
9910,2018-11-01,2019-01-30,118.08000000,124.55000000,201811-201902,0.05479336
9910,2018-12-03,2019-02-27,126.49000000,125.19000000,201812-201903,-0.01027749
9910,2019-01-02,2019-03-29,121.31000000,141.04000000,201901-201904,0.16264117
9910,2019-02-11,2019-04-30,127.13000000,162.07000000,201902-201905,0.27483678
9910,2019-03-04,2019-05-31,122.93000000,154.63000000,201903-201906,0.25787033
9910,2019-04-01,2019-06-28,137.81000000,156.57000000,201904-201907,0.13612945
9910,2019-05-02,2019-07-31,164.01000000,152.71000000,201905-201908,-0.06889824
9910,2019-06-03,2019-08-30,150.75000000,149.78000000,201906-201909,-0.00643449
9910,2019-07-01,2019-09-27,155.92000000,162.96000000,201907-201910,0.04515136
9910,2019-08-01,2019-10-31,151.61000000,150.88000000,201908-201911,-0.00481499
9910,2019-09-02,2019-11-29,149.41000000,139.89000000,201909-201912,-0.06371729
9910,2019-10-01,2019-12-31,161.49000000,142.82000000,201910-202001,-0.11561087
9910,2019-11-01,2020-01-31,150.14000000,134.03000000,201911-202002,-0.10729985
9910,2019-12-02,2020-02-27,140.62000000,125.24000000,201912-202003,-0.10937278
9910,2020-01-02,2020-03-31,143.55000000,95.21000000,202001-202004,-0.33674678
9910,2020-02-03,2020-04-30,135.13000000,125.24000000,202002-202005,-0.07318878
9910,2020-03-02,2020-05-29,123.41000000,132.56000000,202003-202006,0.07414310
9910,2020-04-01,2020-06-30,94.11000000,121.95000000,202004-202007,0.29582404
9910,2020-05-04,2020-07-31,123.04000000,128.54000000,202005-202008,0.04470091
9910,2020-06-01,2020-08-31,135.49000000,152.92000000,202006-202009,0.12864418
9910,2020-07-01,2020-09-30,125.61000000,155.61000000,202007-202010,0.23883449
9910,2020-08-03,2020-10-30,130.37000000,155.17000000,202008-202011,0.19022781
9910,2020-09-01,2020-11-30,154.72000000,164.58000000,202009-202012,0.06372802
9910,2020-10-05,2020-12-31,156.96000000,178.93000000,202010-202101,0.13997197
9914,2011-11-01,2012-01-31,43.06000000,42.47000000,201111-201202,-0.01370181
9914,2011-12-01,2012-02-29,40.11000000,49.13000000,201112-201203,0.22488158
9914,2012-01-02,2012-03-30,37.63000000,55.91000000,201201-201204,0.48578262
9914,2012-03-01,2012-05-31,52.55000000,63.70000000,201203-201206,0.21217888
9914,2012-04-02,2012-06-29,59.57000000,63.70000000,201204-201207,0.06933020
9914,2012-05-02,2012-07-31,66.06000000,76.68000000,201205-201208,0.16076294
9914,2012-06-01,2012-08-31,62.81000000,69.11000000,201206-201209,0.10030250
9914,2012-07-02,2012-09-28,63.99000000,74.94000000,201207-201210,0.17112049
9914,2012-08-01,2012-10-31,75.50000000,77.71000000,201208-201211,0.02927152
9914,2012-09-03,2012-11-30,69.25000000,82.22000000,201209-201212,0.18729242
9914,2012-10-01,2012-12-28,74.94000000,90.20000000,201210-201301,0.20362957
9914,2016-01-04,2016-03-31,134.49000000,113.40000000,201601-201604,-0.15681463
9914,2016-02-01,2016-04-29,118.57000000,105.44000000,201602-201605,-0.11073627
9914,2016-03-01,2016-05-31,128.12000000,109.42000000,201603-201606,-0.14595692
9914,2016-04-01,2016-06-30,110.61000000,107.83000000,201604-201607,-0.02513335
9914,2016-05-03,2016-07-29,105.84000000,117.38000000,201605-201608,0.10903250
9914,2016-06-01,2016-08-31,116.98000000,107.03000000,201606-201609,-0.08505727
9914,2016-07-01,2016-09-30,107.43000000,122.32000000,201607-201610,0.13860188
9914,2016-08-01,2016-10-31,117.77000000,120.25000000,201608-201611,0.02105799
9914,2016-09-01,2016-11-30,107.44000000,115.30000000,201609-201612,0.07315711
9914,2016-10-03,2016-12-30,120.25000000,119.01000000,201610-201701,-0.01031185
9914,2016-11-01,2017-01-24,119.01000000,134.30000000,201611-201702,0.12847660
9914,2016-12-01,2017-02-24,112.40000000,129.76000000,201612-201703,0.15444840
9914,2017-01-03,2017-03-31,119.84000000,132.65000000,201701-201704,0.10689252
9914,2017-02-02,2017-04-28,134.72000000,133.89000000,201702-201705,-0.00616093
9914,2017-03-01,2017-05-31,130.17000000,134.30000000,201703-201706,0.03172774
9914,2017-04-05,2017-06-30,131.41000000,134.72000000,201704-201707,0.02518834
9914,2017-05-02,2017-07-31,134.30000000,119.43000000,201705-201708,-0.11072226
9914,2017-06-01,2017-08-31,132.65000000,112.51000000,201706-201709,-0.15182812
9914,2017-07-03,2017-09-30,135.54000000,115.06000000,201707-201710,-0.15109931
9914,2017-08-01,2017-10-31,119.84000000,119.30000000,201708-201711,-0.00450601
9914,2017-09-01,2017-11-30,112.93000000,105.29000000,201709-201712,-0.06765253
9914,2017-10-02,2017-12-29,115.48000000,106.14000000,201710-201801,-0.08087981
9914,2017-11-01,2018-01-31,118.45000000,116.76000000,201711-201802,-0.01426762
9914,2017-12-01,2018-02-27,104.44000000,109.11000000,201712-201803,0.04471467
9914,2018-01-02,2018-03-31,107.84000000,113.36000000,201801-201804,0.05118694
9914,2018-02-01,2018-04-30,115.48000000,112.51000000,201802-201805,-0.02571874
9914,2018-03-01,2018-05-31,109.54000000,108.69000000,201803-201806,-0.00775972
9914,2018-04-02,2018-06-29,112.51000000,129.49000000,201804-201807,0.15091992
9914,2018-05-02,2018-07-31,115.06000000,125.25000000,201805-201808,0.08856249
9914,2018-06-01,2018-08-31,109.11000000,127.01000000,201806-201809,0.16405462
9914,2018-07-02,2018-09-28,140.53000000,123.14000000,201807-201810,-0.12374582
9914,2018-08-01,2018-10-31,125.25000000,93.43000000,201808-201811,-0.25405190
9914,2018-09-03,2018-11-30,124.43000000,112.80000000,201809-201812,-0.09346621
9914,2018-10-01,2018-12-28,123.57000000,118.83000000,201810-201901,-0.03835882
9914,2018-11-01,2019-01-30,93.43000000,130.03000000,201811-201902,0.39173713
9914,2018-12-03,2019-02-27,115.39000000,138.64000000,201812-201903,0.20149060
9914,2019-01-02,2019-03-29,119.26000000,148.11000000,201901-201904,0.24190844
9914,2019-02-11,2019-04-30,129.59000000,155.00000000,201902-201905,0.19607994
9914,2019-03-04,2019-05-31,138.21000000,148.11000000,201903-201906,0.07163013
9914,2019-04-01,2019-06-28,142.08000000,158.01000000,201904-201907,0.11211993
9914,2019-05-02,2019-07-31,155.43000000,167.91000000,201905-201908,0.08029338
9914,2019-06-03,2019-08-30,146.82000000,159.25000000,201906-201909,0.08466149
9914,2019-07-01,2019-09-27,157.58000000,154.86000000,201907-201910,-0.01726107
9914,2019-08-01,2019-10-31,166.19000000,154.42000000,201908-201911,-0.07082255
9914,2019-09-02,2019-11-29,157.93000000,153.54000000,201909-201912,-0.02779713
9914,2019-10-01,2019-12-31,146.52000000,154.86000000,201910-202001,0.05692056
9914,2019-11-01,2020-01-31,155.30000000,145.21000000,201911-202002,-0.06497102
9914,2019-12-02,2020-02-27,153.54000000,129.85000000,201912-202003,-0.15429204
9914,2020-01-02,2020-03-31,152.66000000,97.39000000,202001-202004,-0.36204638
9914,2020-02-03,2020-04-30,141.70000000,134.68000000,202002-202005,-0.04954128
9914,2020-03-02,2020-05-29,129.85000000,157.93000000,202003-202006,0.21624952
9914,2020-04-01,2020-06-30,96.51000000,176.35000000,202004-202007,0.82727179
9914,2020-05-04,2020-07-31,133.36000000,237.33000000,202005-202008,0.77961908
9914,2020-06-01,2020-08-31,155.74000000,218.60000000,202006-202009,0.40362142
9914,2020-07-01,2020-09-30,184.69000000,207.89000000,202007-202010,0.12561590
9914,2020-08-03,2020-10-30,228.12000000,247.15000000,202008-202011,0.08342101
9914,2020-09-01,2020-11-30,217.26000000,223.06000000,202009-202012,0.02669612
9914,2020-10-05,2020-12-31,213.69000000,210.57000000,202010-202101,-0.01460059
9917,2010-01-04,2010-03-31,25.57000000,23.70000000,201001-201004,-0.07313258
9917,2010-02-01,2010-04-30,24.49000000,23.79000000,201002-201005,-0.02858310
9917,2010-03-01,2010-05-31,23.56000000,23.56000000,201003-201006,0.00000000
9917,2010-04-01,2010-06-30,23.56000000,23.56000000,201004-201007,0.00000000
9917,2010-05-03,2010-07-30,23.93000000,24.31000000,201005-201008,0.01587965
9917,2010-06-01,2010-08-31,23.42000000,25.15000000,201006-201009,0.07386849
9917,2010-07-01,2010-09-30,23.47000000,26.44000000,201007-201010,0.12654452
9917,2010-08-02,2010-10-29,24.41000000,27.18000000,201008-201011,0.11347808
9917,2010-09-01,2010-11-30,25.25000000,26.74000000,201009-201012,0.05900990
9917,2010-10-01,2010-12-31,26.44000000,27.38000000,201010-201101,0.03555219
9917,2010-11-01,2011-01-28,27.23000000,26.64000000,201011-201102,-0.02166728
9917,2010-12-01,2011-02-25,26.74000000,26.29000000,201012-201103,-0.01682872
9917,2011-01-03,2011-03-31,27.38000000,26.24000000,201101-201104,-0.04163623
9917,2011-02-08,2011-04-29,26.69000000,27.23000000,201102-201105,0.02023230
9917,2011-03-01,2011-05-31,26.49000000,28.32000000,201103-201106,0.06908267
9917,2011-04-01,2011-06-30,26.14000000,27.53000000,201104-201107,0.05317521
9917,2011-05-03,2011-07-29,27.58000000,27.99000000,201105-201108,0.01486584
9917,2011-06-01,2011-08-31,28.52000000,27.47000000,201106-201109,-0.03681627
9917,2011-07-01,2011-09-30,27.48000000,28.72000000,201107-201110,0.04512373
9917,2011-08-01,2011-10-31,28.25000000,28.41000000,201108-201111,0.00566372
9917,2011-09-01,2011-11-30,27.57000000,29.88000000,201109-201112,0.08378672
9917,2011-10-03,2011-12-30,28.46000000,28.51000000,201110-201201,0.00175685
9917,2011-11-01,2012-01-31,28.72000000,29.72000000,201111-201202,0.03481894
9917,2011-12-01,2012-02-29,29.62000000,31.71000000,201112-201203,0.07056043
9917,2012-01-02,2012-03-30,28.20000000,32.08000000,201201-201204,0.13758865
9917,2012-02-01,2012-04-30,29.77000000,31.45000000,201202-201205,0.05643265
9917,2012-03-01,2012-05-31,31.34000000,33.44000000,201203-201206,0.06700702
9917,2012-04-02,2012-06-29,31.97000000,34.02000000,201204-201207,0.06412261
9917,2012-05-02,2012-07-31,31.92000000,33.07000000,201205-201208,0.03602757
9917,2012-06-01,2012-08-31,33.44000000,33.95000000,201206-201209,0.01525120
9917,2012-07-02,2012-09-28,34.02000000,35.61000000,201207-201210,0.04673721
9917,2012-08-01,2012-10-31,33.51000000,34.34000000,201208-201211,0.02476873
9917,2012-09-03,2012-11-30,34.11000000,34.39000000,201209-201212,0.00820874
9917,2012-10-01,2012-12-28,35.61000000,35.77000000,201210-201301,0.00449312
9917,2016-01-04,2016-03-31,60.48000000,59.52000000,201601-201604,-0.01587302
9917,2016-02-01,2016-04-29,61.76000000,58.12000000,201602-201605,-0.05893782
9917,2016-03-01,2016-05-31,59.33000000,57.60000000,201603-201606,-0.02915894
9917,2016-04-01,2016-06-30,59.52000000,59.52000000,201604-201607,0.00000000
9917,2016-05-03,2016-07-29,57.73000000,62.58000000,201605-201608,0.08401178
9917,2016-06-01,2016-08-31,57.60000000,60.24000000,201606-201609,0.04583333
9917,2016-07-01,2016-09-30,59.59000000,60.84000000,201607-201610,0.02097667
9917,2016-08-01,2016-10-31,62.38000000,60.44000000,201608-201611,-0.03109971
9917,2016-09-01,2016-11-30,60.71000000,58.11000000,201609-201612,-0.04282655
9917,2016-10-03,2016-12-30,60.84000000,59.17000000,201610-201701,-0.02744905
9917,2016-11-01,2017-01-24,60.44000000,58.17000000,201611-201702,-0.03755791
9917,2016-12-01,2017-02-24,58.04000000,60.11000000,201612-201703,0.03566506
9917,2017-01-03,2017-03-31,58.57000000,60.11000000,201701-201704,0.02629332
9917,2017-02-02,2017-04-28,58.37000000,58.84000000,201702-201705,0.00805208
9917,2017-03-01,2017-05-31,60.18000000,59.44000000,201703-201706,-0.01229644
9917,2017-04-05,2017-06-30,59.98000000,61.24000000,201704-201707,0.02100700
9917,2017-05-02,2017-07-31,59.17000000,62.07000000,201705-201708,0.04901132
9917,2017-06-01,2017-08-31,59.44000000,61.93000000,201706-201709,0.04189098
9917,2017-07-03,2017-09-30,62.11000000,61.79000000,201707-201710,-0.00515215
9917,2017-08-01,2017-10-31,61.79000000,61.65000000,201708-201711,-0.00226574
9917,2017-09-01,2017-11-30,61.38000000,63.32000000,201709-201712,0.03160639
9917,2017-10-02,2017-12-29,61.79000000,63.60000000,201710-201801,0.02929277
9917,2017-11-01,2018-01-31,61.86000000,62.56000000,201711-201802,0.01131587
9917,2017-12-01,2018-02-27,63.04000000,63.11000000,201712-201803,0.00111041
9917,2018-01-02,2018-03-31,63.87000000,62.76000000,201801-201804,-0.01737905
9917,2018-02-01,2018-04-30,62.56000000,61.79000000,201802-201805,-0.01230818
9917,2018-03-01,2018-05-31,63.18000000,62.83000000,201803-201806,-0.00553973
9917,2018-04-02,2018-06-29,62.90000000,62.21000000,201804-201807,-0.01096979
9917,2018-05-02,2018-07-31,62.42000000,64.43000000,201805-201808,0.03220122
9917,2018-06-01,2018-08-31,62.14000000,63.71000000,201806-201809,0.02526553
9917,2018-07-02,2018-09-28,62.21000000,64.07000000,201807-201810,0.02989873
9917,2018-08-01,2018-10-31,64.14000000,63.92000000,201808-201811,-0.00343000
9917,2018-09-03,2018-11-30,63.56000000,64.14000000,201809-201812,0.00912524
9917,2018-10-01,2018-12-28,64.87000000,64.21000000,201810-201901,-0.01017419
9917,2018-11-01,2019-01-30,62.47000000,62.76000000,201811-201902,0.00464223
9917,2018-12-03,2019-02-27,63.92000000,62.76000000,201812-201903,-0.01814768
9917,2019-01-02,2019-03-29,63.49000000,62.91000000,201901-201904,-0.00913530
9917,2019-02-11,2019-04-30,62.83000000,62.76000000,201902-201905,-0.00111412
9917,2019-03-04,2019-05-31,63.34000000,64.72000000,201903-201906,0.02178718
9917,2019-04-01,2019-06-28,63.20000000,64.36000000,201904-201907,0.01835443
9917,2019-05-02,2019-07-31,62.83000000,65.99000000,201905-201908,0.05029445
9917,2019-06-03,2019-08-30,64.79000000,65.38000000,201906-201909,0.00910634
9917,2019-07-01,2019-09-27,64.14000000,66.90000000,201907-201910,0.04303087
9917,2019-08-01,2019-10-31,65.91000000,66.22000000,201908-201911,0.00470338
9917,2019-09-02,2019-11-29,65.61000000,67.05000000,201909-201912,0.02194787
9917,2019-10-01,2019-12-31,66.98000000,67.51000000,201910-202001,0.00791281
9917,2019-11-01,2020-01-31,66.37000000,67.51000000,201911-202002,0.01717644
9917,2019-12-02,2020-02-27,66.98000000,67.13000000,201912-202003,0.00223947
9917,2020-01-02,2020-03-31,67.51000000,62.26000000,202001-202004,-0.07776626
9917,2020-02-03,2020-04-30,67.28000000,66.98000000,202002-202005,-0.00445898
9917,2020-03-02,2020-05-29,66.90000000,65.08000000,202003-202006,-0.02720478
9917,2020-04-01,2020-06-30,62.26000000,66.29000000,202004-202007,0.06472856
9917,2020-05-04,2020-07-31,65.84000000,68.44000000,202005-202008,0.03948967
9917,2020-06-01,2020-08-31,65.61000000,67.65000000,202006-202009,0.03109282
9917,2020-07-01,2020-09-30,66.22000000,67.01000000,202007-202010,0.01192993
9917,2020-08-03,2020-10-30,67.80000000,69.79000000,202008-202011,0.02935103
9917,2020-09-01,2020-11-30,67.73000000,70.59000000,202009-202012,0.04222649
9917,2020-10-05,2020-12-31,67.33000000,70.59000000,202010-202101,0.04841824
9921,2010-01-04,2010-03-31,56.38000000,57.63000000,201001-201004,0.02217098
9921,2010-02-01,2010-04-30,53.19000000,59.57000000,201002-201005,0.11994736
9921,2010-03-01,2010-05-31,56.26000000,60.14000000,201003-201006,0.06896552
9921,2010-04-01,2010-06-30,58.39000000,61.33000000,201004-201007,0.05035109
9921,2010-05-03,2010-07-30,59.70000000,69.77000000,201005-201008,0.16867672
9921,2010-06-01,2010-08-31,59.76000000,76.49000000,201006-201009,0.27995315
9921,2010-07-01,2010-09-30,59.76000000,77.48000000,201007-201010,0.29651941
9921,2010-08-02,2010-10-29,74.47000000,79.46000000,201008-201011,0.06700685
9921,2010-09-01,2010-11-30,80.45000000,77.15000000,201009-201012,-0.04101927
9921,2010-10-01,2010-12-31,77.15000000,78.47000000,201010-201101,0.01710953
9921,2010-11-01,2011-01-28,79.46000000,74.84000000,201011-201102,-0.05814246
9921,2010-12-01,2011-02-25,78.47000000,73.53000000,201012-201103,-0.06295400
9921,2011-01-03,2011-03-31,79.13000000,78.80000000,201101-201104,-0.00417035
9921,2011-02-08,2011-04-29,73.53000000,75.50000000,201102-201105,0.02679179
9921,2011-03-01,2011-05-31,76.49000000,69.24000000,201103-201106,-0.09478363
9921,2011-04-01,2011-06-30,82.10000000,76.16000000,201104-201107,-0.07235079
9921,2011-05-03,2011-07-29,75.50000000,79.50000000,201105-201108,0.05298013
9921,2011-06-01,2011-08-31,68.91000000,74.68000000,201106-201109,0.08373240
9921,2011-07-01,2011-09-30,76.49000000,78.13000000,201107-201110,0.02144071
9921,2011-08-01,2011-10-31,81.22000000,80.54000000,201108-201111,-0.00837232
9921,2011-09-01,2011-11-30,79.85000000,74.34000000,201109-201112,-0.06900438
9921,2011-10-03,2011-12-30,75.03000000,80.54000000,201110-201201,0.07343729
9921,2011-11-01,2012-01-31,80.54000000,86.04000000,201111-201202,0.06828905
9921,2011-12-01,2012-02-29,78.47000000,87.08000000,201112-201203,0.10972346
9921,2012-01-02,2012-03-30,79.50000000,89.14000000,201201-201204,0.12125786
9921,2012-02-01,2012-04-30,81.91000000,101.19000000,201202-201205,0.23538030
9921,2012-03-01,2012-05-31,86.73000000,96.71000000,201203-201206,0.11506976
9921,2012-04-02,2012-06-29,90.86000000,94.65000000,201204-201207,0.04171252
9921,2012-05-02,2012-07-31,101.87000000,113.58000000,201205-201208,0.11495043
9921,2012-06-01,2012-08-31,91.55000000,107.41000000,201206-201209,0.17323867
9921,2012-07-02,2012-09-28,93.61000000,110.62000000,201207-201210,0.18171136
9921,2012-08-01,2012-10-31,112.54000000,107.41000000,201208-201211,-0.04558379
9921,2012-09-03,2012-11-30,105.99000000,109.55000000,201209-201212,0.03358807
9921,2012-10-01,2012-12-28,110.62000000,118.44000000,201210-201301,0.07069246
9921,2016-01-04,2016-03-31,160.78000000,143.43000000,201601-201604,-0.10791143
9921,2016-02-01,2016-04-29,173.50000000,149.59000000,201602-201605,-0.13780980
9921,2016-03-01,2016-05-31,163.47000000,149.98000000,201603-201606,-0.08252279
9921,2016-04-01,2016-06-30,139.57000000,154.22000000,201604-201607,0.10496525
9921,2016-05-03,2016-07-29,151.91000000,165.79000000,201605-201608,0.09136989
9921,2016-06-01,2016-08-31,151.91000000,162.37000000,201606-201609,0.06885656
9921,2016-07-01,2016-09-30,157.69000000,175.47000000,201607-201610,0.11275287
9921,2016-08-01,2016-10-31,169.26000000,177.46000000,201608-201611,0.04844618
9921,2016-09-01,2016-11-30,165.55000000,150.86000000,201609-201612,-0.08873452
9921,2016-10-03,2016-12-30,177.86000000,145.30000000,201610-201701,-0.18306533
9921,2016-11-01,2017-01-24,177.46000000,162.77000000,201611-201702,-0.08277922
9921,2016-12-01,2017-02-24,150.86000000,150.86000000,201612-201703,0.00000000
9921,2017-01-03,2017-03-31,144.91000000,142.52000000,201701-201704,-0.01649300
9921,2017-02-02,2017-04-28,158.80000000,144.91000000,201702-201705,-0.08746851
9921,2017-03-01,2017-05-31,149.67000000,140.14000000,201703-201706,-0.06367341
9921,2017-04-05,2017-06-30,143.32000000,138.16000000,201704-201707,-0.03600335
9921,2017-05-02,2017-07-31,144.91000000,118.31000000,201705-201708,-0.18356221
9921,2017-06-01,2017-08-31,139.35000000,125.20000000,201706-201709,-0.10154288
9921,2017-07-03,2017-09-30,138.95000000,117.40000000,201707-201710,-0.15509176
9921,2017-08-01,2017-10-31,116.32000000,127.26000000,201708-201711,0.09405089
9921,2017-09-01,2017-11-30,125.20000000,123.15000000,201709-201712,-0.01637380
9921,2017-10-02,2017-12-29,117.81000000,134.24000000,201710-201801,0.13946185
9921,2017-11-01,2018-01-31,127.26000000,134.24000000,201711-201802,0.05484834
9921,2017-12-01,2018-02-27,122.74000000,125.61000000,201712-201803,0.02338276
9921,2018-01-02,2018-03-31,137.93000000,125.61000000,201801-201804,-0.08932067
9921,2018-02-01,2018-04-30,135.06000000,124.38000000,201802-201805,-0.07907597
9921,2018-03-01,2018-05-31,130.13000000,106.73000000,201803-201806,-0.17982018
9921,2018-04-02,2018-06-29,125.61000000,105.91000000,201804-201807,-0.15683465
9921,2018-05-02,2018-07-31,123.97000000,107.55000000,201805-201808,-0.13245140
9921,2018-06-01,2018-08-31,111.66000000,111.76000000,201806-201809,0.00089558
9921,2018-07-02,2018-09-28,110.02000000,110.49000000,201807-201810,0.00427195
9921,2018-08-01,2018-10-31,107.55000000,99.53000000,201808-201811,-0.07456997
9921,2018-09-03,2018-11-30,111.34000000,120.61000000,201809-201812,0.08325849
9921,2018-10-01,2018-12-28,112.18000000,121.88000000,201810-201901,0.08646818
9921,2018-11-01,2019-01-30,98.68000000,128.21000000,201811-201902,0.29925010
9921,2018-12-03,2019-02-27,119.35000000,142.97000000,201812-201903,0.19790532
9921,2019-01-02,2019-03-29,121.46000000,185.56000000,201901-201904,0.52774576
9921,2019-02-11,2019-04-30,128.21000000,198.63000000,201902-201905,0.54925513
9921,2019-03-04,2019-05-31,142.97000000,189.36000000,201903-201906,0.32447367
9921,2019-04-01,2019-06-28,176.28000000,204.96000000,201904-201907,0.16269571
9921,2019-05-02,2019-07-31,194.84000000,201.16000000,201905-201908,0.03243687
9921,2019-06-03,2019-08-30,188.51000000,188.00000000,201906-201909,-0.00270543
9921,2019-07-01,2019-09-27,206.65000000,181.55000000,201907-201910,-0.12146141
9921,2019-08-01,2019-10-31,198.63000000,194.45000000,201908-201911,-0.02104415
9921,2019-09-02,2019-11-29,184.56000000,190.15000000,201909-201912,0.03028825
9921,2019-10-01,2019-12-31,176.38000000,183.27000000,201910-202001,0.03906339
9921,2019-11-01,2020-01-31,194.88000000,154.87000000,201911-202002,-0.20530583
9921,2019-12-02,2020-02-27,189.72000000,141.54000000,201912-202003,-0.25395319
9921,2020-01-02,2020-03-31,180.26000000,115.29000000,202001-202004,-0.36042383
9921,2020-02-03,2020-04-30,152.29000000,152.72000000,202002-202005,0.00282356
9921,2020-03-02,2020-05-29,137.67000000,202.20000000,202003-202006,0.46872957
9921,2020-04-01,2020-06-30,113.14000000,227.15000000,202004-202007,1.00768959
9921,2020-05-04,2020-07-31,157.45000000,265.44000000,202005-202008,0.68586853
9921,2020-06-01,2020-08-31,200.48000000,266.51000000,202006-202009,0.32935954
9921,2020-07-01,2020-09-30,233.60000000,238.11000000,202007-202010,0.01930651
9921,2020-08-03,2020-10-30,265.01000000,245.54000000,202008-202011,-0.07346893
9921,2020-09-01,2020-11-30,266.51000000,246.85000000,202009-202012,-0.07376834
9921,2020-10-05,2020-12-31,241.17000000,240.30000000,202010-202101,-0.00360741
9933,2010-01-04,2010-03-31,15.06000000,15.27000000,201001-201004,0.01394422
9933,2010-02-01,2010-04-30,15.20000000,15.45000000,201002-201005,0.01644737
9933,2010-03-01,2010-05-31,14.81000000,14.99000000,201003-201006,0.01215395
9933,2010-04-01,2010-06-30,15.32000000,14.56000000,201004-201007,-0.04960836
9933,2010-05-03,2010-07-30,15.34000000,15.82000000,201005-201008,0.03129074
9933,2010-06-01,2010-08-31,14.99000000,17.36000000,201006-201009,0.15810540
9933,2010-07-01,2010-09-30,14.65000000,16.94000000,201007-201010,0.15631399
9933,2010-08-02,2010-10-29,15.87000000,16.99000000,201008-201011,0.07057341
9933,2010-09-01,2010-11-30,17.16000000,15.80000000,201009-201012,-0.07925408
9933,2010-10-01,2010-12-31,16.84000000,16.08000000,201010-201101,-0.04513064
9933,2010-11-01,2011-01-28,17.31000000,16.77000000,201011-201102,-0.03119584
9933,2011-03-01,2011-05-31,16.25000000,18.64000000,201103-201106,0.14707692
9933,2011-04-01,2011-06-30,16.54000000,18.54000000,201104-201107,0.12091898
9933,2011-05-03,2011-07-29,18.05000000,20.38000000,201105-201108,0.12908587
9933,2011-06-01,2011-08-31,18.57000000,20.10000000,201106-201109,0.08239095
9933,2011-07-01,2011-09-30,18.79000000,19.34000000,201107-201110,0.02927089
9933,2011-08-01,2011-10-31,20.25000000,20.07000000,201108-201111,-0.00888889
9933,2011-09-01,2011-11-30,20.15000000,20.07000000,201109-201112,-0.00397022
9933,2011-10-03,2011-12-30,19.23000000,21.64000000,201110-201201,0.12532501
9933,2011-11-01,2012-01-31,20.44000000,21.80000000,201111-201202,0.06653620
9933,2011-12-01,2012-02-29,20.62000000,25.00000000,201112-201203,0.21241513
9933,2012-01-02,2012-03-30,21.54000000,25.60000000,201201-201204,0.18848654
9933,2012-02-01,2012-04-30,21.46000000,29.56000000,201202-201205,0.37744641
9933,2012-03-01,2012-05-31,26.12000000,31.91000000,201203-201206,0.22166922
9933,2012-04-02,2012-06-29,26.57000000,29.14000000,201204-201207,0.09672563
9933,2012-05-02,2012-07-31,30.55000000,30.78000000,201205-201208,0.00752864
9933,2012-06-01,2012-08-31,30.39000000,31.22000000,201206-201209,0.02731162
9933,2012-07-02,2012-09-28,29.66000000,36.90000000,201207-201210,0.24409980
9933,2012-08-01,2012-10-31,30.84000000,32.00000000,201208-201211,0.03761349
9933,2012-09-03,2012-11-30,30.78000000,30.51000000,201209-201212,-0.00877193
9933,2012-10-01,2012-12-28,36.35000000,31.61000000,201210-201301,-0.13039890
9933,2016-01-04,2016-03-31,22.77000000,26.64000000,201601-201604,0.16996047
9933,2016-02-01,2016-04-29,23.87000000,26.49000000,201602-201605,0.10976121
9933,2016-03-01,2016-05-31,23.93000000,29.57000000,201603-201606,0.23568742
9933,2016-04-01,2016-06-30,26.27000000,29.60000000,201604-201607,0.12676056
9933,2016-05-03,2016-07-29,27.21000000,29.81000000,201605-201608,0.09555311
9933,2016-06-01,2016-08-31,29.76000000,29.81000000,201606-201609,0.00168011
9933,2016-07-01,2016-09-30,29.98000000,30.40000000,201607-201610,0.01400934
9933,2016-08-01,2016-10-31,30.47000000,30.70000000,201608-201611,0.00754841
9933,2016-09-01,2016-11-30,29.54000000,33.38000000,201609-201612,0.12999323
9933,2016-10-03,2016-12-30,30.47000000,32.26000000,201610-201701,0.05874631
9933,2016-11-01,2017-01-24,31.06000000,32.32000000,201611-201702,0.04056665
9933,2016-12-01,2017-02-24,33.85000000,33.71000000,201612-201703,-0.00413589
9933,2017-01-03,2017-03-31,32.39000000,35.10000000,201701-201704,0.08366780
9933,2017-02-02,2017-04-28,31.63000000,34.97000000,201702-201705,0.10559595
9933,2017-03-01,2017-05-31,33.71000000,32.82000000,201703-201706,-0.02640166
9933,2017-04-05,2017-06-30,35.10000000,34.31000000,201704-201707,-0.02250712
9933,2017-05-02,2017-07-31,34.44000000,34.32000000,201705-201708,-0.00348432
9933,2017-06-01,2017-08-31,32.72000000,34.01000000,201706-201709,0.03942543
9933,2017-07-03,2017-09-30,34.18000000,34.04000000,201707-201710,-0.00409596
9933,2017-08-01,2017-10-31,34.35000000,32.58000000,201708-201711,-0.05152838
9933,2017-09-01,2017-11-30,33.73000000,30.66000000,201709-201712,-0.09101690
9933,2017-10-02,2017-12-29,33.69000000,31.46000000,201710-201801,-0.06619175
9933,2017-11-01,2018-01-31,32.44000000,31.57000000,201711-201802,-0.02681874
9933,2017-12-01,2018-02-27,30.80000000,31.36000000,201712-201803,0.01818182
9933,2018-01-02,2018-03-31,31.50000000,33.76000000,201801-201804,0.07174603
9933,2018-02-01,2018-04-30,31.43000000,34.81000000,201802-201805,0.10754057
9933,2018-03-01,2018-05-31,31.71000000,34.25000000,201803-201806,0.08010091
9933,2018-04-02,2018-06-29,33.94000000,34.01000000,201804-201807,0.00206246
9933,2018-05-02,2018-07-31,34.01000000,34.16000000,201805-201808,0.00441047
9933,2018-06-01,2018-08-31,34.15000000,35.06000000,201806-201809,0.02664714
9933,2018-07-02,2018-09-28,34.49000000,36.59000000,201807-201810,0.06088721
9933,2018-08-01,2018-10-31,34.57000000,32.52000000,201808-201811,-0.05929997
9933,2018-09-03,2018-11-30,35.47000000,33.90000000,201809-201812,-0.04426276
9933,2018-10-01,2018-12-28,37.11000000,33.08000000,201810-201901,-0.10859607
9933,2018-11-01,2019-01-30,32.52000000,35.02000000,201811-201902,0.07687577
9933,2018-12-03,2019-02-27,33.46000000,35.92000000,201812-201903,0.07352062
9933,2019-01-02,2019-03-29,33.08000000,35.77000000,201901-201904,0.08131802
9933,2019-02-11,2019-04-30,35.43000000,35.69000000,201902-201905,0.00733841
9933,2019-03-04,2019-05-31,36.10000000,34.91000000,201903-201906,-0.03296399
9933,2019-04-01,2019-06-28,35.47000000,34.46000000,201904-201907,-0.02847477
9933,2019-05-02,2019-07-31,35.47000000,35.61000000,201905-201908,0.00394700
9933,2019-06-03,2019-08-30,34.28000000,34.28000000,201906-201909,0.00000000
9933,2019-07-01,2019-09-27,34.50000000,32.63000000,201907-201910,-0.05420290
9933,2019-08-01,2019-10-31,35.10000000,32.01000000,201908-201911,-0.08803419
9933,2019-09-02,2019-11-29,34.12000000,29.46000000,201909-201912,-0.13657679
9933,2019-10-01,2019-12-31,32.79000000,29.82000000,201910-202001,-0.09057640
9933,2019-11-01,2020-01-31,32.01000000,29.50000000,201911-202002,-0.07841300
9933,2020-06-01,2020-08-31,26.84000000,29.72000000,202006-202009,0.10730253
9938,2016-01-04,2016-03-31,54.60000000,73.10000000,201601-201604,0.33882784
9938,2016-02-01,2016-04-29,61.05000000,73.63000000,201602-201605,0.20606061
9938,2016-03-01,2016-05-31,61.58000000,66.96000000,201603-201606,0.08736603
9938,2016-04-01,2016-06-30,73.26000000,65.22000000,201604-201607,-0.10974611
9938,2016-05-03,2016-07-29,73.18000000,74.32000000,201605-201608,0.01557803
9938,2016-06-01,2016-08-31,68.10000000,70.76000000,201606-201609,0.03906021
9938,2016-07-01,2016-09-30,64.53000000,86.80000000,201607-201610,0.34511080
9938,2016-08-01,2016-10-31,73.26000000,83.31000000,201608-201611,0.13718264
9938,2016-09-01,2016-11-30,70.99000000,75.10000000,201609-201612,0.05789548
9938,2016-10-03,2016-12-30,85.25000000,73.94000000,201610-201701,-0.13266862
9938,2016-11-01,2017-01-24,84.48000000,73.86000000,201611-201702,-0.12571023
9938,2016-12-01,2017-02-24,75.49000000,71.69000000,201612-201703,-0.05033779
9938,2017-01-03,2017-03-31,74.01000000,80.60000000,201701-201704,0.08904202
9938,2017-02-02,2017-04-28,72.93000000,77.89000000,201702-201705,0.06801042
9938,2017-03-01,2017-05-31,72.08000000,77.89000000,201703-201706,0.08060488
9938,2017-04-05,2017-06-30,86.80000000,88.74000000,201704-201707,0.02235023
9938,2017-05-02,2017-07-31,79.44000000,99.97000000,201705-201708,0.25843404
9938,2017-06-01,2017-08-31,77.89000000,100.37000000,201706-201709,0.28861215
9938,2017-07-03,2017-09-30,88.35000000,109.89000000,201707-201710,0.24380306
9938,2017-08-01,2017-10-31,99.97000000,98.78000000,201708-201711,-0.01190357
9938,2017-09-01,2017-11-30,98.38000000,90.84000000,201709-201712,-0.07664159
9938,2017-10-02,2017-12-29,109.89000000,96.00000000,201710-201801,-0.12639913
9938,2017-11-01,2018-01-31,97.19000000,79.74000000,201711-201802,-0.17954522
9938,2017-12-01,2018-02-27,91.64000000,77.36000000,201712-201803,-0.15582715
9938,2018-01-02,2018-03-31,96.00000000,65.85000000,201801-201804,-0.31406250
9939,2011-08-01,2011-10-31,47.02000000,35.24000000,201108-201111,-0.25053169
9939,2011-09-01,2011-11-30,42.70000000,28.92000000,201109-201112,-0.32271663
9939,2011-10-03,2011-12-30,35.35000000,30.16000000,201110-201201,-0.14681754
9940,2010-11-01,2011-01-28,14.92000000,15.93000000,201011-201102,0.06769437
9940,2011-01-03,2011-03-31,16.95000000,13.09000000,201101-201104,-0.22772861
9940,2011-02-08,2011-04-29,15.86000000,14.72000000,201102-201105,-0.07187894
9940,2011-06-01,2011-08-31,15.02000000,15.10000000,201106-201109,0.00532623
9940,2011-08-01,2011-10-31,17.34000000,12.85000000,201108-201111,-0.25893887
9940,2011-09-01,2011-11-30,14.99000000,11.46000000,201109-201112,-0.23549033
9940,2011-12-01,2012-02-29,12.11000000,13.78000000,201112-201203,0.13790256
9940,2012-01-02,2012-03-30,11.47000000,14.56000000,201201-201204,0.26939843
9940,2012-03-01,2012-05-31,14.28000000,12.99000000,201203-201206,-0.09033613
9940,2012-04-02,2012-06-29,14.49000000,13.13000000,201204-201207,-0.09385783
9940,2012-05-02,2012-07-31,14.00000000,13.25000000,201205-201208,-0.05357143
9941,2017-06-01,2017-08-31,45.06000000,48.29000000,201706-201709,0.07168220
9941,2017-07-03,2017-09-30,45.47000000,43.16000000,201707-201710,-0.05080273
9941,2017-08-01,2017-10-31,48.72000000,46.16000000,201708-201711,-0.05254516
9941,2017-09-01,2017-11-30,46.80000000,48.72000000,201709-201712,0.04102564
9941,2017-11-01,2018-01-31,48.29000000,48.51000000,201711-201802,0.00455581
9941,2017-12-01,2018-02-27,47.87000000,48.29000000,201712-201803,0.00877376
9941,2018-01-02,2018-03-31,47.01000000,51.07000000,201801-201804,0.08636460
9941,2018-02-01,2018-04-30,48.51000000,56.20000000,201802-201805,0.15852402
9941,2018-03-01,2018-05-31,48.72000000,52.57000000,201803-201806,0.07902299
9941,2018-04-02,2018-06-29,51.28000000,50.64000000,201804-201807,-0.01248050
9941,2018-05-02,2018-07-31,55.13000000,50.37000000,201805-201808,-0.08634137
9941,2018-06-01,2018-08-31,52.57000000,46.33000000,201806-201809,-0.11869888
9941,2018-07-02,2018-09-28,50.43000000,45.88000000,201807-201810,-0.09022407
9941,2018-08-01,2018-10-31,50.60000000,38.27000000,201808-201811,-0.24367589
9941,2018-09-03,2018-11-30,46.10000000,41.15000000,201809-201812,-0.10737527
9941,2018-11-01,2019-01-30,38.32000000,45.20000000,201811-201902,0.17954071
9941,2018-12-03,2019-02-27,41.69000000,46.55000000,201812-201903,0.11657472
9941,2019-01-02,2019-03-29,41.06000000,51.50000000,201901-201904,0.25426206
9941,2019-02-11,2019-04-30,45.43000000,51.95000000,201902-201905,0.14351750
9941,2019-03-04,2019-05-31,47.00000000,50.15000000,201903-201906,0.06702128
9941,2019-04-01,2019-06-28,51.95000000,51.72000000,201904-201907,-0.00442733
9941,2019-05-02,2019-07-31,53.07000000,60.66000000,201905-201908,0.14301865
9941,2019-06-03,2019-08-30,49.92000000,56.79000000,201906-201909,0.13762019
9941,2019-07-01,2019-09-27,52.17000000,57.56000000,201907-201910,0.10331608
9941,2019-08-01,2019-10-31,60.40000000,58.34000000,201908-201911,-0.03410596
9941,2019-09-02,2019-11-29,58.85000000,59.37000000,201909-201912,0.00883602
9941,2019-10-01,2019-12-31,57.82000000,59.11000000,201910-202001,0.02231062
9941,2019-11-01,2020-01-31,58.08000000,57.30000000,201911-202002,-0.01342975
9941,2019-12-02,2020-02-27,59.63000000,55.24000000,201912-202003,-0.07362066
9941,2020-01-02,2020-03-31,58.85000000,44.81000000,202001-202004,-0.23857264
9941,2020-02-03,2020-04-30,55.24000000,52.14000000,202002-202005,-0.05611875
9941,2020-03-02,2020-05-29,54.98000000,51.52000000,202003-202006,-0.06293198
9941,2020-04-01,2020-06-30,44.50000000,56.27000000,202004-202007,0.26449438
9941,2020-05-04,2020-07-31,50.59000000,54.21000000,202005-202008,0.07155564
9941,2020-06-01,2020-08-31,52.92000000,58.95000000,202006-202009,0.11394558
9941,2020-07-01,2020-09-30,57.05000000,58.54000000,202007-202010,0.02611744
9941,2020-08-03,2020-10-30,53.69000000,57.12000000,202008-202011,0.06388527
9941,2020-10-05,2020-12-31,58.66000000,59.43000000,202010-202101,0.01312649
9945,2010-01-04,2010-03-31,14.61000000,15.24000000,201001-201004,0.04312115
9945,2010-02-01,2010-04-30,13.48000000,17.51000000,201002-201005,0.29896142
9945,2010-03-01,2010-05-31,14.12000000,17.34000000,201003-201006,0.22804533
9945,2010-04-01,2010-06-30,15.95000000,17.37000000,201004-201007,0.08902821
9945,2010-05-03,2010-07-30,16.73000000,18.56000000,201005-201008,0.10938434
9945,2010-06-01,2010-08-31,16.93000000,17.66000000,201006-201009,0.04311872
9945,2010-07-01,2010-09-30,16.86000000,17.90000000,201007-201010,0.06168446
9945,2010-08-02,2010-10-29,19.23000000,17.38000000,201008-201011,-0.09620385
9945,2010-09-01,2010-11-30,18.13000000,18.34000000,201009-201012,0.01158301
9945,2010-10-01,2010-12-31,17.76000000,17.55000000,201010-201101,-0.01182432
9945,2010-11-01,2011-01-28,17.73000000,15.06000000,201011-201102,-0.15059222
9945,2010-12-01,2011-02-25,18.41000000,15.28000000,201012-201103,-0.17001630
9945,2011-01-03,2011-03-31,17.76000000,16.36000000,201101-201104,-0.07882883
9945,2011-02-08,2011-04-29,15.62000000,16.32000000,201102-201105,0.04481434
9945,2011-03-01,2011-05-31,15.06000000,13.43000000,201103-201106,-0.10823373
9945,2011-04-01,2011-06-30,16.70000000,13.81000000,201104-201107,-0.17305389
9945,2011-05-03,2011-07-29,15.30000000,14.78000000,201105-201108,-0.03398693
9945,2011-06-01,2011-08-31,13.62000000,11.36000000,201106-201109,-0.16593245
9945,2011-07-01,2011-09-30,13.55000000,10.37000000,201107-201110,-0.23468635
9945,2011-08-01,2011-10-31,15.33000000,12.81000000,201108-201111,-0.16438356
9945,2011-09-01,2011-11-30,11.27000000,10.72000000,201109-201112,-0.04880213
9945,2011-10-03,2011-12-30,10.20000000,11.45000000,201110-201201,0.12254902
9945,2011-11-01,2012-01-31,12.97000000,12.91000000,201111-201202,-0.00462606
9945,2011-12-01,2012-02-29,11.47000000,13.83000000,201112-201203,0.20575414
9945,2012-01-02,2012-03-30,11.27000000,15.37000000,201201-201204,0.36379769
9945,2012-02-01,2012-04-30,12.91000000,14.86000000,201202-201205,0.15104570
9945,2012-03-01,2012-05-31,13.96000000,15.46000000,201203-201206,0.10744986
9945,2012-04-02,2012-06-29,16.08000000,16.11000000,201204-201207,0.00186567
9945,2012-05-02,2012-07-31,15.26000000,18.02000000,201205-201208,0.18086501
9945,2012-06-01,2012-08-31,14.91000000,18.14000000,201206-201209,0.21663313
9945,2012-07-02,2012-09-28,16.01000000,20.05000000,201207-201210,0.25234229
9945,2012-08-01,2012-10-31,17.56000000,17.70000000,201208-201211,0.00797267
9945,2012-09-03,2012-11-30,18.32000000,19.98000000,201209-201212,0.09061135
9945,2012-10-01,2012-12-28,20.19000000,21.60000000,201210-201301,0.06983655
9945,2016-01-04,2016-03-31,17.72000000,17.23000000,201601-201604,-0.02765237
9945,2016-02-01,2016-04-29,16.79000000,15.39000000,201602-201605,-0.08338297
9945,2016-03-01,2016-05-31,19.34000000,15.96000000,201603-201606,-0.17476732
9945,2016-04-01,2016-06-30,16.83000000,15.84000000,201604-201607,-0.05882353
9945,2016-05-03,2016-07-29,14.86000000,16.15000000,201605-201608,0.08681023
9945,2016-06-01,2016-08-31,15.81000000,15.71000000,201606-201609,-0.00632511
9945,2016-07-01,2016-09-30,16.07000000,16.13000000,201607-201610,0.00373367
9945,2016-08-01,2016-10-31,16.28000000,15.39000000,201608-201611,-0.05466830
9945,2016-09-01,2016-11-30,15.52000000,16.11000000,201609-201612,0.03801546
9945,2016-10-03,2016-12-30,16.41000000,15.56000000,201610-201701,-0.05179768
9945,2016-11-01,2017-01-24,15.16000000,16.09000000,201611-201702,0.06134565
9945,2016-12-01,2017-02-24,16.09000000,16.34000000,201612-201703,0.01553760
9945,2017-01-03,2017-03-31,15.54000000,15.37000000,201701-201704,-0.01093951
9945,2017-02-02,2017-04-28,15.98000000,15.58000000,201702-201705,-0.02503129
9945,2017-03-01,2017-05-31,16.45000000,14.74000000,201703-201706,-0.10395137
9945,2017-04-05,2017-06-30,15.54000000,14.50000000,201704-201707,-0.06692407
9945,2017-05-02,2017-07-31,15.52000000,13.83000000,201705-201708,-0.10889175
9945,2017-06-01,2017-08-31,14.48000000,13.95000000,201706-201709,-0.03660221
9945,2017-07-03,2017-09-30,14.61000000,13.24000000,201707-201710,-0.09377139
9945,2017-08-01,2017-10-31,14.04000000,14.61000000,201708-201711,0.04059829
9945,2017-09-01,2017-11-30,13.90000000,14.73000000,201709-201712,0.05971223
9945,2017-10-02,2017-12-29,13.36000000,15.08000000,201710-201801,0.12874251
9945,2017-11-01,2018-01-31,14.52000000,15.79000000,201711-201802,0.08746556
9945,2017-12-01,2018-02-27,14.49000000,15.18000000,201712-201803,0.04761905
9945,2018-01-02,2018-03-31,15.11000000,16.10000000,201801-201804,0.06551952
9945,2018-02-01,2018-04-30,15.63000000,16.83000000,201802-201805,0.07677543
9945,2018-03-01,2018-05-31,15.34000000,17.07000000,201803-201806,0.11277705
9945,2018-04-02,2018-06-29,16.10000000,16.62000000,201804-201807,0.03229814
9945,2018-05-02,2018-07-31,16.99000000,16.62000000,201805-201808,-0.02177752
9945,2018-06-01,2018-08-31,16.97000000,16.94000000,201806-201809,-0.00176783
9945,2018-07-02,2018-09-26,16.38000000,17.50000000,201807-201810,0.06837607
9945,2018-08-01,2018-10-31,16.50000000,14.16000000,201808-201811,-0.14181818
9945,2018-09-03,2018-11-30,16.70000000,16.19000000,201809-201812,-0.03053892
9945,2018-10-08,2018-12-28,16.71000000,14.81000000,201810-201901,-0.11370437
9945,2018-11-01,2019-01-30,14.24000000,15.39000000,201811-201902,0.08075843
9945,2018-12-03,2019-02-27,16.06000000,16.05000000,201812-201903,-0.00062267
9945,2019-01-02,2019-03-29,14.69000000,15.42000000,201901-201904,0.04969367
9945,2019-02-11,2019-04-30,15.47000000,14.03000000,201902-201905,-0.09308339
9945,2019-03-04,2019-05-31,15.98000000,13.53000000,201903-201906,-0.15331665
9945,2019-04-01,2019-06-28,15.15000000,14.69000000,201904-201907,-0.03036304
9945,2019-05-02,2019-07-31,14.00000000,14.31000000,201905-201908,0.02214286
9945,2019-06-03,2019-08-30,13.60000000,14.69000000,201906-201909,0.08014706
9945,2019-07-01,2019-09-27,14.74000000,14.33000000,201907-201910,-0.02781547
9945,2019-08-01,2019-10-31,14.19000000,16.05000000,201908-201911,0.13107822
9945,2019-09-02,2019-11-29,14.79000000,15.74000000,201909-201912,0.06423259
9945,2019-10-01,2019-12-31,14.52000000,15.60000000,201910-202001,0.07438017
9945,2019-11-01,2020-01-31,16.05000000,14.66000000,201911-202002,-0.08660436
9945,2019-12-02,2020-02-27,15.79000000,14.17000000,201912-202003,-0.10259658
9945,2020-01-02,2020-03-31,15.59000000,13.19000000,202001-202004,-0.15394484
9945,2020-02-03,2020-04-30,14.36000000,15.40000000,202002-202005,0.07242340
9945,2020-03-02,2020-05-29,14.20000000,15.78000000,202003-202006,0.11126761
9945,2020-04-01,2020-06-30,14.50000000,17.64000000,202004-202007,0.21655172
9945,2020-05-04,2020-07-31,15.10000000,17.85000000,202005-202008,0.18211921
9945,2020-06-01,2020-08-31,15.90000000,21.96000000,202006-202009,0.38113208
9945,2020-07-01,2020-09-30,17.85000000,19.77000000,202007-202010,0.10756303
9945,2020-08-03,2020-10-30,18.34000000,20.07000000,202008-202011,0.09432933
9945,2020-09-01,2020-11-30,21.27000000,21.37000000,202009-202012,0.00470146
9945,2020-10-05,2020-12-31,19.95000000,20.78000000,202010-202101,0.04160401
