date,stock_id,Trading_Volume,Trading_money,open,max,min,close,spread,Trading_turnover
2021-01-04,2024,58311,960551,15.22,15.22,14.95,15.04,-0.09,49
2021-01-05,2024,113081,1850345,15.04,15.31,14.72,14.81,-0.23,67
2021-01-06,2024,52616,821248,14.81,14.81,13.94,13.98,-0.83,53
2021-01-07,2024,152700,2312354,13.98,14.12,13.75,13.8,-0.18,72
2021-01-08,2024,45360,681273,13.85,13.85,13.71,13.75,-0.05,36
2021-01-11,2024,66100,1006599,13.85,14.08,13.85,14.08,0.33,53
2021-01-12,2024,142945,2131229,14.08,14.08,13.39,13.43,-0.65,92
2021-01-13,2024,35482,525281,13.57,13.71,13.52,13.57,0.14,29
2021-01-14,2024,25560,381219,13.75,13.75,13.62,13.62,0.05,18
2021-01-15,2024,54133,790849,13.34,13.48,13.16,13.16,-0.46,39
2021-01-18,2024,221087,3265299,13.16,13.75,12.97,13.71,0.55,73
2021-01-19,2024,61478,921984,13.98,13.98,13.57,13.75,0.04,41
2021-01-20,2024,56193,811974,13.62,13.62,13.2,13.3,-0.45,44
2021-01-21,2024,25466,365336,13.11,13.3,13.11,13.25,-0.05,41
2021-01-22,2024,15351,219729,13.11,13.25,13.11,13.25,0.0,14
2021-01-25,2024,17366,248808,13.11,13.2,13.11,13.2,-0.05,21
2021-01-26,2024,30767,439474,13.07,13.2,13.02,13.2,0.0,29
2021-01-27,2024,15007,217051,13.25,13.34,13.2,13.34,0.14,17
2021-01-28,2024,40042,563300,13.34,13.34,12.61,12.97,-0.37,37
2021-01-29,2024,85453,1218720,13.02,13.25,12.88,13.25,0.28,49
2021-02-01,2024,32108,456374,13.48,13.48,12.97,12.97,-0.28,27
2021-02-02,2024,5072,72627,13.07,13.25,13.07,13.2,0.23,13
2021-02-03,2024,26532,379056,13.02,13.11,13.02,13.11,-0.09,14
2021-02-04,2024,49234,697612,13.02,13.02,12.88,12.88,-0.23,32
2021-02-05,2024,37663,526678,12.79,12.84,12.79,12.79,-0.09,35
2021-02-17,2024,173246,2552233,12.84,13.66,12.79,13.62,0.83,70
2021-02-18,2024,14626,216730,13.66,13.71,13.39,13.62,0.0,20
2021-02-19,2024,12633,185022,13.52,13.57,13.34,13.39,-0.23,26
2021-02-22,2024,15160,223440,13.48,13.57,13.48,13.57,0.18,27
2021-02-23,2024,386760,5968900,13.66,14.58,13.3,14.17,0.6,213
2021-02-24,2024,85449,1305103,14.21,14.26,13.62,13.62,-0.55,57
2021-02-25,2024,42063,619560,13.57,13.57,13.43,13.57,-0.05,85
2021-02-26,2024,110548,1637415,13.52,13.8,13.2,13.75,0.18,165
2021-03-02,2024,40036,596869,13.75,13.8,13.57,13.71,-0.04,189
2021-03-03,2024,76955,1163124,13.85,13.94,13.71,13.94,0.23,175
2021-03-04,2024,358016,5719052,13.94,15.08,13.94,14.81,0.87,287
2021-03-05,2024,923653,15406706,14.81,15.68,14.67,15.54,0.73,421
2021-03-08,2024,190397,3221912,15.59,15.86,15.13,15.22,-0.32,279
2021-03-09,2024,293042,4959593,15.27,15.82,15.08,15.68,0.46,233
2021-03-10,2024,98208,1657937,15.77,15.86,15.13,15.68,0.0,163
2021-03-11,2024,117492,1932645,15.77,15.77,14.76,15.13,-0.55,176
2021-03-12,2024,40208,655176,15.13,15.13,14.76,14.95,-0.18,81
2021-03-15,2024,38220,622438,15.27,15.27,14.81,15.08,0.13,160
2021-03-16,2024,375444,6374992,15.04,15.77,14.95,15.77,0.69,210
2021-03-17,2024,125438,2154814,15.59,16.0,15.4,16.0,0.23,183
2021-03-18,2024,36377,634149,16.05,16.05,15.86,15.91,-0.09,114
2021-03-19,2024,23387,395490,15.45,15.54,15.45,15.5,-0.41,135
2021-03-22,2024,126790,2124362,15.22,15.5,15.22,15.5,0.0,176
2021-03-23,2024,7345,123542,15.45,15.5,15.36,15.4,-0.1,102
2021-03-24,2024,47382,786946,15.27,15.31,15.18,15.22,-0.18,196
2021-03-25,2024,46732,786441,15.22,15.59,15.18,15.31,0.09,167
2021-03-26,2024,58986,982991,15.31,15.31,15.13,15.22,-0.09,180
2021-03-29,2024,34471,574554,15.5,15.5,15.22,15.27,0.05,219
2021-03-30,2024,172029,2948601,15.4,16.05,15.31,16.05,0.78,229
2021-03-31,2024,33067,567643,15.86,15.86,15.63,15.63,-0.42,58
2021-04-01,2024,23056,388533,15.63,15.63,15.36,15.36,-0.27,41
2021-04-06,2024,164297,2730871,15.36,15.36,15.13,15.13,-0.23,108
2021-04-07,2024,77046,1283906,15.08,15.4,15.08,15.18,0.05,62
2021-04-08,2024,167213,2849403,15.31,15.77,15.31,15.63,0.45,115
2021-04-09,2024,80330,1352092,15.68,15.68,15.31,15.31,-0.32,66
2021-04-12,2024,95855,1628471,15.31,15.77,15.31,15.73,0.42,100
2021-04-13,2024,109716,1870310,15.73,16.05,15.18,15.27,-0.46,100
2021-04-14,2024,111888,1887120,15.27,15.77,15.22,15.27,0.0,88
2021-04-15,2024,939038,16877535,15.5,16.78,15.5,16.78,1.51,365
2021-04-16,2024,1379780,27390520,17.24,18.43,17.15,18.43,1.65,417
2021-04-19,2024,3095291,66872784,18.57,20.26,18.57,20.26,1.83,1059
2021-04-20,2024,1461537,31384295,20.86,20.86,18.71,19.76,-0.5,805
2021-04-21,2024,895980,18880777,19.35,20.08,18.84,19.26,-0.5,561
2021-04-22,2024,2412770,54119258,19.26,21.18,19.03,19.35,0.09,1187
2021-04-23,2024,653950,13330773,20.17,20.17,17.93,18.06,-1.29,442
2021-04-26,2024,533547,11000536,18.48,19.26,18.25,19.12,1.06,340
2021-04-27,2024,261906,5398925,19.16,19.3,18.61,19.12,0.0,170
2021-04-28,2024,407268,8205908,19.21,19.21,18.34,18.34,-0.78,221
2021-04-29,2024,438654,9001054,18.61,19.21,18.34,18.66,0.32,267
2021-05-03,2024,748354,15712012,20.08,20.08,17.93,17.93,-0.73,398
2021-05-04,2024,462983,8418915,17.93,18.29,16.14,16.41,-1.52,283
2021-05-05,2024,380406,7070734,16.41,17.79,15.82,17.7,1.29,233
2021-05-06,2024,391815,7761712,17.7,18.8,17.24,18.34,0.64,267
2021-05-07,2024,164472,3252239,18.34,18.38,17.93,18.34,0.0,159
2021-05-10,2024,635710,13406187,18.34,19.81,18.34,19.58,1.24,437
2021-05-11,2024,1036220,22297840,19.71,20.63,17.74,18.48,-1.1,737
2021-05-12,2024,322521,6048703,18.48,18.61,16.64,16.64,-1.84,211
2021-05-13,2024,245864,4145551,15.63,16.23,15.04,15.22,-1.42,179
2021-05-14,2024,332035,5147842,15.95,15.95,13.71,13.8,-1.42,214
2021-05-17,2024,382029,5442154,12.65,13.75,12.65,13.07,-0.73,168
2021-05-18,2024,167493,2599111,13.71,14.35,13.66,14.35,1.28,90
2021-05-19,2024,411542,6826572,14.95,15.68,14.67,15.45,1.1,287
2021-05-20,2024,246026,3967266,15.82,15.82,14.49,14.76,-0.69,168
2021-05-21,2024,133673,2165648,14.99,15.27,14.49,14.95,0.19,116
2021-05-24,2024,114484,1857049,14.63,15.18,14.63,14.76,-0.19,76
2021-05-25,2024,91859,1475946,14.76,14.85,14.67,14.72,-0.04,67
2021-05-26,2024,65475,1050433,14.67,14.95,14.3,14.76,0.04,56
2021-05-27,2024,188191,3104814,14.67,15.31,14.67,15.31,0.55,111
2021-05-28,2024,779043,14002312,15.63,16.83,15.59,16.83,1.52,415
2021-05-31,2024,1396149,27756878,17.83,18.48,17.38,17.51,0.68,612
2021-06-01,2024,557065,10279732,16.87,17.51,16.37,16.83,-0.68,368
2021-06-02,2024,379356,7158911,16.96,17.65,16.78,17.33,0.5,265
2021-06-03,2024,225324,4235359,17.88,17.88,17.01,17.01,-0.32,151
2021-06-04,2024,284041,5274472,16.92,17.51,16.41,16.41,-0.6,189
2021-06-07,2024,160062,2827647,16.96,16.96,15.59,16.0,-0.41,105
2021-06-08,2024,63252,1116556,16.41,16.41,16.05,16.14,0.14,59
2021-06-09,2024,112060,1942411,16.28,16.28,15.59,15.82,-0.32,105
2021-06-10,2024,123005,2103486,15.82,15.91,15.45,15.68,-0.14,83
2021-06-11,2024,64067,1104246,15.77,15.91,15.68,15.82,0.14,58
2021-06-15,2024,154331,2719581,15.86,16.51,15.73,16.51,0.69,156
2021-06-16,2024,151134,2678693,16.46,16.46,16.05,16.14,-0.37,102
2021-06-17,2024,152529,2712807,16.18,16.64,16.05,16.09,-0.05,115
2021-06-18,2024,252469,4330723,16.09,16.09,15.59,15.68,-0.41,172
2021-06-21,2024,162553,2758737,15.68,15.86,15.27,15.36,-0.32,96
2021-06-22,2024,642109,11643643,15.59,16.87,15.59,16.87,1.51,374
2021-06-23,2024,1009646,19253263,18.25,18.43,16.55,17.1,0.23,573
2021-06-24,2024,774949,14795738,16.69,18.02,16.69,17.61,0.51,443
2021-06-25,2024,3398730,70996485,18.48,19.35,17.79,19.35,1.74,1224
2021-06-28,2024,1916710,44467658,21.27,21.27,21.27,21.27,1.92,348
2021-06-29,2024,2190065,55846650,23.38,23.38,23.38,23.38,2.11,383
2021-06-30,2024,282315,7918922,25.72,25.72,25.72,25.72,2.34,121
2021-07-01,2024,9820783,299549480,28.29,28.29,26.73,28.29,2.57,3959
2021-07-02,2024,10287642,327827997,28.43,31.04,26.59,30.17,1.88,5658
2021-07-05,2024,2479246,77850408,30.63,30.63,27.6,28.15,-2.02,1567
2021-07-06,2024,1081607,31703664,28.61,28.61,26.32,26.77,-1.38,737
2021-07-07,2024,1437361,40112772,26.22,26.22,25.08,25.26,-1.51,845
2021-07-08,2024,1061634,30401337,25.63,26.96,24.94,26.36,1.1,688
2021-07-09,2024,483100,13648364,25.49,26.36,25.49,25.77,-0.59,326
2021-07-12,2024,637083,18573928,27.46,27.51,25.9,26.13,0.36,460
2021-07-13,2024,729129,19563889,25.72,25.72,23.52,23.52,-2.61,500
2021-07-14,2024,452922,10914613,22.92,23.34,21.18,22.51,-1.01,281
2021-07-15,2024,843653,21914187,22.28,24.76,22.28,24.76,2.25,488
2021-07-16,2024,904346,24054399,24.12,25.12,23.89,24.48,-0.28,522
2021-07-19,2024,2094339,60504967,25.22,26.91,24.48,26.91,2.43,834
2021-07-20,2024,3374601,97537256,27.23,28.38,24.76,25.67,-1.24,1986
2021-07-21,2024,1696917,47994416,26.96,27.42,24.53,24.71,-0.96,1062
2021-07-22,2024,1289432,33173414,25.12,25.22,22.47,22.79,-1.92,789
2021-07-23,2024,581002,14908234,23.38,24.21,22.83,23.38,0.59,441
2021-07-26,2024,409129,10164690,23.84,23.84,22.28,22.37,-1.01,327
2021-07-27,2024,521310,12456101,22.51,22.56,21.36,21.41,-0.96,338
2021-07-28,2024,640554,15112519,21.23,22.69,20.59,21.23,-0.18,441
2021-07-29,2024,648274,15983612,21.59,23.34,21.55,23.34,2.11,442
2021-07-30,2024,2454273,66250194,23.47,25.49,23.43,24.3,0.96,1410
2021-08-02,2024,1543120,40707275,24.76,26.18,23.06,25.67,1.37,995
2021-08-03,2024,715476,19412013,25.12,25.4,24.44,24.94,-0.73,529
2021-08-04,2024,404586,10859832,25.31,25.67,24.07,24.34,-0.6,328
2021-08-05,2024,544940,13834668,24.48,24.62,22.65,22.92,-1.42,413
2021-08-06,2024,448936,11370849,22.83,23.84,22.47,22.92,0.0,330
2021-08-09,2024,404452,10290769,23.57,23.79,22.97,22.97,0.05,291
2021-08-10,2024,193901,4850398,23.57,23.57,22.51,22.69,-0.28,167
2021-08-11,2024,485840,12328124,23.11,24.3,22.51,22.65,-0.04,382
2021-08-12,2024,1207309,31818871,23.47,24.9,22.83,24.9,2.25,734
2021-08-13,2024,1413311,37152134,24.9,24.9,23.43,23.75,-1.15,895
2021-08-16,2024,3456265,95311692,24.16,26.09,24.07,26.09,2.34,2037
2021-08-17,2024,14655147,427795037,26.82,28.24,24.85,26.55,0.46,8438
2021-08-18,2024,6029682,171421367,24.99,28.2,24.3,26.96,0.41,3612
2021-08-19,2024,5017407,149611820,26.41,28.61,26.13,26.13,-0.83,3130
2021-08-20,2024,3256249,89705917,26.04,26.77,24.02,24.12,-2.01,2028
2021-08-23,2024,1443496,39438792,24.3,26.04,24.21,24.3,0.18,1036
2021-08-24,2024,1370027,35779831,24.53,24.94,23.38,23.38,-0.92,930
2021-08-25,2024,756801,19390505,23.47,24.12,23.29,23.52,0.14,501
2021-08-26,2024,8908135,248980990,23.61,25.86,23.61,25.86,2.34,2857
2021-08-27,2024,2891271,77637627,25.08,25.22,24.12,24.3,-1.56,1661
2021-08-30,2024,1766133,46568912,24.57,24.9,23.75,24.16,-0.14,1029
2021-08-31,2024,1330621,35523312,24.44,24.9,23.89,24.48,0.32,897
2021-09-01,2024,1256952,33630338,24.48,25.17,24.16,24.39,-0.09,693
2021-09-02,2024,1335317,34461023,24.39,24.67,23.2,23.34,-1.05,650
2021-09-03,2024,1117303,28729069,23.47,24.3,23.06,23.06,-0.28,686
2021-09-06,2024,1151587,28580412,22.65,23.75,22.01,22.01,-1.05,716
2021-09-07,2024,1020738,23985026,21.69,22.28,21.23,21.36,-0.65,590
2021-09-08,2024,774619,17957855,21.09,21.82,20.86,20.86,-0.5,500
2021-09-09,2024,606002,13980297,21.0,21.97,20.86,21.42,0.56,346
2021-09-10,2024,555013,13062153,21.51,22.2,21.46,21.56,0.14,346
2021-09-13,2024,667583,15872466,21.37,22.48,21.37,22.25,0.69,397
2021-09-14,2024,664438,15415135,22.44,22.44,21.23,21.32,-0.93,418
2021-09-15,2024,373100,8541070,21.32,21.42,21.05,21.19,-0.13,193
2021-09-16,2024,434669,9791916,21.19,21.42,20.63,20.63,-0.56,316
2021-09-17,2024,272376,6088648,20.63,21.05,20.49,20.77,0.14,245
2021-09-22,2024,462334,9671992,19.52,19.7,19.28,19.42,-1.35,346
2021-09-23,2024,337370,7154061,19.79,19.93,19.28,19.47,0.05,215
2021-09-24,2024,193644,4126486,19.75,20.17,19.47,19.7,0.23,144
2021-09-27,2024,247623,5246434,19.7,19.93,19.38,19.66,-0.04,180
2021-09-28,2024,395260,8501568,19.7,20.21,19.7,19.79,0.13,288
2021-09-29,2024,178440,3750043,19.47,19.93,19.33,19.38,-0.41,139
2021-09-30,2024,336196,7115151,19.1,20.03,19.1,19.89,0.51,221
2021-10-01,2024,534924,11084057,19.93,20.12,18.45,18.68,-1.21,399
2021-10-04,2024,700971,13528137,18.82,18.96,17.2,17.66,-1.02,433
2021-10-05,2024,533020,10247058,17.15,18.54,17.11,18.54,0.88,346
2021-10-06,2024,186480,3626570,18.54,18.54,17.75,17.89,-0.65,158
2021-10-07,2024,271141,5283154,17.94,18.4,17.66,18.08,0.19,203
2021-10-08,2024,298054,5836201,18.22,18.59,17.75,17.94,-0.14,216
2021-10-12,2024,316990,6009175,17.89,18.4,17.15,17.29,-0.65,220
2021-10-13,2024,220180,4077032,17.34,17.8,16.78,16.92,-0.37,141
2021-10-14,2024,295264,5502993,17.15,17.52,16.92,17.24,0.32,204
2021-10-15,2024,186940,3583703,17.66,17.99,17.62,17.71,0.47,159
2021-10-18,2024,172180,3251343,17.99,17.99,17.29,17.66,-0.05,127
2021-10-19,2024,156815,3006474,17.43,18.03,17.43,17.71,0.05,133
2021-10-20,2024,169788,3248652,17.8,18.22,17.48,17.71,0.0,127
2021-10-21,2024,387063,7652982,17.99,18.64,17.8,18.36,0.65,268
2021-10-22,2024,333138,6432189,18.77,18.77,17.52,17.66,-0.7,191
2021-10-25,2024,139505,2673294,17.66,17.99,17.48,17.71,0.05,99
2021-10-26,2024,789011,14999811,17.71,17.8,17.52,17.62,-0.09,79
2021-10-27,2024,133108,2509120,17.8,17.8,17.34,17.48,-0.14,90
2021-10-28,2024,151053,2862044,17.48,17.75,17.24,17.48,0.0,92
2021-10-29,2024,693516,12504769,17.62,17.75,16.32,16.73,-0.75,454
2021-11-01,2024,256333,4649421,16.87,17.11,16.6,16.78,0.05,200
2021-11-02,2024,185413,3355558,17.11,17.11,16.6,16.69,-0.09,169
2021-11-03,2024,249614,4580264,16.69,17.15,16.69,17.01,0.32,206
2021-11-04,2024,156135,2860671,17.24,17.24,16.87,16.92,-0.09,133
2021-11-05,2024,191967,3455248,16.92,16.92,16.55,16.64,-0.28,138
2021-11-08,2024,538270,10149545,16.87,17.75,16.87,17.71,1.07,393
2021-11-09,2024,600889,11398591,17.8,17.89,17.15,17.89,0.18,399
2021-11-10,2024,306503,5896276,17.71,17.99,17.62,17.99,0.1,202
2021-11-11,2024,650762,12861967,17.62,18.73,17.62,18.22,0.23,406
2021-11-12,2024,339811,6570681,18.5,18.59,17.71,17.71,-0.51,281
2021-11-15,2024,420244,7988431,17.71,17.94,17.24,17.94,0.23,317
2021-11-16,2024,355005,6819846,17.66,18.03,17.57,17.99,0.05,223
2021-11-17,2024,227169,4430476,17.8,18.22,17.8,18.13,0.14,169
2021-11-18,2024,352949,7014320,18.17,18.68,18.03,18.45,0.32,208
2021-11-19,2024,234959,4676848,18.73,18.73,18.26,18.45,0.0,145
2021-11-22,2024,146321,2942311,18.45,18.82,18.31,18.64,0.19,109
2021-11-23,2024,279432,5618696,18.64,19.1,18.22,18.22,-0.42,245
2021-11-24,2024,342378,6961058,18.45,19.19,18.45,18.87,0.65,262
2021-11-25,2024,156208,3193531,19.01,19.28,18.77,18.96,0.09,140
2021-11-26,2024,120878,2421865,19.19,19.19,18.31,18.31,-0.65,94
2021-11-29,2024,100341,1950450,17.99,18.31,17.8,18.08,-0.23,83
2021-11-30,2024,97226,1941492,18.54,18.68,18.17,18.4,0.32,80
2021-12-01,2024,82552,1653499,18.4,18.73,18.4,18.45,0.05,77
2021-12-02,2024,58063,1160099,18.54,18.73,18.4,18.5,0.05,48
2021-12-03,2024,89540,1802917,18.5,18.96,18.45,18.45,-0.05,96
2021-12-06,2024,120932,2441150,18.73,18.91,18.45,18.54,0.09,118
2021-12-07,2024,117834,2382141,18.82,19.01,18.59,18.64,0.1,97
2021-12-08,2024,349907,7107751,19.01,19.24,18.54,18.73,0.09,180
2021-12-09,2024,81248,1640421,18.91,19.1,18.64,18.68,-0.05,71
2021-12-10,2024,97329,1956288,19.01,19.01,18.54,18.59,-0.09,70
2021-12-13,2024,188842,3747484,18.73,18.73,18.26,18.36,-0.23,154
2021-12-14,2024,204548,3997892,18.26,18.36,17.94,18.26,-0.1,193
2021-12-15,2024,69504,1369875,18.26,18.36,18.17,18.22,-0.04,52
2021-12-16,2024,169618,3317800,18.36,18.36,17.99,18.17,-0.05,101
2021-12-17,2024,221443,4419877,18.26,18.68,18.26,18.5,0.33,149
2021-12-20,2024,136212,2757100,18.59,18.96,18.59,18.73,0.23,110
2021-12-21,2024,176942,3580872,18.64,19.1,18.45,18.77,0.04,99
2021-12-22,2024,173026,3515517,18.77,19.42,18.54,18.59,-0.18,112
2021-12-23,2024,86927,1740465,18.82,18.87,18.5,18.5,-0.09,88
2021-12-24,2024,58014,1155423,18.68,18.68,18.4,18.45,-0.05,55
2021-12-27,2024,77554,1537900,18.45,18.45,18.36,18.36,-0.09,101
2021-12-28,2024,76959,1523315,18.4,18.45,18.26,18.45,0.09,117
2021-12-29,2024,105437,2109787,18.45,18.64,18.36,18.64,0.19,77
2021-12-30,2024,151249,3039685,18.73,18.73,18.5,18.68,0.04,95
2022-01-03,2024,123104,2486908,18.87,18.87,18.45,18.82,0.14,75
2022-01-04,2024,143317,2890126,18.82,18.82,18.54,18.54,-0.28,103
2022-01-05,2024,89118,1789299,18.54,18.73,18.5,18.5,-0.04,74
2022-01-06,2024,50053,999149,18.73,18.73,18.45,18.45,-0.05,46
2022-01-07,2024,101230,1999300,18.45,18.45,18.13,18.26,-0.19,84
2022-01-10,2024,47666,944524,18.26,18.59,18.26,18.36,0.1,57
2022-01-11,2024,69357,1354940,18.26,18.26,18.03,18.17,-0.19,55
2022-01-12,2024,109785,2122851,18.17,18.17,17.75,17.8,-0.37,111
2022-01-13,2024,54194,1053892,17.71,18.54,17.71,17.99,0.19,70
2022-01-14,2024,75622,1422356,17.99,17.99,17.34,17.48,-0.51,107
2022-01-17,2024,40032,752302,17.66,17.66,17.34,17.38,-0.1,46
2022-01-18,2024,59263,1110536,17.43,17.43,17.29,17.34,-0.04,58
2022-01-19,2024,117896,2185957,17.24,17.52,17.06,17.15,-0.19,85
2022-01-20,2024,97228,1797043,17.24,17.34,17.06,17.15,0.0,73
2022-01-21,2024,93297,1694933,17.15,17.15,16.69,16.73,-0.42,106
2022-01-24,2024,129339,2268234,16.32,16.41,16.13,16.22,-0.51,99
2022-01-25,2024,84111,1462806,16.22,16.22,16.04,16.04,-0.18,67
2022-01-26,2024,109012,1883116,15.95,16.22,15.95,16.09,0.05,68
2022-02-07,2024,86012,1540076,16.32,16.78,16.32,16.78,0.69,80
2022-02-08,2024,76072,1386573,16.87,17.06,16.78,16.78,0.0,79
2022-02-09,2024,50123,918359,16.97,17.11,16.83,17.01,0.23,52
2022-02-10,2024,38044,703562,17.01,17.24,17.01,17.15,0.14,60
2022-02-11,2024,35047,649024,16.97,17.29,16.97,17.06,-0.09,33
2022-02-14,2024,14259,261470,17.06,17.15,16.87,16.97,-0.09,39
2022-02-15,2024,27035,493563,16.97,16.97,16.87,16.97,0.0,26
2022-02-16,2024,39020,716331,17.2,17.2,16.97,16.97,0.0,43
2022-02-17,2024,28095,512752,16.97,17.01,16.69,16.97,0.0,46
2022-02-18,2024,37016,679945,16.92,17.11,16.92,17.11,0.14,39
2022-02-21,2024,270284,5205082,17.2,18.26,17.2,17.85,0.74,264
2022-02-22,2024,278160,5321204,18.17,18.36,17.2,17.48,-0.37,303
2022-02-23,2024,36152,684426,17.48,17.75,17.38,17.52,0.04,83
2022-02-24,2024,63135,1163843,17.34,17.34,16.83,16.87,-0.65,92
2022-02-25,2024,51250,952082,17.06,17.48,17.01,17.01,0.14,157
2022-03-01,2024,668841,13347347,17.66,18.68,17.66,18.68,1.67,299
2022-03-02,2024,4190944,91717565,19.1,20.54,19.05,20.54,1.86,1574
2022-03-03,2024,986154,24012840,22.58,22.58,22.58,22.58,2.04,340
2022-03-04,2024,10655514,279497543,22.76,24.8,22.67,24.8,2.22,4945
2022-03-07,2024,17336157,481359620,24.52,27.26,23.83,27.26,2.46,9221
2022-03-08,2024,17230142,510010618,29.53,29.67,24.57,24.57,-2.69,9555
2022-03-09,2024,2131879,56409434,24.94,25.26,23.36,24.66,0.09,1397
2022-03-10,2024,1532751,39664393,24.38,24.57,23.73,23.78,-0.88,1047
2022-03-11,2024,856950,22401855,24.15,24.43,23.92,24.2,0.42,635
2022-03-14,2024,720663,18956994,24.57,24.75,23.64,24.11,-0.09,566
2022-03-15,2024,1109857,28804835,24.38,24.8,22.95,22.95,-1.16,782
2022-03-16,2024,721055,17932497,22.95,23.6,22.16,22.58,-0.37,571
2022-03-17,2024,736410,18497091,23.09,23.92,22.76,22.81,0.23,548
2022-03-18,2024,334424,8371913,22.9,23.6,22.53,23.46,0.65,309
2022-03-21,2024,2089807,56435833,23.69,25.77,23.69,25.77,2.31,1320
2022-03-22,2024,1662931,45169494,25.77,25.77,24.85,25.13,-0.64,1201
2022-03-23,2024,1598324,42885418,25.68,25.77,24.11,24.75,-0.38,1127
2022-03-24,2024,2223748,61381404,24.99,26.66,24.57,25.03,0.28,1414
2022-03-25,2024,766470,20093152,25.17,25.17,24.01,24.15,-0.88,584
2022-03-28,2024,567697,14399401,24.29,24.29,23.22,23.36,-0.79,395
2022-03-29,2024,331641,8315802,23.32,23.69,23.04,23.13,-0.23,257
2022-03-30,2024,434098,10685008,23.18,23.18,22.62,22.85,-0.28,294
2022-03-31,2024,290755,7050683,22.76,23.09,22.25,22.34,-0.51,223
2022-04-01,2024,253735,6026736,21.88,22.3,21.74,22.2,-0.14,196
2022-04-06,2024,174857,4150431,21.83,22.2,21.79,22.16,-0.04,134
2022-04-07,2024,884148,21849931,22.25,23.64,22.07,22.39,0.23,567
2022-04-08,2024,277152,6729705,22.48,22.76,22.34,22.62,0.23,198
2022-04-11,2024,251757,6059371,22.76,22.95,21.83,21.83,-0.79,196
2022-04-12,2024,195280,4610026,22.11,22.16,21.51,21.65,-0.18,176
2022-04-13,2024,1284955,32526709,21.79,23.78,21.79,23.78,2.13,597
2022-04-14,2024,3156237,82877189,24.52,24.99,23.83,24.34,0.56,1775
2022-04-15,2024,1150094,29856513,24.29,24.75,23.41,23.5,-0.84,753
2022-04-18,2024,591630,14548845,23.41,24.06,22.25,22.62,-0.88,400
2022-04-19,2024,298229,7407252,23.09,23.46,22.71,22.71,0.09,251
2022-04-20,2024,291484,7058157,23.04,23.09,22.3,22.71,0.0,219
2022-04-21,2024,1980442,52736136,23.97,24.99,23.09,24.99,2.28,931
2022-04-22,2024,9694820,270968747,24.99,27.44,23.83,24.15,-0.84,5208
2022-04-25,2024,1289981,31954156,24.15,24.15,22.58,22.67,-1.48,764
2022-04-26,2024,810498,19488531,22.48,22.99,21.88,22.11,-0.56,538
2022-04-27,2024,508969,11749157,21.37,21.83,20.91,21.69,-0.42,353
2022-04-28,2024,367110,8806538,21.88,22.71,21.88,22.07,0.38,272
2022-04-29,2024,221648,5296310,22.39,22.39,22.07,22.07,0.0,166
2022-05-03,2024,377828,9169812,22.25,23.27,21.6,22.11,0.04,284
2022-05-04,2024,163948,3898042,22.53,22.53,21.83,21.93,-0.18,112
2022-05-05,2024,224650,5350685,22.25,22.44,21.88,22.07,0.14,149
2022-05-06,2024,203272,4671164,21.6,21.6,21.19,21.42,-0.65,141
2022-05-09,2024,268688,5941265,21.19,21.19,19.93,20.21,-1.21,223
2022-05-10,2024,177093,3821473,19.47,20.49,19.47,20.49,0.28,125
2022-05-11,2024,184267,3982895,20.4,20.63,19.84,20.03,-0.46,111
2022-05-12,2024,201009,4191438,19.93,19.93,19.01,19.01,-1.02,125
2022-05-13,2024,133139,2766505,19.1,19.47,19.1,19.15,0.14,88
2022-05-16,2024,79016,1626828,19.28,19.33,18.91,19.05,-0.1,62
2022-05-17,2024,129002,2655841,18.91,19.38,18.82,19.19,0.14,91
2022-05-18,2024,113008,2381417,19.28,19.7,19.28,19.66,0.47,82
2022-05-19,2024,123120,2506609,19.01,19.15,18.64,19.01,-0.65,84
2022-05-20,2024,116257,2427868,19.01,19.61,19.01,19.19,0.18,99
2022-05-23,2024,56076,1178776,19.28,19.79,19.28,19.47,0.28,56
2022-05-24,2024,95232,1980884,19.7,19.7,19.05,19.05,-0.42,88
2022-05-25,2024,59554,1243809,19.05,19.52,19.05,19.47,0.42,52
2022-05-26,2024,63317,1326743,19.38,19.66,19.33,19.38,-0.09,65
2022-05-27,2024,28069,587487,19.42,19.47,19.19,19.42,0.04,26
2022-05-30,2024,72617,1523011,19.66,19.66,19.38,19.52,0.1,67
2022-05-31,2024,52639,1090745,19.47,19.47,19.15,19.24,-0.28,57
2022-06-01,2024,55423,1155497,19.24,19.56,19.24,19.24,0.0,64
2022-06-02,2024,82107,1713570,19.75,19.75,19.15,19.38,0.14,68
2022-06-06,2024,37059,773182,19.38,19.47,19.19,19.47,0.09,43
2022-06-07,2024,39984,835387,19.47,19.47,19.33,19.42,-0.05,44
2022-06-08,2024,51793,1074127,19.42,19.47,19.19,19.24,-0.18,54
2022-06-09,2024,71053,1456004,19.15,19.15,18.82,19.1,-0.14,54
2022-06-10,2024,30020,613058,19.1,19.1,18.73,18.96,-0.14,36
2022-06-13,2024,133091,2638544,18.54,18.54,18.26,18.36,-0.6,92
2022-06-14,2024,122949,2377735,17.89,18.08,17.8,17.94,-0.42,105
2022-06-15,2024,94046,1866458,18.36,18.73,18.17,18.59,0.65,66
2022-06-16,2024,76640,1522564,18.91,18.91,18.13,18.13,-0.46,59
2022-06-17,2024,82224,1589812,18.13,18.13,17.71,17.99,-0.14,78
2022-06-20,2024,279208,5091837,17.85,17.85,16.69,16.83,-1.16,171
2022-06-21,2024,98290,1803374,16.55,17.34,16.55,17.34,0.51,81
2022-06-22,2024,128096,2307673,17.29,17.29,16.5,16.6,-0.74,80
2022-06-23,2024,130204,2329945,16.92,17.11,16.22,16.73,0.13,74
2022-06-24,2024,67006,1221409,16.69,17.11,16.69,17.01,0.28,52
2022-06-27,2024,78248,1466111,17.06,17.57,17.06,17.34,0.33,59
2022-06-28,2024,37620,685307,17.24,17.24,16.73,16.92,-0.42,48
2022-06-29,2024,17637,325026,16.92,17.24,16.83,17.24,0.32,22
2022-06-30,2024,65005,1176590,17.15,17.15,16.5,16.73,-0.51,39
2022-07-01,2024,156333,2728030,16.32,16.64,15.85,15.9,-0.83,105
2022-07-04,2024,92646,1597897,15.9,16.27,15.9,15.95,0.05,52
2022-07-05,2024,110010,1932221,15.99,16.5,15.67,16.41,0.46,66
2022-07-06,2024,82019,1401681,16.09,16.13,15.67,15.76,-0.65,52
2022-07-07,2024,57008,975340,15.67,15.99,15.62,15.95,0.19,43
2022-07-08,2024,89217,1553326,16.18,16.36,15.95,15.95,0.0,66
2022-07-11,2024,30164,511441,15.85,15.85,15.48,15.67,-0.28,33
2022-07-12,2024,81172,1313700,15.39,15.39,14.88,14.97,-0.7,77
2022-07-13,2024,112014,1856533,15.02,15.48,15.02,15.39,0.42,54
2022-07-14,2024,47007,770765,15.11,15.48,14.97,15.39,0.0,39
2022-07-15,2024,41003,681248,15.44,15.67,15.3,15.39,0.0,32
2022-07-18,2024,88865,1501937,15.02,16.09,15.02,15.9,0.51,66
2022-07-19,2024,43152,742893,15.9,16.13,15.76,15.9,0.0,47
2022-07-20,2024,163193,2944181,16.5,17.43,16.27,16.64,0.74,145
2022-07-21,2024,88008,1578641,16.5,16.83,16.41,16.64,0.0,71
2022-07-22,2024,24271,435697,16.64,16.73,16.6,16.64,0.0,28
2022-07-25,2024,21063,377077,16.36,16.69,16.36,16.6,-0.04,29
2022-07-26,2024,22007,396973,16.5,16.83,16.5,16.78,0.18,29
2022-07-27,2024,36153,653767,16.97,17.01,16.69,16.69,-0.09,40
2022-07-28,2024,75022,1360246,16.87,16.87,16.6,16.6,-0.09,50
2022-07-29,2024,55416,1006375,16.73,16.97,16.69,16.92,0.32,36
2022-08-01,2024,322588,6272626,16.92,18.59,16.6,18.59,1.67,239
2022-08-02,2024,200406,3931985,18.59,18.59,17.75,18.03,-0.56,170
2022-08-03,2024,61427,1171553,17.89,18.08,17.43,17.52,-0.51,70
2022-08-04,2024,223128,4180508,17.43,17.8,17.11,17.38,-0.14,71
2022-08-05,2024,41335,794251,17.15,17.94,17.15,17.75,0.37,39
2022-08-08,2024,12104,229826,17.71,17.85,17.34,17.85,0.1,17
2022-08-09,2024,90221,1750203,17.75,18.31,17.71,17.8,-0.05,61
2022-08-10,2024,38107,731086,17.62,17.94,17.62,17.8,0.0,41
2022-08-11,2024,72455,1392172,17.99,17.99,17.62,17.89,0.09,54
2022-08-12,2024,148092,2951425,18.13,19.01,18.08,18.31,0.42,119
2022-08-15,2024,136714,2770118,18.64,19.01,18.31,18.73,0.42,103
2022-08-16,2024,82887,1677872,18.73,18.87,18.64,18.73,0.0,76
2022-08-17,2024,1126945,24846579,19.66,20.58,19.42,20.58,1.85,695
2022-08-18,2024,574560,11913691,21.02,21.02,19.75,19.9,-0.68,422
2022-08-19,2024,292241,6000699,19.95,20.58,19.6,20.09,0.19,222
2022-08-22,2024,459303,9561868,20.53,20.68,20.14,20.19,0.1,257
2022-08-23,2024,69503,1406318,20.19,20.19,19.7,19.8,-0.39,63
2022-08-24,2024,75044,1519351,19.99,20.19,19.7,19.7,-0.1,70
2022-08-25,2024,78449,1572910,19.7,19.75,19.55,19.6,-0.1,61
2022-08-26,2024,52082,1044990,19.7,19.75,19.6,19.65,0.05,44
2022-08-29,2024,83206,1609806,19.21,19.21,18.67,18.87,-0.78,79
2022-08-30,2024,46106,897283,18.67,19.5,18.67,19.26,0.39,48
2022-08-31,2024,95006,1885464,19.7,19.7,19.31,19.46,0.2,54
2022-09-01,2024,264215,5197158,19.26,19.55,19.06,19.26,-0.2,95
2022-09-02,2024,99612,1966752,19.8,19.8,19.11,19.11,-0.15,46
2022-09-05,2024,208226,4054833,19.06,19.36,18.97,19.01,-0.1,68
2022-09-06,2024,48130,916925,18.72,18.77,18.57,18.72,-0.29,47
2022-09-07,2024,57021,1103000,18.82,19.31,18.67,18.77,0.05,62
2022-09-08,2024,31116,601347,19.11,19.11,18.72,19.01,0.24,49
2022-09-12,2024,34017,663833,19.01,19.16,19.01,19.11,0.1,28
2022-09-13,2024,32616,634663,19.16,19.16,18.97,18.97,-0.14,29
2022-09-14,2024,34014,646968,18.62,18.72,18.62,18.72,-0.25,33
2022-09-15,2024,98634,1892678,18.52,18.97,18.52,18.97,0.25,67
2022-09-16,2024,41461,795963,18.67,18.97,18.67,18.97,0.0,47
2022-09-19,2024,128348,2474300,18.82,19.11,18.82,18.87,-0.1,70
2022-09-20,2024,63221,1220187,18.92,19.11,18.77,18.92,0.05,42
2022-09-21,2024,67111,1298601,18.77,19.11,18.67,18.82,-0.1,60
2022-09-22,2024,37404,723295,18.72,19.16,18.67,19.11,0.29,46
2022-09-23,2024,65492,1253586,19.11,19.11,18.62,18.72,-0.39,59
2022-09-26,2024,95921,1781203,18.62,18.62,17.74,17.99,-0.73,59
2022-09-27,2024,44108,815198,17.94,18.43,17.94,18.18,0.19,33
2022-09-28,2024,48214,852524,17.94,17.94,16.91,17.25,-0.93,60
2022-09-29,2024,46201,823966,17.15,17.79,17.15,17.74,0.49,55
2022-09-30,2024,47512,855275,17.59,18.13,17.35,18.13,0.39,36
2022-10-03,2024,42086,771665,17.64,18.13,17.5,18.13,0.0,31
2022-10-04,2024,23057,433155,18.28,18.62,18.23,18.52,0.39,29
2022-10-05,2024,88380,1674450,18.52,18.82,18.43,18.52,0.0,49
2022-10-06,2024,7912,149891,18.52,18.62,18.52,18.62,0.1,12
2022-10-07,2024,10005,189143,18.62,18.62,18.43,18.48,-0.14,9
2022-10-11,2024,25022,458750,18.08,18.18,17.84,18.18,-0.3,27
2022-10-12,2024,24128,440371,17.94,17.94,17.84,17.89,-0.29,24
2022-10-13,2024,37023,653902,17.54,17.59,17.15,17.3,-0.59,38
2022-10-14,2024,25039,459560,18.52,18.52,17.84,18.03,0.73,28
2022-10-17,2024,23013,410185,17.69,17.74,17.35,17.74,-0.29,18
2022-10-18,2024,17012,305316,17.5,17.74,17.5,17.69,-0.05,24
2022-10-19,2024,14261,257888,18.28,18.28,17.64,17.69,0.0,21
2022-10-20,2024,25023,446560,17.5,17.64,17.35,17.59,-0.1,25
2022-10-21,2024,17627,315257,17.54,17.59,17.5,17.5,-0.09,47
2022-10-24,2024,31254,553527,17.64,17.64,17.15,17.4,-0.1,25
2022-10-25,2024,114168,1993449,17.2,17.3,16.91,17.25,-0.15,56
2022-10-26,2024,10027,176275,17.4,17.4,17.15,17.2,-0.05,12
2022-10-27,2024,16329,291921,17.4,17.74,17.2,17.45,0.25,16
2022-10-28,2024,43280,755546,17.2,17.2,16.96,17.15,-0.3,27
2022-10-31,2024,6084,106185,17.0,17.2,17.0,17.2,0.05,12
2022-11-01,2024,12118,213966,17.35,17.45,17.25,17.3,0.1,18
2022-11-02,2024,9002,158185,17.2,17.3,17.2,17.3,0.0,10
2022-11-03,2024,3017,53049,17.25,17.25,17.2,17.25,-0.05,10
2022-11-04,2024,11027,193475,17.2,17.25,17.15,17.25,0.0,18
2022-11-07,2024,21007,381375,17.3,18.03,17.3,17.74,0.49,20
2022-11-08,2024,20092,363587,17.99,17.99,17.69,17.74,0.0,130
2022-11-09,2024,31133,563856,18.08,18.08,17.5,17.84,0.1,24
2022-11-10,2024,12013,217034,17.5,18.08,17.5,17.79,-0.05,18
2022-11-11,2024,25725,465961,17.79,17.84,17.69,17.84,0.05,31
2022-11-14,2024,32003,586557,18.08,18.08,17.89,17.99,0.15,28
2022-11-15,2024,55120,1018482,17.99,18.18,17.99,18.08,0.09,58
2022-11-16,2024,26610,488390,18.13,18.13,17.89,17.89,-0.19,27
2022-11-17,2024,16012,292269,17.89,17.94,17.89,17.89,0.0,15
2022-11-18,2024,56556,1037435,17.79,18.23,17.64,18.23,0.34,36
2022-11-22,2024,48132,882392,18.23,18.23,17.89,17.94,-0.29,48
2022-11-23,2024,6112,112065,18.13,18.13,17.79,17.99,0.05,18
2022-11-24,2024,22237,404315,17.99,17.99,17.74,17.84,-0.15,33
2022-11-25,2024,87384,1577442,17.84,17.84,17.45,17.45,-0.39,42
2022-11-28,2024,26104,463450,17.3,17.5,17.3,17.5,0.05,26
2022-11-29,2024,9048,164462,17.89,17.89,17.74,17.74,0.24,15
2022-11-30,2024,12031,218465,17.74,17.89,17.74,17.89,0.15,15
2022-12-01,2024,49047,892256,17.84,17.89,17.69,17.79,-0.1,32
2022-12-02,2024,49839,893444,17.79,17.79,17.45,17.5,-0.29,39
2022-12-05,2024,70695,1283496,17.5,18.03,17.5,17.79,0.29,51
2022-12-06,2024,34006,615061,17.35,17.79,17.35,17.74,-0.05,26
2022-12-07,2024,20009,358861,17.54,17.64,17.5,17.5,-0.24,23
2022-12-08,2024,161600,2899280,17.5,17.74,17.4,17.59,0.09,51
2022-12-09,2024,18024,323649,17.69,17.74,17.5,17.59,0.0,26
2022-12-12,2024,20102,360777,17.54,17.59,17.54,17.59,0.0,21
2022-12-13,2024,162428,3022814,17.74,18.72,17.4,18.13,0.54,144
2022-12-14,2024,57034,1043324,18.33,18.33,17.45,18.08,-0.05,42
2022-12-15,2024,159113,3039431,18.28,19.5,18.18,18.23,0.15,130
2022-12-16,2024,182009,3398318,18.13,18.57,18.03,18.33,0.1,91
2022-12-19,2024,16003,293456,17.99,18.13,17.94,18.08,-0.25,14
2022-12-20,2024,31108,573538,18.13,18.57,17.94,18.03,-0.05,27
2022-12-21,2024,219349,4238338,18.13,19.46,18.13,18.52,0.49,194
2022-12-22,2024,136178,2606674,19.31,19.31,18.23,18.23,-0.29,105
2022-12-23,2024,33029,618157,18.18,18.52,18.13,18.48,0.25,38
2022-12-26,2024,22106,416063,18.97,18.97,18.33,18.33,-0.15,27
2022-12-27,2024,14017,261474,18.13,18.52,18.13,18.28,-0.05,23
2022-12-28,2024,27005,508542,18.52,18.62,18.23,18.23,-0.05,29
2022-12-29,2024,9012,167816,18.23,18.33,18.23,18.28,0.05,21
2022-12-30,2024,62140,1170395,18.43,18.77,18.13,18.23,-0.05,47
2023-01-03,2024,41866,778519,18.23,18.23,18.13,18.23,0.0,22
2023-01-04,2024,14037,261082,18.23,18.38,18.18,18.23,0.0,23
2023-01-05,2024,26009,483012,18.23,18.23,18.13,18.23,0.0,25
2023-01-06,2024,71979,1311887,18.13,18.23,17.69,17.69,-0.54,46
2023-01-09,2024,57718,1045141,17.79,17.84,17.64,17.64,-0.05,75
2023-01-10,2024,33343,599967,17.74,17.74,17.64,17.69,0.05,34
2023-01-11,2024,4640,83573,17.69,17.69,17.64,17.64,-0.05,25
2023-01-12,2024,20026,362879,17.79,17.79,17.74,17.74,0.1,34
2023-01-13,2024,21135,383638,17.64,17.94,17.64,17.79,0.05,37
2023-01-16,2024,21035,381960,17.99,17.99,17.64,17.84,0.05,47
2023-01-17,2024,90537,1663877,17.84,18.28,17.74,17.84,0.0,82
2023-01-30,2024,95252,1737772,18.23,18.23,17.69,17.94,0.1,100
2023-01-31,2024,55026,1013731,18.03,18.23,17.94,17.99,0.05,41
2023-02-01,2024,92024,1717396,18.13,18.52,18.13,18.52,0.53,71
2023-02-02,2024,31034,583793,18.48,18.62,18.23,18.62,0.1,40
2023-02-03,2024,13150,252775,18.62,18.92,18.52,18.92,0.3,33
2023-02-06,2024,14050,266847,18.43,18.82,18.43,18.82,-0.1,52
2023-02-07,2024,39273,765307,19.01,19.16,19.01,19.11,0.29,66
2023-02-08,2024,13319,259434,19.06,19.11,19.06,19.11,0.0,46
2023-02-09,2024,61023,1155037,18.52,18.82,18.48,18.48,-0.63,59
2023-02-10,2024,54064,1028462,18.48,18.82,18.48,18.62,0.14,52
2023-02-13,2024,8707,166585,18.43,19.06,18.43,18.82,0.2,41
2023-02-14,2024,17032,331413,18.77,19.16,18.72,19.06,0.24,44
2023-02-15,2024,41053,797495,18.67,19.11,18.67,18.97,-0.09,72
2023-02-16,2024,20281,390024,18.97,18.97,18.77,18.82,-0.15,42
2023-02-17,2024,20029,385251,18.72,19.06,18.62,19.06,0.24,47
2023-02-20,2024,39440,759636,19.06,19.21,18.77,18.82,-0.24,71
2023-02-21,2024,41590,800680,18.92,19.06,18.72,18.77,-0.05,76
2023-02-22,2024,56036,1086595,18.87,19.11,18.82,18.82,0.05,63
2023-02-23,2024,12521,240629,18.92,18.92,18.82,18.82,0.0,41
2023-02-24,2024,44646,856150,18.72,18.92,18.72,18.82,0.0,66
2023-03-01,2024,85443,1637746,18.72,18.92,18.52,18.77,-0.05,116
2023-03-02,2024,9055,174380,18.77,19.21,18.72,18.77,0.0,57
2023-03-03,2024,39149,754563,18.77,19.11,18.72,18.92,0.15,60
2023-03-06,2024,45198,870875,18.92,19.06,18.72,19.01,0.09,84
2023-03-07,2024,16038,311543,19.11,19.11,18.92,19.11,0.1,40
2023-03-08,2024,13955,271462,19.11,19.21,19.01,19.01,-0.1,50
2023-03-09,2024,36792,708933,18.92,19.01,18.67,18.92,-0.09,1289
2023-03-10,2024,47972,923794,18.92,19.11,18.67,18.92,0.0,759
2023-03-13,2024,56698,1103019,18.92,19.11,18.82,19.11,0.19,595
2023-03-14,2024,12469,239449,18.82,18.82,18.67,18.77,-0.34,318
2023-03-15,2024,25426,490197,18.77,19.16,18.77,19.11,0.34,337
2023-03-16,2024,12376,237123,18.97,18.97,18.67,18.67,-0.44,328
2023-03-17,2024,23261,450732,18.77,19.06,18.77,19.01,0.34,258
2023-03-20,2024,14994,293197,19.16,19.21,19.01,19.01,0.0,594
2023-03-21,2024,71249,1397472,19.21,19.31,19.11,19.31,0.3,448
2023-03-22,2024,16859,331684,19.31,19.36,19.26,19.26,-0.05,624
2023-03-23,2024,11346,222031,19.36,19.36,18.97,19.11,-0.15,121
2023-03-24,2024,11086,217837,19.31,19.41,19.06,19.11,0.0,89
2023-03-27,2024,47073,912038,18.92,19.21,18.92,18.97,-0.14,85
2023-03-28,2024,18085,346776,18.82,18.82,18.77,18.77,-0.2,94
2023-03-29,2024,27037,521838,18.77,19.01,18.77,18.92,0.15,50
2023-03-30,2024,29037,561455,18.82,19.11,18.77,18.92,0.0,47
2023-03-31,2024,21778,420712,18.92,19.11,18.82,19.11,0.19,59
2023-04-06,2024,30039,588648,19.21,19.21,19.16,19.21,0.1,50
2023-04-07,2024,4379,84797,18.97,18.97,18.97,18.97,-0.24,28
2023-04-10,2024,27022,527868,18.97,19.21,18.97,18.97,0.0,35
2023-04-11,2024,3011,58610,19.11,19.11,19.06,19.06,0.09,13
2023-04-12,2024,9664,188353,19.16,19.16,19.06,19.06,0.0,18
2023-04-13,2024,39410,761090,18.92,19.01,18.82,19.01,-0.05,36
2023-04-14,2024,63301,1228832,18.97,19.11,18.97,19.01,0.0,26
2023-04-17,2024,28084,545656,18.82,19.11,18.82,19.06,0.05,34
2023-04-18,2024,30271,582720,19.06,19.06,18.33,18.82,-0.24,30
2023-04-19,2024,56007,1094884,19.11,19.26,18.92,18.92,0.1,34
2023-04-20,2024,14934,287180,18.82,18.92,18.82,18.87,-0.05,26
2023-04-21,2024,8031,154330,18.87,18.87,18.82,18.82,-0.05,9
2023-04-24,2024,20072,382928,18.67,18.77,18.62,18.72,-0.1,30
2023-04-25,2024,16186,308495,18.77,18.77,18.57,18.57,-0.15,32
2023-04-26,2024,11015,207575,18.52,18.52,18.38,18.43,-0.14,20
2023-04-28,2024,8064,153143,18.62,18.62,18.57,18.57,0.14,25
2023-05-02,2024,35030,654625,18.57,18.62,18.13,18.38,-0.19,58
2023-05-03,2024,32097,607995,18.38,18.62,18.38,18.52,0.14,37
2023-05-04,2024,2152,40534,18.52,18.52,18.43,18.43,-0.09,20
2023-05-05,2024,13205,247590,18.43,18.62,18.33,18.33,-0.1,22
2023-05-08,2024,4031,75374,18.33,18.33,18.33,18.33,0.0,15
2023-05-09,2024,4286,79754,18.28,18.28,18.28,18.28,-0.05,11
2023-05-10,2024,15172,279589,18.03,18.13,18.03,18.13,-0.15,30
2023-05-11,2024,37157,671912,17.84,17.84,17.64,17.64,-0.49,34
2023-05-12,2024,29011,512600,17.45,17.45,17.15,17.45,-0.19,29
2023-05-15,2024,16811,299551,17.45,17.54,17.3,17.54,0.09,28
2023-05-16,2024,25092,462020,17.64,18.52,17.64,18.08,0.54,27
2023-05-17,2024,10016,186345,18.18,18.38,18.03,18.13,0.05,18
2023-05-18,2024,11034,204032,18.08,18.13,18.08,18.13,0.0,19
2023-05-19,2024,1083,19817,17.94,17.94,17.94,17.94,-0.19,6
2023-05-22,2024,9009,164054,17.84,18.03,17.79,18.03,0.09,25
2023-05-23,2024,31013,576839,18.23,18.28,18.18,18.28,0.25,32
2023-05-25,2024,22205,406119,18.03,18.03,17.84,17.84,-0.44,19
2023-05-26,2024,21004,387672,17.84,18.13,17.79,18.13,0.29,16
2023-05-29,2024,163889,2942323,18.13,18.13,17.45,17.5,-0.63,104
2023-05-30,2024,38426,687681,17.5,17.59,17.5,17.54,0.04,43
2023-05-31,2024,36006,646007,17.54,17.69,17.45,17.5,-0.04,31
2023-06-01,2024,11153,198586,17.5,17.5,17.4,17.4,-0.1,26
2023-06-02,2024,42198,755117,17.4,17.64,17.4,17.54,0.14,37
2023-06-05,2024,22086,396601,17.45,17.64,17.45,17.59,0.05,41
2023-06-06,2024,17564,315506,17.64,17.69,17.54,17.54,-0.05,29
2023-06-07,2024,28264,510474,17.69,17.74,17.64,17.74,0.2,23
2023-06-08,2024,7128,128312,17.64,17.64,17.64,17.64,-0.1,15
2023-06-09,2024,23705,429693,17.74,17.94,17.64,17.94,0.3,25
2023-06-12,2024,20412,368533,17.64,17.74,17.64,17.74,-0.2,29
2023-06-13,2024,25081,454035,17.74,17.79,17.69,17.69,-0.05,35
2023-06-14,2024,18478,332551,17.69,17.69,17.59,17.59,-0.1,34
2023-06-15,2024,53487,968765,17.69,18.13,17.69,18.03,0.44,35
2023-06-16,2024,31622,571807,17.84,17.94,17.64,17.74,-0.29,45
2023-06-19,2024,21011,377653,17.74,17.74,17.54,17.64,-0.1,22
2023-06-20,2024,23008,411594,17.5,17.59,17.45,17.54,-0.1,18
2023-06-21,2024,38099,692772,17.54,17.99,17.5,17.99,0.45,42
2023-06-26,2024,18307,331299,17.99,17.99,17.64,17.79,-0.2,32
2023-06-27,2024,8303,148655,17.5,17.64,17.5,17.64,-0.15,16
2023-06-29,2024,7178,128102,17.4,17.54,17.4,17.5,-0.14,21
2023-06-30,2024,9062,161465,17.89,17.89,17.3,17.45,-0.05,22
2023-07-03,2024,27680,505004,17.89,17.99,17.79,17.79,0.34,49
2023-07-04,2024,8013,144333,17.74,17.74,17.54,17.54,-0.25,14
2023-07-05,2024,26314,473909,17.84,17.84,17.45,17.74,0.2,33
2023-07-06,2024,34008,603792,17.2,17.54,17.2,17.35,-0.39,25
2023-07-07,2024,11075,196932,17.3,17.5,17.25,17.45,0.1,17
2023-07-10,2024,8019,141541,17.3,17.3,17.3,17.3,-0.15,23
2023-07-11,2024,78190,1371871,17.5,17.5,17.15,17.25,-0.05,51
2023-07-12,2024,20007,345171,17.3,17.3,17.15,17.2,-0.05,23
2023-07-13,2024,62014,1071289,17.2,17.5,17.1,17.4,0.2,43
2023-07-14,2024,6012,103909,17.4,17.6,17.1,17.1,-0.3,8
2023-07-17,2024,27016,464075,17.55,17.6,17.1,17.1,0.0,33
2023-07-18,2024,41256,705118,17.05,17.1,17.05,17.05,-0.05,45
2023-07-19,2024,20007,340621,17.05,17.05,17.0,17.05,0.0,21
2023-07-20,2024,10409,178165,17.05,17.3,17.05,17.1,0.05,19
2023-07-21,2024,12221,208998,17.1,17.1,17.1,17.1,0.0,19
2023-07-24,2024,85276,1516326,17.85,18.2,17.3,17.5,0.4,86
2023-07-25,2024,48014,832693,17.45,17.6,17.15,17.15,-0.35,36
2023-07-26,2024,22745,393594,17.15,17.4,17.15,17.25,0.1,40
2023-07-27,2024,17268,297311,17.2,17.25,17.2,17.25,0.0,37
2023-07-28,2024,16307,280530,17.15,17.3,17.15,17.3,0.05,29
2023-07-31,2024,13105,226268,17.3,17.3,17.15,17.3,0.0,29
2023-08-01,2024,35062,618140,17.45,17.7,17.45,17.6,0.3,40
2023-08-02,2024,36463,649232,18.0,18.0,17.5,17.6,0.0,60
2023-08-04,2024,9022,156127,17.25,17.4,17.25,17.35,-0.25,21
2023-08-07,2024,165098,2835336,17.2,17.45,17.0,17.45,0.1,47
2023-08-08,2024,18411,321760,17.45,17.65,17.45,17.45,0.0,44
2023-08-09,2024,12002,210638,17.45,17.65,17.45,17.45,0.0,13
2023-08-10,2024,6007,102870,17.05,17.2,17.05,17.2,-0.25,11
2023-08-11,2024,71007,1199526,17.05,17.2,16.55,17.0,-0.2,48
2023-08-14,2024,93016,1550285,17.0,17.0,16.5,16.7,-0.3,49
2023-08-15,2024,83985,1390375,16.65,16.65,16.45,16.5,-0.2,57
2023-08-16,2024,96059,1559533,16.5,16.6,16.05,16.05,-0.45,56
2023-08-17,2024,85125,1366894,16.1,16.1,16.05,16.05,0.0,51
2023-08-18,2024,148369,2324182,16.05,16.1,15.2,15.45,-0.6,125
2023-08-21,2024,17161,267116,15.5,15.6,15.5,15.6,0.15,26
2023-08-22,2024,21207,330231,15.6,15.75,15.5,15.55,-0.05,29
2023-08-23,2024,5307,82515,15.55,15.55,15.55,15.55,0.0,32
2023-08-24,2024,66112,1038919,15.6,15.9,15.6,15.8,0.25,45
2023-08-25,2024,96797,1506200,15.9,15.9,15.2,15.8,0.0,52
2023-08-28,2024,79033,1228270,15.8,15.8,15.4,15.45,-0.35,46
2023-08-29,2024,13005,200777,15.45,15.5,15.4,15.4,-0.05,14
2023-08-30,2024,98117,1503873,15.4,15.6,15.1,15.5,0.1,84
2023-08-31,2024,45337,705977,15.5,15.8,15.5,15.7,0.2,19
2023-09-01,2024,117533,1813264,15.6,15.8,15.2,15.65,-0.05,80
2023-09-04,2024,122067,1883185,15.45,15.9,15.2,15.9,0.25,114
2023-09-05,2024,159106,2527785,15.8,16.0,15.65,15.95,0.05,79
2023-09-06,2024,33550,546046,15.95,16.5,15.85,16.2,0.25,43
2023-09-07,2024,79819,1317397,16.2,16.65,16.2,16.5,0.3,58
2023-09-08,2024,21295,347925,16.3,16.5,16.3,16.5,0.0,20
2023-09-11,2024,52386,854283,16.35,16.35,16.25,16.3,-0.2,59
2023-09-12,2024,1012,16498,16.3,16.3,16.3,16.3,0.0,13
2023-09-13,2024,4009,64944,16.05,16.5,16.05,16.5,0.2,13
2023-09-14,2024,60153,1018670,16.65,17.2,16.65,17.2,0.7,45
2023-09-15,2024,8779,150659,17.25,17.25,17.0,17.0,-0.2,45
2023-09-18,2024,31059,538353,17.4,17.4,17.2,17.25,0.25,34
2023-09-19,2024,4016,68722,17.1,17.15,17.1,17.1,-0.15,16
2023-09-20,2024,11082,188831,17.05,17.2,17.0,17.05,-0.05,24
2023-09-21,2024,11544,196225,17.05,17.1,16.95,17.1,0.05,32
2023-09-25,2024,7048,119968,16.9,17.1,16.9,17.05,-0.05,25
2023-09-26,2024,2239,37243,16.6,16.65,16.6,16.65,-0.4,22
2023-09-27,2024,12066,200282,16.6,16.6,16.6,16.6,-0.05,22
2023-09-28,2024,6109,101311,16.55,16.6,16.55,16.6,0.0,18
2023-10-02,2024,53118,917325,16.6,17.7,16.6,17.35,0.75,65
2023-10-03,2024,51011,881592,17.65,17.7,17.05,17.4,0.05,29
2023-10-04,2024,30027,514210,17.2,17.4,16.95,17.05,-0.35,43
2023-10-05,2024,40273,712080,17.05,17.8,17.05,17.8,0.75,41
2023-10-06,2024,94924,1697844,17.8,18.1,17.25,17.8,0.0,61
2023-10-11,2024,63505,1144913,17.85,18.2,17.85,18.2,0.4,49
2023-10-12,2024,37087,674007,17.7,18.45,17.7,18.3,0.1,75
2023-10-13,2024,51586,944257,18.15,18.5,18.15,18.25,-0.05,59
2023-10-16,2024,44488,820624,18.25,18.9,18.05,18.6,0.35,51
2023-10-17,2024,59171,1114335,18.6,19.1,18.5,18.6,0.0,53
2023-10-18,2024,37127,690755,19.0,19.0,18.2,18.2,-0.4,30
2023-10-19,2024,33072,608373,18.15,18.5,18.15,18.2,0.0,30
2023-10-20,2024,98413,1866382,18.3,19.25,17.85,18.9,0.7,56
2023-10-23,2024,27229,514317,19.0,19.0,18.65,18.9,0.0,57
2023-10-24,2024,106220,2022735,18.9,19.3,18.6,18.9,0.0,80
2023-10-25,2024,200366,3910538,18.9,19.8,18.9,19.3,0.4,113
2023-10-26,2024,164130,3261562,19.3,20.1,19.3,19.7,0.4,111
2023-10-27,2024,58248,1174280,19.9,20.4,19.9,20.1,0.4,67
2023-10-30,2024,23174,460784,19.8,20.05,19.8,19.85,-0.25,40
2023-10-31,2024,6128,118903,19.25,19.5,19.25,19.4,-0.45,31
2023-11-01,2024,8796,168399,18.9,19.35,18.9,19.3,-0.1,13
2023-11-02,2024,57051,1135682,19.1,20.0,19.1,19.2,-0.1,56
2023-11-03,2024,9050,175959,19.5,19.65,19.25,19.45,0.25,18
2023-11-06,2024,29027,566946,19.5,19.65,19.45,19.45,0.0,26
2023-11-07,2024,20027,388917,19.5,19.55,19.15,19.55,0.1,30
2023-11-08,2024,33947,674821,19.8,20.0,19.5,20.0,0.45,54
2023-11-09,2024,16017,317775,19.7,19.95,19.7,19.95,-0.05,26
2023-11-10,2024,22620,450016,20.0,20.0,19.4,20.0,0.05,33
2023-11-13,2024,38270,765993,20.8,20.8,19.75,19.85,-0.15,41
2023-11-14,2024,16012,316579,19.85,19.9,19.65,19.75,-0.1,18
2023-11-15,2024,26630,530450,19.55,20.05,19.55,19.9,0.15,24
2023-11-16,2024,72393,1467418,20.25,20.5,19.9,20.5,0.6,60
2023-11-17,2024,26288,536235,20.05,20.5,20.05,20.15,-0.35,49
2023-11-20,2024,17951,363359,20.1,20.5,19.9,20.5,0.35,27
2023-11-21,2024,15584,314355,20.5,20.5,20.1,20.2,-0.3,36
2023-11-22,2024,75980,1555252,20.2,20.5,20.2,20.5,0.3,71
2023-11-23,2024,38026,776018,20.15,20.6,20.15,20.4,-0.1,48
2023-11-24,2024,32223,658941,20.4,20.5,20.35,20.45,0.05,27
2023-11-27,2024,45055,923015,20.45,20.65,20.25,20.25,-0.2,44
2023-11-28,2024,62826,1295919,20.6,20.75,20.6,20.7,0.45,60
2023-11-29,2024,7064,145852,20.65,20.65,20.65,20.65,-0.05,28
2023-11-30,2024,28373,587015,20.65,20.75,20.65,20.7,0.05,28
2023-12-01,2024,11758,241092,20.1,20.65,20.1,20.65,-0.05,26
2023-12-04,2024,15304,316394,20.65,20.85,20.5,20.5,-0.15,30
2023-12-05,2024,12257,251299,20.5,20.6,20.2,20.6,0.1,28
2023-12-06,2024,2421,49142,20.3,20.4,20.3,20.4,-0.2,13
2023-12-07,2024,161658,3382748,20.4,21.15,20.4,21.15,0.75,86
2023-12-08,2024,19216,406420,21.05,21.25,21.05,21.25,0.1,37
2023-12-11,2024,20741,441981,21.25,21.5,21.25,21.25,0.0,47
2023-12-12,2024,34871,711460,20.3,20.8,20.3,20.4,-0.85,50
2023-12-13,2024,15867,324490,20.45,20.5,20.45,20.45,0.05,30
2023-12-14,2024,22115,446945,20.2,20.3,20.1,20.3,-0.15,32
2023-12-15,2024,167568,3558784,20.5,22.0,20.5,20.55,0.25,169
2023-12-18,2024,254333,5439482,20.65,21.7,20.65,21.5,0.95,141
2023-12-19,2024,54635,1153618,21.3,22.1,20.7,22.1,0.6,62
2023-12-20,2024,51037,1099703,22.15,22.15,21.25,21.25,-0.85,63
2023-12-21,2024,58347,1250758,20.7,21.85,20.7,21.25,0.0,66
2023-12-22,2024,30054,630735,21.25,21.6,20.45,20.7,-0.55,42
2023-12-25,2024,45157,960189,20.85,21.55,20.85,21.1,0.4,53
2023-12-26,2024,18018,378035,21.1,21.1,20.75,21.05,-0.05,34
2023-12-27,2024,33535,709311,20.9,21.2,20.85,21.05,0.0,42
2023-12-28,2024,55665,1176597,21.05,21.2,21.05,21.05,0.0,54
2023-12-29,2024,19129,402763,21.4,21.4,21.0,21.1,0.05,31
2024-01-02,2024,8454,177194,21.0,21.0,20.9,20.9,-0.2,27
2024-01-03,2024,10088,211247,21.05,21.05,20.8,20.8,-0.1,16
2024-01-04,2024,25021,521243,20.8,20.9,20.8,20.85,0.05,29
2024-01-05,2024,7116,148125,20.8,20.85,20.75,20.85,0.0,21
2024-01-08,2024,3138,65003,20.65,20.8,20.65,20.8,-0.05,23
2024-01-09,2024,28080,587008,21.4,21.4,20.8,20.9,0.1,31
2024-01-10,2024,2229,46637,20.7,20.75,20.7,20.75,-0.15,13
2024-01-11,2024,7009,145239,21.1,21.1,20.6,20.85,0.1,13
2024-01-12,2024,23104,474051,20.45,20.7,20.35,20.45,-0.4,28
2024-01-15,2024,26122,534432,20.5,20.5,20.4,20.45,0.0,40
2024-01-16,2024,53031,1087220,20.5,20.65,20.45,20.45,0.0,64
2024-01-17,2024,27070,553988,20.45,21.55,20.0,20.05,-0.4,53
2024-01-18,2024,33654,686264,20.1,20.5,20.1,20.2,0.15,45
2024-01-19,2024,10037,202790,20.1,20.4,20.1,20.2,0.0,45
2024-01-22,2024,22039,445888,20.2,20.3,20.1,20.25,0.05,56
2024-01-23,2024,30086,638383,21.9,21.9,20.45,20.75,0.5,57
2024-01-24,2024,8036,166978,20.7,21.05,20.6,21.0,0.25,40
2024-01-25,2024,8611,179434,21.0,21.1,20.6,20.6,-0.4,49
2024-01-26,2024,15587,320855,20.6,20.65,20.5,20.65,0.05,53
2024-01-29,2024,14710,303760,20.65,20.65,20.65,20.65,0.0,33
2024-01-30,2024,27691,574650,21.4,21.4,20.5,20.65,0.0,49
2024-01-31,2024,51265,1056230,20.5,20.7,20.5,20.65,0.0,46
2024-02-01,2024,21049,434440,20.5,20.85,20.5,20.65,0.0,56
2024-02-02,2024,21090,436481,20.85,20.85,20.65,20.65,0.0,46
2024-02-05,2024,15109,313256,21.0,21.0,20.5,20.75,0.1,67
2024-02-15,2024,20075,413718,20.75,20.75,20.5,20.55,-0.2,73
2024-02-16,2024,27712,570962,20.55,20.7,20.55,20.7,0.15,84
2024-02-19,2024,11164,230938,20.7,20.7,20.7,20.7,0.0,105
2024-02-20,2024,20182,415272,20.7,20.7,20.5,20.5,-0.2,84
2024-02-21,2024,28371,586903,20.55,20.75,20.55,20.7,0.2,73
2024-02-22,2024,36059,747701,20.7,20.8,20.7,20.75,0.05,67
2024-02-23,2024,27143,564386,20.75,20.85,20.75,20.85,0.1,90
2024-02-26,2024,16417,341313,20.6,20.85,20.6,20.7,-0.15,107
2024-02-27,2024,48289,1005074,20.7,21.0,20.65,21.0,0.3,93
2024-02-29,2024,50216,1050751,20.9,21.0,20.8,21.0,0.0,112
2024-03-01,2024,39422,826756,21.0,21.0,20.65,21.0,0.0,105
2024-03-04,2024,216404,4743087,21.2,22.4,21.2,22.0,1.0,249
2024-03-05,2024,102435,2262078,22.65,22.65,21.6,22.0,0.0,142
2024-03-06,2024,79454,1763051,22.1,22.4,21.85,21.85,-0.15,125
2024-03-07,2024,87119,1882403,21.6,21.9,21.5,21.55,-0.3,848
2024-03-08,2024,68318,1492095,21.8,22.1,21.5,21.85,0.3,759
2024-03-11,2024,27696,606106,21.85,22.0,21.85,21.85,0.0,582
2024-03-12,2024,274807,5849331,21.8,21.8,20.85,20.9,-0.95,572
2024-03-13,2024,38385,803792,20.9,21.05,20.85,21.05,0.15,303
2024-03-14,2024,32286,682086,21.1,21.15,21.1,21.1,0.05,284
2024-03-15,2024,31970,681253,21.1,21.5,21.1,21.45,0.35,322
2024-03-18,2024,136712,2956588,21.6,22.0,21.45,21.95,0.5,524
2024-03-19,2024,12428,271024,22.0,22.0,21.7,21.75,-0.2,362
2024-03-20,2024,137716,3022894,21.75,22.4,21.6,22.35,0.6,460
2024-03-21,2024,63534,1416917,22.35,22.4,22.2,22.2,-0.15,318
2024-03-22,2024,20686,453858,22.3,22.3,21.75,21.75,-0.45,357
2024-03-25,2024,36769,810462,22.2,22.2,21.9,22.0,0.25,588
2024-03-26,2024,202462,4594859,22.1,23.5,22.1,23.5,1.5,696
2024-03-27,2024,73065,1695006,23.5,23.55,22.8,23.15,-0.35,1008
2024-03-28,2024,26128,573832,22.75,22.75,21.6,21.6,-1.55,334
2024-03-29,2024,79278,1716286,21.65,21.95,21.4,21.6,0.0,92
2024-04-01,2024,45560,1002550,21.85,22.25,21.8,22.25,0.65,123
2024-04-02,2024,15165,339677,22.8,22.8,22.1,22.1,-0.15,63
2024-04-03,2024,18468,403356,22.1,22.1,21.7,21.7,-0.4,48
2024-04-08,2024,20476,440226,21.9,21.9,21.4,21.4,-0.3,62
2024-04-09,2024,21635,471607,21.4,22.0,21.4,21.95,0.55,48
2024-04-10,2024,24919,532319,21.5,21.55,21.25,21.35,-0.6,77
2024-04-11,2024,25851,548519,21.0,21.6,21.0,21.45,0.1,50
2024-04-12,2024,14255,306048,21.45,21.5,21.45,21.5,0.05,39
2024-04-15,2024,4023,85983,21.4,21.4,21.35,21.35,-0.15,27
2024-04-16,2024,18942,404386,21.0,21.6,21.0,21.25,-0.1,47
2024-04-17,2024,5742,121359,21.05,21.3,21.0,21.3,0.05,37
2024-04-18,2024,52812,1143096,21.1,22.8,20.9,22.8,1.5,59
2024-04-19,2024,19034,415772,22.8,22.8,21.45,21.5,-1.3,29
2024-04-22,2024,21026,448651,21.7,21.7,20.85,21.45,-0.05,30
2024-04-23,2024,4104,89862,21.55,22.2,21.55,22.2,0.75,11
2024-04-24,2024,23790,520137,21.85,21.95,21.8,21.95,-0.25,32
2024-04-25,2024,6667,146248,21.6,22.2,21.6,22.0,0.05,17
2024-04-26,2024,10260,223124,21.65,21.9,21.6,21.9,-0.1,29
2024-04-29,2024,34483,750947,21.55,21.9,21.55,21.7,-0.2,84
2024-04-30,2024,69031,1506267,22.1,22.1,21.75,21.85,0.15,69
2024-05-02,2024,14909,324688,21.65,21.85,21.65,21.85,0.0,52
2024-05-03,2024,32149,705050,21.85,22.1,21.85,22.0,0.15,50
2024-05-06,2024,14937,326372,21.85,22.0,21.85,21.85,-0.15,80
2024-05-07,2024,26981,587289,21.75,21.9,21.65,21.9,0.05,71
2024-05-08,2024,5315,114849,21.85,21.9,21.7,21.7,-0.2,37
2024-05-09,2024,16930,357217,21.1,21.25,21.0,21.2,-0.5,52
2024-05-10,2024,11571,243925,21.4,21.4,20.9,20.9,-0.3,53
2024-05-13,2024,15693,331622,21.2,21.3,21.05,21.05,0.15,62
2024-05-14,2024,8091,176824,22.35,22.35,21.4,21.4,0.35,28
2024-05-15,2024,39165,851620,21.4,21.9,21.4,21.75,0.35,36
2024-05-16,2024,84560,1868561,22.25,22.5,21.75,22.0,0.25,65
2024-05-17,2024,71025,1562633,22.0,22.15,21.95,22.0,0.0,32
2024-05-20,2024,56784,1272645,22.0,22.6,22.0,22.55,0.55,97
2024-05-21,2024,45641,1026181,22.85,22.9,22.3,22.4,-0.15,61
2024-05-22,2024,84695,1922554,22.85,22.85,22.45,22.7,0.3,93
2024-05-23,2024,23302,521346,22.5,22.5,22.5,22.5,-0.2,259
2024-05-24,2024,35111,793649,22.5,22.7,22.5,22.7,0.2,107
2024-05-27,2024,149992,3448297,22.6,23.3,22.6,23.2,0.5,197
2024-05-28,2024,109686,2559204,23.25,23.5,23.0,23.5,0.3,89
2024-05-29,2024,40721,950661,23.4,23.4,23.1,23.15,-0.35,65
2024-05-30,2024,21331,496057,23.5,23.5,23.1,23.35,0.2,41
2024-05-31,2024,10703,246870,22.6,23.45,22.6,23.4,0.05,156
2024-06-03,2024,33735,785330,23.45,23.45,23.15,23.25,-0.15,64
2024-06-04,2024,15095,350487,22.85,23.25,22.85,23.25,0.0,40
2024-06-05,2024,56120,1319779,23.25,23.9,23.25,23.65,0.4,68
2024-06-06,2024,27063,637913,23.65,23.65,23.45,23.45,-0.2,115
2024-06-07,2024,22888,534088,23.4,23.4,23.3,23.3,-0.15,27
2024-06-11,2024,26885,624721,23.3,23.3,22.95,22.95,-0.35,37
2024-06-12,2024,28270,660810,22.95,23.7,22.9,23.4,0.45,43
2024-06-13,2024,39250,918427,23.6,23.6,23.0,23.45,0.05,50
2024-06-14,2024,10885,248762,23.1,23.1,22.75,22.75,-0.7,48
2024-06-17,2024,56547,1238556,21.65,22.2,21.65,22.05,-0.7,102
2024-06-18,2024,32859,717708,22.05,22.05,21.8,21.8,-0.25,77
2024-06-19,2024,56814,1228315,21.8,21.8,21.4,21.65,-0.15,82
2024-06-20,2024,22211,480800,21.5,21.95,21.45,21.95,0.3,49
2024-06-21,2024,11633,252804,21.9,21.9,21.55,21.65,-0.3,37
2024-06-24,2024,8740,185475,21.1,21.35,21.1,21.35,-0.3,42
2024-06-25,2024,16635,356045,21.35,21.55,21.35,21.35,0.0,28
2024-06-26,2024,16010,342420,21.3,21.45,21.3,21.4,0.05,18
2024-06-27,2024,19064,407662,21.35,21.7,21.3,21.3,-0.1,27
2024-06-28,2024,18366,402188,21.8,22.45,21.7,21.8,0.5,37
2024-07-01,2024,30404,667925,22.4,22.4,21.6,21.6,-0.2,38
2024-07-02,2024,2364,51028,21.6,21.6,21.6,21.6,0.0,20
2024-07-03,2024,2004,42884,21.4,21.4,21.4,21.4,-0.2,6
2024-07-04,2024,43388,951793,21.0,22.5,21.0,21.85,0.45,48
2024-07-05,2024,54130,1182254,21.85,22.05,21.65,21.75,-0.1,62
2024-07-08,2024,67994,1528111,21.35,22.9,21.35,22.6,0.85,83
2024-07-09,2024,79808,1836570,21.9,23.3,21.9,22.45,-0.15,37
2024-07-10,2024,32733,748723,23.0,23.1,22.5,22.95,0.5,55
2024-07-11,2024,73578,1685919,21.55,23.1,21.55,22.7,-0.25,64
2024-07-12,2024,22018,502799,22.85,22.85,22.7,22.85,0.15,31
2024-07-15,2024,31341,708700,22.8,22.8,22.35,22.6,-0.25,64
2024-07-16,2024,15341,345974,22.6,22.65,22.35,22.35,-0.25,30
2024-07-17,2024,21033,479226,22.35,23.0,22.35,23.0,0.65,68
2024-07-18,2024,27694,646627,23.1,23.4,23.1,23.2,0.2,34
2024-07-19,2024,31117,716414,22.65,23.2,22.65,23.05,-0.15,228
2024-07-22,2024,32934,760166,22.65,23.45,22.65,23.45,0.4,51
2024-07-23,2024,26936,627307,23.7,23.9,22.8,23.25,-0.2,34
2024-07-26,2024,16214,373866,23.25,23.25,22.85,22.95,-0.3,69
2024-07-29,2024,5139,117069,22.85,22.85,22.75,22.8,-0.15,17
2024-07-30,2024,38233,886336,23.15,23.25,22.8,22.85,0.05,30
2024-07-31,2024,6187,141370,22.85,22.85,22.85,22.85,0.0,37
2024-08-01,2024,24255,560924,23.45,23.45,22.85,22.85,0.0,20
2024-08-02,2024,30163,688182,22.3,23.1,22.3,22.9,0.05,54
2024-08-05,2024,50247,1110742,22.75,22.9,21.0,21.2,-1.7,67
2024-08-06,2024,16072,343272,21.8,22.05,20.9,22.05,0.85,37
2024-08-07,2024,4027,88700,22.0,22.05,22.0,22.05,0.0,21
2024-08-08,2024,34022,725789,21.9,21.9,21.25,21.85,-0.2,26
2024-08-09,2024,14569,321453,21.9,22.5,21.9,22.5,0.65,42
2024-08-12,2024,33433,751307,22.5,22.5,22.1,22.1,-0.4,32
2024-08-13,2024,103098,2371897,22.15,23.55,22.15,23.25,1.15,79
2024-08-14,2024,10258,237406,23.15,23.15,23.15,23.15,-0.1,34
2024-08-15,2024,85571,1993389,23.0,23.9,22.5,23.6,0.45,83
2024-08-16,2024,86043,1990334,23.95,23.95,22.8,22.95,-0.65,75
2024-08-19,2024,10251,232110,22.95,22.95,22.55,22.55,-0.4,29
2024-08-20,2024,12009,270805,22.6,22.75,22.3,22.45,-0.1,20
2024-08-21,2024,35036,800061,22.75,22.9,22.75,22.9,0.45,39
2024-08-22,2024,6016,135753,22.6,22.65,22.4,22.6,-0.3,16
2024-08-23,2024,29362,677303,22.25,23.25,22.25,23.25,0.65,28
2024-08-26,2024,5358,123634,22.95,23.15,22.95,23.15,-0.1,11
2024-08-27,2024,21892,497696,22.85,22.85,22.25,22.85,-0.3,49
2024-08-29,2024,6335,143885,22.7,22.7,22.7,22.7,-0.15,23
2024-08-30,2024,26226,583324,22.7,22.7,22.1,22.25,-0.45,55
2024-09-02,2024,34248,759201,22.4,22.4,21.7,22.25,0.0,49
2024-09-03,2024,1011,22292,22.05,22.05,22.05,22.05,-0.2,12
2024-09-04,2024,77213,1671625,21.95,22.0,21.25,21.7,-0.35,64
2024-09-05,2024,7014,153307,22.5,22.5,21.7,21.7,0.0,21
2024-09-06,2024,3208,69159,21.55,21.55,21.55,21.55,-0.15,14
2024-09-09,2024,25132,527789,21.45,21.45,20.75,20.95,-0.6,37
2024-09-10,2024,12733,265365,21.25,21.25,20.85,20.9,-0.05,36
2024-09-11,2024,12616,256667,20.7,20.7,20.2,20.2,-0.7,36
2024-09-12,2024,12638,257423,20.45,20.6,20.25,20.4,0.2,25
2024-09-13,2024,2185,44564,20.4,20.4,20.4,20.4,0.0,19
2024-09-16,2024,6150,127163,20.5,21.05,20.4,21.05,0.65,37
2024-09-18,2024,7560,163767,21.85,21.85,21.05,21.65,0.6,78
2024-09-19,2024,5015,107779,21.25,21.55,21.25,21.55,-0.1,20
2024-09-20,2024,18433,396158,21.55,21.55,21.15,21.3,-0.25,36
2024-09-23,2024,4013,84031,21.15,21.15,20.6,21.05,-0.25,17
2024-09-24,2024,6143,126451,20.85,20.85,20.45,20.45,-0.6,18
2024-09-25,2024,30016,611770,20.5,20.55,20.25,20.4,-0.05,34
2024-09-26,2024,32073,665611,20.55,21.0,20.5,20.9,0.5,24
2024-09-27,2024,140558,3173786,21.15,22.95,21.0,22.95,2.05,137
2024-09-30,2024,144215,3345797,23.55,24.4,22.1,22.2,-0.75,145
2024-10-01,2024,36556,802578,22.3,22.3,21.3,21.75,-0.45,68
2024-10-04,2024,18032,400755,21.95,22.4,21.9,21.9,0.15,39
2024-10-07,2024,7532,164388,22.0,22.0,21.6,21.6,-0.3,35
2024-10-08,2024,14374,304395,21.4,21.4,21.05,21.05,-0.55,43
2024-10-09,2024,13018,270574,20.65,20.9,20.5,20.9,-0.15,25
2024-10-11,2024,4091,87166,21.5,21.5,20.9,20.9,0.0,15
2024-10-14,2024,11326,234647,20.95,20.95,20.5,20.95,0.05,36
2024-10-16,2024,34536,718669,20.55,21.0,20.55,20.85,-0.1,25
2024-10-17,2024,2013,41774,20.75,20.75,20.75,20.75,-0.1,15
2024-10-18,2024,17346,367404,21.05,21.8,20.85,20.95,0.2,76
2024-10-21,2024,23642,512549,20.95,22.1,20.95,21.45,0.5,118
2024-10-22,2024,8120,168605,20.75,20.8,20.65,20.8,-0.65,19
2024-10-23,2024,4094,86636,20.75,21.75,20.75,21.05,0.25,15
2024-10-24,2024,18362,388890,20.7,21.8,20.7,20.9,-0.15,25
2024-10-25,2024,12156,259320,21.6,21.6,20.9,20.9,0.0,23
2024-10-28,2024,4172,87181,20.9,20.9,20.9,20.9,0.0,33
2024-10-29,2024,11152,227010,20.75,20.75,20.25,20.4,-0.5,35
2024-10-30,2024,9016,185070,20.4,20.65,20.3,20.3,-0.1,20
2024-11-01,2024,2224,45143,20.25,20.35,20.25,20.35,0.05,13
2024-11-04,2024,11107,224220,20.35,20.35,20.1,20.1,-0.25,34
2024-11-06,2024,11079,223245,20.15,20.15,20.15,20.15,0.05,17
2024-11-07,2024,5010,102560,20.3,20.55,20.3,20.4,0.25,15
2024-11-08,2024,6025,123731,20.5,20.6,20.4,20.4,0.0,19
2024-11-11,2024,4016,83178,20.75,20.75,20.7,20.7,0.3,19
2024-11-12,2024,1115,22857,20.35,20.35,20.35,20.35,-0.35,26
2024-11-13,2024,6079,125484,19.85,21.2,19.85,20.85,0.5,21
2024-11-14,2024,9970,199587,20.7,20.7,19.8,19.8,-1.05,30
2024-11-15,2024,17051,335339,19.8,20.0,19.5,19.6,-0.2,29
2024-11-18,2024,25205,495289,19.6,19.95,19.5,19.95,0.35,29
2024-11-19,2024,4016,81171,20.3,20.45,20.05,20.05,0.1,15
2024-11-20,2024,6219,123175,20.2,20.2,19.55,19.85,-0.2,144
2024-11-21,2024,6084,121015,19.85,19.9,19.85,19.9,0.05,25
2024-11-22,2024,22341,436001,19.9,20.2,19.1,20.2,0.3,38
2024-11-25,2024,350340,7103807,20.25,20.65,20.0,20.65,0.45,46
2024-11-26,2024,10158,206560,20.65,20.65,20.15,20.4,-0.25,24
2024-11-27,2024,13203,261764,20.1,20.1,19.35,19.8,-0.6,37
2024-11-28,2024,331224,6723369,20.2,20.35,20.1,20.3,0.5,43
2024-12-02,2024,56313,1145999,20.4,20.4,20.35,20.35,0.05,25
2024-12-03,2024,31275,652557,20.85,21.0,20.5,21.0,0.65,47
2024-12-04,2024,6275,127910,20.5,20.5,20.2,20.2,-0.8,28
2024-12-05,2024,2022,41040,20.2,20.4,20.2,20.4,0.2,24
2024-12-06,2024,6436,128869,20.05,20.05,20.0,20.0,-0.4,22
2024-12-09,2024,3460,69152,20.0,20.0,20.0,20.0,0.0,42
2024-12-10,2024,4070,80440,19.8,19.8,19.75,19.75,-0.25,29
2024-12-11,2024,1079,21301,19.75,19.75,19.75,19.75,0.0,19
2024-12-12,2024,10026,197956,19.7,19.75,19.7,19.75,0.0,28
2024-12-13,2024,4050,79277,19.55,19.75,19.5,19.5,-0.25,37
2024-12-16,2024,8074,156113,19.5,19.5,19.1,19.1,-0.4,44
2024-12-17,2024,1508,28241,19.05,19.05,19.05,19.05,-0.05,28
2024-12-18,2024,19207,358003,19.05,19.05,18.2,18.85,-0.2,51
2024-12-19,2024,18138,336088,18.55,18.7,18.35,18.35,-0.5,55
2024-12-20,2024,26027,480088,18.1,18.85,18.1,18.3,-0.05,51
2024-12-23,2024,21560,400049,18.2,19.0,18.2,18.7,0.4,52
2024-12-24,2024,9433,178028,18.7,18.95,18.7,18.9,0.2,34
2024-12-25,2024,22291,444046,19.0,20.15,19.0,20.15,1.25,89
2024-12-26,2024,1469,29032,19.8,19.8,19.8,19.8,-0.35,30
2024-12-27,2024,3046,60201,19.8,19.8,19.7,19.7,-0.1,30
2024-12-30,2024,1685,33339,19.85,19.85,19.85,19.85,0.15,43
2024-12-31,2024,12203,240112,19.9,19.9,19.15,19.15,-0.7,34
