1101,1102,1216,1301,1303,1326,1402,2002,2105,2207,2227,2301,2303,2308,2311,2317,2325,2330,2354,2357,2382,2395,2408,2409,2412,2454,2474,2498,2801,2880,2881,2882,2883,2884,2885,2886,2887,2890,2891,2892,2912,3008,3045,3481,4904,4938,5880,6505,9904,1227,1314,1319,1434,1440,1476,1477,1504,1507,1590,1605,1710,1717,1722,1723,1789,1802,1907,2006,2015,2049,2059,2101,2103,2106,2201,2204,2206,2231,2324,2327,2337,2344,2347,2352,2353,2356,2360,2362,2376,2377,2379,2385,2392,2393,2439,2448,2449,2451,2501,2511,2542,2603,2606,2609,2610,2615,2618,2707,2723,2727,2809,2812,2823,2834,2845,2855,2888,2903,2915,3034,3037,3044,3060,3189,3231,3576,3673,3682,3702,4958,5264,5522,5871,6005,6116,6176,6239,8046,8150,8454,9907,9910,9914,9917,9921,9933,9940,9945
42.6,38.2,50.6,76.9,64,67.7,31.8,26.7,76,457,290,39,15.45,197,40.3,87.2,54,140.5,86,334,77,238,75.9,17.1,95.5,489,281,157.5,17.8,17.5,50.5,45.5,10.4,19.2,15.2,24.2,12.9,12.9,20.1,18.4,243,2640,104,15.4,77.2,83.9,16.1,68,43.5,67.7,11.8,37.5,31.8,17.1,328.5,178,29.8,73.3,275,9.71,28.9,31,55.4,153,52.5,22.9,13,23.7,38.75,265,456,33.3,37.85,64,46.3,27.1,27.7,329,23,57.4,6.88,10.05,45.5,14.35,20.6,23.8,78.3,48,38.8,35.25,97.1,87.5,56,77,106.5,56.5,26.85,100.5,16.75,12.15,64.3,22.05,48.5,16.7,15.5,32.75,23.75,320,172.5,285,33.3,10.4,26.75,9.17,10.55,16.15,8.8,27,68.1,172,21.9,68.8,149,102.5,29,27.6,207.5,15.1,39.3,89.8,180,37.3,74.8,10.3,7.82,102,52.6,45,46.6,306,20.35,120,219.5,82.1,274,50,35.9,47.5
42.55,38.25,50.7,77.1,64.1,68.5,31.8,26.7,76.3,457,295.5,39.2,15.45,197.5,40.35,87.1,53.8,141,86,333,77.1,238.5,76,17,95.3,488,281,157.5,17.85,17.5,50.3,45.55,10.45,19.35,15.25,24.2,12.95,12.9,20.2,18.45,243,2635,104.5,15.3,77.2,84.1,16.1,67.9,43.95,67.6,11.85,37.5,31.8,17.15,330,177.5,29.8,73.4,274.5,9.73,28.95,31,55.3,154,52.5,22.9,13,23.7,38.75,263.5,460,33.25,38,64,46.3,27.3,27.7,329,23.05,57.5,6.85,10.1,45.5,14.4,20.55,23.7,78.4,48.15,38.85,35.4,97.1,87.5,56.1,77,106,56.4,26.7,101,16.75,12.05,64.4,22.1,48.6,16.7,15.45,32.7,23.65,322.5,172.5,287,33.3,10.4,26.75,9.18,10.55,16.15,8.8,27.05,68.4,170,21.8,69,149,103,29.05,27.7,207,15.15,39.35,89.5,180,37.35,74.8,10.3,7.81,102,52.5,44.9,46.9,306.5,20.4,118.5,218.5,82.5,272,50.2,36.2,47.5
42.75,38.25,50.6,77.5,64.5,68.9,31.8,26.65,76.5,455.5,295.5,39.2,15.45,196.5,40.25,87.2,53.9,141.5,86.1,334,77.8,239,76.1,17.1,95.5,487,279,157.5,17.95,17.55,50.2,45.65,10.45,19.4,15.3,24.25,13,12.9,20.2,18.5,245,2655,104.5,15.45,77.3,84.4,16.15,68.1,43.75,68.1,11.8,37.5,31.8,17.15,330.5,178,29.95,73.3,274.5,9.72,28.95,31,55.2,154,52.6,22.85,13,23.7,38.75,264,460,33.25,38.15,64.1,46.5,27.15,27.65,329,23.2,57.3,6.85,10.1,45.65,14.4,20.6,23.75,78.8,48.15,38.9,35.35,97.6,87.5,56.2,76.9,106.5,56.7,26.85,100.5,16.8,12.05,64.8,22.05,48.5,16.6,15.55,32.5,23.7,322.5,172.5,287,33.3,10.4,26.8,9.22,10.55,16.15,8.8,27.1,68.5,170,21.7,68.9,149.5,103,29.05,27.75,207.5,15.1,39.45,89.4,180,37.4,74.7,10.3,7.84,102,52.6,44.8,47.1,306.5,20.4,118,219.5,82.5,275.5,49.95,35.85,47.9
42.75,38.3,50.7,77.4,64.5,69,31.8,26.65,76.6,455.5,294,39.2,15.45,196.5,40.3,87.2,53.8,142,86.2,334,77.9,239.5,76.3,17.1,95.4,486,279.5,157.5,17.95,17.55,50,45.6,10.4,19.4,15.25,24.25,13.05,12.95,20.15,18.5,245.5,2640,104.5,15.45,77.4,84.2,16.15,68.2,43.8,68.1,11.8,37.45,31.85,17.15,329.5,178,29.95,73,274.5,9.71,28.95,31,55.2,154,52.6,22.9,12.95,23.7,38.75,264.5,461,33.25,38.25,64.1,46.45,27.2,27.65,329,23.25,57.2,6.87,10.1,45.6,14.45,20.65,23.75,78.8,48.2,39,35.5,97.6,87.8,56.3,76.7,106.5,56.5,26.75,100,16.85,12.05,64.6,22,48.5,16.6,15.55,32.45,23.6,322.5,172,287,33.3,10.4,26.75,9.21,10.55,16.15,8.79,27.05,68.5,171,21.7,69.1,149,102.5,29.05,27.7,208,15.15,39.4,89.3,180,37.4,74.9,10.35,7.84,102,52.6,44.8,47.15,306.5,20.35,118.5,219.5,82.5,275.5,49.95,35.8,47.9
42.8,38.3,50.7,77.5,64.5,69,31.85,26.6,76.6,455.5,294,39.3,15.5,196,40.35,87.2,53.4,142.5,86.3,334.5,77.9,239.5,76.3,17.15,95.5,486,280,157.5,17.95,17.55,50,45.6,10.45,19.45,15.3,24.3,13.05,12.95,20.2,18.55,246,2655,104.5,15.4,77.4,83.6,16.1,68.2,43.9,68.1,11.8,37.45,31.85,17.15,329.5,177.5,30,73,274.5,9.72,28.95,31,55.1,154.5,52.8,23.1,12.95,23.7,38.75,265,460,33.25,38.45,64.1,46.45,27.25,27.7,329,23.25,57.1,6.86,10.1,45.6,14.45,20.6,23.7,78.8,48.2,39,35.6,97.4,88,56.4,76.7,106.5,56.7,26.75,100,16.8,12.05,64.6,21.9,48.55,16.5,15.45,32.5,23.55,322.5,172,287,33.3,10.4,26.75,9.2,10.55,16.15,8.8,27.05,68.5,171,21.65,69.2,149,102.5,29.05,27.65,208,15.15,39.5,89.4,180,37.4,74.9,10.35,7.82,101.5,52.7,44.9,47.15,306.5,20.35,119,219.5,82.5,276,49.95,36.3,47.8
42.8,38.3,50.7,77.5,64.7,69.4,31.85,26.6,76.6,456.5,294,39.35,15.5,196,40.45,87.2,53.6,142.5,86.3,335,77.8,239.5,76.4,17.2,95.5,486,280,157.5,17.95,17.55,50.1,45.65,10.45,19.45,15.3,24.3,13.05,12.95,20.2,18.55,245,2655,104.5,15.45,77.4,83.5,16.15,68.3,43.85,68.1,11.85,37.5,31.85,17.15,330,177.5,30.1,73,274.5,9.73,28.9,31,55.1,154.5,52.8,23.1,12.95,23.7,38.75,264.5,458,33.25,38.45,64.1,46.3,27.25,27.7,328,23.2,57.2,6.86,10.1,45.6,14.45,20.65,23.7,78.8,48.2,39,35.65,97.5,88.1,56.4,76.4,106,56.5,26.7,100.5,16.8,12.05,64.6,21.9,48.5,16.5,15.4,32.5,23.5,322.5,172,287,33.35,10.4,26.75,9.2,10.5,16.15,8.83,27.1,68.5,171,21.7,69.3,148.5,102.5,29.1,27.65,208,15.15,39.55,89.5,180,37.4,75.1,10.35,7.82,102,52.7,44.95,47.3,307,20.4,120,219.5,82.5,276,50,36.6,47.8
42.8,38.3,50.6,77.3,65,69.3,31.85,26.55,76.6,456.5,294,39.3,15.5,196,40.3,87.2,53.6,142,86.3,334,77.8,239.5,76.5,17.2,95.4,485.5,280,157.5,17.95,17.55,50.1,45.6,10.4,19.45,15.25,24.25,13.05,12.9,20.2,18.55,245,2650,104.5,15.45,77.4,83.8,16.1,68.3,43.8,68.1,11.85,37.5,31.85,17.2,329.5,177.5,30.3,73,274.5,9.72,28.95,31,55.1,154.5,52.8,23,13,23.85,38.75,264,457.5,33.25,38.35,64.2,46.45,27.1,27.7,328,23.2,57.2,6.86,10.15,45.6,14.4,20.65,23.7,78.8,48.2,39,35.7,97.5,88.3,56.5,76.5,106.5,56.5,26.75,100.5,16.8,12.05,64.6,21.9,48.5,16.5,15.4,32.65,23.35,322.5,172,287,33.35,10.4,26.75,9.19,10.55,16.15,8.83,27.1,68.4,171,21.7,69.1,148.5,103,29.1,27.6,207.5,15.1,39.8,89.5,180,37.05,75,10.35,7.83,101.5,52.7,45,47.5,307,20.4,119.5,219.5,82.4,276,50,36.15,47.8
42.75,38.3,50.7,77.4,64.9,69.2,31.85,26.6,76.7,456.5,294,39.25,15.5,196,40.3,87.2,53.6,142.5,86.2,334,77.7,239,76.5,17.25,95.4,484.5,280.5,157.5,17.95,17.55,50.2,45.7,10.4,19.4,15.3,24.25,13.05,12.95,20.2,18.5,245,2645,104.5,15.5,77.4,84,16.1,68.2,43.8,68.1,11.8,37.5,31.9,17.2,329,177.5,30.25,72.9,271.5,9.71,28.95,31,55,154.5,52.8,23,13,23.85,38.75,263,457.5,33.3,38.4,64.3,46.45,27.1,27.7,328,23.25,57.2,6.87,10.15,45.55,14.4,20.6,23.65,78.8,48.2,38.9,35.5,97.5,88.3,56.5,76.5,106,56.1,26.75,100.5,16.8,12.05,64.6,21.85,48.5,16.4,15.2,32.65,23.4,322.5,172,287,33.35,10.4,26.75,9.2,10.55,16.15,8.83,27.15,68.4,170.5,21.75,69,148,103,29.05,27.65,207.5,15.1,39.8,89.5,179.5,37.05,75,10.25,7.82,101.5,52.6,44.95,47.6,306.5,20.35,119.5,219,82.4,276,50,36.2,47.8
42.75,38.3,50.6,77.2,64.8,69.3,31.85,26.55,76.7,456.5,294,39.15,15.5,195,40.35,87.1,53.6,142,86.1,334.5,77.7,239,76.3,17.2,95.5,484.5,280,157,17.95,17.55,50.3,45.65,10.4,19.45,15.3,24.25,13.05,12.9,20.2,18.5,245,2645,104.5,15.5,77.4,84.1,16.15,68.3,43.8,68.1,11.85,37.7,31.9,17.2,329.5,177.5,30.45,72.8,271,9.71,28.95,31,55.1,154.5,52.8,23,13,23.85,38.75,263,460,33.3,38.4,64.3,46.3,27.1,27.7,328.5,23.25,57.3,6.86,10.1,45.55,14.5,20.65,23.65,78.8,48.2,38.9,35.4,97.3,88.2,56.4,76.6,106.5,56.2,26.65,100.5,16.8,12.05,64.4,21.85,48.55,16.35,15.15,32.65,23.2,322.5,172,287,33.35,10.4,26.8,9.2,10.55,16.15,8.83,27.15,68.4,171,21.8,68.8,147,102.5,29.1,27.6,206.5,15.15,39.7,89.5,179.5,37,75.1,10.25,7.81,101.5,52.5,44.95,47.5,307,20.35,118.5,219,82.4,276,50,36.3,47.75
42.8,38.3,50.6,77.3,64.9,69.2,31.85,26.55,76.7,456,293.5,39.2,15.5,195,40.3,87.1,53.7,142.5,86.1,334.5,77.8,239,76.3,17.15,95.4,484,280.5,157,17.95,17.5,50.3,45.7,10.4,19.45,15.3,24.3,13.05,12.95,20.2,18.5,245,2650,104,15.5,77.3,84.2,16.15,68.3,43.85,68.1,11.9,37.65,31.9,17.2,329.5,177.5,30.4,72.8,272,9.71,28.9,31,55,154.5,53,23.15,13,23.85,38.75,263,460,33.3,38.4,64.5,46.4,27.1,27.65,328.5,23.2,57.3,6.86,10.1,45.55,14.5,20.7,23.6,78.8,48.2,38.9,35.5,97.3,88.2,56.3,76.6,106,56.3,26.7,100.5,16.8,12.05,64.4,21.8,48.55,16.3,15,32.6,23.1,322.5,172,287,33.35,10.45,26.9,9.2,10.55,16.15,8.84,27.15,68.4,171.5,21.75,68.8,146,103,29.1,27.6,206.5,15.15,39.7,89.7,179.5,37.1,75,10.3,7.83,101.5,52.6,44.8,47.4,306.5,20.4,119,219.5,82.5,275.5,50,36.35,47.75
42.75,38.3,50.6,77.4,64.9,69.3,31.8,26.55,76.6,456,293.5,39.2,15.5,195.5,40.3,87.1,53.8,142.5,86.1,334.5,77.8,239,76.3,17.1,95.5,483.5,280,157,17.95,17.5,50.4,45.7,10.4,19.45,15.3,24.3,13.05,12.95,20.25,18.5,244.5,2650,104,15.5,77.4,84.3,16.15,68.3,43.8,68.1,11.9,37.7,31.9,17.15,329.5,177,30.5,72.8,272,9.7,28.9,31,55.1,154.5,53,23.1,13,23.75,38.75,263,458.5,33.3,38.35,64.5,46.35,27.15,27.65,328.5,23.2,57.5,6.87,10.1,45.6,14.45,20.65,23.6,78.8,48.2,38.9,35.4,97.4,88.2,56.4,76.7,106,56.2,26.65,100.5,16.8,12.05,64.7,21.6,48.5,16.25,15.05,32.5,23.2,323,172,287,33.35,10.45,26.95,9.2,10.55,16.15,8.86,27.15,68.5,171,21.85,68.8,145.5,103,29.05,27.6,206,15.15,39.65,89.8,179.5,37.1,75,10.3,7.83,101.5,52.6,44.8,47.4,306.5,20.35,118.5,219.5,82.5,276,50.1,36.3,47.75
42.8,38.3,50.7,77.4,64.7,69.3,31.85,26.55,76.6,456,293.5,39.25,15.45,195,40.25,87,53.8,142,86,334,77.9,239,76.1,17.15,95.5,484,280,157.5,17.95,17.5,50.4,45.75,10.4,19.45,15.3,24.3,13.05,12.95,20.25,18.55,244.5,2650,104.5,15.5,77.2,84.3,16.15,68.3,43.8,68.1,11.9,37.8,32,17.25,329.5,177,30.75,72.8,272,9.71,28.9,31,55.2,154.5,53,23.2,13,23.8,38.8,263,458.5,33.3,38.35,64.5,46.4,27.25,27.75,328.5,23.2,57.7,6.86,10.1,45.6,14.45,20.7,23.55,78.9,48.2,38.85,35.45,97.5,88.2,56.4,76.9,106,56.3,26.65,100.5,16.8,12.05,64.7,21.65,48.55,16.3,15.15,32.5,23.25,323,172,287,33.35,10.45,26.9,9.22,10.55,16.15,8.87,27.15,68.5,171,21.9,68.9,146,103,29.05,27.55,207,15.15,39.65,89.9,179.5,37.35,75,10.3,7.84,102,52.7,44.85,47.4,306.5,20.35,118,220,82.5,276,50.1,36.25,47.75
42.8,38.35,50.7,77.4,64.8,69.3,31.85,26.55,76.6,456,293.5,39.2,15.5,195.5,40.25,87,53.8,142.5,86.1,334.5,78,239,75.9,17.2,95.5,484.5,280,157.5,17.95,17.5,50.5,45.8,10.4,19.45,15.3,24.3,13.05,12.95,20.25,18.5,245,2650,104.5,15.5,77.2,84.3,16.15,68.3,43.8,68.1,11.9,37.85,32,17.25,329.5,177,30.75,72.9,272,9.71,28.9,31,55.1,154.5,53,23.15,13,23.8,38.8,263.5,458,33.25,38.35,64.6,46.4,27.25,27.65,328.5,23.2,57.9,6.86,10.05,45.6,14.45,20.7,23.55,78.9,48.15,38.85,35.45,97.4,88.4,56.3,76.9,106,56.3,26.6,101,16.8,12.05,64.7,21.7,48.5,16.35,15.2,32.55,23.35,323,172,287,33.35,10.45,26.9,9.23,10.55,16.15,8.87,27.15,68.5,171,21.9,68.9,146,103,29,27.6,207,15.15,39.6,90,179.5,37.2,75.1,10.3,7.83,102.5,52.7,44.85,47.5,306.5,20.35,118,220,82.4,275.5,50.1,36.2,47.7
42.8,38.3,50.7,77.4,64.7,69.4,31.85,26.55,76.6,456,293.5,39.25,15.45,195,40.25,87,53.7,142,86.1,334,78,239,75.9,17.2,95.4,484.5,279.5,157.5,17.95,17.5,50.4,45.75,10.4,19.4,15.25,24.3,13.05,12.95,20.25,18.5,245,2645,104,15.5,77.2,84.3,16.15,68.3,43.85,68.1,11.95,37.85,31.95,17.25,329.5,177,30.6,72.9,272,9.7,28.9,31,55.1,154.5,53,23.2,13,23.8,38.7,263.5,458,33.25,38.4,64.5,46.4,27.25,27.6,328,23.2,58.2,6.86,10.05,45.55,14.5,20.7,23.55,79,48.15,38.85,35.45,97.3,88.4,56.3,77,105.5,56.4,26.7,101,16.8,12.05,64.6,21.7,48.5,16.35,15.25,32.6,23.35,323.5,172,287,33.35,10.45,26.85,9.24,10.55,16.15,8.86,27.15,68.4,172,22,69,146,102.5,29,27.6,207,15.1,39.65,89.9,179.5,37.2,75.1,10.3,7.83,103,52.6,44.8,47.7,306.5,20.4,118,219.5,82.4,276.5,50.1,35.8,47.7
42.75,38.3,50.8,77.3,64.7,69.3,31.8,26.55,76.6,456,293.5,39.2,15.45,195,40.25,87,53.6,142.5,86,334.5,77.9,239,75.9,17.15,95.4,484,279.5,157.5,17.9,17.5,50.4,45.75,10.4,19.4,15.3,24.3,13.05,12.95,20.25,18.5,245.5,2645,104.5,15.5,77.2,84.4,16.1,68.2,43.9,68.1,11.95,38,31.95,17.25,329,177.5,30.6,72.9,272,9.7,28.95,31,55.1,154.5,53,23.15,13,23.8,38.7,263.5,458,33.25,38.45,64.6,46.4,27.2,27.6,328.5,23.2,58.3,6.87,10.1,45.55,14.45,20.65,23.55,79,48.15,38.85,35.4,97.2,88.4,56.3,77,105.5,56.3,26.7,101,16.8,12.05,64.7,21.65,48.5,16.35,15.25,32.7,23.4,323.5,172,287,33.35,10.45,26.85,9.23,10.55,16.15,8.86,27.15,68.4,171.5,22,68.9,146,102.5,29,27.6,207,15.1,39.6,90,179.5,37.2,75,10.3,7.82,103,52.6,44.8,48.3,306,20.4,118,219.5,82.4,277,50.1,35.8,47.75
42.75,38.3,50.8,77.3,64.7,69.2,31.8,26.55,76.6,456,293.5,39.25,15.5,195,40.25,86.9,53.4,143,86,334,77.9,239,76.1,17.15,95.4,484.5,279.5,158,17.95,17.45,50.4,45.75,10.4,19.4,15.25,24.3,13,12.9,20.25,18.5,245.5,2645,104.5,15.55,77.2,84.5,16.15,68.1,43.9,68.1,11.9,37.95,32,17.25,329,178,30.65,72.9,272,9.7,28.95,31,55.1,154.5,53,23.15,12.95,23.8,38.7,264,458,33.25,38.45,64.7,46.4,27.25,27.6,327.5,23.2,58.3,6.86,10.1,45.55,14.45,20.65,23.55,79.2,48.15,38.9,35.45,97.1,88.4,56.2,77.2,105.5,56.3,26.65,100.5,16.8,12.05,64.7,21.7,48.55,16.35,15.3,32.7,23.3,323.5,172,287,33.35,10.45,26.9,9.22,10.55,16.15,8.86,27.15,68.4,171,22,69,145.5,103,29,27.6,207,15.1,39.65,90.2,179.5,37.25,75,10.3,7.82,103,52.6,44.75,48,305.5,20.4,118,219.5,82.5,277,50.1,35.8,47.6
42.75,38.3,50.8,77.2,64.7,69.2,31.8,26.5,76.7,456,293.5,39.25,15.45,195,40.2,86.9,53.3,143,86,334,77.9,239,76.3,17.2,95.5,484.5,280,157.5,17.95,17.45,50.3,45.65,10.4,19.4,15.3,24.3,13,12.9,20.2,18.5,245.5,2645,104.5,15.55,77.2,84.5,16.15,68.1,43.9,68.1,11.9,37.95,32.05,17.3,329,177.5,30.8,72.9,272,9.7,28.95,31,55.1,154.5,52.8,23.15,12.95,23.7,38.8,263.5,458.5,33.25,38.75,65,46.4,27.25,27.6,327,23.2,58.3,6.86,10.05,45.55,14.45,20.65,23.5,79.2,48.15,38.9,35.45,97.2,88.4,56.2,77.2,105.5,56.3,26.65,100.5,16.8,12.05,64.6,21.75,48.5,16.4,15.3,32.7,23.4,323.5,172,285.5,33.35,10.45,26.8,9.21,10.55,16.15,8.85,27.15,68.5,171,22,68.9,145.5,102.5,28.95,27.6,207,15.1,39.6,90.1,179.5,37.25,75.1,10.3,7.82,103,52.6,44.75,47.8,304.5,20.4,118,219.5,82.5,277,50.1,36,47.7
42.8,38.3,50.7,77.1,64.7,69.2,31.8,26.5,76.8,456,293.5,39.2,15.45,194,40.2,86.8,53.4,143,86.1,334,77.9,238.5,76,17.15,95.4,484.5,280,157.5,17.95,17.5,50.3,45.65,10.4,19.4,15.3,24.25,13,12.9,20.2,18.5,245.5,2645,104.5,15.5,77.2,84.4,16.15,68.1,43.85,68.1,11.95,37.95,32.1,17.3,329,178,30.65,73,271.5,9.69,28.95,31,55.1,154.5,52.8,23.15,12.95,23.7,38.8,263.5,458,33.25,38.8,65,46.4,27.2,27.6,326.5,23.15,58.6,6.85,10.05,45.6,14.4,20.6,23.55,79.2,48.15,38.95,35.4,97,88.4,56.2,77.2,105.5,56.2,26.65,100.5,16.8,12.05,64.7,21.75,48.5,16.35,15.3,32.6,23.35,323.5,172,285.5,33.35,10.45,26.85,9.2,10.55,16.15,8.84,27.15,68.6,171,21.95,69,145.5,102.5,28.95,27.6,206.5,15.15,39.6,89.3,179.5,37.25,75.3,10.3,7.81,104,52.6,44.65,47.95,304.5,20.35,117,219.5,82.4,277,50.1,36,47.6
42.8,38.3,50.8,77.1,64.7,69.2,31.8,26.5,76.7,456,293.5,39.2,15.45,194,40.2,86.5,53.4,142.5,86,334,77.9,238.5,75.9,17.1,95.5,484.5,279.5,157.5,17.95,17.5,50.3,45.65,10.4,19.4,15.25,24.25,13.05,12.9,20.2,18.5,245,2645,104.5,15.5,77.2,84.2,16.15,68,43.8,68,11.9,37.95,32.1,17.3,328.5,178,30.65,73,271,9.69,28.9,31,55.1,154.5,52.9,23.15,12.95,23.7,38.75,263,458,33.25,38.8,65,46.4,27.2,27.6,326.5,23.15,58.6,6.85,10.05,45.6,14.45,20.6,23.55,79.1,48.15,38.95,35.35,97,88.4,56.2,77.3,105.5,56.3,26.65,100.5,16.8,12.05,64.7,21.75,48.45,16.4,15.35,32.55,23.4,323.5,172,285.5,33.35,10.45,26.8,9.19,10.55,16.15,8.84,27.1,68.7,171.5,21.9,68.9,145.5,102.5,28.95,27.65,206.5,15.1,39.6,89.3,179.5,37.25,75.5,10.3,7.82,104.5,52.6,44.65,48.15,304,20.35,117,219.5,82.4,277,50.1,36.15,47.6
42.75,38.3,50.7,77,64.5,69,31.8,26.5,76.8,456,294.5,39.2,15.45,194,40.15,86.4,53.4,142.5,85.9,334,77.8,239,75.8,17.1,95.5,484,280,158,17.95,17.5,50.2,45.65,10.4,19.4,15.25,24.3,13,12.9,20.25,18.45,245,2645,104.5,15.5,77.2,84.2,16.15,68,43.65,68,11.8,37.95,32.1,17.3,328.5,178,30.55,73,271,9.69,28.9,31,55.1,154.5,52.8,23.15,12.95,23.7,38.75,263.5,457,33.25,38.7,65.1,46.35,27.2,27.6,326,23.1,58.6,6.85,10.05,45.6,14.45,20.6,23.55,79.1,48.15,38.95,35.35,97,88.4,56.2,76.4,105,56.3,26.65,100.5,16.8,12.05,64.7,21.75,48.45,16.4,15.35,32.6,23.35,323.5,172,285.5,33.35,10.45,26.8,9.19,10.55,16.15,8.84,27.1,68.7,171.5,21.8,69,146,102.5,28.9,27.6,206.5,15.1,39.55,89.4,179.5,37.25,75.3,10.3,7.81,104,52.5,44.6,48.15,303.5,20.35,117,219.5,82.4,277,50,36.15,47.6
42.75,38.3,50.7,77.1,64.4,69,31.75,26.55,76.7,456,295,39.2,15.4,195,40.15,86.4,53.3,142,85.8,333.5,77.7,239,75.9,17.05,95.5,484.5,280,158,17.95,17.5,50.2,45.65,10.4,19.4,15.25,24.25,13.05,12.9,20.25,18.5,245.5,2640,104.5,15.5,77.2,84.1,16.15,68,43.5,68,11.85,38,32.05,17.3,328.5,178,30.5,73,271,9.69,28.9,31,55.1,154.5,52.8,23.15,12.95,23.7,38.75,263,456,33.25,38.95,65,46.35,27.2,27.6,324,23.15,58.5,6.84,10,45.55,14.4,20.6,23.55,79.1,48.15,38.9,35.35,97,88.5,56.2,76.7,105,56.3,26.65,100.5,16.8,12.05,64.8,21.75,48.45,16.35,15.3,32.55,23.4,323.5,171,285,33.35,10.45,26.8,9.19,10.55,16.15,8.84,27.1,68.7,170.5,21.8,69,146,102,28.9,27.6,206.5,15.15,39.6,89.3,179.5,37.25,75.2,10.3,7.8,104,52.5,44.45,48.1,302,20.35,117,219.5,82.4,277,50,36.1,47.6
42.75,38.2,50.8,77.2,64.4,68.9,31.75,26.55,76.7,456,293,39.15,15.4,194.5,40.15,86.3,53.4,142,85.9,333.5,77.8,238.5,75.9,17.05,95.5,484.5,280,158.5,17.95,17.5,50.2,45.65,10.45,19.45,15.25,24.3,13,12.85,20.2,18.5,245.5,2640,104.5,15.5,77.1,83.9,16.15,67.8,43.55,68,11.85,37.85,32.1,17.3,327.5,178,30.55,73,271,9.69,28.9,31,55.1,154.5,52.8,23.15,12.95,23.7,38.75,263,458,33.2,38.9,64.8,46.35,27.25,27.55,323,23.1,58.3,6.83,10,45.55,14.4,20.55,23.5,79.1,48.15,38.85,35.3,97,88.5,56.2,76.8,105.5,56.2,26.65,100.5,16.8,12.05,64.8,21.75,48.4,16.35,15.25,32.7,23.35,322.5,171,285,33.3,10.45,26.75,9.2,10.6,16.1,8.84,27.1,68.7,170.5,21.75,68.9,145.5,102,28.9,27.55,206,15.15,39.55,89.4,180,37.3,75.3,10.3,7.79,103.5,52.4,44.2,47.9,301.5,20.35,116.5,219.5,82.6,277,50,36.05,47.6
42.7,38.1,50.8,77.1,64.4,68.9,31.8,26.5,76.7,456,293,39.15,15.4,194,40.1,86.4,53.4,142,85.8,333.5,77.7,238.5,75.8,17,95.4,484.5,280,158,17.95,17.5,50.2,45.65,10.4,19.45,15.3,24.3,13.05,12.9,20.25,18.5,245.5,2635,104,15.45,77.2,83.6,16.15,67.8,43.55,68,11.85,37.8,32.05,17.3,327.5,178.5,30.5,72.9,272,9.69,28.85,31,55.1,154,52.8,23.1,12.95,23.7,38.75,262.5,458,33.2,38.7,64.8,46.35,27.2,27.5,321,23.05,58.2,6.83,10.1,45.55,14.4,20.55,23.55,79.1,48.1,38.8,35.2,97,88.3,56.2,76.7,105.5,56.2,26.7,100.5,16.8,12.05,64.7,21.75,48.4,16.3,15.25,32.7,23.35,322.5,171,285,33.3,10.45,26.75,9.2,10.6,16.1,8.85,27.1,68.7,170,21.75,68.9,145.5,102,28.85,27.55,206.5,15.1,39.6,89.4,179.5,37.2,75.3,10.25,7.79,103.5,52.4,44.2,48.1,301,20.35,117,219,82.6,277,50,36.1,47.6
42.7,38.15,50.8,77,64.3,68.9,31.75,26.5,76.6,456,293,39.15,15.4,194,40.15,86.2,53.4,142,85.6,333,77.8,238.5,75.7,16.9,95.4,484,279,158.5,17.95,17.5,50.1,45.75,10.45,19.4,15.2,24.25,13.05,12.9,20.25,18.5,245.5,2640,104,15.4,77.2,83.6,16.1,67.8,43.55,68.1,11.9,37.8,32.05,17.3,327,177.5,30.5,72.9,272,9.68,28.8,31,55.1,154,52.8,23.05,12.95,23.75,38.75,262.5,458,33.2,38.65,64.8,46.35,27.2,27.5,321,22.85,58,6.83,10.05,45.5,14.4,20.55,23.55,79.2,48.1,38.75,35.1,97,88.3,56.2,76.9,105.5,56.1,26.6,100.5,16.8,12.05,64.6,21.75,48.4,16.3,15.2,32.7,23.3,322.5,171,285,33.3,10.45,26.75,9.2,10.6,16.1,8.82,27.1,68.7,168.5,21.8,68.8,145,101.5,28.8,27.55,206.5,15.05,39.6,89.3,179.5,37.25,75.1,10.25,7.79,103.5,52.4,44.25,48,303,20.35,117,219,82.6,276.5,50,36.1,47.6
42.7,38.15,50.9,77,64.4,68.8,31.8,26.5,76.6,456,292.5,39.15,15.4,194,40.15,86.3,53.4,142,85.6,333,77.8,238,75.7,16.9,95.4,484.5,279,158.5,17.95,17.5,50.2,45.8,10.4,19.4,15.2,24.3,13.05,12.9,20.25,18.5,245.5,2640,104,15.35,77.2,83.7,16.15,67.8,43.55,68.1,11.85,37.85,32.05,17.3,327,177.5,30.5,72.8,272,9.67,28.85,31,55.1,155,52.8,23.05,13,23.75,38.75,262.5,458.5,33.2,38.5,64.7,46.35,27.2,27.5,321.5,22.9,58,6.83,10.05,45.55,14.4,20.55,23.5,79.1,48.1,38.8,35.15,96.9,88.2,56.2,76.9,105.5,56,26.6,101,16.8,12.05,64.6,21.75,48.4,16.3,15.2,32.7,23.3,322.5,171,285,33.3,10.45,26.75,9.2,10.6,16.1,8.83,27.05,68.7,169,21.75,68.8,143.5,101.5,28.8,27.45,206.5,15.05,39.6,89.1,179.5,37.25,75.1,10.25,7.76,103,52.4,44.25,47.9,301.5,20.3,117.5,219,82.6,276.5,50.1,36.15,47.65
42.7,38.2,50.8,76.9,64.4,68.7,31.8,26.5,76.5,455.5,292,39.1,15.45,194,40.1,86.2,53.3,142,85.6,332.5,77.8,238,75.7,16.95,95.4,484,279,157.5,17.9,17.5,50.2,45.7,10.4,19.4,15.2,24.3,13.05,12.95,20.2,18.45,245,2640,104,15.35,77.1,83.4,16.15,67.9,43.55,67.8,11.85,37.8,32,17.25,327,177,30.55,72.8,272,9.67,28.8,31,55.1,155,52.8,23.05,13,23.7,38.8,262,456,33.2,38.45,64.7,46.35,27.2,27.5,321,22.95,58,6.84,10.05,45.5,14.35,20.55,23.35,79,48.1,38.8,35.2,96.9,88.4,56.2,76.8,105,56,26.55,101,16.8,12.1,64.7,21.8,48.35,16.3,15.2,32.7,23.2,322.5,171,285,33.25,10.4,26.75,9.2,10.55,16.1,8.82,27.05,68.7,169,21.7,68.8,143.5,101.5,28.8,27.45,206,15.05,39.55,89,179.5,37.25,75.1,10.25,7.76,103,52.4,44.25,47.85,302,20.35,117.5,218,82.3,276.5,50,36.1,47.6
42.7,38.2,50.7,77,64.5,68.7,31.8,26.5,76.6,455.5,292,39.1,15.4,194,40.15,86.2,53.1,142.5,85.6,333,77.8,238.5,75.6,16.95,95.4,484.5,279,157.5,17.9,17.5,50.2,45.65,10.4,19.4,15.25,24.35,13,12.95,20.2,18.45,245,2640,104,15.35,77.1,83.3,16.15,67.7,43.55,67.8,11.85,37.75,32.05,17.25,327,177,30.6,72.8,272,9.67,28.75,31,55,154,52.7,23.05,13,23.7,38.8,262,456,33.2,38.45,64.8,46.3,27.2,27.5,322,22.95,58,6.83,10.1,45.55,14.35,20.55,23.3,79,48.1,38.85,35.25,97,88.4,56.1,76.8,105.5,56,26.55,101,16.8,12.05,64.7,21.75,48.35,16.3,15.15,32.7,23.25,322.5,171,285,33.25,10.4,26.75,9.19,10.55,16.1,8.82,27.05,68.6,168.5,21.7,68.7,144,101.5,28.85,27.45,205,15.05,39.55,88.9,179,37.25,75.1,10.25,7.77,103.5,52.2,44.45,47.85,302,20.35,118,218,82.3,276.5,50,36.05,47.6
42.65,38.2,50.8,76.9,64.4,68.7,31.8,26.5,76.6,455.5,292,39.05,15.45,193.5,40.1,86.2,53.1,142.5,85.6,333,77.7,239,75.4,16.95,95.4,484.5,279,157,17.9,17.5,50.2,45.7,10.45,19.4,15.2,24.35,13.05,12.95,20.2,18.5,245,2640,104,15.4,77.1,83.2,16.15,67.8,43.6,67.8,11.85,37.8,32,17.2,326.5,178,30.55,73,272,9.68,28.7,31,55.1,154,52.8,23.05,12.95,23.7,38.8,262,456,33.2,38.45,64.7,46.2,27.25,27.5,322,23,58.1,6.83,10.05,45.5,14.35,20.55,23.25,79,48.1,38.8,35.25,97,88.4,56,76.8,105.5,55.9,26.55,101,16.8,12.05,64.7,21.75,48.35,16.3,15.15,32.7,23.3,322.5,171,285,33.25,10.4,26.75,9.2,10.55,16.1,8.83,27.05,68.7,168,21.7,68.8,144.5,101.5,28.85,27.45,205.5,15.1,39.5,89,179,37.25,75.1,10.25,7.77,103,52.2,44.3,47.85,302,20.35,118,218,82.3,276.5,50,36.05,47.6
42.65,38.2,50.7,76.8,64.5,68.7,31.75,26.5,76.6,455.5,292,39.05,15.45,194,40.1,86.2,53,142.5,85.7,332.5,77.7,238.5,75.2,16.95,95.5,485,278.5,157,17.9,17.5,50.2,45.65,10.4,19.4,15.2,24.3,13,12.9,20.25,18.5,245,2640,104,15.4,77.1,83.2,16.1,67.7,43.5,67.8,11.85,37.75,32,17.2,326.5,177,30.55,73,272,9.67,28.65,31,55.1,154,52.7,23.05,12.95,23.75,38.8,262,456,33.2,38.4,64.7,46.2,27.2,27.5,323,22.95,58,6.83,10.1,45.35,14.35,20.55,23.3,78.9,48.1,38.8,35.2,96.9,88.4,56,76.8,105.5,55.9,26.6,101,16.8,12.05,64.7,21.75,48.35,16.3,15.1,32.75,23.25,322.5,171,285,33.25,10.4,26.75,9.2,10.55,16.1,8.82,27.05,68.6,167.5,21.75,68.8,143.5,101,28.85,27.45,206,15.1,39.5,89,179,37.25,75.1,10.3,7.77,103,52.2,44.4,47.95,301.5,20.35,117.5,218.5,82.3,276.5,50,36.05,47.6
42.65,38.25,50.8,76.8,64.5,68.8,31.75,26.5,76.5,455.5,291.5,39.1,15.4,193.5,40.05,86.2,53.1,142,85.6,332.5,77.7,238,75.2,16.95,95.4,485,278.5,157,17.9,17.45,50.2,45.6,10.4,19.4,15.2,24.3,13.05,12.9,20.25,18.5,245,2640,104,15.35,77.1,83.3,16.15,67.7,43.5,67.8,11.85,37.75,32,17.3,327,177,30.5,73,272,9.68,28.7,31,55,154.5,52.7,23.05,12.95,23.75,38.8,262,456,33.2,38.45,64.8,46.2,27.2,27.55,323,22.95,57.9,6.83,10.1,45.2,14.4,20.5,23.25,78.9,48.1,38.8,35.15,96.9,88.4,56,76.9,106,55.9,26.6,101,16.8,12.05,64.6,21.7,48.3,16.25,15.15,32.7,23.25,322.5,171,285,33.25,10.45,26.7,9.2,10.55,16.1,8.82,27.05,68.6,167.5,21.75,68.8,144,101,28.8,27.5,206,15.1,39.45,88.6,179,37.2,75.1,10.25,7.77,103,52.2,44.4,47.9,301.5,20.35,116.5,218.5,82.3,276.5,50.1,36,47.65
42.65,38.25,50.8,76.9,64.5,68.8,31.75,26.5,76.5,455.5,291.5,39.05,15.4,193.5,40.05,86.2,53.1,142.5,85.6,332.5,77.7,238,75.2,16.9,95.4,485,278.5,157,17.9,17.5,50.2,45.55,10.4,19.4,15.2,24.3,13,12.9,20.2,18.5,245,2640,104.5,15.35,77.1,83.5,16.15,67.6,43.55,67.8,11.85,37.8,32.05,17.35,327.5,177,30.45,73,272,9.67,28.6,31,55,154.5,52.7,23.05,12.95,23.75,38.8,262,456,33.2,38.45,65,46.2,27.2,27.55,323,22.95,57.9,6.82,10.1,45.25,14.35,20.55,23.25,78.9,48.1,38.8,35.2,96.9,88.4,55.8,76.8,106.5,56,26.55,101,16.8,12.05,64.7,21.75,48.2,16.25,15.05,32.7,23.25,322.5,171,285,33.25,10.45,26.75,9.2,10.5,16.1,8.82,27.05,68.6,168,21.75,68.8,143.5,101.5,28.8,27.45,206,15.05,39.45,89,179.5,37.2,75.1,10.3,7.77,103,52.2,44.3,47.8,301,20.35,116.5,218.5,82.5,276.5,50.1,36,47.65
42.6,38.25,50.8,76.9,64.5,68.8,31.8,26.5,76.5,455.5,291.5,39.05,15.4,193,40,86.2,53.1,142,85.6,332.5,77.7,238.5,75.4,16.9,95.4,485,279,157,17.9,17.5,50.2,45.6,10.4,19.4,15.2,24.3,13.05,12.9,20.25,18.45,245,2640,104.5,15.35,77.1,83.6,16.15,67.7,43.6,67.8,11.85,37.8,32.05,17.35,327.5,177,30.45,73,272,9.68,28.6,31,55,154.5,52.7,23.05,12.95,23.75,38.8,262,457.5,33.2,38.35,65,46.2,27.15,27.6,322,22.95,57.8,6.83,10.05,45.25,14.4,20.5,23.3,78.9,48.1,38.8,35.15,96.9,88.4,55.8,76.8,106.5,56,26.6,101,16.8,12.05,64.7,21.65,48.1,16.25,15.1,32.75,23.2,322.5,171,285,33.25,10.4,26.7,9.19,10.5,16.1,8.82,27.05,68.6,167.5,21.7,68.5,144,101.5,28.8,27.45,206.5,15.05,39.4,89,179.5,37.25,75.1,10.25,7.77,103,52.1,44.3,47.7,301.5,20.35,116.5,218,82.5,276.5,50.1,36,47.65
42.55,38.25,50.7,76.8,64.5,68.8,31.8,26.55,76.4,455.5,291.5,38.95,15.4,193,40,86.2,53.2,142,85.5,332.5,77.7,238,75.6,16.9,95.4,484.5,279,157,17.9,17.45,50.2,45.7,10.4,19.4,15.2,24.3,13.05,12.9,20.2,18.5,245.5,2640,104.5,15.3,77.1,83.5,16.15,67.7,43.6,67.8,11.85,37.8,32.05,17.35,327,177,30.5,73,272,9.68,28.65,31,55,154.5,52.6,23.05,12.95,23.75,38.75,261.5,457.5,33.2,38.25,64.7,46.2,27.15,27.5,322.5,23,57.9,6.83,10,45.25,14.35,20.55,23.3,78.9,48.1,38.8,35.15,97,88.4,55.8,76.9,106.5,56,26.55,101,16.8,12.05,64.7,21.65,48.1,16.25,15.05,32.7,23.25,322.5,171,284.5,33.25,10.4,26.7,9.19,10.5,16.1,8.81,27.05,68.6,167.5,21.75,68.7,143.5,101.5,28.8,27.5,206.5,15.05,39.55,89,179.5,37.25,75.1,10.25,7.76,103,52.1,44.25,47.6,301.5,20.35,116.5,218,82.4,276.5,50.1,36,47.6
42.5,38.25,50.7,76.8,64.6,68.8,31.8,26.55,76.4,455.5,291.5,38.95,15.4,193,40,86.2,53.2,142.5,85.5,333,77.7,238,75.4,16.85,95.5,485,279,157,17.9,17.45,50.2,45.75,10.4,19.35,15.2,24.35,13,12.9,20.2,18.5,245.5,2635,104,15.3,77.1,83.5,16.15,67.8,43.5,67.8,11.85,37.8,32,17.3,327,177,30.45,73,272,9.68,28.65,31,55,154,52.6,23.05,13,23.75,38.75,261.5,457.5,33.2,38.2,64.7,46.2,27.2,27.6,322.5,22.95,57.9,6.82,10.05,45.25,14.35,20.5,23.3,78.9,48,38.8,35.05,97,88.4,55.8,76.8,106,56,26.55,101,16.8,12.05,64.7,21.65,48.2,16.2,15,32.7,23.25,322.5,171,284.5,33.25,10.4,26.7,9.18,10.5,16.1,8.81,27.1,68.6,167.5,21.75,68.5,144,101.5,28.75,27.5,206.5,15.1,39.5,89,179.5,37.25,75.1,10.25,7.76,103,52.2,44.25,47.5,301.5,20.35,116.5,218,82.4,276.5,50.1,36,47.5
42.5,38.25,50.7,76.8,64.5,68.9,31.8,26.55,76.5,455,291.5,38.95,15.35,193,40.1,86.2,53.2,142.5,85.5,332.5,77.7,238,75.5,16.7,95.5,485,279.5,157,17.95,17.45,50.2,45.7,10.4,19.35,15.2,24.3,13,12.9,20.2,18.5,245.5,2630,104,15.25,77.1,83.5,16.1,67.6,43.5,67.8,11.85,37.75,32.05,17.3,327.5,177,30.45,72.9,271.5,9.68,28.65,31,55,154.5,52.6,23.05,13,23.7,38.75,261.5,458,33.1,38.1,64.9,46.2,27.1,27.6,322.5,22.95,57.9,6.83,10.05,45.25,14.35,20.55,23.4,78.9,48,38.75,34.95,97,88.4,55.8,76.8,106.5,56,26.5,101,16.8,12.05,64.7,21.5,48.2,16.25,14.95,32.65,23.05,322.5,171,284.5,33.2,10.4,26.7,9.18,10.5,16.1,8.81,27.05,68.7,167.5,21.8,68.5,144,101.5,28.75,27.5,206.5,15.1,39.55,89,179.5,37.25,75,10.25,7.76,103,52.2,44.15,47.5,302,20.35,116.5,218,82.4,276.5,50.1,36,47.55
42.55,38.2,50.7,76.8,64.6,68.9,31.75,26.5,76.3,455,291.5,38.95,15.35,193.5,40.05,86.3,53.3,142,85.5,332.5,77.9,238,75.4,16.7,95.5,485,279.5,157,17.95,17.45,50.2,45.7,10.4,19.4,15.15,24.3,13,12.9,20.15,18.5,245.5,2630,104,15.25,77.1,83.5,16.15,67.6,43.35,67.8,11.85,37.8,32.05,17.3,327.5,177,30.45,72.9,271.5,9.67,28.65,31,55,154,52.5,23.05,13,23.7,38.75,261.5,457,33.05,37.9,64.7,46.2,27.15,27.6,322,22.9,57.9,6.83,10,45.3,14.35,20.55,23.35,78.8,47.9,38.8,34.7,97,88.4,55.9,76.8,106,56,26.55,101,16.8,12.05,64.8,21.5,48.2,16.2,14.95,32.55,23.1,322.5,171,284.5,33.25,10.35,26.7,9.18,10.55,16.1,8.81,27.05,68.7,167.5,21.8,68.4,143.5,101.5,28.7,27.5,206.5,15.1,39.55,89,179.5,37.2,75,10.25,7.76,103.5,52.1,44.15,47.55,301.5,20.35,116.5,218.5,82.4,276.5,50.1,36,47.5
42.55,38.2,50.7,76.8,64.6,68.8,31.75,26.5,76.3,455,291,38.95,15.35,193.5,40.05,86.3,53.3,142,85.4,333,78,238,75.5,16.65,95.5,485,279.5,156.5,17.95,17.5,50.2,45.8,10.4,19.35,15.15,24.3,13,12.9,20.15,18.45,245.5,2625,104,15.25,77.1,83.5,16.1,67.6,43.4,67.8,11.8,37.7,32.05,17.3,327,176.5,30.4,72.8,271.5,9.66,28.65,31,55.1,154,52.5,23.05,13,23.7,38.8,261.5,458,33.05,37.9,64.7,46.15,27.15,27.6,321.5,22.85,57.9,6.83,10,45.3,14.35,20.5,23.35,78.8,47.9,38.8,34.7,97,88.4,55.8,76.8,106,56,26.55,101,16.8,12.05,64.8,21.6,48.2,16.2,15,32.5,23.05,322.5,171,284.5,33.25,10.35,26.7,9.18,10.55,16.1,8.81,27.05,68.6,167.5,21.75,68.4,143.5,101,28.7,27.45,206.5,15.05,39.55,89,179.5,37.2,75,10.25,7.75,103,52.1,44.05,47.7,301,20.35,116,218.5,82.5,276.5,50.1,35.9,47.55
42.5,38.2,50.7,76.8,64.6,68.9,31.8,26.5,76.4,455.5,291,38.95,15.4,193,40.05,86.3,53.3,141.5,85.4,332.5,77.9,238,75.4,16.7,95.4,485,279.5,156.5,17.95,17.45,50.2,45.65,10.4,19.35,15.2,24.3,12.95,12.9,20.15,18.5,245.5,2615,104,15.25,77.1,83.7,16.15,67.6,43.4,68,11.8,37.6,32.05,17.25,327.5,176.5,30.45,72.8,271.5,9.65,28.65,31,55,154,52.5,23.05,13,23.7,38.8,261.5,458,33.05,37.9,64.7,46.15,27.1,27.6,321.5,22.85,57.9,6.82,10,45.3,14.3,20.5,23.3,78.9,47.9,38.7,34.8,96.9,88.4,55.8,76.6,106.5,56,26.55,101,16.8,12.05,64.7,21.6,48.2,16.2,14.9,32.45,22.95,322.5,171,284.5,33.2,10.35,26.7,9.18,10.55,16.1,8.81,27.05,68.6,167,21.75,68.4,144,101,28.65,27.5,206,15.05,39.5,89.1,179,37.2,74.9,10.25,7.75,103,52.1,44.05,47.75,301,20.35,116,218,82.5,276,50.1,35.9,47.5
42.5,38.15,50.8,76.9,64.6,68.8,31.8,26.5,76.3,455.5,291,38.9,15.4,193,40.05,86.3,53.4,141.5,85.4,332.5,77.9,238,75.4,16.7,95.5,484.5,279.5,156.5,17.95,17.5,50.2,45.6,10.4,19.35,15.2,24.3,13,12.9,20.15,18.5,245.5,2620,104,15.2,77.1,83.7,16.1,67.6,43.4,68,11.85,37.55,32.05,17.25,327.5,176.5,30.4,72.8,271.5,9.66,28.65,31,55,154,52.5,23.05,13,23.7,38.8,262,457,33.05,37.85,64.8,46.15,27.15,27.6,321,22.9,57.9,6.82,10,45.3,14.3,20.5,23.35,78.9,47.9,38.7,35,96.9,88.4,55.7,76.4,106,56,26.55,101,16.8,12.05,64.8,21.6,48.05,16.25,14.95,32.45,22.95,322.5,171,284.5,33.2,10.4,26.65,9.18,10.55,16.1,8.81,27.05,68.6,167,21.75,68.3,144.5,101,28.6,27.45,206.5,15.05,39.5,88.8,179.5,37.2,74.9,10.25,7.76,103,52.1,44.05,47.7,300.5,20.35,116.5,218,82.5,276,50.1,35.9,47.55
42.5,38.15,50.7,76.8,64.5,68.8,31.8,26.55,76.3,455.5,291,38.9,15.35,193,40.1,86.2,53.4,141.5,85.4,332.5,77.9,238,75.4,16.75,95.3,484.5,279.5,156.5,17.95,17.5,50.2,45.65,10.4,19.35,15.2,24.3,13,12.9,20.2,18.5,245,2620,104,15.25,77.1,83.8,16.15,67.6,43.4,68,11.85,37.6,32,17.2,327.5,176.5,30.4,72.8,271.5,9.66,28.6,31,55,154,52.5,23.05,13,23.7,38.85,262,457,33.05,37.85,64.9,46.15,27.1,27.6,321.5,22.85,57.9,6.82,10,45.3,14.3,20.5,23.35,78.8,47.9,38.7,35,96.9,88.4,55.7,76.3,106,56,26.55,101,16.8,12.05,64.8,21.55,48.05,16.25,15,32.35,22.95,322.5,171,284.5,33.15,10.4,26.7,9.19,10.55,16.1,8.8,27.05,68.5,166.5,21.7,68.3,144.5,101,28.65,27.45,206,15.1,39.5,88.8,179.5,37.2,74.9,10.25,7.76,103,52.1,43.9,47.7,302,20.35,116.5,218,82.5,274.5,50,35.9,47.4
42.5,38.15,50.7,76.8,64.6,68.8,31.75,26.5,76.2,455.5,291,38.9,15.35,193,40.05,86.3,53.4,141.5,85.5,332,77.9,238,75.4,16.7,95.3,484.5,279.5,157,17.95,17.45,50.2,45.65,10.4,19.35,15.2,24.3,12.95,12.85,20.2,18.5,245,2615,104,15.25,77.1,83.8,16.1,67.6,43.45,68,11.85,37.8,31.95,17.2,327.5,176.5,30.45,72.8,271.5,9.66,28.45,31,54.9,154,52.5,23.2,13,23.7,38.8,261.5,457,33.05,37.8,64.8,46.15,27.15,27.6,321.5,22.85,57.9,6.82,10.05,45.3,14.3,20.5,23.35,78.9,47.9,38.7,35,97,88.4,55.7,76.4,106,55.9,26.6,101,16.8,12.05,64.8,21.55,48.05,16.25,15,32.4,22.95,322.5,171,284,33.15,10.4,26.65,9.19,10.55,16.1,8.8,27.1,68.5,167,21.75,68.4,145,101,28.65,27.45,206,15.1,39.55,88.9,179,37.2,74.8,10.25,7.75,103,52.1,44,47.65,303,20.35,116,218,82.5,276,50.1,35.9,47.35
42.5,38.15,50.8,76.8,64.6,68.8,31.75,26.5,76.2,455.5,291,38.9,15.35,193,40.05,86.3,53.4,141.5,85.6,332,77.9,238,75.4,16.7,95.3,485,279,157,17.95,17.5,50.2,45.7,10.4,19.35,15.15,24.3,13,12.9,20.15,18.45,245,2620,104,15.25,77,83.8,16.15,67.6,43.45,68,11.85,37.8,32,17.2,327.5,176.5,30.45,72.6,271.5,9.66,28.4,31,54.8,154,52.5,23.2,12.95,23.7,38.8,261.5,457,33.05,37.9,64.9,46.15,27.1,27.6,321.5,22.85,58,6.82,10,45.3,14.3,20.5,23.35,79,47.85,38.7,34.95,96.9,88.4,55.8,76.2,106,55.9,26.6,101,16.8,12.05,64.8,21.6,48.05,16.25,15,32.45,22.9,322.5,171,284,33.2,10.4,26.65,9.19,10.55,16.1,8.8,27.1,68.5,167.5,21.75,68.2,144.5,101,28.65,27.45,206,15.05,39.55,89,179,37.2,74.9,10.3,7.75,103,52.1,44.1,47.7,303,20.35,116.5,218.5,82.5,276,50.1,35.9,47.4
42.5,38.2,50.8,76.7,64.5,68.7,31.75,26.5,76.2,455.5,290.5,38.9,15.35,193,40.1,86.3,53.3,142,85.6,332,77.9,238,75.4,16.7,95.2,484.5,279.5,157,17.95,17.5,50.2,45.7,10.35,19.35,15.2,24.3,13,12.85,20.15,18.45,245.5,2620,104,15.3,77,83.9,16.15,67.6,43.4,68,11.85,37.8,32,17.15,327.5,176.5,30.5,72.5,271.5,9.65,28.4,31,54.7,154,52.7,23.1,12.95,23.7,38.8,262,457,33.05,37.85,64.8,46.15,27.1,27.55,321,22.75,58.1,6.82,10,45.3,14.3,20.5,23.35,79,47.85,38.75,34.9,97,88.5,55.8,76.3,106.5,56,26.55,101,16.8,12.05,64.8,21.55,48.05,16.2,15,32.55,22.95,322.5,171,284,33.15,10.4,26.7,9.19,10.55,16.1,8.81,27.1,68.5,167.5,21.75,68.2,144.5,101,28.65,27.45,206,15.1,39.5,89,179.5,37.2,74.7,10.3,7.76,103,52.1,44.05,47.7,303,20.3,116.5,218,82.5,276,50.1,35.9,47.35
42.5,38.2,50.7,76.6,64.5,68.8,31.75,26.5,76.2,455.5,290.5,38.95,15.35,193,40.05,86.2,53.4,142,85.5,332,77.9,238,75.5,16.7,95.2,484.5,279.5,157,17.95,17.5,50.2,45.75,10.35,19.4,15.15,24.3,13,12.9,20.2,18.5,245.5,2625,103.5,15.25,77,83.8,16.15,67.6,43.4,68,11.85,37.8,32,17.15,327,176.5,30.5,72.5,271.5,9.65,28.35,31,54.6,154,52.7,23.2,12.95,23.7,38.8,262,457,33.05,37.8,64.8,46.2,27.1,27.55,321,22.75,58.2,6.83,10,45.35,14.3,20.55,23.35,79,47.85,38.8,34.9,96.9,88.5,55.9,76.3,106.5,56,26.55,101,16.75,12.05,64.9,21.6,48.1,16.2,15.05,32.55,23,322.5,171,284,33.1,10.4,26.7,9.18,10.55,16.1,8.81,27.1,68.5,168,21.75,68.1,145,101,28.65,27.5,206,15.1,39.5,88.9,179,37.2,74.9,10.25,7.75,103,52.1,44.1,47.6,303,20.35,117,218,82.6,276,50.2,35.9,47.3
42.5,38.2,50.8,76.9,64.7,68.8,31.8,26.55,76.2,455.5,290.5,39,15.4,192.5,40.05,86.3,53.4,141.5,85.5,332,78,238.5,75.6,16.7,95.2,484.5,279.5,157.5,18,17.55,50.3,45.8,10.4,19.4,15.2,24.35,13,12.9,20.2,18.5,245.5,2625,104,15.3,77,83.9,16.15,67.6,43.4,68,11.85,37.8,31.95,17.2,326.5,176.5,30.6,72.5,271.5,9.65,28.4,31,54.6,154,52.7,23.2,12.95,23.7,38.8,262.5,457,33.05,37.9,64.9,46.2,27.15,27.55,322,22.8,58.2,6.83,9.97,45.35,14.3,20.55,23.4,79,47.9,38.8,34.85,97,88.5,55.9,76.3,106.5,56,26.6,101,16.7,12.05,65,21.6,48.1,16.2,15.05,32.55,23,322.5,171,283.5,33.15,10.4,26.7,9.2,10.55,16.1,8.83,27.1,68.5,168,21.75,68.2,144.5,101,28.65,27.5,206.5,15.05,39.5,89,179.5,37.2,75,10.25,7.75,103,52,44.1,47.7,302,20.35,117,218.5,82.6,276,50.3,35.85,47.3
42.5,38.15,50.8,76.9,64.7,68.8,31.75,26.55,76.1,455.5,290.5,39,15.4,192.5,40,86.3,53.4,142,85.5,332,77.9,239,75.7,16.75,95.3,485,279.5,157,18,17.5,50.3,45.8,10.35,19.4,15.2,24.35,13,12.9,20.2,18.5,245.5,2630,104,15.3,77,83.7,16.15,67.7,43.45,67.9,11.85,37.75,31.95,17.15,327,177,30.6,72.6,272,9.65,28.4,31,54.7,154.5,52.6,23.15,12.95,23.7,38.85,263,455.5,33.05,37.9,64.8,46.25,27.15,27.55,322,22.85,58.3,6.83,10.05,45.35,14.3,20.5,23.4,78.8,47.9,38.8,34.9,96.9,88.6,55.9,76.4,106,56,26.6,101,16.7,12.05,64.9,21.65,48.1,16.2,15.05,32.55,23.05,322.5,170.5,283.5,33.05,10.4,26.7,9.2,10.55,16.1,8.83,27.05,68.5,168,21.8,68.2,144.5,101,28.7,27.5,207,15.05,39.55,89,179.5,37.25,75,10.25,7.75,103,52,44.15,47.65,302,20.35,117,218.5,82.6,275.5,50.2,35.85,47.35
42.45,38.15,50.8,76.8,64.7,68.8,31.75,26.5,76.2,455.5,290.5,39,15.35,193,40.05,86.3,53.5,141.5,85.6,332,77.9,238.5,75.6,16.75,95.4,485,279.5,157.5,18,17.5,50.3,45.85,10.4,19.3,15.2,24.35,13,12.9,20.2,18.45,245.5,2630,104,15.3,77.1,83.7,16.15,67.6,43.45,67.9,11.85,37.75,31.95,17.15,327,176.5,30.65,72.6,271.5,9.66,28.4,31,54.7,154.5,52.6,23.15,12.95,23.75,38.85,263,456,33.05,37.95,64.9,46.3,27.1,27.55,323,22.85,58.5,6.83,10,45.4,14.3,20.55,23.4,78.8,47.9,38.8,34.9,97,88.5,55.8,76.4,106,56.1,26.6,101.5,16.65,12.05,65,21.65,48.1,16.2,15,32.6,23.05,322.5,170.5,283.5,33.1,10.4,26.7,9.2,10.55,16.1,8.82,27.05,68.5,168,21.8,68.4,144.5,101,28.7,27.5,208,15.1,39.5,89,179.5,37.25,75,10.3,7.76,103,52.1,44.15,47.6,302,20.35,117.5,218.5,82.6,275.5,50.2,35.85,47.3
42.45,38.2,50.8,76.8,64.8,68.8,31.75,26.5,76.2,455,291,38.95,15.4,193,40.1,86.3,53.4,141.5,85.6,332.5,77.9,238.5,75.6,16.7,95.3,484.5,279,157.5,17.95,17.5,50.3,45.85,10.35,19.4,15.2,24.35,13,12.85,20.15,18.5,245,2630,104,15.3,76.9,83.7,16.15,67.7,43.45,67.9,11.85,37.75,31.95,17.15,327,176.5,30.6,72.5,271.5,9.65,28.45,31.05,54.7,154.5,52.6,23.1,12.95,23.75,38.9,263,456,33.05,37.85,64.9,46.25,27.05,27.55,323,22.8,58.4,6.82,10,45.4,14.3,20.55,23.5,78.8,47.9,38.8,34.95,96.9,88.5,55.8,76.4,106,56.1,26.6,101.5,16.7,12.05,65.1,21.65,48.1,16.25,15.05,32.65,23.05,322.5,170.5,283.5,33.05,10.4,26.7,9.19,10.55,16.1,8.81,27.05,68.5,168,21.8,68.2,144.5,101,28.65,27.5,208.5,15.1,39.5,89.1,179.5,37.25,74.9,10.3,7.75,103,52.1,44.2,47.7,302,20.4,117.5,218.5,82.6,275.5,50.2,35.9,47.4
42.4,38.2,50.7,76.9,64.7,68.8,31.75,26.5,76.2,455,291.5,39,15.35,193,40.05,86.4,53.5,141.5,85.6,332,77.9,238.5,75.6,16.75,95.3,485,279.5,157,17.95,17.5,50.3,45.85,10.35,19.4,15.15,24.3,12.95,12.85,20.2,18.5,245,2630,103.5,15.3,77,83.7,16.15,67.7,43.4,67.9,11.85,37.75,31.95,17.15,327,176.5,30.6,72.5,271.5,9.65,28.45,31.05,54.8,154,52.6,23.15,12.95,23.75,38.9,263,456,33.05,37.95,64.8,46.25,27.05,27.55,323,22.85,58.5,6.83,10,45.4,14.3,20.55,23.5,78.8,47.9,38.8,34.95,96.9,88.6,55.9,76.6,106,56.1,26.55,101.5,16.7,12.05,65.1,21.6,48.1,16.25,15.1,32.65,23.05,322.5,170.5,283.5,33.1,10.4,26.7,9.18,10.55,16.1,8.81,27.05,68.5,168,21.8,68.2,144,101,28.7,27.5,208,15.05,39.45,89.1,179.5,37.2,74.9,10.3,7.75,103,52,44.2,47.7,302,20.4,117.5,218.5,82.5,275.5,50.1,35.9,47.4
42.45,38.2,50.7,76.9,64.8,68.7,31.75,26.5,76.2,455,291.5,38.95,15.35,193,40.1,86.4,53.3,142,85.5,332,77.9,238.5,75.5,16.75,95.3,485,279,157,17.95,17.5,50.3,45.9,10.35,19.4,15.15,24.35,12.95,12.85,20.2,18.5,245,2620,103.5,15.3,77,83.7,16.1,67.7,43.4,67.9,11.85,37.75,31.95,17.15,327,176.5,30.6,72.5,271.5,9.65,28.5,31.05,54.7,154,52.6,23.15,12.95,23.75,38.9,263,456,33.05,38,64.9,46.25,27.1,27.55,323,22.9,58.5,6.82,10,45.35,14.3,20.55,23.45,78.8,47.85,38.8,34.95,97,88.6,55.9,76.6,106,56.1,26.6,101.5,16.7,12.05,65.1,21.6,48.1,16.25,15.1,32.7,23.15,322.5,170,283.5,33.1,10.4,26.7,9.19,10.55,16.1,8.81,27.05,68.4,167.5,21.85,68.3,144.5,101,28.6,27.5,208,15.1,39.45,89,179.5,37.2,74.9,10.3,7.76,102.5,52,44.2,47.75,302,20.4,117.5,218.5,82.5,275.5,50.2,35.9,47.35
42.4,38.2,50.7,76.8,64.7,68.8,31.8,26.45,76.1,455,291.5,39,15.4,193,40.1,86.3,53.3,142,85.5,331.5,77.9,238.5,75.5,16.8,95.4,484.5,280,157.5,17.95,17.5,50.3,45.85,10.35,19.35,15.2,24.35,13,12.9,20.15,18.5,245,2620,103.5,15.3,76.9,83.6,16.15,67.7,43.4,67.9,11.85,37.8,31.95,17.15,327,176.5,30.55,72.5,271.5,9.65,28.5,31.05,54.7,154,52.7,23.1,12.95,23.75,38.9,263,456,33.05,37.95,64.9,46.25,27.15,27.55,323.5,22.85,58.5,6.83,10,45.35,14.35,20.5,23.45,78.8,47.8,38.8,35,97,88.6,55.9,76.6,106,56.1,26.6,101.5,16.7,12.05,65,21.7,48.1,16.25,15.1,32.7,23.1,322.5,170,283.5,33.1,10.4,26.7,9.18,10.55,16.1,8.81,27.05,68.4,167.5,21.85,68.2,145,101,28.6,27.45,208,15.1,39.5,88.9,179.5,37.2,74.9,10.3,7.77,102.5,52,44.2,47.8,302,20.4,117.5,218.5,82.5,275,50.2,35.9,47.35
42.4,38.2,50.7,76.9,64.7,68.8,31.75,26.5,76.2,455,291,38.95,15.35,192.5,40.05,86.4,53.4,141.5,85.5,331.5,77.9,238.5,75.5,16.8,95.3,484.5,279.5,157.5,17.95,17.5,50.3,45.85,10.35,19.35,15.15,24.3,13,12.85,20.15,18.45,245,2620,104,15.35,77,83.5,16.15,67.7,43.4,67.9,11.85,37.8,31.95,17.15,327,176.5,30.55,72.5,272.5,9.65,28.5,31.05,54.7,154,52.7,23.1,12.95,23.75,38.9,262.5,456,33.05,38,64.8,46.25,27.15,27.55,323,22.85,58.5,6.83,9.99,45.35,14.3,20.55,23.45,78.8,47.75,38.8,34.95,96.9,88.5,56,76.6,106,56.1,26.6,101.5,16.7,12.05,65,21.7,48.1,16.25,15.05,32.75,23.1,322.5,170,283.5,33.1,10.4,26.7,9.18,10.55,16.1,8.81,27.1,68.4,168,21.9,68.3,145,101,28.6,27.5,208,15.05,39.45,88.9,179.5,37.25,74.9,10.25,7.78,102.5,52,44.2,47.8,302,20.35,117.5,218.5,82.5,275,50.1,35.9,47.35
42.35,38.2,50.8,76.9,64.7,68.9,31.8,26.5,76.2,455,291,38.95,15.35,192,40.05,86.4,53.2,141.5,85.5,331.5,77.9,238.5,75.5,16.8,95.2,485,280,157.5,17.95,17.5,50.3,45.75,10.35,19.35,15.2,24.3,13,12.8,20.2,18.5,245,2620,104.5,15.3,77.1,83.4,16.1,67.7,43.4,67.9,11.85,37.8,31.95,17.15,327,176.5,30.55,72.6,272.5,9.66,28.55,31.05,54.7,154.5,52.7,23.1,12.95,23.75,38.9,262.5,458,33.05,37.95,64.8,46.25,27.1,27.55,323,22.85,58.3,6.83,10,45.35,14.3,20.55,23.45,78.8,47.6,38.8,34.9,97,88.4,56,76.6,106,56,26.6,101,16.7,12.05,65,21.65,48.1,16.25,15.1,32.8,23.1,322.5,170,283.5,33.15,10.4,26.75,9.18,10.55,16.1,8.82,27.05,68.3,167.5,21.85,68.3,145,101,28.6,27.5,208,15.05,39.5,88.9,179.5,37.25,74.9,10.25,7.78,102.5,52.1,44.25,47.8,302,20.35,117,218.5,82.5,275,50.1,35.9,47.35
42.35,38.2,50.8,76.8,64.7,68.9,31.75,26.5,76.2,455,291,39,15.4,192,40.05,86.4,53.2,141.5,85.5,331.5,77.9,238.5,75.4,16.8,95.2,485,280,157.5,17.95,17.5,50.3,45.8,10.35,19.35,15.2,24.3,12.95,12.8,20.2,18.45,245,2620,104,15.3,77,83.4,16.15,67.6,43.45,67.8,11.85,37.75,32,17.15,326.5,176.5,30.55,72.6,272.5,9.65,28.5,31.05,54.7,154.5,52.7,23.05,12.95,23.75,38.9,262,458,33.05,38.05,64.7,46.25,27.05,27.55,323,22.9,58.2,6.82,9.99,45.3,14.3,20.5,23.45,78.8,47.55,38.8,34.9,97.1,88.4,56,76.5,106,56,26.6,101.5,16.65,12.05,65,21.55,48.05,16.2,15.1,32.8,23.1,322.5,170,283.5,33.15,10.35,26.7,9.18,10.55,16.1,8.81,27.05,68.3,168,21.85,68.3,145,101,28.6,27.5,208,15.1,39.45,88.9,179.5,37.25,74.8,10.25,7.8,102.5,52,44.15,47.75,302,20.35,117,219,82.5,275,50.2,35.85,47.35
42.35,38.2,50.8,76.7,64.6,68.9,31.75,26.45,76.2,455,291,38.95,15.4,192,40.05,86.4,53.2,142,85.6,331.5,77.9,238.5,75.4,16.75,95.2,484.5,280,157.5,17.95,17.5,50.2,45.7,10.35,19.35,15.2,24.3,12.95,12.85,20.15,18.5,245,2615,104,15.3,77,83.5,16.1,67.6,43.45,67.8,11.8,37.75,32,17.15,326.5,176.5,30.6,72.6,272.5,9.65,28.55,31,54.7,154,52.7,23.05,12.95,23.75,38.8,262,458,33.1,38,64.9,46.25,27.05,27.55,323,22.8,58.3,6.83,9.99,45.3,14.35,20.5,23.45,78.8,47.55,38.8,34.85,97.1,88.3,56,76.4,106,56,26.6,101.5,16.65,12.05,64.9,21.55,48.05,16.25,15.1,32.8,23.1,322.5,170.5,283.5,33.15,10.4,26.7,9.2,10.55,16.1,8.8,27.05,68.3,167.5,21.85,68.1,145,101,28.6,27.5,208,15.1,39.45,88.9,179.5,37.25,74.8,10.25,7.79,102.5,52,44.15,47.75,302,20.35,117,219,82.5,275,50.2,35.85,47.35
42.3,38.2,50.8,76.7,64.6,68.8,31.75,26.5,76.2,456,290.5,38.95,15.4,192.5,40.05,86.4,53.2,142,85.6,331.5,77.9,238.5,75.4,16.8,95.2,484.5,280,157.5,17.95,17.45,50.2,45.7,10.35,19.35,15.15,24.3,13,12.85,20.15,18.5,245,2620,104,15.3,77,83.6,16.15,67.6,43.4,67.8,11.85,37.75,32,17.15,326.5,176,30.6,72.6,272.5,9.65,28.6,31,54.7,154,52.7,23.1,12.95,23.75,38.95,262,457,33.1,38.05,64.8,46.25,27.05,27.5,323,22.85,58.2,6.83,10,45.25,14.3,20.5,23.4,78.8,47.55,38.85,34.85,97.1,88.3,55.8,76.4,106,56,26.6,101.5,16.65,12.05,65,21.5,48.05,16.25,15.05,32.75,23.1,322.5,170.5,283.5,33.15,10.4,26.75,9.2,10.55,16.1,8.8,27.05,68.3,167.5,21.9,68.1,145.5,101,28.55,27.55,207.5,15.05,39.45,88.9,179.5,37.25,74.8,10.3,7.79,102.5,52,44.15,47.8,302,20.35,116.5,219,82.5,275,50.2,36,47.35
42.3,38.2,50.8,76.8,64.5,68.8,31.75,26.5,76.2,456,290.5,39,15.4,192.5,40.05,86.3,53.1,142,85.6,331.5,77.9,238.5,75.4,16.8,95.2,484.5,280,157.5,17.95,17.5,50.2,45.8,10.35,19.4,15.15,24.35,13,12.85,20.2,18.45,245,2620,104,15.3,77,83.6,16.1,67.6,43.3,67.8,11.85,37.75,32,17.15,326.5,176,30.6,72.5,272.5,9.65,28.6,31,54.7,154,52.7,23.1,12.95,23.75,39,262,457,33.05,38.15,64.8,46.25,27.05,27.5,323,22.8,58.2,6.83,10,45.25,14.3,20.5,23.45,78.8,47.7,38.8,34.85,97.1,88.3,55.8,76.3,106,56,26.6,101.5,16.65,12.05,65,21.55,48.05,16.2,15,32.7,23.1,322.5,170.5,283.5,33.15,10.4,26.75,9.2,10.55,16.1,8.81,27.1,68.3,167.5,21.9,68,145,101,28.55,27.5,208,15.05,39.45,88.9,179,37.25,74.8,10.3,7.78,103,52,44.15,47.8,301.5,20.35,116.5,219,82.5,275,50.3,36,47.3
42.35,38.15,50.8,76.7,64.6,68.9,31.8,26.45,76.1,456,290.5,38.95,15.35,192.5,40.05,86.4,53.1,142,85.6,331,77.8,238.5,75.3,16.75,95.1,484.5,279.5,157.5,18,17.5,50.2,45.8,10.35,19.4,15.2,24.35,13,12.85,20.2,18.5,245,2620,104.5,15.3,77.1,83.6,16.15,67.5,43.3,67.8,11.85,37.75,32,17.15,326.5,176.5,30.55,72.5,272.5,9.65,28.55,31,54.7,154,52.7,23.1,12.95,23.75,38.95,262.5,457,33.05,38.05,64.9,46.25,27.05,27.5,323,22.8,58.2,6.83,9.99,45.25,14.35,20.5,23.4,78.8,47.55,38.8,34.8,97.2,88.3,55.8,76.3,106,56,26.6,101.5,16.65,12.05,64.9,21.55,48.1,16.25,15,32.7,23.1,322.5,170.5,283.5,33.1,10.4,26.75,9.2,10.55,16.1,8.8,27.1,68.2,168,21.9,68.2,145,101,28.6,27.5,208,15.1,39.4,88.9,179.5,37.25,74.8,10.3,7.79,102.5,52,44.15,47.8,302,20.35,117,219,82.5,275,50.2,36,47.35
42.3,38.1,50.8,76.7,64.6,68.9,31.75,26.45,76.2,456,290.5,39,15.4,192.5,40.1,86.4,53.1,142,85.6,331.5,77.8,238.5,75.5,16.75,95.2,484,280,157.5,18,17.5,50.3,45.85,10.4,19.4,15.2,24.35,13,12.85,20.2,18.5,245.5,2620,104,15.3,77.1,83.7,16.15,67.6,43.35,67.8,11.9,37.8,32,17.15,326,176.5,30.6,72.5,272.5,9.64,28.55,31,54.7,154,52.8,23.1,12.95,23.75,38.95,262.5,457,33.05,38.1,64.9,46.25,27.15,27.5,323,22.8,58.2,6.83,10,45.25,14.35,20.5,23.45,78.9,47.6,38.85,34.8,97.2,88.3,55.9,76.6,106,56.1,26.6,101,16.65,12.05,64.7,21.55,48.05,16.2,15.05,32.75,23.1,322.5,170.5,283.5,33.1,10.4,26.75,9.2,10.55,16.1,8.81,27.05,68.2,168,21.9,68.1,145,101.5,28.6,27.5,208,15.05,39.5,88.9,179.5,37.25,74.8,10.3,7.78,102.5,52,44.15,47.85,300.5,20.35,117,218,82.5,275,50.2,36,47.35
42.3,38.05,50.8,76.7,64.7,69,31.8,26.45,76.2,456,291,39,15.4,193,40.15,86.3,53.2,142,85.6,331,77.9,238.5,75.6,16.75,95.1,484.5,279.5,157,18,17.5,50.3,45.85,10.35,19.35,15.2,24.35,12.95,12.85,20.2,18.5,245,2620,104,15.25,77,83.6,16.15,67.6,43.35,67.8,11.85,37.75,32,17.1,326.5,176.5,30.55,72.5,272.5,9.65,28.6,31,54.7,154,52.8,23.1,12.95,23.75,38.95,262.5,457,33.05,38.05,64.8,46.25,27.05,27.55,323,22.8,58.2,6.82,10,45.2,14.3,20.55,23.45,79,47.55,38.85,34.8,97.1,88.4,55.9,76.5,106,56,26.6,101.5,16.65,12.05,64.8,21.55,48,16.2,15.05,32.8,23.15,322.5,170.5,283.5,33.1,10.4,26.75,9.2,10.55,16.1,8.81,27.05,68.2,168,21.85,68.1,145,101,28.55,27.5,207.5,15.1,39.5,89,179,37.25,74.8,10.3,7.78,102.5,52,44.2,47.8,300.5,20.35,117,218,82.5,275.5,50.2,36,47.35
42.35,38.1,50.8,76.7,64.6,69,31.8,26.5,76.2,456,291,39,15.4,193.5,40.15,86.4,53.1,141.5,85.6,331.5,77.9,238.5,75.7,16.75,95.1,484,279.5,157,18,17.5,50.3,45.85,10.4,19.4,15.2,24.35,13,12.85,20.2,18.5,245,2620,104,15.3,77,83.7,16.15,67.6,43.4,67.8,11.85,37.75,32,17.1,326.5,176.5,30.6,72.6,272.5,9.65,28.6,31.1,54.8,154,52.8,23.1,12.95,23.75,39,262.5,457,33.05,38.05,64.8,46.25,27.05,27.55,323,22.85,58.2,6.82,10,45.25,14.35,20.5,23.45,79,47.5,38.85,34.8,97.2,88.4,56,76.5,106,56.1,26.65,101.5,16.6,12.05,64.8,21.55,48,16.2,15.1,32.8,23.15,322.5,170.5,283.5,33.1,10.4,26.75,9.21,10.55,16.1,8.8,27.1,68.5,168,21.85,68.2,145,101.5,28.55,27.5,207.5,15.1,39.45,89,179.5,37.25,74.8,10.3,7.79,102.5,52.1,44.2,47.8,301.5,20.35,117,218,82.4,275.5,50.2,36.1,47.35
42.35,38.1,50.8,76.7,64.7,69,31.8,26.5,76.2,456,291,39,15.4,193.5,40.2,86.4,53.2,142,85.6,331.5,78,239,75.7,16.75,95.2,484.5,280,157.5,18,17.5,50.3,45.9,10.4,19.4,15.2,24.35,13,12.85,20.2,18.5,245.5,2625,104.5,15.3,77.1,83.7,16.15,67.7,43.5,67.8,11.9,37.75,32,17.2,327,176.5,30.6,72.6,272.5,9.65,28.6,31.1,54.8,154,52.8,23.1,12.95,23.7,39,263,458,33.05,38.05,64.9,46.25,27.15,27.55,323,22.85,58.2,6.83,9.99,45.25,14.4,20.55,23.5,79,47.6,38.85,34.8,97.2,88.4,55.9,76.5,106,56.1,26.65,101.5,16.6,12.05,64.9,21.6,48,16.25,15.05,32.85,23.15,322.5,170.5,283.5,33.1,10.4,26.75,9.21,10.55,16.1,8.81,27.1,68.5,167.5,21.85,68.2,145,101.5,28.6,27.5,208,15.1,39.5,89,179.5,37.25,74.8,10.3,7.78,103,52.1,44.25,47.9,301,20.4,117.5,219,82.5,275.5,50.3,36.1,47.35
42.35,38.15,50.8,77,64.8,69.3,31.85,26.5,76.3,456,291.5,39.05,15.4,193,40.15,86.5,53.2,142.5,85.7,332,78.1,239,75.7,16.8,95.3,484.5,279.5,157.5,17.95,17.5,50.3,45.9,10.35,19.4,15.25,24.35,13.05,12.85,20.2,18.5,246,2635,104.5,15.3,77.1,83.8,16.15,67.8,43.5,67.8,11.85,37.75,32.1,17.2,327,176.5,30.6,72.6,272.5,9.66,28.6,31.1,54.8,154,52.9,23.15,12.95,23.7,39,262.5,458.5,33.05,38,64.8,46.25,27.15,27.55,323.5,22.8,58.3,6.82,10,45.3,14.35,20.55,23.45,79,47.6,38.85,34.9,97.2,88.6,56,76.5,106,56.1,26.65,101.5,16.6,12.05,64.8,21.55,47.95,16.25,15.05,32.85,23.1,322.5,170.5,283.5,33.1,10.4,26.8,9.22,10.5,16.1,8.81,27.1,68.4,168,21.8,68.2,145.5,102,28.65,27.5,209.5,15.1,39.5,89.1,179,37.25,74.9,10.3,7.79,103,52.1,44.3,47.95,300.5,20.4,117,219,82.5,275,50.4,36.1,47.65
42.35,38.15,50.9,77,64.8,69.3,31.85,26.5,76.3,456,291.5,39,15.4,193,40.2,86.4,53.2,142,85.7,332.5,78,239,75.7,16.8,95.3,484,279,157.5,17.95,17.5,50.3,45.9,10.4,19.45,15.25,24.35,13,12.85,20.2,18.45,245.5,2635,104,15.3,77,83.8,16.1,67.8,43.5,67.7,11.85,37.75,32,17.2,327,176.5,30.6,72.5,272.5,9.67,28.6,31.1,54.8,154,52.9,23.15,12.95,23.7,39,263.5,458,33.05,38,64.9,46.35,27.15,27.6,324,22.85,58.5,6.82,10,45.35,14.4,20.55,23.5,79,47.65,38.85,34.95,97.1,88.6,55.9,76.5,106,56,26.65,101,16.6,12.05,64.9,21.55,47.95,16.2,15.05,32.95,23.1,322.5,170.5,283.5,33.1,10.45,26.8,9.21,10.5,16.1,8.81,27.05,68.5,168,21.85,68.2,145.5,102,28.7,27.5,209.5,15.1,39.5,89.1,179.5,37.25,74.9,10.3,7.8,103,52.2,44.3,47.8,300.5,20.4,117,219,82.5,275,50.4,36.1,47.65
42.35,38.15,50.9,77,64.8,69.4,31.85,26.5,76.3,456,291,39,15.4,193,40.15,86.5,53.3,142,85.7,332.5,78,239,75.8,16.75,95.2,484.5,278.5,157.5,17.95,17.5,50.3,45.9,10.35,19.4,15.25,24.35,13,12.85,20.2,18.45,246,2630,104,15.3,77.1,83.9,16.1,67.8,43.5,67.7,11.85,37.75,32.05,17.2,326.5,176.5,30.6,72.5,272.5,9.66,28.6,31.1,54.9,154,52.9,23.15,12.95,23.7,39,264,458.5,33.05,37.95,64.8,46.35,27.1,27.5,324,22.8,58.4,6.82,10,45.3,14.35,20.55,23.5,78.8,47.55,38.85,34.9,97.1,88.6,56,76.5,106,56.1,26.65,101,16.6,12.05,64.9,21.55,47.9,16.2,15.1,32.85,23.1,322.5,170.5,283.5,33.1,10.45,26.75,9.22,10.5,16.1,8.8,27.1,68.5,168,21.8,68.3,145.5,102,28.7,27.5,209,15.05,39.45,89.1,179.5,37.25,74.8,10.3,7.79,103,52.2,44.3,47.8,300,20.35,117.5,219,82.5,275,50.4,36,47.65
42.35,38.15,50.9,77,64.8,69.3,31.85,26.5,76.3,456,291,39,15.4,193,40.15,86.5,53.3,142.5,85.6,332.5,78,239.5,75.9,16.85,95.2,484.5,278.5,157.5,17.95,17.5,50.4,45.85,10.4,19.4,15.25,24.4,13,12.85,20.2,18.45,246,2630,104.5,15.3,77.1,83.9,16.15,67.8,43.5,67.7,11.85,37.75,32.05,17.2,326,176.5,30.6,72.5,272.5,9.66,28.55,31.1,54.8,154,52.9,23.15,12.95,23.7,39,263,458,33.05,37.95,65,46.35,27.1,27.6,324,22.8,58.5,6.82,9.99,45.3,14.35,20.55,23.5,78.8,47.65,38.8,34.9,97.1,88.6,56,76.5,106,56,26.65,101.5,16.6,12.05,65,21.55,47.9,16.2,15.1,32.85,23.1,322.5,170.5,283.5,33.1,10.45,26.8,9.22,10.5,16.1,8.8,27.1,68.5,168.5,21.85,68.3,145,102,28.7,27.5,208.5,15.1,39.45,89,179.5,37.25,74.8,10.3,7.79,103,52.2,44.4,47.75,300.5,20.35,117.5,219,82.5,275,50.4,36,47.55
42.35,38.15,50.9,77,64.9,69.4,31.85,26.55,76.3,456,291,39,15.4,193,40.15,86.5,53.3,142.5,85.6,332,78.1,239,76,16.85,95.2,484,279,157.5,17.95,17.5,50.3,45.85,10.4,19.4,15.25,24.35,13,12.85,20.15,18.45,246,2630,104,15.3,77,83.8,16.15,67.8,43.55,67.7,11.85,37.7,32.05,17.2,326.5,176.5,30.6,72.5,272.5,9.65,28.6,31.1,54.8,154,52.8,23.15,12.95,23.7,39,263,458,33.05,37.95,64.9,46.35,27.1,27.6,324.5,22.85,58.4,6.82,10,45.3,14.35,20.55,23.5,78.8,47.55,38.8,34.9,97.1,88.6,55.9,76.5,106,56.1,26.65,101.5,16.6,12.05,65,21.55,47.9,16.25,15.15,32.85,23.1,322.5,170.5,283.5,33.1,10.4,26.75,9.21,10.5,16.1,8.81,27.1,68.5,169,21.8,68.4,145,102,28.65,27.5,208,15.1,39.45,89,179.5,37.25,74.9,10.3,7.8,103.5,52.2,44.4,47.8,300.5,20.4,117.5,219,82.5,275,50.4,36,47.65
42.35,38.15,50.9,77,64.8,69.4,31.85,26.55,76.4,456,291,39,15.4,193,40.2,86.5,53.4,142,85.7,332,78.1,239,76,16.9,95.2,484,278.5,157,17.95,17.45,50.2,45.85,10.4,19.4,15.25,24.35,13,12.85,20.2,18.5,246,2630,104.5,15.3,76.9,83.8,16.15,67.9,43.5,67.8,11.85,37.7,32,17.2,326,176.5,30.6,72.5,272.5,9.65,28.6,31.1,54.8,153.5,52.8,23.15,12.95,23.7,39,263,458,33.05,37.95,65.1,46.35,27.1,27.65,324.5,22.8,58.5,6.82,10,45.3,14.35,20.55,23.5,78.8,47.6,38.8,34.95,97.1,88.6,55.9,76.5,106,56,26.65,101.5,16.6,12.1,65,21.55,47.9,16.3,15.2,32.85,23.15,322.5,170.5,283.5,33.15,10.4,26.8,9.21,10.5,16.1,8.81,27.1,68.5,169,21.9,68.4,144.5,102,28.65,27.45,208.5,15.05,39.45,89,179.5,37.25,74.9,10.35,7.8,103,52.2,44.4,47.85,300,20.4,117,219,82.5,274.5,50.4,36,47.65
42.35,38.1,50.9,77,64.8,69.3,31.85,26.55,76.4,456,291,39,15.4,193,40.2,86.5,53.4,142.5,85.6,332,78.1,239,75.9,16.9,95.2,484.5,278.5,157,17.95,17.5,50.3,45.8,10.4,19.4,15.25,24.35,13.05,12.85,20.2,18.5,246,2630,104.5,15.35,76.9,83.8,16.15,67.9,43.45,67.8,11.85,37.65,32,17.2,326,176.5,30.6,72.6,272.5,9.65,28.6,31.1,54.8,153.5,52.8,23.15,12.95,23.7,38.95,262.5,458,33,37.95,65.2,46.35,27.1,27.7,324.5,22.8,58.4,6.82,10,45.25,14.35,20.5,23.5,78.8,47.65,38.8,34.9,97.2,88.6,55.9,76.5,106,56,26.65,101.5,16.6,12.1,65,21.5,47.9,16.3,15.15,32.8,23.1,322.5,170.5,283.5,33.15,10.4,26.8,9.21,10.5,16.1,8.8,27.1,68.5,169,21.85,68.4,145,102,28.65,27.45,208.5,15.1,39.5,89,179.5,37.25,74.9,10.3,7.79,103.5,52.2,44.35,47.75,300.5,20.4,117.5,219,82.5,274.5,50.3,36,47.65
42.3,38.15,50.9,77,64.8,69.4,31.85,26.5,76.4,456,291,39,15.45,193.5,40.15,86.5,53.4,142.5,85.7,332,78.2,239,75.7,16.9,95.2,484,278.5,157.5,17.95,17.5,50.3,45.8,10.4,19.4,15.25,24.35,13,12.85,20.25,18.5,246,2635,104.5,15.3,77,83.7,16.1,67.8,43.45,67.8,11.9,37.65,32,17.2,326,177,30.6,72.6,272.5,9.64,28.55,31.1,54.8,154,52.8,23.15,12.95,23.7,38.95,263,458,33,37.95,65.1,46.35,27.1,27.7,324.5,22.8,58.5,6.82,9.99,45.25,14.35,20.5,23.5,78.8,47.6,38.8,34.95,97.2,88.5,55.9,76.5,105.5,56,26.65,101.5,16.6,12.1,65,21.6,47.9,16.35,15.1,32.85,23.1,322.5,170.5,283.5,33.1,10.4,26.8,9.21,10.55,16.1,8.8,27.1,68.5,169,21.9,68.2,145,102,28.7,27.5,209,15.1,39.45,88.9,179,37.25,74.9,10.3,7.79,103.5,52.2,44.35,47.75,300.5,20.35,117.5,219,82.5,274.5,50.3,36,47.65
42.35,38.15,50.9,77,64.8,69.3,31.85,26.55,76.4,456,291,39,15.4,193.5,40.15,86.5,53.4,142.5,85.7,332,78.2,239,75.4,16.9,95.1,484.5,278,157.5,17.95,17.5,50.3,45.75,10.35,19.4,15.2,24.35,13.05,12.8,20.2,18.5,246,2635,104.5,15.35,77,83.8,16.1,67.8,43.4,67.8,11.9,37.65,32,17.2,326,176.5,30.6,72.6,272.5,9.65,28.6,31.1,54.8,154,52.8,23.1,12.95,23.7,38.95,263,458,33,37.9,65.1,46.3,27.15,27.7,324.5,22.85,58.4,6.82,9.99,45.25,14.35,20.5,23.5,78.8,47.65,38.8,34.9,97.1,88.5,55.9,76.7,105.5,56,26.65,101.5,16.6,12.1,65,21.6,47.9,16.25,15.1,32.9,23.15,322.5,170.5,283.5,33.1,10.4,26.8,9.21,10.55,16.15,8.8,27.1,68.5,168.5,21.9,68.2,145,102,28.7,27.5,209,15.1,39.45,89,179,37.2,74.9,10.3,7.79,103,52.2,44.4,47.75,300.5,20.35,117,218,82.5,274.5,50.1,35.9,47.65
42.3,38.15,50.9,77,64.8,69.3,31.8,26.5,76.5,456,291,39,15.4,193.5,40.15,86.4,53.4,142,85.6,332,78.1,238.5,75.3,16.95,95.1,484,278,157,17.95,17.5,50.2,45.8,10.4,19.4,15.2,24.35,13,12.8,20.2,18.5,246,2635,104.5,15.3,77,83.7,16.1,67.8,43.4,67.8,11.9,37.65,32,17.2,326,176.5,30.6,72.6,273,9.66,28.6,31.1,54.8,154,52.7,23.1,12.95,23.7,38.95,263,457.5,33,37.95,65.2,46.3,27.1,27.7,324.5,22.85,58.5,6.82,10,45.25,14.35,20.55,23.5,78.7,47.65,38.85,34.9,97.2,88.5,56,76.6,105.5,56,26.65,101,16.6,12.1,65,21.55,47.9,16.35,15.1,32.9,23.1,322.5,170.5,283.5,33.1,10.4,26.75,9.21,10.55,16.15,8.8,27.1,68.5,169,21.9,68.3,145,102,28.7,27.5,208.5,15.1,39.5,89,179.5,37.2,74.9,10.3,7.79,103,52.2,44.2,47.65,301,20.35,117,218,82.5,274.5,50,35.9,47.65
42.3,38.15,50.9,77,64.8,69.3,31.75,26.5,76.4,456,291,39,15.4,193,40.15,86.5,53.5,142.5,85.6,332,78.2,239,75.5,16.9,95.1,483.5,278.5,157,18,17.5,50.3,45.8,10.35,19.4,15.2,24.35,13.05,12.8,20.2,18.5,246,2635,104.5,15.3,77.1,83.7,16.15,67.7,43.4,67.8,11.9,37.65,32,17.2,326.5,176.5,30.6,72.6,273,9.65,28.6,31.1,54.8,154,52.7,23.1,12.95,23.7,38.95,263,457.5,33,37.9,65.2,46.3,27.1,27.75,324,22.8,58.6,6.82,10,45.25,14.35,20.55,23.5,78.6,47.55,38.8,34.9,97.2,88.4,56,76.7,105.5,56,26.65,101.5,16.6,12.1,65,21.6,47.85,16.35,15.1,32.95,23.15,322.5,170.5,283.5,33.1,10.4,26.8,9.21,10.55,16.15,8.81,27.05,68.5,169,21.85,68.1,145,102,28.65,27.5,208.5,15.1,39.5,89,179,37.2,74.8,10.3,7.79,103,52.2,44.15,47.75,300,20.35,117,218,82.6,274.5,50,36,47.6
42.35,38.15,50.9,77,64.8,69.3,31.75,26.5,76.5,456,291,39,15.4,193,40.15,86.4,53.4,142,85.7,331.5,78.2,239,75.5,16.9,95.1,483.5,278,157,18,17.45,50.2,45.75,10.4,19.4,15.2,24.35,13.05,12.8,20.2,18.5,246,2635,104.5,15.35,77,83.7,16.15,67.7,43.45,67.8,11.85,37.7,32,17.2,326,176.5,30.6,72.6,273,9.65,28.6,31.05,54.8,154,52.7,23.1,12.95,23.7,38.95,263,459,33,37.85,65.1,46.35,27.05,27.75,323.5,22.8,58.8,6.82,10,45.3,14.35,20.55,23.5,78.6,47.55,38.8,34.9,97.2,88.4,55.9,76.6,105.5,56,26.65,101.5,16.6,12.1,64.8,21.65,47.8,16.3,15.1,32.95,23.1,322.5,170.5,283.5,33.1,10.4,26.8,9.21,10.55,16.15,8.81,27.1,68.6,169,21.85,68.1,145,102.5,28.65,27.5,208.5,15.1,39.45,89,179.5,37.2,74.8,10.35,7.79,103,52.2,44.2,47.75,300,20.35,117,218,82.6,274.5,50,36,47.55
42.35,38.15,50.8,77,64.8,69.4,31.75,26.5,76.5,456,291,39.05,15.4,192.5,40.15,86.4,53.4,142,85.7,331.5,78.2,239,75.8,16.9,95.2,484,278.5,157.5,18,17.5,50.3,45.75,10.4,19.4,15.2,24.35,13,12.8,20.2,18.45,246,2635,104.5,15.3,77,83.7,16.1,67.8,43.5,67.8,11.9,37.7,32,17.2,326.5,176.5,30.6,72.7,273,9.65,28.6,31.05,54.8,153.5,52.7,23.1,12.95,23.7,38.95,263,459,33,37.75,65.1,46.3,27.05,27.75,323.5,22.85,59.3,6.82,10,45.2,14.35,20.55,23.5,78.6,47.6,38.8,34.95,97.2,88.4,56,76.8,105.5,55.9,26.6,101,16.6,12.1,64.9,21.65,47.8,16.3,15.1,32.95,23.1,322.5,170.5,283.5,33.1,10.4,26.8,9.21,10.55,16.15,8.8,27.1,68.5,169,21.85,68.1,145,101.5,28.65,27.5,208.5,15.1,39.45,89,179.5,37.2,74.9,10.3,7.78,103,52.2,44.3,47.7,300,20.35,117,218,82.5,275,50,35.95,47.5
42.35,38.1,50.9,77,64.8,69.3,31.75,26.5,76.5,456,291,39.05,15.45,193,40.2,86.3,53.5,142,85.7,331.5,78.2,239,75.8,16.9,95.1,484,278,157,18,17.5,50.3,45.7,10.35,19.45,15.2,24.4,13,12.85,20.15,18.5,246,2635,104.5,15.35,77,83.7,16.15,67.8,43.45,67.8,11.9,37.75,31.95,17.2,326,176.5,30.6,72.7,273,9.65,28.55,31.05,54.9,153.5,52.8,23.1,12.95,23.7,38.95,263,459,33,37.8,65.1,46.3,27.05,27.75,324,22.85,59.4,6.82,10,45.25,14.35,20.55,23.5,78.6,47.6,38.8,34.95,97.2,88.4,56,76.6,106,55.9,26.6,101,16.6,12.1,64.9,21.6,47.8,16.3,15.1,32.95,23.1,322,170.5,283.5,33.1,10.4,26.75,9.21,10.5,16.15,8.81,27.05,68.5,169,21.85,68.1,145,102,28.65,27.5,208.5,15.05,39.45,88.9,179,37.2,75,10.3,7.78,103,52.2,44.2,47.8,300,20.4,117.5,218,82.5,275,50,35.95,47.5
42.4,38.1,50.9,77,64.8,69.3,31.75,26.55,76.5,456,290.5,39,15.4,193,40.2,86.3,53.5,142,85.6,331.5,78,239,75.8,16.85,95.1,483.5,278,157,17.95,17.5,50.3,45.7,10.4,19.4,15.25,24.4,13,12.85,20.15,18.5,246,2635,104.5,15.3,77,83.9,16.15,67.8,43.45,67.8,11.9,37.75,31.95,17.2,326.5,176.5,30.55,72.7,272.5,9.65,28.6,31.05,54.8,153.5,52.8,23.1,12.95,23.7,38.95,262.5,459,33,37.8,65,46.3,27.1,27.7,324,22.8,59.4,6.81,10,45.2,14.35,20.55,23.5,78.7,47.6,38.8,34.9,97.2,88.4,55.9,76.5,106,55.9,26.65,101,16.55,12.05,64.9,21.6,47.85,16.35,15.05,32.95,23.1,322,170.5,283.5,33.1,10.4,26.8,9.21,10.5,16.15,8.81,27.05,68.5,169,21.8,68.2,145,101.5,28.65,27.5,208.5,15.1,39.5,89,179,37.2,75,10.3,7.79,103.5,52.2,44.2,47.7,300,20.35,117.5,218.5,82.5,275,49.95,35.95,47.55
42.4,38.15,50.8,76.9,64.8,69.3,31.75,26.55,76.5,456,290.5,39.05,15.4,193,40.2,86.3,53.4,142,85.7,331.5,78,239,75.7,16.85,95.1,484,278,157,17.95,17.45,50.3,45.7,10.35,19.4,15.25,24.35,13.05,12.8,20.15,18.5,246,2640,104.5,15.3,77,84,16.15,67.8,43.45,67.8,11.9,37.7,31.95,17.2,326.5,176.5,30.6,72.7,272.5,9.65,28.6,31.1,54.8,153.5,52.8,23.1,12.95,23.7,38.95,262.5,459,33,37.8,65.1,46.25,27.1,27.7,324,22.8,59.3,6.81,10,45.25,14.35,20.55,23.5,78.6,47.55,38.8,34.95,97.2,88.4,55.9,76.5,106,55.9,26.65,101,16.55,12.05,65,21.6,47.85,16.3,15.05,32.95,23.15,322,170.5,283.5,33.1,10.4,26.8,9.21,10.5,16.15,8.8,27.15,68.5,169,21.85,68.1,145.5,101.5,28.65,27.5,208.5,15.05,39.45,89.2,179,37.2,75,10.35,7.79,103,52.2,44.15,47.8,299,20.35,117.5,218.5,82.6,275,49.95,35.95,47.5
42.4,38.15,50.8,77,64.8,69.3,31.75,26.55,76.3,456,290.5,39,15.45,193,40.2,86.3,53.3,142.5,85.8,331.5,78,239,75.7,16.85,95.1,484,278,157.5,17.95,17.5,50.3,45.7,10.35,19.4,15.2,24.4,13,12.8,20.2,18.5,246,2640,105,15.3,76.9,83.8,16.15,67.8,43.5,67.8,11.9,37.75,31.95,17.2,326.5,176.5,30.6,72.7,272.5,9.65,28.55,31.1,54.8,153.5,52.8,23.1,13,23.7,39,263,458.5,33,37.8,65.1,46.25,27.1,27.6,323.5,22.8,59.4,6.81,10,45.25,14.35,20.55,23.5,78.6,47.55,38.8,34.95,97.2,88.4,56,76.5,105.5,55.9,26.6,101.5,16.55,12.05,65,21.6,47.85,16.3,15.1,33,23.1,322,170,283.5,33.05,10.4,26.8,9.2,10.5,16.15,8.8,27.15,68.5,169,21.85,68.1,145.5,101.5,28.6,27.45,209,15.1,39.45,89.2,179,37.2,75,10.35,7.78,103,52.2,44.15,47.85,299,20.35,117,218,82.6,275,49.9,35.95,47.55
42.4,38.15,50.9,76.9,64.8,69.2,31.75,26.55,76.3,456,290.5,39,15.4,193,40.15,86.3,53.3,142,85.7,331.5,78,239,75.6,16.85,95.1,483.5,278,157,17.95,17.45,50.2,45.7,10.35,19.4,15.2,24.35,13,12.8,20.15,18.5,246.5,2640,104.5,15.3,76.9,83.8,16.1,67.8,43.5,67.8,11.9,37.75,31.95,17.15,327,176.5,30.6,72.7,272.5,9.65,28.55,31.2,54.8,153.5,52.8,23.1,13,23.7,39,262.5,459,33,37.8,65,46.25,27.1,27.6,323.5,22.85,59.3,6.82,10,45.2,14.35,20.55,23.5,78.6,47.7,38.9,34.95,97.2,88.4,56,76.5,106,55.9,26.6,101.5,16.55,12.05,64.7,21.6,47.85,16.3,15.1,32.95,23.1,322,170,283.5,33.05,10.4,26.8,9.2,10.5,16.15,8.81,27.15,68.5,169,21.85,68.1,145.5,102,28.6,27.45,209,15.1,39.5,89.2,179,37.2,75,10.35,7.78,103,52.2,44.15,47.85,299,20.35,117,218,82.6,275,49.9,35.95,47.5
42.4,38.15,50.8,76.9,64.8,69.4,31.75,26.5,76.3,456,290.5,39,15.45,193.5,40.2,86.3,53.3,142,85.7,331.5,77.9,239.5,75.6,16.9,95.1,483.5,278,157,17.95,17.45,50.3,45.7,10.35,19.4,15.2,24.35,13.05,12.85,20.2,18.5,246.5,2640,104.5,15.35,77,83.8,16.15,67.8,43.45,67.8,11.9,37.75,31.95,17.15,326,176.5,30.6,72.7,272.5,9.65,28.6,31.2,54.8,153.5,52.8,23.1,13,23.7,39,262.5,458.5,33,37.8,65.1,46.25,27.1,27.65,323.5,22.85,59.4,6.82,10,45.25,14.35,20.55,23.5,78.6,47.7,38.9,34.9,97.2,88.4,56,76.4,106,55.8,26.65,101.5,16.55,12.05,64.7,21.55,47.85,16.3,15.1,32.9,23.15,322,170,283.5,33.1,10.4,26.75,9.2,10.5,16.15,8.8,27.15,68.4,169,21.9,68.1,145.5,102,28.6,27.5,211,15.1,39.5,89.2,179,37.2,75,10.3,7.78,103.5,52.2,44.15,47.85,298.5,20.4,117.5,218,82.6,275,49.9,35.95,47.55
42.4,38.15,50.8,76.8,64.8,69.4,31.75,26.5,76.3,456,290.5,39,15.4,193,40.15,86.3,53.3,142,85.7,331.5,77.9,239,75.6,16.85,95.1,483.5,278,157.5,17.95,17.5,50.3,45.75,10.35,19.4,15.2,24.35,13,12.85,20.2,18.5,246.5,2640,105,15.3,77.1,83.8,16.1,67.8,43.5,67.8,11.9,37.75,31.95,17.15,326,176.5,30.6,72.7,272.5,9.65,28.55,31.2,54.8,153.5,52.8,23.1,13,23.7,39,262.5,458.5,33,37.8,65,46.25,27.1,27.65,323.5,22.85,59.3,6.81,9.99,45.25,14.35,20.55,23.5,78.6,47.6,38.85,34.85,97.2,88.4,56,76.5,106,55.9,26.65,101,16.55,12.05,64.9,21.55,47.85,16.3,15.1,32.9,23.1,322,170.5,283.5,33.05,10.4,26.75,9.2,10.5,16.15,8.8,27.15,68.4,169,21.85,68.1,145,102,28.6,27.5,210,15.1,39.45,89.2,178.5,37.2,75.1,10.3,7.78,103,52.2,44.15,47.75,299,20.4,117.5,218,82.6,275,49.9,35.95,47.55
42.4,38.2,50.8,76.8,64.9,69.4,31.75,26.5,76.4,456,290.5,39,15.45,193,40.15,86.4,53.3,142.5,85.7,332,78,239,75.6,16.8,95.1,484,278,157.5,17.95,17.5,50.3,45.75,10.35,19.4,15.2,24.35,13,12.85,20.2,18.5,246.5,2640,104.5,15.3,77,83.8,16.1,67.7,43.5,67.8,11.9,37.7,31.95,17.15,326,176.5,30.6,72.7,272.5,9.65,28.55,31.2,54.8,153.5,52.8,23.1,13,23.7,39,262.5,458.5,33,37.8,65.1,46.2,27.1,27.65,323.5,22.8,59.2,6.81,9.99,45.25,14.35,20.5,23.5,78.6,47.6,38.9,34.9,97.2,88.4,55.9,76.4,105.5,55.8,26.6,101,16.55,12.05,64.9,21.6,47.85,16.25,15.1,32.9,23.1,322,170.5,283.5,33.1,10.4,26.75,9.2,10.55,16.15,8.8,27.1,68.4,168.5,21.9,68,145.5,102,28.6,27.5,210.5,15.1,39.45,89.2,178.5,37.2,75,10.3,7.78,103,52.2,44.15,47.8,300,20.4,117.5,218,82.6,275,49.9,35.95,47.5
42.4,38.2,50.6,76.8,64.9,69.3,31.75,26.5,76.3,456,290.5,39.05,15.45,193,40.15,86.3,53.4,142.5,85.6,333,78,239,75.6,16.85,95.1,483.5,278,157,17.95,17.45,50.2,45.7,10.35,19.4,15.2,24.35,13.05,12.8,20.2,18.5,246.5,2640,105,15.3,77,83.8,16.15,67.7,43.45,67.8,11.9,37.75,31.95,17.15,326,176.5,30.6,72.7,272.5,9.65,28.6,31.2,54.8,153.5,52.7,23.1,12.95,23.75,39,262.5,458.5,33,37.8,65,46.2,27.1,27.65,324,22.8,59.1,6.81,10,45.25,14.4,20.5,23.5,78.5,47.6,38.85,34.85,97.2,88.4,56,76.4,105.5,55.8,26.6,101,16.55,12.05,64.9,21.6,47.85,16.25,15.1,32.9,23.15,322,170.5,283.5,33.1,10.4,26.75,9.19,10.55,16.15,8.8,27.1,68.4,169,21.9,67.9,145.5,101.5,28.6,27.5,210,15.1,39.5,89.3,178.5,37.2,75,10.3,7.77,103,52.1,44.15,47.75,300,20.4,117,218,82.6,275,49.9,35.95,47.55
42.4,38.2,50.5,76.8,64.9,69.3,31.8,26.5,76.3,456,291,39,15.4,193,40.15,86.3,53.4,142.5,85.6,332.5,78,239,75.6,16.8,95.1,484,278,157,17.95,17.5,50.2,45.7,10.35,19.4,15.2,24.35,13,12.8,20.15,18.55,246.5,2640,104.5,15.3,76.9,83.9,16.15,67.8,43.4,67.8,11.9,37.75,31.95,17.15,326,176.5,30.6,72.7,272.5,9.65,28.6,31.2,54.8,153.5,52.7,23.1,12.95,23.75,39,262.5,458.5,33,37.8,65,46.2,27.1,27.65,324,22.8,59.1,6.81,10,45.2,14.35,20.5,23.55,78.5,47.6,38.85,34.85,97.2,88.4,56,76.5,106,55.8,26.65,101,16.55,12.05,64.9,21.65,47.85,16.25,15.1,32.95,23.15,322,170.5,283,33.05,10.4,26.75,9.19,10.55,16.15,8.8,27.1,68.4,168.5,21.85,68,145.5,102,28.65,27.5,210,15.1,39.45,89.3,178.5,37.2,75.1,10.3,7.77,103,52.2,44.15,47.85,299.5,20.35,117,218,82.6,275.5,49.9,35.95,47.5
42.35,38.2,50.3,76.8,65,69.3,31.75,26.5,76.3,456,291,39,15.4,193,40.15,86.4,53.4,142.5,85.7,332.5,78,239,75.5,16.8,95.1,484,278,157.5,17.95,17.5,50.3,45.75,10.4,19.35,15.2,24.35,13.05,12.8,20.2,18.5,246.5,2640,104.5,15.3,76.9,83.8,16.1,67.8,43.4,67.8,11.9,37.75,31.9,17.15,326,176.5,30.6,72.7,272.5,9.66,28.6,31.2,54.8,153.5,52.7,23.1,12.95,23.75,39,262.5,458.5,33,37.85,65,46.2,27.1,27.65,323,22.8,59.1,6.81,10,45.2,14.35,20.5,23.55,78.5,47.55,38.9,34.9,97.2,88.3,56,76.5,106,55.8,26.65,101,16.55,12.05,64.9,21.55,47.85,16.25,15.1,32.95,23.15,322,170.5,283.5,33.05,10.4,26.75,9.19,10.55,16.15,8.8,27.1,68.4,169,21.85,67.9,145.5,102,28.6,27.5,210,15.1,39.45,89.3,178.5,37.2,75.1,10.3,7.77,103,52.1,44.1,47.9,300,20.35,117,218,82.6,275,49.9,35.95,47.5
42.4,38.2,50.2,76.9,65,69.4,31.75,26.5,76.2,456,291,39.05,15.45,193,40.15,86.3,53.4,142,85.6,332.5,78,239,75.5,16.85,95.1,484,278,157,17.95,17.5,50.3,45.7,10.4,19.35,15.2,24.35,13.05,12.8,20.2,18.5,246.5,2640,104.5,15.35,76.9,83.7,16.1,67.7,43.4,68,11.85,37.75,31.9,17.15,325.5,176.5,30.6,72.7,272.5,9.65,28.55,31.2,54.8,153.5,52.7,23.05,12.95,23.75,39,262.5,458.5,33,37.8,65,46.2,27.15,27.65,323,22.85,59.1,6.82,10,45.2,14.35,20.5,23.6,78.5,47.55,38.9,34.9,97.2,88.3,55.9,76.4,106,55.8,26.6,101,16.55,12.05,64.9,21.6,47.85,16.25,15.1,33.05,23.15,322,170.5,283.5,33.05,10.4,26.75,9.2,10.55,16.15,8.81,27.1,68.4,169,21.8,68,146,102,28.65,27.5,210,15.1,39.5,89.2,179,37.2,75.1,10.3,7.77,103,52.2,44.15,47.9,300,20.4,117,218,82.6,275,49.9,35.95,47.45
42.35,38.2,50.2,76.8,65,69.3,31.75,26.5,76.2,456,291,39.05,15.4,193,40.15,86.3,53.4,142,85.6,333,78,239,75.5,16.8,95.1,483.5,278,157.5,17.95,17.5,50.2,45.7,10.4,19.35,15.2,24.35,13.05,12.85,20.2,18.55,246.5,2635,104.5,15.35,76.9,83.7,16.15,67.7,43.4,68,11.9,37.75,31.9,17.15,325.5,176.5,30.6,72.7,272.5,9.66,28.55,31.2,54.8,153.5,52.7,23.05,12.95,23.75,39,262.5,458.5,33,37.8,65,46.2,27.15,27.65,323,22.8,59.2,6.82,10,45.2,14.35,20.5,23.55,78.5,47.55,38.9,34.85,97.3,88.3,55.9,76.4,105.5,55.8,26.65,101,16.55,12.05,64.9,21.6,47.85,16.25,15.15,33.2,23.15,322,170.5,283,33.05,10.4,26.75,9.2,10.55,16.15,8.8,27.1,68.4,169.5,21.8,67.8,145.5,102,28.65,27.5,210.5,15.1,39.45,89.2,179,37.25,75,10.3,7.78,103,52.2,44.15,47.8,300,20.4,117,218,82.6,275,49.95,35.95,47.45
42.4,38.2,50.2,76.8,65,69.4,31.75,26.5,76.2,456,291,39,15.4,193.5,40.15,86.3,53.3,142.5,85.7,332.5,77.9,239,75.5,16.8,95.1,484,278,157.5,17.95,17.5,50.3,45.75,10.4,19.35,15.2,24.4,13,12.85,20.2,18.55,246.5,2635,104.5,15.35,77,83.7,16.1,67.7,43.5,68,11.9,37.75,31.9,17.15,326,176.5,30.6,72.7,272.5,9.66,28.6,31.2,54.9,153.5,52.7,23.05,12.95,23.75,39,263,459.5,33,37.8,65,46.2,27.05,27.6,323,22.8,59.3,6.82,10,45.25,14.35,20.5,23.55,78.5,47.6,38.9,34.85,97.2,88.3,56,76.4,105.5,55.7,26.65,101,16.5,12.05,64.9,21.65,47.9,16.25,15.15,33.15,23.15,322,170.5,283,33.05,10.4,26.8,9.2,10.5,16.15,8.8,27.1,68.4,169.5,21.8,67.8,145.5,102,28.6,27.5,211,15.1,39.5,89.2,178.5,37.2,75,10.3,7.78,103.5,52.3,44.1,47.9,300,20.4,117,218,82.6,275,49.9,35.95,47.45
42.35,38.2,50.2,76.9,65,69.4,31.75,26.5,76.2,456.5,291,39.05,15.4,194,40.2,86.4,53.4,142.5,85.7,333,78,239,75.6,16.85,95.1,484,278,157,17.95,17.45,50.3,45.75,10.4,19.35,15.2,24.35,13.05,12.85,20.2,18.55,246.5,2635,104.5,15.3,76.8,83.7,16.15,67.7,43.45,68,11.9,37.75,31.9,17.15,326,176.5,30.6,72.7,273,9.67,28.6,31.2,54.8,153.5,52.7,23.05,12.95,23.75,39,263,460,33,37.8,65,46.25,27.05,27.6,323,22.85,59.3,6.82,10,45.25,14.35,20.55,23.6,78.5,47.6,38.9,34.85,97.2,88.2,56,76.4,105.5,55.8,26.65,101,16.5,12.05,64.9,21.6,47.85,16.3,15.2,33.2,23.2,322,170.5,283,33.05,10.4,26.75,9.2,10.5,16.15,8.8,27.1,68.4,169.5,21.85,67.8,145.5,101.5,28.6,27.5,211.5,15.1,39.45,89.3,179,37.2,75,10.3,7.78,103.5,52.3,44.1,47.9,299.5,20.4,116.5,218,82.6,275,49.9,35.95,47.5
42.35,38.15,50.2,76.9,64.9,69.3,31.75,26.5,76.2,456.5,291,39,15.4,193.5,40.15,86.4,53.4,142.5,85.7,333.5,78,239,75.4,16.8,95.1,483.5,278,157.5,17.95,17.5,50.2,45.7,10.35,19.35,15.25,24.35,13.05,12.85,20.2,18.55,247,2630,104.5,15.35,76.9,83.7,16.1,67.6,43.4,68,11.9,37.75,31.9,17.15,325.5,176.5,30.65,72.7,273,9.67,28.5,31.2,54.8,153.5,52.7,23.05,12.95,23.75,39,262.5,460,33,37.8,65.1,46.25,27.1,27.6,323.5,22.85,59.3,6.82,10,45.25,14.35,20.55,23.6,78.5,47.6,38.9,34.85,97.2,88.3,56,76.5,105,55.8,26.65,101,16.55,12.05,65,21.55,47.85,16.3,15.15,33.25,23.15,322,170.5,283,33.05,10.4,26.8,9.2,10.5,16.15,8.81,27.1,68.4,169.5,21.85,67.8,145.5,101.5,28.6,27.45,211.5,15.1,39.4,89.3,179,37.2,75,10.3,7.78,103.5,52.3,44.15,47.8,300,20.4,116.5,218,82.6,275,49.9,35.95,47.5
42.35,38.2,50.2,76.9,65,69.4,31.75,26.5,76.2,457,291,39.05,15.4,194,40.15,86.4,53.3,142.5,85.7,333.5,78,239,75.4,16.8,95.1,484,278,157,17.95,17.5,50.2,45.75,10.35,19.35,15.25,24.35,13.05,12.85,20.15,18.55,246.5,2635,104.5,15.35,76.9,83.7,16.1,67.7,43.3,68,11.9,37.75,31.9,17.15,324,176.5,30.65,72.7,273,9.67,28.5,31.25,54.8,153.5,52.7,23.05,12.95,23.75,39,262.5,460,33,37.8,65.1,46.25,27.1,27.6,323.5,22.85,59.3,6.8,10,45.2,14.35,20.5,23.6,78.5,47.55,38.9,34.85,97.2,88.3,56,76.4,105.5,55.7,26.65,101,16.55,12.05,64.9,21.6,47.85,16.3,15.15,33.25,23.2,322,170.5,283,33.05,10.4,26.8,9.2,10.5,16.15,8.8,27.15,68.4,169.5,21.85,67.6,145,101.5,28.6,27.5,211.5,15.1,39.4,89.3,179,37.2,75,10.3,7.77,103.5,52.3,44.15,47.9,300,20.35,116.5,218,82.6,275,49.9,35.95,47.5
42.4,38.2,50.3,76.8,65,69.3,31.75,26.5,76.2,457,291,39,15.4,193.5,40.15,86.3,53.3,142,85.6,333,77.9,239,75.3,16.8,95.1,484,278,157.5,17.95,17.5,50.3,45.75,10.35,19.35,15.2,24.35,13.05,12.85,20.2,18.55,246.5,2635,104.5,15.35,76.8,83.9,16.1,67.7,43.3,68,11.9,37.75,31.85,17.15,324.5,176.5,30.65,72.7,273,9.67,28.5,31.1,54.8,153.5,52.7,23.05,12.95,23.75,39,262.5,461,33,37.8,65.1,46.35,27.1,27.65,323,22.8,59.4,6.8,10,45.25,14.35,20.5,23.65,78.5,47.55,38.9,34.85,97.2,88.3,56,76.5,105.5,55.8,26.6,101,16.55,12.05,64.9,21.6,47.9,16.35,15.15,33.25,23.2,322,170.5,283,33.05,10.4,26.8,9.2,10.5,16.15,8.8,27.1,68.4,169.5,21.8,67.7,145.5,101.5,28.6,27.5,211.5,15.1,39.45,89.3,179,37.2,75,10.3,7.77,103.5,52.3,44.1,47.8,299.5,20.35,116.5,218,82.6,275,49.9,35.95,47.5
42.4,38.15,50.3,77,65,69.4,31.75,26.5,76.2,458,291,39,15.45,194,40.2,86.3,53.4,142,85.7,333,78,239,75.4,16.8,95.1,484,278.5,157.5,18,17.5,50.3,45.75,10.4,19.35,15.2,24.35,13.1,12.85,20.15,18.55,246.5,2635,104.5,15.35,76.8,83.8,16.15,67.6,43.35,68,11.9,37.7,31.85,17.15,324.5,176.5,30.65,72.7,273,9.67,28.5,31.1,54.8,153.5,52.7,23.05,12.95,23.75,39,262.5,461,33,37.85,65.1,46.35,27.1,27.65,323,22.85,59.2,6.81,10,45.25,14.3,20.55,23.65,78.5,47.55,38.9,34.85,97.1,88.3,56,76.4,105.5,55.8,26.65,101,16.55,12.05,64.9,21.6,47.9,16.3,15.15,33.2,23.15,322,170.5,283,33.05,10.4,26.8,9.2,10.5,16.15,8.8,27.1,68.5,169.5,21.85,67.6,145.5,101.5,28.65,27.5,211,15.05,39.4,89.3,179,37.2,75,10.3,7.78,103.5,52.3,44.1,47.8,299.5,20.35,117,218,82.6,274.5,49.9,35.95,47.5
42.4,38.15,50.2,77,65.1,69.4,31.75,26.5,76.2,458,291,39,15.4,193.5,40.2,86.3,53.4,142,85.7,332.5,77.9,239,75.4,16.8,95.1,483.5,278,157.5,18,17.5,50.3,45.75,10.4,19.35,15.25,24.4,13.1,12.85,20.2,18.55,246.5,2640,104.5,15.35,76.8,83.9,16.15,67.6,43.3,67.9,11.95,37.75,31.85,17.2,324,176.5,30.6,72.7,273,9.68,28.45,31.1,54.8,153.5,52.7,23.1,12.95,23.75,39,262.5,461,33,37.85,65.1,46.35,27.1,27.65,323,22.85,59.4,6.8,10.05,45.2,14.3,20.5,23.65,78.5,47.55,38.9,34.85,97.1,88.4,56,76.4,105.5,55.8,26.65,101.5,16.55,12.05,64.9,21.6,47.9,16.3,15.15,33.2,23.2,322,170.5,283,33.05,10.4,26.8,9.2,10.5,16.15,8.8,27.1,68.5,170,21.85,67.7,145.5,101.5,28.65,27.5,210.5,15.1,39.4,89.3,179,37.2,75,10.3,7.77,103.5,52.3,44.15,47.8,299,20.35,116.5,218,82.6,274.5,49.9,35.95,47.5
42.4,38.15,50.2,77,65,69.3,31.75,26.5,76.2,458,291,39,15.4,194,40.15,86.2,53.4,142,85.7,332.5,78,239,75.3,16.85,95.1,483.5,278,157.5,17.95,17.5,50.3,45.8,10.4,19.35,15.25,24.35,13.1,12.85,20.25,18.55,246.5,2640,104.5,15.35,76.9,83.8,16.1,67.6,43.4,67.9,11.95,37.7,31.85,17.2,324,176.5,30.65,72.7,273,9.68,28.5,31.1,54.8,153.5,52.7,23.15,12.95,23.75,39,262.5,460,33,37.85,65.1,46.35,27.05,27.65,323,22.85,59.4,6.8,10.05,45.2,14.3,20.55,23.65,78.4,47.55,38.9,34.85,97.1,88.4,56,76.4,105.5,55.8,26.6,101.5,16.55,12.05,64.9,21.6,47.9,16.3,15.15,33.2,23.2,322,170.5,283,33.05,10.4,26.8,9.21,10.5,16.15,8.8,27.1,68.5,170.5,21.85,67.8,146,102,28.65,27.5,211,15.1,39.4,89.3,179,37.2,75,10.3,7.77,103.5,52.3,44.1,47.85,300,20.35,117,218.5,82.6,274.5,49.9,35.95,47.45
42.4,38.1,50.2,77,65.1,69.4,31.75,26.5,76.1,458,291,39,15.4,194,40.15,86.2,53.4,142.5,85.7,333,78,239,75.4,16.8,95.1,483.5,278.5,157.5,17.95,17.5,50.3,45.75,10.4,19.35,15.25,24.35,13.05,12.85,20.2,18.5,246.5,2640,105,15.3,76.8,83.8,16.15,67.6,43.35,67.9,11.95,37.7,31.85,17.2,324,176.5,30.65,72.8,273,9.68,28.45,31.1,54.9,153.5,52.7,23.15,12.95,23.75,39,262.5,461,33,37.8,65.1,46.35,27.05,27.65,323.5,22.85,59.8,6.8,10,45.15,14.35,20.5,23.65,78.4,47.6,38.9,34.85,97.1,88.4,56,76.6,105.5,55.8,26.65,101.5,16.55,12.05,64.9,21.55,47.9,16.3,15.1,33.2,23.2,322,170.5,283,33.05,10.4,26.8,9.21,10.5,16.15,8.8,27.15,68.5,170.5,21.8,67.8,146,102,28.6,27.5,210.5,15.1,39.4,89.2,179,37.2,75,10.3,7.78,103.5,52.3,44.2,47.7,300,20.35,117,218.5,82.5,274.5,49.9,35.95,47.45
42.4,38.1,50.5,77,65.1,69.4,31.75,26.55,76.1,458,291,39.05,15.4,193.5,40.2,86.2,53.4,142.5,85.7,332.5,78,239,75.3,16.8,95,483.5,278.5,157.5,17.95,17.5,50.2,45.7,10.4,19.35,15.25,24.4,13.1,12.85,20.2,18.55,246.5,2640,104.5,15.35,76.9,83.8,16.15,67.6,43.3,68,11.95,37.7,31.9,17.2,324,177,30.65,72.8,273,9.67,28.5,31.1,54.8,153.5,52.7,23.15,12.95,23.75,39,262.5,462,33,37.8,65.2,46.35,27.1,27.65,323.5,22.8,59.8,6.81,10,45.15,14.3,20.55,23.65,78.4,47.6,38.85,34.85,97.2,88.4,56,76.5,105.5,55.7,26.65,101.5,16.55,12.05,64.9,21.6,47.85,16.3,15.15,33.15,23.2,322,170.5,283,33.05,10.4,26.85,9.22,10.55,16.15,8.8,27.15,68.5,171,21.85,67.8,145.5,102,28.6,27.5,210.5,15.1,39.45,89.2,179,37.2,75,10.3,7.77,103.5,52.3,44.2,47.65,299,20.35,116.5,218.5,82.5,274.5,49.9,35.95,47.4
42.4,38.1,50.5,76.9,65.1,69.4,31.75,26.55,76.1,458,291,39,15.45,193.5,40.15,86.2,53.4,142,85.7,332.5,78,239,75.3,16.8,95.1,483.5,278.5,157.5,17.95,17.45,50.3,45.7,10.35,19.35,15.25,24.35,13.1,12.85,20.25,18.5,246.5,2640,104.5,15.35,76.8,83.9,16.1,67.7,43.3,68,11.9,37.7,31.9,17.2,324.5,176.5,30.65,72.8,273,9.68,28.5,31.1,54.8,153.5,52.8,23.15,12.95,23.75,39,262.5,462,33,37.8,65.1,46.35,27.1,27.65,324,22.8,59.9,6.81,10,45.15,14.35,20.55,23.65,78.3,47.6,38.85,34.85,97.2,88.4,56.1,76.4,105.5,55.7,26.6,101.5,16.55,12.05,65,21.5,47.95,16.3,15.15,33.05,23.2,322,170.5,283,33.05,10.4,26.85,9.22,10.55,16.15,8.8,27.1,68.4,170.5,21.85,67.8,146,102,28.6,27.5,210.5,15.1,39.45,89.2,179,37.2,75.1,10.3,7.77,103.5,52.3,44.2,47.55,299,20.35,117,218.5,82.5,274,49.9,35.95,47.4
42.4,38.15,50.5,77,65.1,69.3,31.75,26.5,76.1,458,291,39,15.4,194,40.15,86.3,53.4,142.5,85.7,333,77.9,239,75.3,16.8,95.1,483.5,278.5,158,17.95,17.45,50.2,45.7,10.4,19.3,15.25,24.35,13.1,12.8,20.2,18.55,246.5,2640,104.5,15.35,76.8,84.3,16.15,67.7,43.3,68,11.9,37.75,31.9,17.2,323.5,176.5,30.65,72.8,273,9.68,28.45,31.1,54.8,153.5,52.8,23.15,12.95,23.75,38.95,262.5,463,33,37.8,65.1,46.35,27.1,27.65,324,22.8,59.8,6.81,10,45.15,14.3,20.5,23.6,78.3,47.6,38.85,34.85,97.2,88.5,56.1,76.4,105.5,55.7,26.65,101.5,16.55,12.05,65,21.55,47.95,16.3,15.15,33.05,23.15,322,170.5,283,33.05,10.4,26.85,9.22,10.55,16.15,8.8,27.15,68.4,170.5,21.85,67.8,146,102,28.6,27.5,210.5,15.1,39.4,89.2,179,37.2,75,10.3,7.77,103.5,52.3,44.2,47.5,299,20.35,117,218,82.5,274,49.9,35.95,47.4
42.4,38.1,50.5,76.9,65.2,69.4,31.8,26.5,76.1,458,291,39,15.45,194,40.2,86.2,53.4,142,85.7,332.5,78,239,75.3,16.8,95.1,483,278,158,17.95,17.5,50.3,45.7,10.4,19.3,15.25,24.35,13.05,12.85,20.2,18.5,246.5,2645,104.5,15.4,76.8,84.2,16.15,67.6,43.25,68,11.9,37.75,31.9,17.2,324.5,176.5,30.65,72.8,273,9.67,28.45,31.1,54.8,154,52.8,23.15,12.95,23.75,38.95,262.5,463,33,37.8,65.1,46.4,27.1,27.65,324,22.8,59.8,6.81,10,45.2,14.3,20.5,23.65,78.3,47.6,38.85,34.85,97.2,88.5,56.1,76.4,105.5,55.7,26.65,101.5,16.5,12.05,65,21.55,47.95,16.25,15.15,33.05,23.15,322,170.5,283,33.05,10.4,26.85,9.22,10.55,16.15,8.8,27.1,68.5,170.5,21.85,67.8,146,102,28.6,27.45,210.5,15.1,39.4,89.2,179,37.2,75,10.3,7.77,103.5,52.2,44.2,47.55,298.5,20.4,116.5,218,82.5,274,49.9,35.95,47.45
42.4,38.1,50.5,76.9,65.2,69.4,31.75,26.55,76.1,458,291,39,15.45,194,40.2,86.2,53.4,142,85.7,333,77.9,239,75.3,16.85,95.1,483.5,278.5,158,17.95,17.45,50.3,45.75,10.4,19.3,15.25,24.35,13.1,12.85,20.2,18.5,246.5,2645,104.5,15.4,76.8,84.2,16.15,67.6,43.3,68,11.9,37.75,31.85,17.15,324.5,176.5,30.65,72.8,273,9.67,28.5,31.25,54.8,153.5,52.8,23.15,12.95,23.75,38.95,262.5,464,33,37.8,65.1,46.4,27.05,27.65,324,22.85,59.7,6.8,10,45.2,14.3,20.55,23.65,78.3,47.6,38.9,34.9,97.2,88.5,56.1,76.4,105.5,55.7,26.65,101.5,16.5,12.05,65,21.55,47.95,16.25,15.1,33.05,23.15,322,170.5,283,33.05,10.45,26.85,9.22,10.55,16.15,8.8,27.1,68.5,170.5,21.85,67.7,146,102,28.6,27.5,210,15.05,39.4,89.2,179,37.15,75,10.3,7.78,103.5,52.3,44.2,47.65,298,20.4,116.5,218,82.5,274,49.95,35.95,47.45
42.35,38.1,50.5,77,65.2,69.4,31.75,26.55,76.2,458,290.5,39,15.45,193.5,40.15,86.3,53.4,142.5,85.7,333,78,239,75.5,16.9,95.1,483.5,278,158,17.95,17.45,50.3,45.75,10.4,19.3,15.25,24.35,13.1,12.85,20.2,18.5,246.5,2645,105,15.35,76.9,84.1,16.1,67.7,43.3,68,11.9,37.8,31.85,17.15,324,176.5,30.6,72.8,273,9.67,28.5,31.25,54.8,154,52.8,23.15,12.95,23.75,38.95,262,466,33,37.8,65.1,46.4,27.05,27.65,324,22.8,59.8,6.8,10.05,45.2,14.35,20.55,23.65,78.3,47.6,38.9,34.95,97.1,88.5,56.1,76.3,105.5,55.8,26.6,101.5,16.5,12.05,65,21.55,47.95,16.3,15.1,33.1,23.15,322,170.5,283,33.05,10.45,26.85,9.22,10.55,16.15,8.8,27.1,68.5,170.5,21.85,67.8,146,102,28.6,27.5,210,15.1,39.45,89.2,179,37.15,75,10.3,7.78,103,52.3,44.4,47.7,298,20.4,116.5,218,82.5,274,49.95,36,47.45
42.4,38.1,50.5,77,65.2,69.5,31.75,26.5,76.1,458,290.5,39.05,15.4,194,40.2,86.2,53.4,142,85.7,333,78,238.5,75.3,16.9,95.1,483.5,278,157.5,17.95,17.5,50.2,45.75,10.4,19.3,15.25,24.35,13.05,12.8,20.2,18.5,246.5,2645,105.5,15.4,76.8,84.2,16.15,67.6,43.3,67.9,11.9,37.8,31.85,17.1,324,176.5,30.7,72.8,273,9.66,28.5,31.25,54.8,154,52.8,23.15,12.95,23.7,39,262,469,33,37.8,65.1,46.4,27.05,27.7,323.5,22.8,59.9,6.81,10.05,45.15,14.35,20.55,23.65,78.3,47.65,38.9,34.95,97.2,88.5,56.1,76.3,105.5,55.8,26.6,101.5,16.5,12.05,64.9,21.6,47.95,16.25,15.1,33.1,23.2,322,170.5,283,33.05,10.45,26.85,9.22,10.55,16.15,8.8,27.1,68.4,170,21.8,67.8,146,102,28.6,27.5,210,15.1,39.4,89.3,179,37.15,75,10.3,7.78,103.5,52.3,44.4,47.55,299.5,20.35,116.5,218,82.6,274,49.95,35.95,47.45
42.35,38.1,50.5,77,65.3,69.5,31.75,26.5,76.1,458,290.5,39,15.45,193.5,40.25,86.1,53.4,142,85.7,333,78,238.5,75.3,16.9,95.1,484,278.5,158,17.95,17.45,50.2,45.8,10.4,19.3,15.2,24.35,13.1,12.85,20.25,18.5,246.5,2645,105.5,15.35,76.8,84.2,16.1,67.7,43.25,67.9,11.9,37.75,31.85,17.1,324,176.5,30.65,72.8,273,9.66,28.5,31.25,54.8,154,52.8,23.15,12.95,23.7,39,262,472,33,37.8,65.1,46.35,27.05,27.6,323.5,22.85,60,6.8,10.05,45.15,14.3,20.55,23.65,78.3,47.55,38.9,34.95,97.2,88.5,56.1,76.4,106,55.7,26.65,101.5,16.55,12.05,65,21.5,47.95,16.3,15.15,33.05,23.2,322,170.5,283,33.1,10.45,26.8,9.22,10.55,16.15,8.8,27.1,68.4,170.5,21.85,67.8,146,102,28.6,27.5,210,15.1,39.4,89.3,179,37.2,75,10.3,7.77,103.5,52.3,44.4,47.65,298,20.35,116.5,218,82.5,274,49.95,35.95,47.45
42.4,38.1,50.5,77,65.2,69.4,31.75,26.5,76.1,458,290.5,39,15.4,194,40.25,86.1,53.5,142,85.7,333,78,238.5,75.4,16.9,95.1,483.5,278.5,158,17.95,17.5,50.3,45.7,10.4,19.35,15.2,24.35,13.05,12.8,20.25,18.5,246.5,2645,105.5,15.35,76.7,84.2,16.1,67.6,43.25,67.9,11.95,37.8,31.85,17.1,324,176.5,30.6,72.8,273,9.66,28.5,31.25,54.8,154,52.7,23.15,12.95,23.7,39,262,471.5,33,37.8,65.2,46.35,27.1,27.6,323.5,22.85,60.1,6.8,10.05,45.15,14.3,20.55,23.65,78.3,47.6,38.85,34.9,97.3,88.4,56.1,76.3,106,55.7,26.6,101.5,16.55,12.05,65,21.55,47.95,16.3,15.15,33.15,23.2,322,170.5,283,33.05,10.45,26.85,9.22,10.55,16.15,8.8,27.1,68.4,170,21.85,67.9,146.5,102,28.6,27.5,210,15.1,39.4,89.3,179,37.2,75,10.3,7.77,103.5,52.2,44.5,47.7,297.5,20.35,116.5,218,82.5,274,49.95,36,47.45
42.4,38.15,50.4,77,65.2,69.4,31.75,26.5,76.2,458,291,39,15.45,193.5,40.2,86.2,53.5,141.5,85.7,333,77.9,238.5,75.5,16.9,95.1,484,278.5,157.5,17.95,17.5,50.3,45.75,10.4,19.3,15.2,24.35,13.1,12.85,20.25,18.5,246.5,2645,105.5,15.35,76.7,84.1,16.15,67.6,43.25,67.9,11.95,37.8,31.85,17.1,324.5,176.5,30.5,72.8,273,9.66,28.5,31.25,54.8,154,52.7,23.15,12.95,23.7,39,262,472,33,37.8,65.2,46.35,27.15,27.65,323.5,22.85,60,6.79,10.05,45.15,14.3,20.5,23.65,78.3,47.55,38.85,34.95,97.3,88.4,56.1,76.3,106,55.7,26.6,101.5,16.55,12.05,65,21.55,47.95,16.25,15.1,33.3,23.15,322,170.5,283.5,33.1,10.4,26.85,9.21,10.55,16.15,8.8,27.1,68.4,170.5,21.8,67.9,146.5,102,28.6,27.55,210,15.1,39.4,89.3,179,37.2,75,10.3,7.77,103.5,52.2,44.45,47.75,297,20.35,116.5,218,82.5,274,49.95,36,47.4
42.35,38.2,50.4,77.1,65.2,69.5,31.7,26.5,76.2,458,291,39.05,15.45,193.5,40.25,86.2,53.4,142,85.7,333,78,238.5,75.4,16.85,95.1,484,278.5,157.5,17.95,17.45,50.2,45.75,10.4,19.3,15.2,24.35,13.1,12.85,20.25,18.5,246.5,2645,105.5,15.35,76.7,84.2,16.1,67.6,43.2,67.9,12,37.8,31.85,17.1,324,176.5,30.6,72.8,273,9.66,28.5,31.25,54.8,154,52.7,23.15,12.95,23.7,39,262,472,33,37.8,65.1,46.35,27.05,27.65,324,22.85,59.7,6.8,10.05,45.1,14.3,20.45,23.6,78.2,47.55,38.85,34.95,97.3,88.4,56.1,76.3,106,55.7,26.6,101.5,16.55,12.05,65,21.55,47.95,16.25,15.15,33.3,23.2,322,170.5,283.5,33.05,10.4,26.85,9.21,10.55,16.15,8.8,27.1,68.4,170.5,21.8,67.9,146,102,28.6,27.6,210.5,15.1,39.45,89.3,179,37.15,75,10.3,7.78,103.5,52.2,44.45,47.65,296.5,20.4,117,218,82.5,274,49.95,36,47.45
42.35,38.2,50.4,77.1,65.2,69.5,31.7,26.5,76.2,458,291,39,15.4,193.5,40.2,86.1,53.5,141.5,85.7,333,77.9,238.5,75.3,16.85,95.1,484,278.5,158,17.95,17.5,50.3,45.75,10.4,19.3,15.25,24.35,13.05,12.85,20.25,18.55,246.5,2645,105.5,15.35,76.7,84.3,16.15,67.6,43.15,67.9,12.05,37.8,31.85,17.15,324,176.5,30.65,72.8,273,9.67,28.5,31.25,54.8,154,52.7,23.15,12.95,23.7,39,262.5,471,33,37.8,65.2,46.35,27.05,27.65,324,22.85,59.5,6.8,10.05,45.1,14.3,20.5,23.6,78.2,47.55,38.85,34.95,97.2,88.4,56.1,76.3,106,55.7,26.65,101.5,16.55,12.05,64.9,21.5,47.95,16.25,15.15,33.3,23.2,322,170.5,283.5,33,10.45,26.85,9.21,10.55,16.15,8.8,27.1,68.4,170.5,21.85,67.9,146,102,28.6,27.6,210,15.05,39.45,89.3,179,37.2,75,10.3,7.77,103.5,52.2,44.5,47.7,296.5,20.35,116.5,218,82.5,274,50,36,47.4
42.35,38.2,50.4,77.1,65.2,69.5,31.75,26.5,76.2,458,290.5,39,15.45,193.5,40.25,86.1,53.4,141.5,85.6,333,78,238.5,75.5,16.85,95.1,484,278,158,17.95,17.45,50.3,45.75,10.4,19.35,15.2,24.35,13.1,12.8,20.25,18.5,246.5,2645,105.5,15.35,76.6,84.3,16.1,67.7,43.2,67.9,12.05,37.8,31.85,17.1,324,176.5,30.65,72.8,273,9.67,28.5,31.25,54.9,154,52.7,23.15,12.95,23.7,39,262,471,33,37.8,65.2,46.35,27.05,27.65,324.5,22.9,59.3,6.8,10.05,45.1,14.3,20.45,23.65,78.2,47.55,38.85,35,97.2,88.4,56.1,76.4,105.5,55.6,26.65,101.5,16.55,12.05,65,21.5,47.95,16.3,15.1,33.25,23.2,322,170.5,283.5,32.95,10.45,26.85,9.21,10.55,16.15,8.8,27.1,68.4,170.5,21.75,67.9,146,102,28.6,27.55,210,15.1,39.4,89.3,179,37.2,75,10.3,7.77,103.5,52.2,44.5,47.75,296,20.35,116.5,218,82.5,274,50,36,47.45
42.4,38.15,50.4,77.1,65.1,69.6,31.75,26.5,76.2,458,290.5,39.05,15.4,193.5,40.25,86,53.4,142,85.6,332.5,78,238.5,75.5,16.85,95.1,483.5,278,157.5,17.95,17.45,50.3,45.75,10.4,19.35,15.25,24.35,13.05,12.8,20.2,18.5,246.5,2645,105.5,15.35,76.6,84.3,16.15,67.6,43.1,67.9,12.05,37.8,31.85,17.1,324.5,176.5,30.6,72.8,273,9.66,28.5,31.25,54.8,154,52.7,23.15,12.95,23.7,39,262,469,33,37.8,65.2,46.35,27.05,27.65,324.5,22.9,59.4,6.8,10,45.1,14.3,20.45,23.65,78.3,47.55,38.8,34.95,97.2,88.3,56.2,76.3,105.5,55.6,26.65,101.5,16.55,12.05,65,21.55,47.95,16.25,15.1,33.2,23.2,322,170.5,283.5,32.95,10.45,26.8,9.21,10.55,16.15,8.81,27.1,68.4,170,21.75,67.9,146,102,28.6,27.55,210,15.1,39.4,89.3,179,37.2,75,10.3,7.77,103.5,52.2,44.5,47.75,296,20.35,116,218,82.5,274,50,36,47.45
42.4,38.15,50.5,77.1,65.2,69.7,31.7,26.5,76.1,458,290.5,39,15.45,193.5,40.25,86,53.4,141.5,85.7,333,78,238.5,75.5,16.9,95.1,483.5,278,157.5,18,17.45,50.3,45.7,10.4,19.35,15.2,24.4,13.1,12.85,20.2,18.55,246.5,2640,106,15.35,76.7,84.7,16.1,67.7,43.05,67.9,12,37.75,31.85,17.1,324,176.5,30.65,72.8,273,9.66,28.5,31.25,54.8,154,52.7,23.15,12.95,23.7,39,262,469,33,37.75,65.2,46.35,27.05,27.65,324.5,22.9,59.5,6.8,10,45.1,14.25,20.45,23.7,78.3,47.55,38.8,34.95,97.3,88.3,56.2,76.4,105.5,55.6,26.6,101.5,16.5,12.05,65,21.55,48,16.25,15.15,33.2,23.2,322,170.5,283.5,32.95,10.45,26.85,9.21,10.55,16.15,8.8,27.1,68.4,170.5,21.7,67.9,146.5,102,28.6,27.6,210,15.1,39.4,89.2,179,37.15,75,10.3,7.77,103.5,52.2,44.55,47.8,295.5,20.35,116,218,82.6,274,50,36,47.45
42.35,38.15,50.4,77.2,65.1,69.6,31.7,26.5,76.1,458,290.5,39,15.4,193.5,40.4,86.1,53.4,141.5,85.7,332.5,78,238.5,75.8,16.8,95.1,484,278,158,18,17.45,50.3,45.7,10.4,19.35,15.2,24.35,13.1,12.85,20.2,18.55,246.5,2640,106,15.35,76.6,84.6,16.1,67.6,43.1,67.9,12,37.75,31.85,17.15,324,176.5,30.65,72.8,273,9.66,28.5,31.25,54.7,154,52.7,23.15,12.95,23.75,39,262,469,33,37.75,65.1,46.35,27.1,27.65,324,22.85,59.6,6.79,10,45.1,14.3,20.45,23.7,78.3,47.5,38.8,34.95,97.2,88.3,56.1,76.2,105.5,55.6,26.65,101.5,16.5,12.05,65,21.5,48,16.25,15.1,33.15,23.2,322,170.5,283.5,33,10.45,26.9,9.21,10.55,16.15,8.8,27.1,68.4,170,21.75,67.9,146,102,28.6,27.55,210,15.1,39.4,89.2,179,37.15,75,10.3,7.77,103.5,52.2,44.45,47.8,295.5,20.35,115,218,82.5,273.5,50.1,36,47.45
42.35,38.1,50.5,77.1,65.2,69.6,31.7,26.5,76.1,458,290.5,39,15.4,193.5,40.5,86,53.5,141.5,85.7,333,78,238.5,75.6,16.85,95.1,484,278.5,157.5,17.95,17.5,50.3,45.7,10.45,19.35,15.2,24.4,13.05,12.8,20.2,18.5,246.5,2640,106,15.35,76.7,84.5,16.1,67.7,43,67.9,12,37.7,31.85,17.15,324,176.5,30.65,72.8,273,9.66,28.5,31.25,54.7,153.5,52.7,23.15,12.95,23.75,39,262.5,469,33.05,37.75,65.2,46.35,27.1,27.65,324,22.9,59.5,6.79,10.05,45.05,14.25,20.45,23.75,78.3,47.5,38.85,34.9,97.2,88.3,56.1,76.3,105.5,55.6,26.6,101.5,16.5,12.1,65,21.45,48,16.2,15.15,33.15,23.2,322,170,283.5,33,10.45,26.85,9.21,10.55,16.15,8.8,27.1,68.4,170.5,21.75,67.9,146,102,28.6,27.55,209.5,15.1,39.45,89.3,179,37.15,75,10.3,7.78,103.5,52.2,44.35,47.85,296,20.35,115.5,218,82.5,273.5,50.1,36,47.45
42.35,38.1,50.5,77.1,65.2,69.5,31.7,26.45,76.1,458,290.5,39,15.4,193.5,40.5,85.8,53.4,142,85.7,333,78,238.5,75.6,16.8,95.1,484,278,158,17.95,17.5,50.3,45.7,10.4,19.35,15.25,24.35,13.05,12.8,20.2,18.5,246.5,2640,105.5,15.35,76.7,84.7,16.15,67.7,42.95,67.9,12,37.7,31.85,17.15,324,176.5,30.6,72.8,273,9.66,28.45,31.25,54.7,154,52.7,23.15,12.95,23.75,38.95,262.5,469,33.05,37.75,65.1,46.35,27.1,27.65,324,22.85,59.6,6.79,10,45.05,14.3,20.45,23.7,78.3,47.5,38.8,34.95,97.2,88.3,56.2,76.2,105.5,55.6,26.65,101.5,16.5,12.1,65,21.45,48,16.2,15.15,33.15,23.2,322,170,283.5,32.95,10.45,26.85,9.21,10.55,16.15,8.8,27.15,68.4,170.5,21.75,67.9,146,101.5,28.6,27.55,210,15.1,39.45,89.3,179,37.15,75,10.3,7.78,103.5,52.2,44.35,47.85,296,20.35,115,218,82.5,274,50.1,36,47.45
42.35,38.1,50.6,77.1,65.1,69.6,31.7,26.45,76.2,458,291,39.05,15.45,193.5,40.5,85.9,53.4,141.5,85.7,333,77.9,238.5,75.5,16.8,95.1,483.5,278.5,157.5,17.95,17.45,50.2,45.7,10.35,19.35,15.25,24.35,13.1,12.8,20.25,18.5,246.5,2645,105.5,15.3,76.7,84.8,16.15,67.6,42.9,67.9,12,37.7,31.8,17.15,324,176.5,30.6,72.8,273,9.66,28.5,31.35,54.7,154,52.7,23.15,12.95,23.75,38.95,262.5,469,33.05,37.75,65.1,46.35,27.1,27.65,324,22.85,59.5,6.8,10.05,45.05,14.3,20.45,23.75,78.3,47.5,38.8,34.9,97.2,88.3,56.1,76.2,105.5,55.6,26.65,101.5,16.5,12.1,65.2,21.45,48,16.25,15.15,33.15,23.2,322,170,283.5,32.95,10.45,26.85,9.21,10.55,16.15,8.8,27.1,68.4,170.5,21.75,68,146,101.5,28.65,27.55,210,15.1,39.45,89.3,179,37.15,75.1,10.3,7.78,103.5,52.2,44.3,47.9,296,20.35,115,218,82.5,274.5,50,35.95,47.4
42.35,38.1,50.6,77.1,65.2,69.6,31.7,26.45,76.2,458,291,39,15.4,194,40.45,85.9,53.5,141.5,85.8,333,78,238.5,75.6,16.8,95.1,483.5,278,157.5,17.95,17.5,50.2,45.7,10.4,19.35,15.2,24.4,13.1,12.8,20.2,18.55,246.5,2645,105.5,15.35,76.7,85.2,16.1,67.6,43,67.9,12,37.7,31.8,17.15,324,176,30.65,72.8,273.5,9.66,28.5,31.35,54.7,154,52.7,23.15,12.95,23.75,38.95,262,469,33.05,37.8,65.1,46.35,27.05,27.65,324,22.85,59.5,6.8,10,45.05,14.3,20.45,23.75,78.3,47.5,38.85,34.95,97.2,88.3,56.1,76.2,105.5,55.6,26.6,101.5,16.5,12.1,65.6,21.5,48,16.25,15.15,33.15,23.25,322,170,283.5,33,10.45,26.85,9.21,10.55,16.15,8.8,27.15,68.4,170,21.75,67.9,146,101.5,28.7,27.55,210,15.1,39.4,89.3,179,37.15,74.9,10.3,7.77,103.5,52.2,44.25,48,296,20.35,115.5,218,82.5,274.5,50,36,47.4
42.35,38.1,50.6,77.1,65.3,69.6,31.75,26.5,76.1,457,291,39,15.4,193.5,40.4,85.9,53.4,142,85.7,332.5,77.9,238.5,75.6,16.8,95.1,483.5,278.5,157.5,17.95,17.5,50.1,45.7,10.4,19.35,15.2,24.4,13.1,12.8,20.2,18.55,246.5,2645,106,15.3,76.6,84.9,16.1,67.7,43,68,12.05,37.7,31.8,17.15,324,176.5,30.7,72.8,273.5,9.66,28.5,31.4,54.8,154,52.7,23.15,12.95,23.75,38.95,262.5,469,33.05,37.8,65.1,46.35,27.05,27.65,324,22.9,59.6,6.79,10,45.05,14.3,20.5,23.7,78.3,47.5,38.85,34.9,97.3,88.3,56.1,76.2,105.5,55.6,26.6,101.5,16.55,12.1,65.4,21.45,48,16.25,15.2,33.15,23.25,322,169,283.5,33,10.45,26.85,9.21,10.55,16.15,8.8,27.1,68.4,170,21.8,67.9,146.5,102,28.65,27.55,210,15.1,39.45,89.3,179,37.15,74.9,10.3,7.77,104,52.2,44.25,48,296,20.35,115,218,82.5,274,50.1,36,47.45
42.4,38.1,50.6,77.1,65.2,69.7,31.75,26.45,76,457,291,39.05,15.4,193.5,40.35,86,53.4,141.5,85.7,333,78,238.5,75.6,16.85,95.1,484,278.5,157.5,18,17.45,50.2,45.7,10.4,19.4,15.2,24.35,13.1,12.85,20.15,18.55,246.5,2645,106,15.35,76.7,84.7,16.15,67.7,42.95,68,12.05,37.7,31.8,17.15,323.5,176.5,30.7,72.8,273.5,9.66,28.45,31.4,54.7,153.5,52.7,23.15,13,23.75,38.95,262,469,33.05,37.8,65,46.35,27.05,27.65,324,22.9,59.7,6.8,10,45.05,14.3,20.45,23.75,78.3,47.5,38.85,34.9,97.3,88.3,56.1,76.2,105.5,55.6,26.6,101.5,16.55,12.1,65.4,21.5,48,16.25,15.2,33.15,23.2,322,169,283.5,32.95,10.45,26.85,9.22,10.5,16.15,8.8,27.15,68.4,170,21.8,67.9,146.5,101.5,28.65,27.55,210,15.05,39.4,89.4,179,37.15,74.9,10.35,7.77,103.5,52.3,44.2,48,297.5,20.35,115.5,218,82.5,274,50,36,47.45
42.4,38.05,50.5,77.2,65.4,69.7,31.7,26.5,76,457,291,39,15.4,193.5,40.4,86,53.3,141.5,85.8,332.5,78,238.5,75.6,16.8,95.1,483.5,278,158,17.95,17.5,50.2,45.75,10.35,19.35,15.2,24.35,13.05,12.85,20.2,18.55,246.5,2645,106,15.35,76.7,84.6,16.15,67.8,43.05,68,12.05,37.7,31.8,17.15,323.5,176.5,30.7,72.8,273.5,9.66,28.5,31.4,54.7,153.5,52.7,23.15,13,23.75,38.95,262.5,469,33.05,37.8,65,46.35,27.05,27.65,324,22.9,59.7,6.8,10,45.05,14.25,20.5,23.75,78.3,47.5,38.85,34.95,97.3,88.6,56.1,76.1,105.5,55.5,26.6,101.5,16.55,12.1,65.4,21.5,48,16.25,15.2,33.2,23.2,322,169,283.5,32.95,10.4,26.85,9.22,10.5,16.15,8.79,27.15,68.4,170,21.8,67.9,146.5,101.5,28.65,27.55,210,15.1,39.45,89.4,179.5,37.15,74.9,10.35,7.77,103.5,52.2,44.2,48,298.5,20.35,115,218,82.5,274,50,36,47.5
42.35,38.1,50.6,77.3,65.5,69.8,31.7,26.5,76.1,457,291,39.05,15.4,193.5,40.45,86,53.3,142,85.7,332.5,78,238.5,75.7,16.8,95.1,484,277.5,157.5,17.95,17.5,50.3,45.7,10.4,19.35,15.25,24.35,13.1,12.85,20.2,18.55,246.5,2650,105.5,15.35,76.8,84.8,16.15,67.8,43,68,12,37.7,31.8,17.15,323.5,176.5,30.7,72.8,273.5,9.66,28.5,31.4,54.7,153.5,52.7,23.15,13,23.75,38.95,262.5,469,33.05,37.8,65.1,46.35,27.05,27.65,324,22.9,59.7,6.8,10,45.1,14.3,20.5,23.75,78.2,47.5,38.85,34.95,97.3,88.6,56.1,76.1,105.5,55.5,26.6,101.5,16.55,12.1,65.3,21.5,48.05,16.25,15.2,33.2,23.25,322,169,283.5,32.95,10.4,26.85,9.22,10.5,16.15,8.79,27.15,68.4,170,21.8,67.8,146.5,101.5,28.6,27.55,210,15.1,39.4,89.4,179.5,37.15,74.9,10.3,7.77,103.5,52.2,44.2,48,298.5,20.35,115,218,82.4,274,50.2,36,47.5
42.4,38.1,50.6,77.5,65.6,69.8,31.75,26.45,76.2,457,290.5,39.05,15.4,194,40.45,86,53.3,141.5,85.7,332,77.9,238.5,75.6,16.8,95.1,483.5,277.5,157.5,17.95,17.5,50.3,45.7,10.4,19.35,15.25,24.4,13.1,12.85,20.2,18.55,246.5,2645,106,15.35,76.8,84.7,16.1,67.9,43.05,68,12.05,37.7,31.8,17.15,324,176.5,30.65,72.8,273.5,9.66,28.45,31.4,54.8,153.5,52.8,23.15,13,23.75,38.95,263,469,33.05,37.75,65.1,46.35,27.1,27.65,324.5,22.85,59.7,6.79,10.05,45.1,14.3,20.5,23.75,78.2,47.6,38.85,35,97.3,88.6,56.1,76.1,105.5,55.5,26.6,101.5,16.55,12.1,65.4,21.55,48.05,16.3,15.15,33.15,23.2,322,169,283.5,32.95,10.4,26.85,9.22,10.5,16.15,8.79,27.15,68.5,170.5,21.8,67.9,146.5,101.5,28.6,27.55,210.5,15.1,39.5,89.4,179.5,37.15,75,10.3,7.77,103.5,52.2,44.2,48,298,20.35,115,218,82.4,274,50.2,36,47.5
42.45,38.1,50.5,77.4,65.6,69.9,31.75,26.5,76.3,457,290.5,39.05,15.4,194,40.45,86.1,53.3,142,85.8,332,77.9,238.5,75.5,16.8,95.1,484,278,158,17.95,17.5,50.3,45.7,10.4,19.4,15.25,24.35,13.05,12.85,20.2,18.55,246.5,2645,106,15.35,76.7,84.9,16.1,68.1,43,68,12,37.75,31.8,17.15,324,176.5,30.65,72.8,273.5,9.66,28.45,31.4,54.7,153.5,52.8,23.15,13,23.75,38.95,263,469,33.05,37.8,65.1,46.35,27.15,27.65,324.5,22.85,59.7,6.79,10.05,45.1,14.3,20.5,23.75,78.4,47.6,38.95,35,97.4,88.7,56.1,76.3,105.5,55.5,26.6,101.5,16.55,12.1,65.4,21.55,48.05,16.3,15.15,33.15,23.25,322,169,283.5,32.95,10.45,26.85,9.22,10.5,16.15,8.79,27.15,68.5,171,21.8,67.8,146.5,101.5,28.6,27.5,210.5,15.1,39.5,89.4,179,37.15,75,10.3,7.77,103.5,52.2,44.2,48,298,20.35,115,218,82.4,274,50.2,36,47.5
42.45,38.1,50.6,77.5,65.6,69.8,31.75,26.5,76.3,457,290.5,39.05,15.4,193.5,40.4,86,53.3,142,85.7,332,77.9,238.5,75.5,16.8,95.1,484,278,158,17.95,17.5,50.3,45.75,10.4,19.4,15.25,24.35,13.1,12.85,20.2,18.55,246.5,2645,105.5,15.35,76.8,84.9,16.1,68,43.1,68,12.05,37.7,31.8,17.15,324,176.5,30.7,72.8,273.5,9.66,28.5,31.4,54.7,154,52.8,23.15,13,23.75,38.95,263,469,33.05,37.8,65.1,46.4,27.15,27.65,324,22.85,59.8,6.79,10,45.15,14.3,20.5,23.75,78.4,47.6,39.05,34.95,97.4,88.6,56.1,76.2,105.5,55.4,26.6,101.5,16.55,12.1,65.4,21.55,48.05,16.3,15.15,33.2,23.2,322,169,283.5,33,10.45,26.85,9.21,10.55,16.15,8.8,27.15,68.5,171,21.8,67.8,146.5,101.5,28.6,27.5,210,15.1,39.45,89.4,179,37.15,74.9,10.3,7.78,103.5,52.2,44.2,47.95,298,20.35,115,218.5,82.3,274,50.1,36,47.5
42.45,38.1,50.5,77.4,65.5,69.7,31.75,26.5,76.3,457,290.5,39.05,15.45,194,40.4,86,53.3,142,85.7,332.5,78,238.5,75.5,16.75,95.1,484,278.5,157.5,17.95,17.5,50.3,45.75,10.4,19.4,15.25,24.4,13.05,12.85,20.2,18.55,247,2645,105.5,15.35,76.7,85,16.1,68.1,43.1,68,12.05,37.7,31.85,17.1,324,176.5,30.7,72.8,273.5,9.66,28.5,31.4,54.7,154,52.8,23.15,13,23.75,38.95,263,469,33.05,37.8,65.1,46.4,27.15,27.65,324.5,22.9,59.9,6.8,10,45.15,14.3,20.45,23.75,78.4,47.6,39,35,97.5,88.6,56.1,76.2,105.5,55.4,26.6,101.5,16.5,12.1,65.3,21.55,48.05,16.3,15.15,33.15,23.2,322,169,283.5,33,10.4,26.85,9.21,10.55,16.15,8.8,27.1,68.5,171,21.75,67.8,146.5,101.5,28.6,27.55,210.5,15.1,39.55,89.4,179.5,37.15,75,10.3,7.77,103.5,52.2,44.25,47.95,298,20.4,115,218,82.3,274,50.1,36.05,47.45
42.45,38.1,50.6,77.4,65.5,69.8,31.8,26.45,76.3,457,290.5,39.05,15.45,194,40.4,86.1,53.3,142,85.7,332.5,78,239,75.5,16.8,95.1,484,278,158,18,17.5,50.3,45.75,10.4,19.4,15.25,24.4,13.1,12.85,20.2,18.55,247,2650,106,15.35,76.7,85,16.15,68.1,43.05,68,12.05,37.7,31.85,17.1,324,176.5,30.65,72.8,273.5,9.67,28.5,31.4,54.7,154,52.9,23.2,13,23.75,39,263,469,33,37.8,65.1,46.4,27.15,27.65,324.5,22.9,59.8,6.8,10.05,45.15,14.3,20.5,23.75,78.4,47.6,39.05,35,97.5,88.7,56.1,76.2,106,55.5,26.6,101.5,16.5,12.1,65.3,21.55,48.05,16.3,15.2,33.2,23.25,322,169.5,283.5,33,10.45,26.85,9.22,10.55,16.15,8.79,27.1,68.5,171,21.75,67.8,146.5,101.5,28.65,27.5,211,15.1,39.55,89.4,179.5,37.2,75,10.3,7.77,103.5,52.2,44.25,48,298,20.4,115.5,218,82.5,274,50.2,36.05,47.5
42.5,38.1,50.5,77.4,65.5,69.8,31.8,26.45,76.2,457,290.5,39.05,15.45,194,40.5,86.1,53.3,142,85.9,332.5,78.2,239,75.5,16.75,95.1,484,278,158,18,17.5,50.3,45.75,10.4,19.4,15.25,24.35,13.15,12.85,20.2,18.55,247,2650,105.5,15.4,76.7,85.1,16.15,68.1,43,68,12.05,37.7,31.8,17.1,324,177,30.7,72.8,274,9.67,28.45,31.4,54.8,154,52.9,23.2,12.95,23.75,39,263,468.5,33.05,37.85,65.2,46.35,27.1,27.65,324.5,22.9,59.7,6.8,10.05,45.2,14.3,20.55,23.8,78.4,47.6,39,35,97.5,88.7,56.1,76.2,106,55.5,26.6,101.5,16.5,12.05,65.3,21.6,48.05,16.25,15.15,33.2,23.25,321.5,169.5,283.5,33.05,10.45,26.85,9.22,10.5,16.15,8.8,27.1,68.5,171.5,21.7,67.8,146.5,101.5,28.7,27.5,211,15.1,39.55,89.4,179.5,37.2,75,10.35,7.78,103.5,52.2,44.25,47.95,298,20.3,115,218,82.5,274,50.2,36.05,47.5
42.5,38.1,50.5,77.4,65.4,69.8,31.75,26.45,76.4,457,290.5,39.05,15.4,193.5,40.55,86.2,53.4,142,86,332.5,78.2,239,75.8,16.8,95.1,484,278,158,17.95,17.5,50.3,45.7,10.4,19.4,15.25,24.35,13.15,12.85,20.2,18.55,247,2650,105.5,15.35,76.8,85.1,16.1,68.1,43,68,12.05,37.75,31.8,17.1,324,177,30.7,72.8,274,9.67,28.5,31.4,54.7,153.5,52.9,23.15,12.95,23.75,39,263,467.5,33,37.85,65.1,46.35,27.1,27.65,324.5,22.9,59.7,6.8,10.05,45.25,14.3,20.5,23.8,78.4,47.75,39.05,35,97.4,88.7,56.1,76.2,106,55.5,26.6,101.5,16.5,12.05,65.3,21.55,48.05,16.3,15.1,33.2,23.2,321.5,169.5,283.5,33,10.45,26.85,9.22,10.5,16.15,8.8,27.1,68.4,171.5,21.7,67.8,146.5,101.5,28.6,27.5,211,15.1,39.55,89.4,179.5,37.2,74.9,10.3,7.78,103.5,52.2,44.25,48,298,20.25,115,218,82.5,274,50.3,36.05,47.5
42.5,38.1,50.6,77.4,65.5,69.8,31.75,26.45,76.4,457,290.5,39.05,15.4,194,40.55,86.2,53.3,142,85.9,332.5,78.2,238.5,75.8,16.8,95.1,484.5,278.5,157.5,17.95,17.5,50.3,45.75,10.4,19.4,15.25,24.35,13.15,12.85,20.2,18.55,247,2650,105.5,15.35,76.8,85.2,16.15,68.3,43,68,12.05,37.75,31.8,17.1,324.5,177,30.7,72.8,274,9.66,28.5,31.4,54.7,153.5,53,23.15,12.95,23.75,39,263,467.5,33,37.85,65.1,46.35,27.15,27.65,324.5,22.9,59.7,6.8,10,45.25,14.3,20.5,23.8,78.4,47.85,39,35,97.3,88.8,56.1,76.2,106,55.6,26.6,101.5,16.5,12.05,65.3,21.6,48.05,16.25,15.15,33.2,23.2,321.5,169.5,283.5,33,10.45,26.85,9.22,10.5,16.15,8.8,27.1,68.5,171.5,21.7,67.8,146.5,101.5,28.6,27.5,211.5,15.1,39.6,89.4,179.5,37.2,74.9,10.3,7.78,103.5,52.2,44.25,48,298,20.3,115,218,82.3,274,50.3,36.05,47.5
42.5,38.1,50.6,77.4,65.5,69.8,31.75,26.45,76.3,457,290.5,39.05,15.45,194,40.5,86.2,53.4,142,86,333,78.2,238.5,75.8,16.8,95.1,484.5,278,157.5,17.95,17.5,50.3,45.75,10.4,19.35,15.2,24.4,13.15,12.85,20.15,18.5,247,2650,105.5,15.35,76.9,85.2,16.15,68.3,42.95,68,12.05,37.7,31.8,17.1,324.5,176.5,30.65,72.8,274,9.68,28.5,31.4,54.7,153.5,52.9,23.2,12.95,23.75,39,263,467.5,33,37.85,65.1,46.35,27.1,27.65,324.5,22.95,59.7,6.8,10,45.25,14.3,20.5,23.85,78.4,47.8,39,35,97.1,88.8,56.1,76.2,106,55.7,26.65,101.5,16.5,12.05,65.4,21.6,48.05,16.25,15.1,33.2,23.2,321.5,169.5,283.5,33,10.4,26.85,9.22,10.5,16.15,8.79,27.1,68.6,172,21.75,67.7,146.5,101.5,28.6,27.5,211.5,15.05,39.6,89.4,179,37.2,74.9,10.3,7.78,103.5,52.2,44.25,48,299,20.3,115.5,218,82.3,274,50.3,36,47.5
42.5,38.05,50.6,77.4,65.4,69.8,31.75,26.45,76.3,457,290.5,39.05,15.4,193.5,40.5,86.2,53.3,142,86,333,78.3,238.5,75.7,16.8,95.2,484.5,278,157.5,18,17.5,50.3,45.75,10.4,19.35,15.2,24.35,13.15,12.85,20.2,18.55,247,2650,105.5,15.35,76.8,85.1,16.15,68.2,43.1,68,12,37.7,31.8,17.1,324,176.5,30.7,72.8,274,9.67,28.5,31.4,54.7,153.5,52.9,23.15,12.95,23.75,39,263,467.5,33,37.85,65.1,46.35,27.15,27.65,324,22.9,59.8,6.8,10,45.25,14.3,20.5,23.8,78.4,47.8,39,34.9,97.2,88.8,56,76.2,106,55.6,26.6,101.5,16.55,12.05,65.4,21.55,48.05,16.25,15.15,33.2,23.25,321.5,170,283.5,33,10.4,26.85,9.22,10.5,16.15,8.8,27.1,68.5,172,21.7,67.7,146.5,101.5,28.65,27.55,211,15.05,39.55,89.3,179,37.2,74.9,10.3,7.78,103.5,52.2,44.25,48,298.5,20.35,115,218,82.3,274,50.3,36,47.5
42.55,38.1,50.6,77.3,65.5,69.8,31.75,26.4,76.4,457,290.5,39.1,15.45,193.5,40.45,86.1,53.3,142,85.9,333,78.2,239,75.7,16.75,95.1,484,278.5,157.5,18,17.5,50.3,45.75,10.35,19.4,15.25,24.4,13.15,12.85,20.2,18.55,247,2650,106,15.35,76.8,85.1,16.15,68.1,43.1,68,12,37.7,31.8,17.1,324,177,30.7,72.8,274,9.67,28.45,31.4,54.7,153.5,52.9,23.15,12.95,23.75,39,263,467.5,33,37.85,65.1,46.35,27.1,27.65,324,22.9,59.7,6.81,10,45.25,14.3,20.55,23.85,78.4,47.8,39.05,34.9,97.2,88.9,56.1,76.3,105.5,55.6,26.6,101.5,16.55,12.05,65.3,21.6,48.05,16.25,15.15,33.2,23.2,321.5,170,283.5,33,10.4,26.85,9.22,10.5,16.15,8.8,27.1,68.5,172,21.75,67.8,146,102,28.6,27.55,210.5,15.1,39.55,89.3,179.5,37.15,74.9,10.3,7.78,103.5,52.2,44.25,48,298.5,20.35,115,218.5,82.3,274,50.3,36,47.5
42.55,38.1,50.6,77.4,65.5,69.9,31.8,26.4,76.4,457,290.5,39.1,15.4,193.5,40.5,86.1,53.3,141.5,85.9,332.5,78.2,239,75.6,16.75,95.1,484.5,278,158,17.95,17.5,50.3,45.7,10.4,19.4,15.25,24.4,13.1,12.85,20.15,18.5,247,2650,106,15.35,76.8,85,16.1,68.1,43,68,12.05,37.7,31.8,17.1,324,177,30.7,72.8,274,9.67,28.45,31.4,54.7,153.5,52.9,23.15,12.95,23.75,38.95,262.5,469,33,37.8,65.1,46.35,27.05,27.65,324,22.9,59.7,6.81,10.05,45.25,14.3,20.55,23.8,78.4,47.8,39,34.9,97.2,88.9,56.1,76.3,106,55.6,26.6,101.5,16.55,12.05,65.3,21.55,48.05,16.25,15.15,33.2,23.2,321.5,170,283.5,33,10.4,26.85,9.22,10.5,16.15,8.8,27.1,68.5,171.5,21.75,67.8,146,101.5,28.6,27.55,210.5,15.1,39.5,89.4,179.5,37.15,74.9,10.3,7.78,103.5,52.2,44.25,48.05,298.5,20.35,115.5,218,82.3,274,50.3,36,47.5
42.55,38.05,50.6,77.3,65.5,69.9,31.8,26.4,76.3,457,290.5,39.05,15.4,193.5,40.55,86.2,53.3,142,85.9,333,78.2,239.5,75.6,16.8,95.1,484,278,158,17.95,17.45,50.3,45.7,10.4,19.4,15.2,24.35,13.15,12.85,20.2,18.55,247,2650,106,15.35,76.7,85.1,16.15,68.1,43,68,12.05,37.7,31.8,17.1,324,176.5,30.7,72.8,273,9.66,28.5,31.4,54.7,153.5,52.9,23.15,12.95,23.75,38.95,262.5,469.5,33,37.8,65.1,46.35,27.05,27.65,324,22.9,59.7,6.81,10.05,45.25,14.3,20.5,23.75,78.4,47.8,39,34.95,97.2,88.8,56.1,76.4,106,55.6,26.6,101.5,16.55,12.05,65.3,21.6,48.05,16.25,15.1,33.15,23.2,321.5,170,283.5,33,10.4,26.8,9.22,10.5,16.15,8.81,27.1,68.5,172,21.75,67.8,146.5,101.5,28.65,27.55,210.5,15.05,39.5,89.3,179.5,37.15,74.9,10.3,7.77,103.5,52.2,44.3,48.1,298,20.35,114.5,218.5,82.3,274,50.3,36,47.5
42.55,38.05,50.6,77.4,65.5,69.9,31.8,26.4,76.4,457,290.5,39,15.4,193.5,40.5,86.1,53.3,141.5,85.9,333,78.2,239.5,75.6,16.8,95.1,484.5,278,157.5,17.95,17.45,50.3,45.7,10.4,19.4,15.25,24.35,13.15,12.85,20.15,18.55,247,2650,105.5,15.35,76.9,85,16.15,68,43,68,12.05,37.7,31.8,17.1,324,176.5,30.65,72.8,273,9.66,28.5,31.4,54.7,153.5,52.8,23.15,12.95,23.75,38.95,262.5,469,33,37.8,65.2,46.35,27.05,27.65,324,22.9,59.7,6.81,10,45.25,14.3,20.5,23.8,78.4,47.85,38.95,34.95,97.2,88.8,56.1,76.3,106,55.6,26.6,101.5,16.55,12.05,65.2,21.6,48,16.25,15.15,33.2,23.2,321.5,170.5,283.5,33,10.4,26.8,9.22,10.5,16.15,8.8,27.1,68.5,171.5,21.7,67.8,146.5,102,28.6,27.55,210.5,15.1,39.55,89.4,179.5,37.15,74.9,10.3,7.77,103.5,52.2,44.3,48.1,298.5,20.3,115,218.5,82.5,274,50.4,36,47.5
42.55,38.05,50.6,77.3,65.5,69.9,31.75,26.4,76.3,457,290.5,39.05,15.4,194,40.45,86,53.3,142,85.9,333,78.2,239.5,75.5,16.75,95.1,484,278,158,17.95,17.45,50.3,45.7,10.4,19.35,15.25,24.35,13.2,12.85,20.15,18.55,247,2650,105.5,15.35,76.8,85.1,16.1,68.1,42.95,68,12.05,37.7,31.8,17.1,324,176.5,30.65,72.8,273,9.66,28.5,31.4,54.8,154,52.8,23.15,12.95,23.75,39,262.5,469,33,37.8,65.1,46.35,27.05,27.65,324,22.9,59.7,6.81,10,45.25,14.3,20.55,23.8,78.4,47.95,38.95,34.95,97.2,88.8,56.1,76.5,106,55.6,26.6,101.5,16.55,12.05,65.2,21.6,48,16.25,15.15,33.2,23.2,321.5,170.5,283.5,33,10.4,26.8,9.22,10.5,16.15,8.8,27.1,68.4,172,21.7,67.8,146.5,102,28.6,27.55,210.5,15.1,39.5,89.4,179.5,37.15,74.9,10.3,7.77,103.5,52.2,44.25,48.1,298.5,20.3,114.5,218.5,82.5,274,50.3,36,47.5
42.6,38.05,50.6,77.3,65.5,69.9,31.75,26.4,76.4,457,290.5,39.05,15.4,193.5,40.5,86,53.3,142,85.9,332.5,78.3,239.5,75.6,16.8,95.1,484.5,278.5,157.5,18,17.5,50.3,45.75,10.4,19.35,15.25,24.4,13.2,12.85,20.2,18.55,247,2650,105.5,15.35,76.8,85.1,16.1,68,42.95,68,12.05,37.7,31.8,17.05,324,176.5,30.7,72.8,273,9.66,28.5,31.4,54.7,154,52.8,23.15,12.95,23.75,39,262.5,469,33,37.8,65.1,46.35,27.05,27.65,324,22.9,59.7,6.81,10,45.25,14.3,20.55,23.75,78.4,47.95,38.95,34.9,97.2,88.8,56.1,76.5,105.5,55.5,26.6,101.5,16.55,12.05,65.3,21.55,48,16.25,15.15,33.2,23.2,321.5,170.5,283.5,33,10.45,26.8,9.23,10.5,16.15,8.8,27.1,68.4,171.5,21.75,67.7,146.5,102,28.6,27.55,210.5,15.1,39.5,89.4,179.5,37.15,74.9,10.3,7.77,103.5,52.1,44.25,48.1,298.5,20.3,115,218.5,82.4,274,50.3,36,47.5
42.6,38.05,50.6,77.3,65.5,69.9,31.75,26.4,76.3,457,291,39.05,15.45,193.5,40.5,86,53.3,142,85.8,333,78.2,239.5,75.5,16.8,95.1,484,278.5,158,18,17.5,50.3,45.75,10.35,19.4,15.25,24.35,13.2,12.8,20.2,18.5,247,2650,106,15.35,76.7,85.1,16.1,68.1,43,68,12.05,37.75,31.8,17.05,324.5,176.5,30.7,72.9,273,9.66,28.5,31.45,54.7,154,52.8,23.15,12.95,23.75,39,262.5,469,33,37.8,65.1,46.35,27.1,27.65,323.5,22.9,59.6,6.81,10.05,45.25,14.25,20.5,23.75,78.4,47.95,38.95,34.9,97.2,88.8,56.1,76.4,106,55.5,26.6,101.5,16.55,12.05,65.3,21.55,48,16.25,15.1,33.15,23.2,321.5,170.5,283.5,33,10.45,26.8,9.22,10.5,16.15,8.81,27.1,68.4,171.5,21.8,67.7,146.5,102,28.65,27.55,210.5,15.05,39.5,89.4,179,37.15,74.9,10.3,7.78,103.5,52.1,44.25,48.1,298.5,20.3,115,218.5,82.4,274,50.3,36,47.5
42.6,38.05,50.6,77.4,65.6,70,31.75,26.4,76.4,457,291,39.05,15.4,193.5,40.5,86,53.3,142,85.8,333,78.2,239.5,75.5,16.75,95.1,484.5,278,158,17.95,17.5,50.3,45.7,10.35,19.35,15.25,24.4,13.15,12.85,20.2,18.5,247,2650,105.5,15.4,76.7,85,16.15,68.1,42.95,68,12.05,37.75,31.8,17.05,324,176.5,30.7,72.9,273,9.66,28.5,31.45,54.7,153.5,52.8,23.15,12.95,23.75,39,262.5,469,33,37.8,65.1,46.35,27.05,27.65,323.5,22.85,59.6,6.8,10.05,45.25,14.3,20.5,23.8,78.3,47.95,38.95,34.85,97.2,88.8,56.1,76.4,106,55.5,26.6,101.5,16.55,12.05,65.3,21.6,48,16.25,15.15,33.15,23.25,321.5,170.5,283.5,33,10.4,26.85,9.22,10.5,16.15,8.8,27.15,68.4,171,21.8,67.7,146.5,102,28.65,27.5,210.5,15.05,39.55,89.4,179.5,37.15,74.9,10.3,7.79,103.5,52.2,44.25,48.1,298.5,20.3,115,218.5,82.5,274,50.3,36,47.5
42.6,38.05,50.7,77.3,65.5,70,31.75,26.4,76.4,457,291,39.05,15.4,193.5,40.45,86,53.3,141.5,85.7,333,78.3,240,75.5,16.8,95.1,484.5,278.5,158,18,17.5,50.3,45.7,10.4,19.35,15.2,24.4,13.15,12.85,20.2,18.55,247,2650,106,15.35,76.8,85.1,16.15,68.2,42.9,67.9,12.05,37.75,31.8,17.05,324,176.5,30.65,72.9,273,9.66,28.45,31.45,54.7,153.5,52.8,23.15,12.95,23.75,39,262.5,469,33,37.8,65.2,46.35,27.1,27.6,323.5,22.85,59.6,6.8,10,45.25,14.25,20.5,23.75,78.3,47.95,38.95,34.85,97.1,88.9,56,76.4,106,55.6,26.6,101.5,16.55,12.05,65.3,21.6,48,16.3,15.15,33.2,23.25,321.5,170.5,283.5,32.95,10.45,26.8,9.22,10.5,16.15,8.8,27.1,68.4,171,21.75,67.8,146.5,102,28.65,27.55,210,15.1,39.55,89.4,179.5,37.15,74.9,10.25,7.78,103.5,52.2,44.3,48.05,298.5,20.3,115,218.5,82.5,274,50.3,36,47.5
42.6,38.05,50.6,77.3,65.6,69.9,31.75,26.4,76.4,457,291,39.05,15.45,194,40.5,86,53.4,142,85.7,333,78.4,240,75.5,16.75,95.1,484.5,278,158,17.95,17.45,50.3,45.7,10.4,19.35,15.2,24.35,13.2,12.8,20.15,18.55,247.5,2650,105.5,15.35,76.8,85,16.1,68.2,42.9,68.1,12.05,37.75,31.8,17.05,323.5,176.5,30.7,72.9,273,9.66,28.45,31.45,54.7,153.5,52.8,23.15,12.95,23.75,39,262.5,468,33,37.85,65.2,46.35,27.1,27.6,323.5,22.85,59.6,6.8,10,45.25,14.3,20.55,23.75,78.3,47.95,38.9,34.9,97.1,88.9,56,76.4,106,55.5,26.6,101.5,16.55,12.05,65.2,21.6,48,16.3,15.15,33.2,23.2,321.5,170.5,283.5,32.95,10.45,26.8,9.23,10.5,16.15,8.8,27.1,68.4,171.5,21.75,67.8,146,102,28.7,27.55,210,15.1,39.5,89.3,179.5,37.15,74.9,10.25,7.77,103.5,52.1,44.25,48.1,298,20.3,114.5,218.5,82.5,274.5,50.3,36,47.5
42.6,38.05,50.6,77.3,65.6,69.9,31.75,26.4,76.4,457,291,39,15.45,193.5,40.5,85.9,53.3,141.5,85.7,332.5,78.4,240,75.6,16.8,95.1,484.5,278.5,158,17.95,17.5,50.3,45.7,10.4,19.4,15.2,24.35,13.15,12.8,20.15,18.55,247.5,2655,105.5,15.35,76.7,85,16.15,68.2,42.85,68.1,12.05,37.7,31.8,17.05,323.5,176.5,30.7,72.9,273,9.66,28.5,31.45,54.7,153.5,52.8,23.15,13,23.8,39,262.5,468,33,37.8,65.1,46.35,27.05,27.6,323.5,22.85,59.6,6.79,10,45.25,14.3,20.55,23.75,78.3,47.95,38.9,34.85,97.1,88.8,56,76.5,105.5,55.5,26.6,101.5,16.55,12.05,65.2,21.6,48,16.25,15.1,33.2,23.15,321.5,170.5,283.5,32.95,10.45,26.8,9.23,10.5,16.15,8.8,27.1,68.4,171,21.8,67.8,146,102,28.65,27.5,210,15.1,39.5,89.4,179,37.15,74.9,10.25,7.77,103.5,52.2,44.25,48.1,298,20.3,114.5,218.5,82.5,274.5,50.3,36,47.5
42.6,38.05,50.7,77.3,65.6,69.9,31.75,26.35,76.4,457,291,39.05,15.4,193.5,40.5,86,53.3,142,85.7,333,78.4,240,75.6,16.85,95.1,484.5,278,157.5,17.95,17.45,50.3,45.7,10.4,19.4,15.2,24.4,13.1,12.85,20.2,18.55,247.5,2655,105.5,15.35,76.7,85,16.15,68.3,42.85,68.1,12.05,37.7,31.8,17.1,324,176.5,30.65,72.9,273,9.66,28.5,31.45,54.7,153.5,52.8,23.15,13,23.8,39,262.5,466,33.05,37.8,65.1,46.35,27.1,27.6,323.5,22.9,59.5,6.8,10,45.25,14.25,20.5,23.75,78.3,48,38.9,34.85,97.2,88.8,56,76.5,106,55.5,26.6,101.5,16.55,12.05,65.2,21.55,48,16.25,15.1,33.2,23.15,321.5,170.5,283.5,32.95,10.4,26.85,9.23,10.5,16.2,8.79,27.1,68.4,171.5,21.8,67.7,146,102,28.65,27.5,210.5,15.1,39.5,89.3,179,37.15,74.9,10.25,7.78,104,52.2,44.25,48.15,298.5,20.3,114.5,218.5,82.5,274.5,50.3,35.95,47.5
42.6,38.05,50.7,77.4,65.6,69.9,31.75,26.35,76.4,457,291,39.05,15.4,193.5,40.55,86,53.3,142,85.7,333,78.4,239.5,75.4,16.85,95,484,278.5,158,17.95,17.5,50.3,45.75,10.4,19.4,15.2,24.35,13.15,12.85,20.15,18.55,247.5,2655,105.5,15.35,76.7,84.8,16.1,68.5,42.8,68.1,12.05,37.8,31.8,17.05,323.5,176.5,30.7,72.9,273,9.66,28.5,31.45,54.7,153.5,52.8,23.15,13,23.8,39,262.5,467.5,33,37.75,65,46.35,27.05,27.6,323,22.85,59.5,6.8,10,45.3,14.25,20.5,23.8,78.3,48.05,38.9,34.8,97.2,88.8,56,76.4,106,55.5,26.6,101.5,16.55,12.05,65.3,21.6,48,16.25,15.15,33.15,23.2,321.5,170.5,283.5,32.95,10.45,26.85,9.23,10.5,16.25,8.79,27.15,68.4,171.5,21.75,67.7,146,102,28.65,27.5,210.5,15.1,39.5,89.3,179.5,37.15,74.9,10.25,7.78,103.5,52.2,44.25,48.1,298.5,20.3,115,218,82.5,274.5,50.3,35.95,47.5
42.55,38.05,50.7,77.3,65.6,69.9,31.75,26.35,76.5,457,291,39.05,15.4,193.5,40.5,86,53.3,141.5,85.7,332.5,78.2,239.5,75.4,16.8,95,484,278,157.5,17.95,17.5,50.3,45.65,10.4,19.35,15.2,24.4,13.15,12.85,20.2,18.55,247,2655,105.5,15.35,76.7,84.7,16.15,68.4,42.85,68.1,12.05,37.8,31.8,17.05,322,176.5,30.7,72.9,273,9.67,28.5,31.45,54.7,154,52.8,23.15,13,23.8,39,262.5,468,33,37.75,65.1,46.35,27.05,27.6,323,22.9,59.5,6.8,10,45.3,14.25,20.5,23.75,78.4,48.05,38.9,34.85,97.2,88.8,56,76.5,106,55.5,26.55,101.5,16.55,12.05,65.3,21.6,48,16.25,15.15,33.05,23.15,321.5,170.5,283.5,32.95,10.45,26.8,9.22,10.5,16.25,8.79,27.1,68.4,171,21.75,67.6,146,102,28.65,27.5,210.5,15.1,39.55,89.4,179.5,37.15,74.8,10.25,7.78,103.5,52.2,44.25,48.1,298.5,20.3,114,218,82.5,274.5,50.2,35.95,47.45
42.55,38.05,50.7,77.4,65.6,69.9,31.8,26.35,76.5,457,290.5,39,15.45,193.5,40.5,86,53.3,141.5,85.7,333,78.2,239.5,75.4,16.85,95.1,484.5,278,157.5,17.95,17.45,50.3,45.65,10.4,19.35,15.2,24.4,13.15,12.8,20.2,18.55,247,2655,105.5,15.35,76.7,84.7,16.15,68.5,42.8,68.1,12.05,37.8,31.8,17.05,322.5,176.5,30.7,72.9,273,9.67,28.5,31.45,54.7,154,52.8,23.15,13,23.8,39,262.5,469,33,37.75,65,46.35,27.05,27.6,323,22.9,59.6,6.8,10.05,45.3,14.25,20.5,23.75,78.4,48.05,38.9,34.8,97.2,88.8,56,76.4,105.5,55.5,26.55,101.5,16.55,12.05,65.2,21.6,48,16.25,15.1,33.05,23.15,321.5,170.5,283.5,32.95,10.45,26.8,9.22,10.5,16.25,8.8,27.1,68.4,171.5,21.8,67.6,146,102,28.6,27.5,211,15.1,39.55,89.4,179,37.15,74.9,10.25,7.78,103.5,52.2,44.35,48.1,298,20.3,113.5,218,82.5,274.5,50,35.95,47.5
42.55,38.05,50.7,77.4,65.6,69.9,31.8,26.4,76.4,457,290.5,39,15.4,193.5,40.5,86,53.3,141.5,85.7,332.5,78.4,239.5,75.4,16.8,95.1,484.5,278.5,157.5,17.95,17.45,50.3,45.75,10.4,19.35,15.2,24.4,13.1,12.85,20.2,18.55,247,2655,105.5,15.35,76.8,84.6,16.1,68.4,42.8,68.1,12.05,37.75,31.8,17.1,322.5,176.5,30.7,72.8,273,9.66,28.45,31.45,54.7,154,52.8,23.15,13,23.8,39,262.5,469,33,37.75,65,46.35,27.05,27.55,323,22.9,59.5,6.8,10,45.3,14.25,20.55,23.8,78.4,48.05,38.85,34.85,97.2,88.8,56.1,76.5,105.5,55.5,26.55,101.5,16.55,12.05,65.2,21.6,48,16.3,15.15,33.05,23.2,321.5,170.5,283.5,32.95,10.4,26.85,9.2,10.5,16.25,8.8,27.1,68.4,171.5,21.75,67.6,146,102,28.6,27.5,210.5,15.1,39.5,89.3,179,37.15,74.9,10.25,7.78,103.5,52.1,44.35,48.2,298.5,20.3,113.5,218,82.5,274.5,50,35.95,47.45
42.6,38.05,50.7,77.3,65.6,69.9,31.8,26.4,76.4,457,290.5,39.05,15.4,193.5,40.5,86,53.4,142,85.6,332.5,78.4,239.5,75.4,16.8,95.1,484.5,278.5,157.5,17.95,17.5,50.3,45.7,10.4,19.35,15.2,24.35,13.1,12.85,20.15,18.55,247,2655,105.5,15.35,76.7,84.6,16.15,68.4,42.75,68.1,12,37.7,31.8,17.1,323,176.5,30.75,72.7,273,9.66,28.45,31.45,54.7,154,52.8,23.15,13,23.8,39.05,262.5,469,33,37.75,65.1,46.35,27.05,27.55,323,22.9,59.4,6.8,10.05,45.25,14.3,20.55,23.75,78.4,48.05,38.8,34.8,97.3,88.8,56.1,76.5,105.5,55.5,26.6,101.5,16.55,12.05,65.2,21.6,48,16.3,15.15,33.05,23.2,321.5,170.5,283.5,32.95,10.4,26.85,9.2,10.5,16.25,8.8,27.15,68.4,171.5,21.8,67.7,146,102,28.6,27.5,210,15.1,39.45,89.3,179.5,37.15,74.8,10.25,7.77,103,52.2,44.35,48.2,298.5,20.3,114,218,82.5,274.5,50,35.95,47.5
42.55,38.05,50.7,77.3,65.6,69.8,31.8,26.35,76.4,457,290.5,39.05,15.45,193.5,40.55,86,53.4,141.5,85.6,333,78.4,239.5,75.3,16.85,95.1,484,278.5,158,17.95,17.45,50.3,45.7,10.4,19.35,15.2,24.35,13.15,12.85,20.15,18.55,247,2655,105.5,15.35,76.7,84.5,16.15,68.4,42.75,68.4,12,37.7,31.8,17.1,322.5,176.5,30.75,72.7,273,9.66,28.45,31.4,54.7,154,52.8,23.15,13,23.8,39,262.5,469,33,37.75,65.1,46.2,27.05,27.55,323,22.9,59.5,6.8,10.05,45.25,14.25,20.55,23.8,78.3,48.05,38.8,34.8,97.3,88.7,56,76.6,106,55.6,26.6,101.5,16.55,12.05,65.2,21.6,48,16.25,15.15,33,23.2,321.5,171,283.5,32.95,10.4,26.85,9.2,10.5,16.25,8.8,27.1,68.4,171.5,21.75,67.6,146,102,28.65,27.5,210,15.1,39.5,89.4,179,37.15,74.9,10.25,7.77,103,52.1,44.25,48.2,298.5,20.3,114,218,82.5,274.5,50,35.95,47.5
42.55,38,50.7,77.3,65.6,69.8,31.8,26.35,76.4,457,290.5,39.05,15.4,193.5,40.5,86,53.4,141.5,85.6,332.5,78.3,239.5,75.3,16.85,95.1,484.5,278.5,158,17.95,17.5,50.3,45.7,10.4,19.4,15.25,24.35,13.15,12.85,20.15,18.55,247,2655,105.5,15.35,76.6,84.5,16.15,68.3,42.75,68.3,12.05,37.7,31.8,17.1,322.5,176,30.7,72.7,273,9.66,28.45,31.4,54.7,154,52.7,23.15,13,23.8,39,262.5,469.5,33,37.7,65.1,46.2,27.05,27.55,323,22.9,59.4,6.8,10.05,45.25,14.25,20.55,23.75,78.3,47.95,38.85,34.85,97.3,88.7,56,76.6,106,55.5,26.6,101.5,16.55,12.05,65.2,21.6,48,16.3,15.15,33,23.2,321.5,171,284,32.95,10.4,26.85,9.21,10.5,16.25,8.8,27.1,68.4,171.5,21.75,67.6,146,102,28.65,27.5,210.5,15.05,39.5,89.4,179,37.15,74.9,10.25,7.77,103,52.2,44.3,48.25,298.5,20.3,113.5,218,82.5,274.5,50,35.95,47.5
42.55,38,50.6,77.2,65.5,69.8,31.8,26.35,76.3,457,290.5,39.05,15.45,193.5,40.5,86,53.3,142,85.6,332.5,78.4,239.5,75.4,16.9,95.1,484,278.5,157.5,18,17.5,50.3,45.7,10.4,19.4,15.2,24.4,13.15,12.85,20.15,18.55,247,2655,106,15.35,76.6,84.5,16.15,68.3,42.75,68.3,12.05,37.7,31.8,17.2,323,176,30.75,72.7,273,9.67,28.5,31.4,54.7,154,52.7,23.15,13,23.8,39,262.5,470,33,37.7,65.1,46.2,27.1,27.55,323,22.9,59.4,6.8,10.05,45.25,14.3,20.55,23.8,78.2,47.95,38.85,34.8,97.3,88.7,56,76.6,106,55.5,26.6,101,16.55,12.05,65.2,21.6,48,16.3,15.15,33,23.2,321.5,171,284,33,10.45,26.85,9.21,10.5,16.2,8.81,27.1,68.4,171,21.8,67.5,146.5,102,28.65,27.5,210,15.1,39.45,89.4,179.5,37.2,75,10.3,7.77,103,52.2,44.3,48.25,299,20.35,113.5,218,82.5,274.5,49.95,35.95,47.45
42.6,38,50.7,77.3,65.6,69.8,31.75,26.35,76.4,457,290.5,39.05,15.4,193.5,40.5,86,53.4,142,85.6,332.5,78.4,239.5,75.4,16.85,95.1,484,278.5,157.5,17.95,17.5,50.3,45.7,10.4,19.4,15.2,24.35,13.15,12.8,20.2,18.55,247,2655,105.5,15.35,76.6,84.6,16.1,68.3,42.8,68.4,12.05,37.7,31.8,17.2,322.5,176,30.75,72.7,273,9.66,28.45,31.4,54.7,154,52.7,23.15,13,23.8,39,262.5,470,33,37.75,65,46.2,27.1,27.55,323,22.9,59.4,6.8,10.05,45.25,14.3,20.55,23.75,78.2,47.95,38.85,34.85,97.3,88.7,56,76.7,106,55.6,26.6,101,16.55,12.05,65.2,21.6,48,16.3,15.1,33.05,23.2,321.5,171,283.5,32.95,10.45,26.85,9.2,10.5,16.2,8.81,27.1,68.4,171.5,21.8,67.1,146.5,102,28.65,27.55,210,15.1,39.45,89.4,179.5,37.2,74.9,10.3,7.78,103,52.2,44.3,48.2,299,20.35,113.5,218,82.5,274,49.95,35.95,47.5
42.55,38.05,50.6,77.2,65.6,69.8,31.75,26.35,76.4,457,290.5,39.05,15.45,193,40.5,86.1,53.4,142,85.6,333,78.4,239.5,75.4,16.85,95.1,484,278.5,158,17.95,17.45,50.2,45.7,10.4,19.35,15.2,24.35,13.15,12.85,20.15,18.55,247,2660,105.5,15.4,76.7,84.6,16.15,68.3,42.85,68.4,12.05,37.7,31.8,17.2,322,176,30.7,72.7,273,9.66,28.45,31.4,54.7,153.5,52.7,23.2,12.95,23.8,39,262.5,470,33,37.7,65.1,46.15,27.15,27.5,323,22.9,59.4,6.81,10,45.2,14.3,20.55,23.8,78.2,47.95,38.85,34.85,97.3,88.7,56.1,76.6,106,55.5,26.55,101,16.5,12.05,65.2,21.6,48,16.3,15.15,33.1,23.2,321.5,171,283.5,32.95,10.4,26.85,9.2,10.5,16.2,8.81,27.1,68.4,171.5,21.75,67.2,146.5,102,28.65,27.55,210.5,15.1,39.45,89.5,179.5,37.2,75,10.3,7.77,103,52.1,44.3,48.1,299,20.35,114,218.5,82.3,274,49.95,35.95,47.5
42.6,38.05,50.7,77.3,65.5,69.9,31.75,26.4,76.4,457,290.5,39.05,15.4,193.5,40.5,86,53.3,141.5,85.6,333.5,78.4,239.5,75.4,16.85,95.1,483.5,278.5,158,18,17.5,50.3,45.75,10.35,19.4,15.2,24.4,13.15,12.85,20.15,18.55,247,2660,105.5,15.35,76.6,84.6,16.15,68.2,42.8,68.4,12.05,37.7,31.8,17.2,321.5,176,30.65,72.7,273,9.66,28.45,31.4,54.7,153.5,52.7,23.2,12.95,23.8,39,262.5,468,33,37.7,65.1,46.15,27.15,27.5,323,22.9,59.3,6.8,10.05,45.2,14.35,20.55,23.75,78.2,47.95,38.85,34.8,97.3,88.7,56.1,76.6,106,55.5,26.6,101,16.5,12.05,65.2,21.6,48,16.3,15.15,33.1,23.2,321.5,171,283.5,32.95,10.4,26.85,9.2,10.5,16.2,8.8,27.1,68.4,171,21.8,67.3,146.5,101.5,28.7,27.5,210.5,15.05,39.45,89.5,179,37.2,75,10.3,7.77,103,52.2,44.3,48.2,299,20.4,113.5,218.5,82.3,274,49.95,35.95,47.5
42.6,38.05,50.7,77.3,65.6,69.8,31.75,26.4,76.4,457,290.5,39.1,15.4,193.5,40.5,86.2,53.4,141.5,85.6,333,78.4,239.5,75.5,16.9,95.1,483.5,278.5,158,17.95,17.45,50.3,45.7,10.4,19.35,15.2,24.35,13.15,12.85,20.15,18.55,247,2655,105.5,15.4,76.7,84.5,16.15,68.2,42.85,68.4,12.05,37.7,31.8,17.2,321.5,176,30.75,72.7,273,9.67,28.5,31.4,54.6,153.5,52.7,23.15,12.95,23.75,39,262.5,468,33,37.75,65.2,46.15,27.05,27.5,323,22.9,59.3,6.81,10,45.2,14.35,20.55,23.75,78.2,47.95,38.85,34.8,97.3,88.7,56.1,76.6,106,55.5,26.55,101,16.5,12.05,65.2,21.6,48,16.35,15.15,33.1,23.25,321.5,170.5,283.5,33,10.4,26.9,9.2,10.5,16.2,8.81,27.1,68.4,171.5,21.8,67.2,146.5,101.5,28.65,27.5,210.5,15.05,39.45,89.5,179.5,37.15,75,10.25,7.78,103,52.2,44.3,48.2,298.5,20.35,113.5,218.5,82.3,274,49.95,35.95,47.5
42.6,38,50.6,77.3,65.6,69.8,31.75,26.35,76.4,457,290.5,39.1,15.45,193,40.5,86.1,53.4,142,85.6,333,78.4,239.5,75.5,16.85,95.1,483,278.5,158,17.95,17.5,50.3,45.7,10.4,19.4,15.25,24.4,13.15,12.85,20.15,18.5,247,2655,105.5,15.35,76.6,84.6,16.15,68.1,42.8,68.4,12.05,37.7,31.8,17.2,320.5,176,30.75,72.7,273,9.66,28.5,31.35,54.7,154,52.7,23.15,12.95,23.7,39,262.5,470,33,37.7,65.1,46.15,27.1,27.5,323,22.9,59.3,6.81,10,45.15,14.3,20.55,23.75,78.2,47.85,38.85,34.8,97.4,88.8,56.1,76.6,106,55.5,26.6,101,16.5,12.05,65.1,21.6,48,16.3,15.15,33.15,23.25,321.5,170.5,283.5,32.95,10.4,26.85,9.2,10.55,16.2,8.8,27.1,68.4,171.5,21.75,67.2,146.5,101.5,28.6,27.5,210.5,15.1,39.5,89.5,179.5,37.15,75,10.25,7.77,103,52.2,44.3,47.95,298.5,20.35,113.5,218.5,82.3,273.5,49.95,35.95,47.45
42.6,38.05,50.6,77.3,65.6,69.9,31.75,26.35,76.3,457,290.5,39.05,15.4,193,40.5,86.1,53.4,142,85.6,333,78.4,239.5,75.5,16.85,95.1,483,278,157.5,17.95,17.5,50.3,45.7,10.35,19.4,15.25,24.4,13.15,12.85,20.15,18.55,247,2655,105.5,15.4,76.7,84.7,16.15,68.1,42.7,68.4,12.05,37.75,31.8,17.2,320,176,30.7,72.7,273,9.66,28.5,31.35,54.6,154,52.7,23.15,12.95,23.7,39,262.5,469,33,37.6,65.1,46.15,27.1,27.5,323,22.9,59.3,6.81,10.05,45.1,14.35,20.55,23.7,78.2,48.05,38.9,34.8,97.4,88.8,56.1,76.6,106,55.5,26.55,101,16.5,12.05,65.2,21.6,48,16.3,15.1,33.15,23.25,322,170.5,283.5,32.95,10.45,26.85,9.21,10.55,16.2,8.81,27.1,68.4,171.5,21.75,67.2,146.5,102,28.65,27.5,210,15.1,39.45,89.5,178.5,37.15,75,10.3,7.77,103,52.2,44.3,48,298.5,20.35,113.5,218,82.2,273.5,49.95,35.95,47.5
42.6,38.05,50.7,77.3,65.5,69.8,31.75,26.4,76.4,457,290.5,39.05,15.45,193,40.45,86.1,53.4,142,85.7,333,78.4,239.5,75.5,16.85,95,483,278,158,18,17.5,50.3,45.7,10.4,19.4,15.25,24.35,13.15,12.85,20.2,18.5,247,2655,105.5,15.4,76.7,84.8,16.15,68.1,42.65,68.4,12,37.75,31.8,17.2,320.5,176.5,30.7,72.7,273,9.67,28.45,31.35,54.6,154,52.7,23.1,12.95,23.7,39,262.5,469,33,37.6,65.1,46.2,27.1,27.5,323.5,22.9,59.3,6.81,10.05,45.1,14.3,20.5,23.7,78.2,47.8,38.85,34.85,97.4,88.8,56.1,76.6,106,55.5,26.6,101,16.5,12.1,65.2,21.6,48,16.3,15.15,33.15,23.25,322.5,170.5,283.5,32.95,10.45,26.85,9.22,10.55,16.2,8.81,27.1,68.4,171.5,21.8,67.1,146.5,102,28.6,27.5,210,15.1,39.45,89.5,179.5,37.15,74.9,10.25,7.77,103,52.2,44.3,48,298,20.35,113.5,218,82.4,273.5,49.95,35.95,47.5
42.6,38,50.7,77.3,65.6,69.9,31.8,26.4,76.4,457,290.5,39.1,15.4,193,40.45,86.2,53.3,142,85.6,332.5,78.3,239.5,75.4,16.9,95,483,278,158,17.95,17.5,50.3,45.65,10.35,19.35,15.2,24.35,13.15,12.8,20.2,18.55,247,2655,106,15.4,76.6,84.7,16.15,68.1,42.75,68.4,12.05,37.75,31.8,17.2,321,176.5,30.75,72.7,273,9.66,28.45,31.3,54.6,154,52.7,23.1,12.95,23.7,39,262.5,469,33.05,37.6,65.1,46.2,27.05,27.55,323.5,22.9,59.4,6.81,10.05,45.15,14.3,20.5,23.7,78.2,47.8,38.85,34.8,97.4,88.8,56.1,76.6,105.5,55.5,26.6,101,16.5,12.1,65.2,21.6,48,16.35,15.1,33.15,23.25,322.5,170.5,283.5,32.95,10.45,26.8,9.22,10.55,16.2,8.81,27.1,68.4,171.5,21.8,67.2,146.5,102,28.6,27.55,210,15.1,39.45,89.5,179.5,37.15,74.9,10.25,7.78,103.5,52.2,44.25,48.1,298,20.35,113.5,218,82.4,273.5,49.95,35.95,47.45
42.6,38,50.6,77.3,65.6,69.8,31.75,26.4,76.3,457,290,39.1,15.45,193,40.45,86.2,53.4,141.5,85.6,333,78.3,239.5,75.5,16.9,95,483.5,278,158,18,17.45,50.2,45.65,10.4,19.35,15.2,24.35,13.15,12.85,20.15,18.55,247,2655,105.5,15.4,76.6,84.7,16.1,68.1,42.65,68.4,12.05,37.7,31.8,17.2,320.5,176.5,30.75,72.6,273,9.66,28.45,31.45,54.7,154,52.7,23.1,13,23.7,39,262.5,468,33,37.55,65.1,46.2,27.05,27.5,323.5,22.9,59.5,6.81,10,45.15,14.3,20.5,23.7,78.2,47.8,38.85,34.8,97.4,88.8,56.1,76.6,105.5,55.5,26.6,101,16.5,12.1,65.1,21.55,48,16.3,15.15,33.15,23.2,322.5,170.5,283.5,32.95,10.45,26.8,9.22,10.55,16.2,8.8,27.1,68.4,171.5,21.75,67.2,146.5,102,28.65,27.55,210,15.1,39.4,89.5,179.5,37.15,74.9,10.25,7.78,103.5,52.2,44.25,48,298,20.35,113.5,218.5,82.4,273.5,50.1,35.95,47.45
42.6,38,50.7,77.3,65.6,69.8,31.75,26.4,76.4,457,290.5,39.05,15.45,193,40.55,86.2,53.4,142,85.6,333,78.3,239.5,75.4,16.95,95.1,483,278,158,17.95,17.45,50.3,45.65,10.4,19.35,15.2,24.35,13.15,12.85,20.2,18.5,247,2655,106,15.4,76.6,84.7,16.1,68.1,42.65,68.4,12.05,37.7,31.8,17.2,320.5,176.5,30.75,72.6,273,9.66,28.5,31.3,54.7,153.5,52.7,23.1,12.95,23.7,39.05,262.5,469.5,33,37.55,65.1,46.15,27.05,27.5,323.5,22.9,59.5,6.8,10,45.1,14.3,20.5,23.75,78.1,47.8,38.9,34.85,97.4,88.8,56.1,76.6,105.5,55.5,26.6,101,16.5,12.1,65.1,21.55,48,16.3,15.15,33.1,23.25,322.5,170.5,283.5,32.95,10.4,26.8,9.22,10.55,16.2,8.81,27.1,68.4,171.5,21.7,67.2,146.5,102,28.65,27.55,210,15.05,39.45,89.5,179.5,37.15,74.9,10.25,7.79,103.5,52.2,44.25,47.9,298,20.35,113.5,218.5,82.4,273.5,49.95,35.95,47.45
42.55,38.05,50.7,77.3,65.6,69.8,31.8,26.35,76.4,457,290.5,39.1,15.45,193.5,40.5,86.1,53.4,142,85.5,332.5,78.4,239.5,75.4,16.95,95.1,483,278.5,158,18,17.5,50.3,45.7,10.4,19.35,15.2,24.35,13.15,12.8,20.2,18.55,247,2655,105.5,15.35,76.6,84.8,16.15,68.1,42.6,68.4,12.05,37.7,31.8,17.1,321,176.5,30.75,72.6,273,9.67,28.45,31.3,54.7,153.5,52.7,23.1,12.95,23.7,39.05,263,469.5,33,37.55,65.1,46.15,27.05,27.5,323.5,22.95,59.6,6.8,10,45.1,14.35,20.55,23.75,78.1,47.8,38.85,34.85,97.4,88.8,56.1,76.4,105.5,55.5,26.6,101,16.5,12.1,65.1,21.55,48,16.3,15.1,33.05,23.2,322.5,170.5,283.5,32.95,10.4,26.8,9.22,10.55,16.2,8.81,27.1,68.4,171.5,21.65,67.1,146.5,101.5,28.65,27.55,210,15.1,39.45,89.5,179.5,37.15,74.9,10.25,7.79,103.5,52.2,44.25,47.95,298,20.35,114,218.5,82.4,273.5,49.95,36,47.5
42.55,38.05,50.7,77.3,65.6,69.7,31.75,26.35,76.5,457,290.5,39.1,15.45,193,40.5,86.2,53.4,142,85.6,332.5,78.4,239.5,75.4,16.95,95.1,483,278.5,158,17.95,17.45,50.3,45.7,10.4,19.35,15.2,24.35,13.15,12.8,20.15,18.55,247,2655,105.5,15.4,76.6,84.6,16.1,68.1,42.6,68.4,12.05,37.7,31.85,17.1,321.5,176,30.65,72.6,273,9.66,28.45,31.25,54.6,153.5,52.7,23.1,13,23.7,39.05,262.5,469.5,33,37.55,65.1,46.15,27.05,27.5,323.5,22.95,59.7,6.8,10.05,45.1,14.3,20.55,23.75,78.1,47.8,38.85,34.8,97.5,88.8,56,76.5,105.5,55.5,26.6,101,16.5,12.1,65.2,21.55,48,16.35,15.1,33.05,23.2,322.5,170.5,283.5,32.95,10.4,26.8,9.22,10.55,16.2,8.8,27.1,68.3,172,21.65,67.1,146.5,101.5,28.65,27.5,210,15.1,39.45,89.5,179.5,37.2,74.9,10.25,7.79,103,52.2,44.25,47.9,298,20.35,113,218.5,82.4,272.5,49.95,36,47.5
42.55,38.05,50.7,77.2,65.7,69.7,31.75,26.4,76.5,457,290.5,39.1,15.45,193,40.5,86.1,53.4,141.5,85.6,333,78.3,239.5,75.6,16.9,95,482,278,158,17.95,17.5,50.3,45.7,10.4,19.4,15.2,24.35,13.15,12.85,20.15,18.55,247,2650,105.5,15.4,76.5,84.7,16.1,68.1,42.6,68.4,12.05,37.75,31.85,17.1,321.5,176,30.7,72.6,273,9.66,28.5,31.25,54.6,153.5,52.7,23.1,13,23.7,39.05,262.5,469.5,33,37.5,65,46.15,27.05,27.5,323.5,22.9,59.6,6.8,10,45.15,14.3,20.55,23.75,78.1,47.8,38.85,34.8,97.5,88.8,56.1,76.4,105.5,55.5,26.6,101,16.5,12.1,65.2,21.55,48,16.3,15.1,33.05,23.2,322.5,170.5,283.5,32.95,10.45,26.8,9.22,10.5,16.2,8.8,27.1,68.3,171.5,21.7,67.2,146.5,101.5,28.6,27.55,210,15.1,39.4,89.5,179.5,37.2,74.9,10.25,7.79,103.5,52.2,44.25,47.95,298.5,20.35,113.5,218.5,82.4,272.5,49.95,36,47.45
42.6,38.05,50.7,77.3,65.7,69.7,31.75,26.35,76.3,457,290.5,39.1,15.45,193,40.5,86.1,53.4,142,85.6,333,78.4,239,75.4,16.9,95.1,482,278.5,157.5,17.95,17.5,50.3,45.7,10.4,19.4,15.2,24.35,13.15,12.8,20.2,18.55,247,2650,105.5,15.35,76.6,84.7,16.15,68,42.6,68.4,12.05,37.75,31.85,17.1,321,176,30.7,72.6,273,9.66,28.5,31.2,54.6,153.5,52.7,23.1,12.95,23.7,39.05,262.5,469,33,37.55,65.1,46.15,27.05,27.5,323.5,22.9,59.6,6.8,10,45.1,14.3,20.5,23.75,78,47.8,38.85,34.85,97.5,88.8,56.1,76.4,105.5,55.5,26.6,101,16.5,12.1,65.1,21.55,48,16.3,15.1,33.05,23.2,322.5,170.5,283.5,32.95,10.4,26.85,9.22,10.5,16.2,8.8,27.1,68.3,172,21.65,67.2,146.5,101.5,28.6,27.55,210,15.1,39.4,89.5,179.5,37.2,74.9,10.25,7.79,103,52.2,44.25,47.95,298.5,20.35,112.5,218.5,82.4,272.5,49.95,36,47.45
42.6,38.05,50.7,77.3,65.7,69.7,31.75,26.35,76.4,457,290.5,39.1,15.45,193.5,40.5,86.1,53.4,142,85.6,333,78.3,239.5,75.4,16.9,95.1,482,278.5,157.5,18,17.5,50.3,45.7,10.35,19.4,15.2,24.35,13.1,12.85,20.15,18.55,247,2650,105.5,15.4,76.6,84.8,16.15,68.2,42.6,68.4,12.05,37.75,31.85,17.1,321,176.5,30.75,72.6,273,9.66,28.45,31.2,54.6,153.5,52.7,23.1,12.95,23.7,39.05,262.5,468.5,33,37.6,65.1,46.15,27.05,27.5,323.5,22.9,59.6,6.8,10.05,45.15,14.3,20.5,23.75,78,47.8,38.8,34.85,97.5,88.8,56.1,76.4,105,55.5,26.6,101,16.5,12.1,65.1,21.55,48,16.3,15.1,33.05,23.2,322.5,170.5,283.5,32.95,10.4,26.85,9.22,10.5,16.2,8.8,27.1,68.3,172,21.65,67.2,146.5,101.5,28.6,27.55,210,15.1,39.4,89.5,179.5,37.2,74.8,10.25,7.79,103,52.2,44.25,47.95,298.5,20.35,113,218.5,82.4,272.5,49.95,36,47.45
42.6,38.05,50.8,77.3,65.6,69.8,31.75,26.35,76.4,457,290.5,39.1,15.45,193,40.5,86.2,53.3,142,85.6,333,78.4,239.5,75.4,16.95,95.1,482,278,158,18,17.5,50.3,45.7,10.4,19.4,15.2,24.35,13.15,12.85,20.15,18.55,247,2650,105.5,15.45,76.6,84.9,16.15,68.2,42.55,68.4,12.05,37.75,31.85,17.1,321.5,176.5,30.75,72.6,273,9.66,28.5,31.45,54.6,154,52.7,23.1,12.95,23.7,39.05,262.5,468.5,33,37.55,65.1,46.2,27.05,27.5,323.5,22.9,59.7,6.8,10.05,45.15,14.3,20.55,23.7,78,47.8,38.75,34.85,97.5,88.8,56.1,76.4,105,55.5,26.6,101,16.5,12.1,65.2,21.55,48,16.3,15.1,33.1,23.2,322.5,171,283.5,32.95,10.4,26.85,9.22,10.5,16.25,8.8,27.15,68.2,172,21.7,67.2,146.5,101.5,28.6,27.5,210,15.1,39.4,89.5,179.5,37.2,74.8,10.3,7.8,103.5,52.2,44.25,48,298.5,20.3,113,218,82.4,272.5,49.95,36,47.45
42.6,38,50.7,77.2,65.7,69.8,31.75,26.35,76.4,457,290.5,39.1,15.4,193,40.5,86,53.4,142,85.7,333,78.4,239,75.4,16.95,95.1,481.5,278,157.5,17.95,17.5,50.3,45.7,10.4,19.4,15.2,24.35,13.15,12.8,20.15,18.55,247,2650,105.5,15.5,76.6,84.9,16.1,68.1,42.5,68.4,12.05,37.7,31.85,17.1,321.5,176.5,30.75,72.6,273,9.66,28.5,31.45,54.6,154,52.7,23.1,12.95,23.7,39.05,262,468.5,33,37.6,65.1,46.2,27.1,27.5,323,22.9,59.6,6.81,10.05,45.1,14.3,20.55,23.75,78,47.8,38.75,34.85,97.5,88.8,56.1,76.4,105,55.4,26.6,101.5,16.55,12.05,65.2,21.55,48,16.3,15.1,33.15,23.25,322.5,171,283.5,32.95,10.4,26.85,9.23,10.5,16.25,8.8,27.15,68.2,172,21.65,67.2,146.5,101.5,28.6,27.55,210,15.1,39.45,89.4,179,37.15,74.9,10.25,7.8,103,52.2,44.25,48,298.5,20.3,113,218,82.4,272.5,50,36,47.5
42.6,38.05,50.8,77.3,65.6,69.8,31.75,26.4,76.4,457,290.5,39.1,15.45,193,40.5,86,53.4,142,85.7,333.5,78.4,239.5,75.5,16.9,95.1,481.5,278,157.5,17.95,17.5,50.3,45.7,10.4,19.4,15.25,24.35,13.15,12.85,20.15,18.55,247,2650,105.5,15.45,76.5,84.9,16.1,68.1,42.5,68.4,12.05,37.7,31.85,17.1,321.5,176.5,30.75,72.6,273,9.66,28.5,31.45,54.7,153.5,52.7,23.15,12.95,23.7,39.05,262,468.5,33,37.6,65.1,46.2,27.1,27.55,323,22.9,59.6,6.81,10,45.1,14.3,20.5,23.7,77.9,47.75,38.85,34.85,97.5,88.8,56.1,76.4,105,55.4,26.55,101.5,16.55,12.05,65.2,21.55,47.95,16.35,15.1,33.15,23.25,322.5,171,283.5,32.95,10.4,26.85,9.23,10.5,16.15,8.79,27.15,68.2,171.5,21.65,67.2,146.5,101.5,28.6,27.55,210,15.05,39.45,89.5,179.5,37.15,74.9,10.25,7.8,103.5,52.1,44.3,47.9,298.5,20.3,113.5,218,82.4,272.5,50,36,47.5
42.55,38.05,50.7,77.3,65.7,69.8,31.75,26.4,76.4,457,290.5,39.1,15.45,193.5,40.5,86,53.3,142.5,85.6,333,78.5,239.5,75.5,16.9,95.1,481.5,278.5,157.5,17.95,17.45,50.3,45.75,10.35,19.35,15.2,24.35,13.1,12.85,20.2,18.5,247,2650,105.5,15.5,76.6,85,16.15,68.1,42.45,68.4,12.05,37.7,31.85,17.1,321.5,176,30.75,72.6,273,9.66,28.5,31.45,54.7,153.5,52.7,23.1,12.95,23.7,39,262,467,33,37.55,65.1,46.2,27,27.55,323,22.9,59.7,6.81,10.05,45.05,14.3,20.55,23.75,77.9,47.75,38.8,34.85,97.5,88.8,56.1,76.4,105.5,55.4,26.6,101.5,16.55,12.05,65.2,21.55,47.95,16.3,15.1,33.15,23.2,322.5,170.5,283.5,32.95,10.4,26.85,9.23,10.5,16.15,8.79,27.1,68.2,172,21.65,67.2,146.5,101.5,28.6,27.55,210,15.1,39.45,89.5,179,37.15,74.9,10.25,7.8,103.5,52.1,44.3,47.95,298.5,20.3,113.5,218,82.4,272.5,50,36,47.5
42.55,38.05,50.8,77.3,65.6,69.9,31.75,26.4,76.4,457,290.5,39.05,15.4,193,40.5,86,53.4,142,85.6,333.5,78.5,239.5,75.5,16.9,95.1,481.5,278,158,17.95,17.45,50.3,45.7,10.4,19.4,15.2,24.35,13.1,12.8,20.15,18.55,247,2650,105.5,15.45,76.6,84.9,16.15,68.1,42.45,68.4,12.05,37.7,31.85,17.1,321,176,30.75,72.6,273,9.66,28.5,31.45,54.6,153.5,52.7,23.15,12.95,23.7,39,262,469,33,37.6,65.1,46.2,27,27.55,323,22.9,59.7,6.81,10.05,45.05,14.3,20.55,23.7,77.9,47.7,38.8,34.8,97.5,88.8,56.2,76.4,105.5,55.4,26.65,101.5,16.55,12.05,65.2,21.55,47.95,16.3,15.15,33.15,23.15,322,170.5,283.5,32.9,10.4,26.85,9.22,10.5,16.15,8.79,27.1,68.2,171.5,21.65,67.3,145.5,101.5,28.6,27.55,210.5,15.1,39.4,89.5,179.5,37.2,74.9,10.25,7.79,103,52.1,44.3,47.9,298.5,20.35,113.5,218,82.4,272.5,50,36,47.45
42.55,38,50.8,77.3,65.7,69.9,31.8,26.35,76.4,457,290.5,39.05,15.4,193,40.5,86,53.3,142.5,85.6,333.5,78.5,239,75.5,16.9,95.1,482,278.5,158,17.95,17.5,50.3,45.75,10.4,19.4,15.2,24.35,13.1,12.8,20.15,18.5,247,2650,105.5,15.45,76.7,85,16.15,68.1,42.5,68.3,12,37.75,31.85,17.1,321.5,176,30.75,72.6,273,9.66,28.45,31.45,54.6,153.5,52.7,23.1,12.95,23.7,39,262,466.5,33,37.6,65,46.15,27,27.55,323,22.9,59.7,6.8,10.05,45.1,14.3,20.5,23.75,77.9,47.7,38.8,34.9,97.5,88.8,56.1,76.4,105,55.4,26.65,101.5,16.55,12.05,65.2,21.55,47.95,16.3,15.1,33.15,23.2,322,170.5,283.5,32.9,10.45,26.85,9.22,10.5,16.15,8.79,27.1,68.3,171.5,21.7,67.2,145.5,101.5,28.6,27.55,210.5,15.1,39.4,89.6,179.5,37.15,74.9,10.25,7.8,103,52.1,44.3,47.95,298.5,20.35,113.5,218,82.4,272.5,50,36,47.45
42.55,38.1,50.8,77.3,65.7,69.8,31.8,26.35,76.4,457,290.5,39.1,15.45,193.5,40.5,86.1,53.3,142,85.6,333.5,78.5,239.5,75.7,16.9,95.1,481.5,278,157.5,17.95,17.45,50.3,45.7,10.35,19.4,15.2,24.35,13.15,12.85,20.15,18.5,247,2650,105.5,15.5,76.7,85.1,16.15,68,42.5,68.3,12.05,37.75,31.85,17.05,321,176,30.75,72.6,273,9.65,28.5,31.5,54.6,153.5,52.7,23.1,12.95,23.7,39,262,466.5,33,37.55,65.1,46.15,27.05,27.55,323,22.95,59.7,6.8,10,45.1,14.3,20.5,23.75,77.9,47.7,38.8,34.85,97.5,88.8,56.1,76.4,105.5,55.4,26.65,101.5,16.55,12.05,65.2,21.55,48,16.3,15.1,33.2,23.2,322,170.5,283.5,32.95,10.4,26.8,9.22,10.5,16.15,8.79,27.1,68.3,171.5,21.7,67.3,145,101.5,28.6,27.55,210,15.1,39.4,89.6,179.5,37.15,74.9,10.25,7.8,103,52,44.3,47.95,298.5,20.35,113.5,218,82.4,272.5,50,36,47.5
42.6,38.1,50.8,77.3,65.7,69.8,31.75,26.35,76.4,457,290.5,39.1,15.45,193.5,40.5,86,53.3,142.5,85.6,333.5,78.4,239.5,75.6,16.9,95.1,482,278.5,157.5,17.95,17.5,50.3,45.7,10.4,19.4,15.25,24.4,13.15,12.85,20.15,18.5,247,2650,105.5,15.45,76.7,85,16.15,68.1,42.5,68.3,12.05,37.7,31.8,17.1,322,176,30.75,72.6,273,9.65,28.5,31.55,54.6,153.5,52.7,23.1,12.95,23.7,39,262,469,33,37.55,65.1,46.15,27,27.55,323,22.9,59.7,6.8,10,45.05,14.3,20.5,23.75,77.9,47.7,38.8,34.9,97.4,88.8,56.1,76.4,105.5,55.4,26.7,101,16.55,12.05,65.3,21.6,48,16.3,15.1,33.2,23.15,322,170.5,283.5,32.9,10.4,26.8,9.21,10.5,16.15,8.79,27.1,68.3,171.5,21.7,67.2,145,102,28.65,27.55,211,15.1,39.4,89.6,179.5,37.2,74.9,10.25,7.8,103,52.1,44.3,47.95,299,20.35,113.5,218,82.4,272.5,50,36,47.5
42.6,38.1,50.8,77.3,65.7,69.8,31.75,26.35,76.4,457,290.5,39.1,15.45,193,40.5,86,53.3,142,85.6,333,78.4,239.5,75.6,16.9,95.1,481.5,278,157.5,18,17.45,50.3,45.7,10.4,19.4,15.2,24.35,13.2,12.85,20.15,18.5,247,2650,105.5,15.45,76.6,85.1,16.1,68.1,42.5,68.3,12.05,37.75,31.8,17.1,322.5,176,30.75,72.6,273,9.65,28.5,31.55,54.6,153.5,52.7,23.1,12.95,23.7,39,262,466.5,33,37.55,65,46.15,27,27.5,323,22.9,59.7,6.8,10,45.05,14.3,20.5,23.75,77.9,47.7,38.85,34.9,97.4,88.8,56.1,76.5,105.5,55.4,26.7,101,16.55,12.05,65.3,21.55,48,16.3,15.1,33.2,23.15,322,170.5,283.5,32.9,10.4,26.8,9.21,10.5,16.15,8.79,27.15,68.3,171.5,21.7,67.2,145.5,101.5,28.6,27.55,210,15.1,39.4,89.5,179.5,37.2,74.9,10.25,7.8,103,52.1,44.3,47.95,299,20.3,113.5,218,82.4,272.5,50.1,36.05,47.45
42.55,38.1,50.8,77.3,65.8,69.7,31.75,26.35,76.4,457.5,291,39.05,15.45,193,40.5,86.1,53.4,142,85.6,333,78.5,239.5,75.6,16.9,95.1,481.5,278,158,17.95,17.5,50.3,45.7,10.4,19.4,15.2,24.35,13.2,12.85,20.15,18.55,247,2650,105.5,15.45,76.6,85,16.1,68.1,42.45,68.3,12.05,37.75,31.8,17.15,321.5,176,30.75,72.6,273,9.66,28.5,31.5,54.6,154,52.7,23.1,12.95,23.7,39,262,469,33,37.6,65,46.15,27.1,27.5,323,22.9,59.7,6.8,10.05,45,14.3,20.5,23.7,77.9,47.7,38.9,34.9,97.4,88.8,56.1,76.4,105.5,55.3,26.7,101,16.55,12.05,65.3,21.6,48,16.3,15.1,33.2,23.15,322,170.5,283.5,32.95,10.4,26.85,9.21,10.5,16.15,8.79,27.1,68.3,171.5,21.75,67.3,144.5,102,28.6,27.55,210,15.1,39.45,89.5,179.5,37.2,74.9,10.25,7.8,103.5,52.1,44.35,47.95,299,20.3,113.5,218,82.4,272.5,50.1,36,47.5
42.6,38.1,50.8,77.4,65.7,69.8,31.75,26.35,76.3,457.5,290.5,39.05,15.4,193,40.5,86,53.4,142,85.6,333,78.5,239,75.4,16.9,95.1,481.5,278,158,18,17.45,50.3,45.7,10.4,19.4,15.2,24.35,13.15,12.8,20.15,18.5,247,2650,105.5,15.5,76.6,85,16.1,68,42.45,68.4,12.05,37.75,31.8,17.15,321.5,176,30.75,72.6,273,9.66,28.5,31.5,54.6,154,52.6,23.1,13,23.7,39,262,469.5,33,37.55,65,46.15,27.05,27.5,323,22.95,59.7,6.8,10.05,45.05,14.3,20.55,23.7,77.9,47.7,38.85,34.9,97.5,88.7,56.1,76.5,105.5,55.3,26.7,101,16.55,12.05,65.2,21.6,48,16.3,15.1,33.2,23.15,322,170.5,283.5,32.9,10.45,26.85,9.21,10.5,16.15,8.79,27.1,68.3,171.5,21.75,67.2,145,101.5,28.6,27.5,210,15.05,39.45,89.5,179.5,37.15,74.9,10.25,7.8,103.5,52.1,44.35,47.9,299,20.35,114,218,82.2,272,50.1,36.05,47.5
42.6,38.1,50.9,77.4,65.8,69.7,31.75,26.4,76.3,457.5,290.5,39.05,15.45,193,40.6,86,53.3,142,85.6,333.5,78.5,239,75.4,16.85,95.1,482,278,157.5,17.95,17.45,50.3,45.7,10.4,19.35,15.2,24.35,13.2,12.85,20.2,18.5,247,2650,105.5,15.45,76.6,85,16.1,68,42.5,68.4,12.05,37.75,31.8,17.1,321.5,176,30.75,72.6,273,9.66,28.5,31.55,54.7,154,52.6,23.1,12.95,23.7,39,262,469.5,33,37.55,65,46.15,27,27.5,323,22.95,59.7,6.8,10.05,45.05,14.35,20.55,23.7,77.9,47.75,38.85,34.9,97.5,88.7,56.1,76.4,105.5,55.3,26.8,101,16.55,12.05,65.2,21.6,48,16.3,15.1,33.15,23.2,322,170.5,283.5,32.85,10.45,26.85,9.21,10.5,16.15,8.79,27.1,68.3,171.5,21.75,67.3,145,101.5,28.6,27.5,210,15.05,39.45,89.5,179.5,37.15,74.8,10.25,7.79,103,52.1,44.3,47.95,299,20.35,113.5,218,82.2,272,50.1,36.05,47.45
42.6,38.1,50.9,77.3,65.8,69.8,31.75,26.4,76.3,457,290.5,39.05,15.45,193,40.6,86,53.4,142.5,85.6,333,78.3,239.5,75.4,16.9,95.1,481.5,278,157.5,17.95,17.45,50.3,45.7,10.35,19.35,15.2,24.4,13.15,12.8,20.15,18.5,247,2650,105.5,15.45,76.7,84.9,16.15,68,42.45,68.4,12,37.7,31.85,17.1,321.5,176,30.75,72.6,273,9.66,28.5,31.55,54.7,154,52.6,23.1,12.95,23.7,39,262,469.5,33,37.6,65,46.15,27.05,27.5,323,22.9,59.8,6.8,10.05,45.05,14.3,20.5,23.75,77.9,47.75,38.9,34.85,97.5,88.7,56.1,76.3,105.5,55.3,26.8,101,16.55,12.05,65.2,21.6,48,16.25,15.1,33.15,23.15,322,170.5,283.5,32.85,10.45,26.85,9.21,10.5,16.15,8.79,27.15,68.3,171.5,21.75,67.3,145,101.5,28.65,27.55,210,15.05,39.45,89.5,179.5,37.15,74.8,10.25,7.79,103,52.1,44.3,47.95,299,20.3,114,218,82.2,272,50.1,36.05,47.5
42.55,38.1,50.9,77.2,65.7,69.8,31.75,26.4,76.4,457,290.5,39.1,15.45,193,40.8,86,53.4,142,85.7,333.5,78.4,239.5,75.4,16.9,95.1,482,277.5,157.5,17.95,17.45,50.2,45.7,10.4,19.35,15.2,24.35,13.15,12.8,20.15,18.55,247,2650,105.5,15.5,76.7,84.7,16.1,68,42.5,68.4,12,37.7,31.85,17.1,321.5,176,30.75,72.6,273,9.66,28.5,31.55,54.7,154,52.6,23.1,12.95,23.7,39,262,469.5,33,37.55,65,46.15,27,27.5,323,22.95,59.9,6.8,10.05,45.05,14.3,20.55,23.75,77.9,47.7,38.85,34.85,97.4,88.8,56.1,76.3,105.5,55.3,26.8,101,16.55,12.05,65.2,21.6,48,16.25,15.15,33.2,23.15,322,170.5,283.5,32.8,10.45,26.85,9.21,10.5,16.15,8.8,27.1,68.3,172,21.75,67.3,145,101.5,28.6,27.55,210,15.1,39.55,89.4,179.5,37.15,74.8,10.25,7.79,103.5,52.1,44.3,47.85,299,20.3,113.5,218,82.2,272,50.1,36.05,47.45
42.55,38.1,50.9,77.2,65.8,69.7,31.8,26.35,76.3,457,290.5,39.05,15.45,193,40.8,86.1,53.3,142,85.7,333.5,78.4,239,75.4,16.9,95,482,277.5,157.5,17.95,17.45,50.3,45.7,10.4,19.35,15.2,24.35,13.1,12.8,20.15,18.5,247,2650,105.5,15.45,76.7,84.6,16.15,68,42.5,68.4,12.05,37.7,31.85,17.1,321,176.5,30.8,72.6,273,9.66,28.45,31.55,54.7,153.5,52.6,23.1,12.95,23.7,39,262,469.5,33,37.55,65,46.15,27,27.5,323,22.9,60,6.81,10.05,45.05,14.3,20.5,23.7,77.9,47.7,38.85,34.85,97.4,88.8,56,76.3,105,55.3,26.8,101,16.55,12.05,65.2,21.6,48,16.3,15.15,33.2,23.2,322,170.5,283.5,32.85,10.45,26.8,9.2,10.5,16.15,8.79,27.1,68.3,172,21.75,67.2,146,101.5,28.6,27.5,210,15.1,39.55,89.4,179.5,37.15,74.8,10.25,7.79,103,52.1,44.3,47.85,298,20.3,113.5,218,82.2,272,50.1,36,47.5
42.6,38.1,50.8,77.2,65.7,69.7,31.8,26.4,76.3,457,290.5,39.05,15.45,193,40.75,86,53.4,142,85.7,333.5,78.3,239,75.4,16.9,95,482,277.5,157.5,17.95,17.45,50.3,45.75,10.35,19.4,15.2,24.35,13.15,12.85,20.15,18.55,247,2650,105.5,15.45,76.7,84.5,16.15,68.1,42.45,68.4,12,37.7,31.85,17.1,321.5,176,30.8,72.6,273,9.65,28.5,31.55,54.7,153.5,52.6,23.1,12.95,23.7,39,261.5,469.5,33,37.55,65.1,46.15,27.05,27.5,323,22.95,60,6.8,10.05,45.05,14.3,20.5,23.75,78,47.7,38.85,34.85,97.4,88.8,56,76.3,105,55.3,26.75,101,16.55,12.05,65.2,21.6,48,16.25,15.1,33.15,23.15,322,170.5,283.5,32.85,10.4,26.8,9.2,10.5,16.15,8.79,27.1,68.3,172,21.75,67.2,145.5,102,28.65,27.5,209.5,15.1,39.55,89.4,179.5,37.15,74.8,10.25,7.79,103.5,52.1,44.3,47.9,298,20.3,114,218,82.4,272,50.1,36,47.5
42.55,38.1,50.9,77.3,65.8,69.8,31.75,26.35,76.4,457,290.5,39.05,15.45,193,40.7,86,53.4,142.5,85.7,333.5,78.4,239,75.4,16.9,95.1,482,278,157.5,17.9,17.45,50.3,45.7,10.35,19.4,15.2,24.35,13.1,12.8,20.15,18.55,247,2650,105.5,15.45,76.5,84.6,16.15,68.1,42.5,68.4,12.05,37.7,31.85,17.1,321.5,176.5,30.75,72.6,273,9.65,28.5,31.55,54.7,153.5,52.6,23.1,12.95,23.7,39,261.5,469.5,33,37.55,65,46.15,27,27.5,323,22.9,60.2,6.8,10.05,45,14.3,20.55,23.7,78,47.7,38.85,34.85,97.4,88.8,56,76.4,105.5,55.3,26.75,101,16.55,12.05,65.2,21.6,48,16.3,15.15,33.15,23.2,322,170.5,283.5,32.8,10.4,26.8,9.2,10.5,16.15,8.79,27.1,68.3,172,21.75,67.2,145.5,102,28.65,27.5,209.5,15.1,39.5,89.5,179.5,37.15,74.8,10.3,7.79,103.5,52.1,44.3,47.85,298,20.3,113.5,218,82.4,272,50.1,36,47.5
42.55,38.05,50.9,77.2,65.9,69.8,31.75,26.35,76.4,457,290.5,39.1,15.4,193,40.7,86,53.4,142.5,85.7,333,78.4,239.5,75.4,16.9,95,482,277.5,157.5,17.9,17.45,50.3,45.7,10.4,19.4,15.2,24.35,13.15,12.85,20.15,18.55,247,2650,105.5,15.45,76.5,84.5,16.15,68,42.45,68.4,12,37.7,31.85,17.1,321,176,30.75,72.6,273,9.65,28.5,31.4,54.7,153.5,52.6,23.1,12.95,23.75,39,261.5,469.5,33,37.55,65,46.15,27,27.5,323,22.9,60.2,6.8,10.05,45.05,14.3,20.5,23.7,77.9,47.7,38.85,34.85,97.3,88.8,56.1,76.3,105.5,55.3,26.85,101,16.55,12.05,65.1,21.6,48,16.3,15.15,33.1,23.15,322,170.5,283.5,32.9,10.4,26.8,9.2,10.5,16.15,8.79,27.1,68.3,172,21.75,67.2,145.5,101.5,28.65,27.5,209.5,15.1,39.5,89.5,179.5,37.2,74.8,10.25,7.79,103.5,52,44.3,47.85,298,20.3,113.5,218,82.4,271.5,50.1,36,47.45
42.55,38.1,50.8,77.2,65.8,69.9,31.75,26.4,76.4,457,290.5,39.1,15.4,193,40.75,86,53.4,142.5,85.7,333.5,78.3,239.5,75.3,16.85,95.1,482,277.5,157,17.9,17.45,50.4,45.65,10.35,19.4,15.2,24.35,13.15,12.8,20.15,18.5,247,2650,105.5,15.45,76.5,84.7,16.15,67.9,42.5,68.4,12.05,37.75,31.8,17.1,321,176,30.75,72.6,273,9.65,28.45,31.5,54.7,153.5,52.6,23.1,12.95,23.75,39.05,261.5,469.5,33,37.6,65,46.15,27.05,27.5,323,22.95,60.3,6.8,10.05,45.05,14.3,20.5,23.75,77.9,47.7,38.85,34.8,97.3,88.8,56.1,76.3,105.5,55.3,26.8,101,16.55,12.05,65.1,21.6,48,16.3,15.1,33.15,23.15,322,170.5,283.5,32.85,10.45,26.85,9.2,10.5,16.15,8.8,27.15,68.3,172,21.7,67.1,145.5,101.5,28.65,27.55,209.5,15.1,39.4,89.5,179.5,37.2,74.9,10.25,7.79,103,52,44.3,47.75,298,20.35,114,218,82.4,272,50.1,36,47.45
42.55,38.1,50.8,77.2,65.8,69.9,31.75,26.35,76.4,457.5,290.5,39.05,15.45,193,40.7,85.9,53.4,142,85.7,333,78.1,239,75.3,16.9,95,482,277.5,157.5,17.9,17.45,50.4,45.7,10.4,19.35,15.2,24.35,13.15,12.85,20.2,18.55,247,2650,105.5,15.4,76.5,84.6,16.1,67.9,42.5,68.4,12.05,37.8,31.8,17.1,321,176,30.75,72.6,273,9.65,28.5,31.5,54.7,153.5,52.6,23.1,12.95,23.75,39,261.5,469.5,33,37.75,65,46.15,27.05,27.5,323,22.9,60.2,6.8,10,45.05,14.3,20.5,23.7,77.9,47.7,38.8,34.85,97.3,88.8,56,76.2,105.5,55.3,26.85,101,16.55,12.05,65.1,21.6,48,16.25,15.15,33.15,23.15,322,170.5,283.5,32.85,10.4,26.85,9.2,10.5,16.15,8.8,27.15,68.3,172,21.7,67.2,145.5,101.5,28.65,27.5,210,15.1,39.4,89.5,179.5,37.2,74.8,10.25,7.78,103,52.1,44.3,47.8,298,20.3,113.5,218,82.4,272,50.1,36,47.5
42.55,38.1,50.8,77.2,65.7,69.9,31.75,26.35,76.3,457.5,290.5,39.05,15.4,193,40.7,86,53.3,142,85.7,333,78.2,239.5,75.4,16.85,95.1,482,277.5,157.5,17.9,17.45,50.4,45.7,10.4,19.35,15.2,24.35,13.2,12.85,20.15,18.5,247,2650,105.5,15.4,76.5,84.6,16.1,67.9,42.55,68.4,12.05,37.7,31.8,17.1,321,176,30.75,72.6,273,9.65,28.5,31.3,54.7,153.5,52.6,23.15,12.95,23.75,39.05,261.5,469.5,33,37.8,65,46.15,27.05,27.5,323,22.95,60.1,6.8,10,45.05,14.3,20.5,23.75,77.9,47.7,38.75,34.85,97.4,88.8,56,76.1,105.5,55.3,26.8,101.5,16.55,12.05,65.2,21.55,48,16.3,15.1,33.1,23.2,322,170.5,283.5,32.85,10.4,26.8,9.2,10.5,16.15,8.79,27.15,68.3,172,21.75,67.1,145.5,101.5,28.65,27.5,209.5,15.1,39.45,89.5,179.5,37.2,74.9,10.25,7.78,103,52.1,44.3,47.75,298,20.3,113.5,218,82.4,272,50.1,35.95,47.5
42.5,38.1,50.9,77.3,65.8,69.9,31.75,26.4,76.4,458,291,39.05,15.4,193.5,40.7,85.9,53.4,142.5,85.7,333,78.4,239.5,75.4,16.85,95.1,482,277.5,157.5,17.9,17.45,50.4,45.65,10.4,19.4,15.2,24.35,13.15,12.85,20.15,18.55,247,2650,105.5,15.45,76.6,84.5,16.1,67.9,42.6,68.3,12.05,37.75,31.8,17.1,320.5,176,30.8,72.6,273,9.65,28.5,31.25,54.6,153.5,52.6,23.15,12.95,23.75,39,262,468,33,37.8,65,46.15,27,27.5,323,22.9,60,6.8,10,45,14.3,20.5,23.75,77.9,47.7,38.75,34.85,97.4,88.9,56,76.2,105.5,55.2,26.8,101.5,16.5,12.05,65.2,21.6,48,16.3,15.15,33.1,23.15,322,170.5,283.5,32.85,10.45,26.8,9.2,10.5,16.15,8.8,27.1,68.3,172,21.75,67,145.5,102,28.65,27.5,209.5,15.1,39.5,89.5,179.5,37.2,74.8,10.25,7.79,103,52.1,44.3,47.75,298.5,20.3,113.5,218,82.4,271.5,50.1,35.95,47.5
42.5,38.1,50.8,77.2,65.8,69.9,31.75,26.4,76.3,458,291,39.1,15.45,193.5,40.7,85.9,53.4,142,85.7,333,78.3,239,75.4,16.9,95.1,482,277.5,157.5,17.9,17.45,50.4,45.65,10.4,19.35,15.2,24.35,13.15,12.8,20.15,18.55,247,2655,105.5,15.45,76.6,84.5,16.1,67.9,42.5,68.3,12,37.7,31.85,17.1,320.5,176,30.75,72.6,273,9.65,28.5,31.25,54.6,153.5,52.6,23.15,12.95,23.75,39,261.5,468,33,37.7,65,46.15,27.05,27.5,323,22.9,59.9,6.8,10,45,14.3,20.5,23.75,77.9,47.7,38.8,34.9,97.4,88.9,56,76.2,105.5,55.1,26.8,101.5,16.5,12.05,65.2,21.6,48,16.3,15.15,33,23.2,322,170.5,283.5,32.85,10.45,26.8,9.21,10.5,16.15,8.79,27.1,68.3,172.5,21.7,67,145.5,102,28.6,27.5,209.5,15.1,39.5,89.5,179.5,37.2,74.8,10.25,7.79,103.5,52.1,44.3,47.75,298,20.3,113.5,218,82.4,271,50.1,35.95,47.5
42.5,38.1,50.8,77.3,65.7,69.8,31.75,26.35,76.4,457.5,291,39.05,15.45,193,40.7,85.9,53.3,142,85.7,332.5,78.3,239.5,75.4,16.9,95.1,482,277.5,158,17.9,17.45,50.3,45.65,10.35,19.4,15.2,24.3,13.2,12.85,20.2,18.55,247,2645,105.5,15.45,76.5,84.5,16.15,67.9,42.5,68.3,12.05,37.8,31.85,17.1,320.5,176,30.75,72.6,273,9.65,28.45,31.5,54.6,153.5,52.6,23.15,12.95,23.7,39.05,261.5,468,33,37.7,65,46.15,27.05,27.5,322.5,22.9,59.9,6.8,10.05,45.05,14.3,20.5,23.75,77.9,47.7,38.8,34.9,97.3,88.9,56.1,76.2,105.5,55.1,26.8,101.5,16.5,12.05,65.2,21.6,48,16.3,15.15,33,23.2,322,170.5,283,32.9,10.4,26.8,9.2,10.5,16.15,8.79,27.1,68.3,172,21.75,67,145.5,102,28.65,27.5,209.5,15.1,39.45,89.5,179,37.2,74.8,10.25,7.78,103,52,44.3,47.75,298,20.3,113.5,218,82.4,271.5,50,36,47.5
42.5,38.1,50.8,77.2,65.9,69.8,31.75,26.35,76.3,457.5,290.5,39.1,15.45,193,40.65,86,53.4,142,85.6,333,78.5,239.5,75.5,16.9,95.1,482,277.5,158,17.9,17.45,50.4,45.7,10.4,19.4,15.25,24.3,13.15,12.85,20.2,18.55,246.5,2645,105.5,15.45,76.6,84.6,16.1,67.9,42.5,68.3,12.05,37.7,31.85,17.1,320.5,175.5,30.75,72.6,273,9.66,28.45,31.25,54.7,153.5,52.6,23.15,12.95,23.7,39.05,261.5,469,33,37.7,65,46.15,27.05,27.5,323,22.9,59.9,6.8,10.05,45.05,14.35,20.5,23.75,77.9,47.7,38.8,34.85,97.4,88.9,56.1,76.3,105.5,55.1,26.75,101.5,16.5,12.05,65.2,21.6,48,16.3,15.15,32.9,23.15,322,170.5,283,32.9,10.4,26.8,9.2,10.5,16.15,8.79,27.1,68.2,172,21.75,67.1,145,101.5,28.65,27.45,209.5,15.1,39.45,89.6,179.5,37.2,74.9,10.25,7.78,103,52.1,44.3,47.75,298,20.3,113.5,218,82.4,271.5,49.95,36,47.5
42.55,38.1,50.8,77.2,65.9,69.8,31.75,26.35,76.4,457.5,290.5,39.1,15.45,193,40.7,85.9,53.3,142.5,85.6,332.5,78.5,239,75.5,16.9,95,481.5,277.5,158,17.9,17.45,50.3,45.7,10.4,19.35,15.2,24.35,13.15,12.85,20.15,18.55,246.5,2645,105.5,15.45,76.5,84.5,16.1,68,42.5,68.3,12.05,37.7,31.85,17.1,320.5,176,30.7,72.6,273,9.65,28.45,31.25,54.7,153.5,52.6,23.15,12.95,23.7,39.05,261.5,469,33,37.7,65.1,46.1,27.05,27.5,323,22.9,59.9,6.8,10.05,45,14.3,20.55,23.75,77.9,47.7,38.8,34.85,97.4,88.9,56.1,76.1,105.5,55.1,26.75,101.5,16.5,12.05,65.1,21.6,47.95,16.25,15.15,32.9,23.2,322,170.5,283,32.95,10.4,26.8,9.2,10.5,16.15,8.79,27.1,68.2,172,21.75,67,145,102,28.65,27.5,210,15.1,39.45,89.6,179.5,37.2,74.9,10.25,7.78,103.5,52.1,44.3,47.8,298,20.3,113.5,218,82.4,272,49.95,36,47.45
42.5,38.1,50.8,77.2,65.8,69.8,31.75,26.35,76.3,457.5,290.5,39.05,15.4,193.5,40.75,85.9,53.3,142.5,85.7,333,78.2,239.5,75.5,16.9,95,481.5,277,157.5,17.9,17.45,50.3,45.7,10.4,19.4,15.2,24.3,13.15,12.9,20.15,18.5,246.5,2650,105.5,15.45,76.5,84.5,16.1,68,42.5,68.3,12.05,37.7,31.85,17.1,320.5,176,30.7,72.6,273,9.66,28.45,31.2,54.7,153.5,52.6,23.15,12.95,23.7,39.05,261.5,469,33,37.65,65,46.1,27,27.5,323,22.9,60,6.81,10.05,45.05,14.3,20.5,23.75,77.9,47.7,38.85,34.8,97.4,88.9,56.1,76.1,105.5,55.1,26.75,101.5,16.5,12.05,65.1,21.55,47.95,16.25,15.15,32.95,23.15,322,170.5,283,32.9,10.4,26.8,9.2,10.5,16.15,8.79,27.15,68.2,172,21.7,67,145.5,102,28.6,27.5,209,15.1,39.45,89.6,179.5,37.2,74.8,10.25,7.79,103.5,52,44.3,47.75,298,20.3,113.5,218,82.3,272,49.95,35.95,47.45
42.55,38.1,50.8,77.2,65.8,69.8,31.8,26.35,76.4,457.5,290.5,39.1,15.4,193,40.75,85.9,53.3,142.5,85.7,333,78.2,239.5,75.4,16.9,95.1,482,277,158,17.9,17.45,50.3,45.7,10.35,19.4,15.2,24.35,13.15,12.85,20.15,18.55,246.5,2650,105.5,15.4,76.6,84.4,16.15,68,42.55,68.4,12.05,37.7,31.85,17.1,320.5,176,30.65,72.6,273,9.66,28.45,31.2,54.7,153,52.7,23.15,12.95,23.7,39,261.5,469,33,37.65,65,46.1,27,27.5,323,22.95,60,6.81,10.05,45.05,14.3,20.5,23.75,77.9,47.7,38.8,34.8,97.4,88.9,56.1,76,105.5,55.1,26.75,101.5,16.5,12.05,65.1,21.6,47.95,16.25,15.15,32.95,23.15,322,170.5,283,32.85,10.4,26.8,9.2,10.5,16.15,8.79,27.15,68.2,171.5,21.7,67.1,145,101.5,28.65,27.45,209,15.1,39.45,89.6,179.5,37.2,74.8,10.25,7.79,103.5,52,44.25,47.75,299,20.3,113,218,82.3,272,49.95,35.95,47.5
42.5,38.1,50.8,77.3,65.9,69.8,31.8,26.35,76.3,457,290.5,39.1,15.4,193,40.75,85.9,53.3,142,85.7,332.5,78.3,239.5,75.5,16.85,95.1,481.5,277.5,157.5,17.9,17.45,50.4,45.65,10.35,19.4,15.2,24.3,13.15,12.85,20.2,18.5,246.5,2650,105.5,15.45,76.5,84.5,16.15,68,42.5,68.4,12.05,37.7,31.85,17.1,320.5,176,30.8,72.6,273,9.66,28.5,31.2,54.7,153,52.7,23.15,12.95,23.7,39,262,469,33,37.75,65,46.1,27.05,27.5,322.5,22.9,60,6.8,10.05,45.05,14.25,20.5,23.75,77.9,47.7,38.8,34.85,97.4,88.9,56.1,76,105.5,55.2,26.75,102,16.5,12.05,65.1,21.6,47.95,16.25,15.15,33,23.15,322,170.5,283,32.85,10.4,26.8,9.2,10.55,16.15,8.8,27.1,68.2,172,21.75,67,145,102,28.6,27.45,209,15.1,39.45,89.6,179.5,37.2,74.8,10.25,7.79,103.5,51.9,44.3,47.75,298,20.3,113.5,217.5,82.3,272,49.95,35.95,47.5
42.5,38.1,50.8,77.3,65.7,69.8,31.8,26.35,76.4,457,290.5,39.15,15.45,193,40.75,86,53.4,142,85.8,332.5,78.1,239,75.4,16.85,95.1,481.5,277.5,157.5,17.95,17.45,50.4,45.65,10.4,19.35,15.2,24.3,13.15,12.85,20.15,18.5,246.5,2650,105.5,15.45,76.5,84.5,16.15,68,42.5,68.4,12,37.7,31.85,17.1,320,176,30.8,72.6,273,9.66,28.45,31.2,54.6,153,52.6,23.15,12.95,23.7,39,261.5,469,33,37.75,65,46.1,27,27.55,322.5,22.95,60,6.81,10.05,45.05,14.3,20.5,23.75,77.9,47.7,38.8,34.8,97.4,88.9,56.1,75.9,105.5,55.2,26.7,102,16.55,12.05,65.2,21.6,48,16.25,15.2,32.95,23.15,322,170.5,283,32.9,10.4,26.75,9.2,10.55,16.15,8.79,27.1,68.2,172,21.75,67,145,101.5,28.6,27.45,209,15.1,39.45,89.6,179.5,37.2,74.8,10.25,7.79,103.5,51.9,44.25,47.75,298,20.3,113,217.5,82.3,272,49.95,35.95,47.45
42.5,38.1,50.7,77.3,65.8,69.8,31.75,26.35,76.3,457,291,39.15,15.45,193,40.7,85.9,53.3,142.5,85.7,332.5,78.3,239.5,75.3,16.85,95.1,481.5,278,157.5,17.9,17.45,50.4,45.7,10.4,19.35,15.25,24.35,13.2,12.85,20.15,18.5,247,2650,106,15.4,76.5,84.5,16.1,68.1,42.5,68.4,12.05,37.7,31.85,17.1,320,176,30.75,72.6,273,9.66,28.5,31.2,54.6,153,52.6,23.15,13,23.7,39,261.5,469,33,37.75,65,46.1,27,27.55,322.5,22.9,60,6.81,10.05,45.05,14.25,20.55,23.75,77.9,47.6,38.85,34.85,97.4,88.9,56,75.9,105.5,55.1,26.7,102,16.55,12.05,65.2,21.55,48,16.25,15.15,32.95,23.2,322,170.5,283,32.85,10.45,26.75,9.2,10.55,16.15,8.79,27.1,68.1,172,21.7,66.9,145,101.5,28.6,27.45,209,15.1,39.45,89.6,179.5,37.25,74.8,10.25,7.8,104,52,44.3,47.75,298,20.3,113,217.5,82.3,272,49.95,35.95,47.4
42.5,38.05,50.7,77.2,65.8,69.9,31.8,26.35,76.4,457,291,39.1,15.4,193,40.7,85.9,53.3,142.5,85.7,332.5,78.4,239,75.3,16.8,95.1,481.5,278,157.5,17.9,17.5,50.4,45.65,10.4,19.4,15.2,24.3,13.15,12.85,20.15,18.55,247,2650,105.5,15.4,76.5,84.5,16.15,68,42.45,68.4,12,37.7,31.85,17.1,320.5,176,30.75,72.6,273,9.66,28.45,31.2,54.6,153,52.6,23.15,13,23.7,39.05,261.5,469,33,37.75,65,46.1,27,27.55,322.5,22.9,59.9,6.81,10.05,45.05,14.3,20.55,23.75,77.9,47.75,38.8,34.8,97.4,88.9,56,76.2,105,55.2,26.7,102,16.55,12.05,65.2,21.6,48,16.25,15.15,32.95,23.15,322,170.5,283,32.85,10.4,26.8,9.2,10.55,16.15,8.79,27.1,68.1,172,21.75,66.9,145.5,102,28.6,27.45,209,15.1,39.45,89.6,179.5,37.25,74.8,10.25,7.8,103.5,52,44.3,47.8,298,20.3,113.5,217.5,82.4,272,49.95,35.95,47.4
42.5,38.05,50.7,77.3,65.7,69.8,31.75,26.35,76.4,457,291,39.1,15.45,193,40.7,85.9,53.4,142.5,85.7,332.5,78.5,239.5,75.4,16.8,95.1,481.5,278,157.5,17.9,17.5,50.4,45.65,10.35,19.4,15.2,24.35,13.15,12.85,20.15,18.55,247,2650,105.5,15.4,76.5,84.7,16.15,68,42.5,68.4,12.05,37.7,31.85,17.1,320.5,175.5,30.75,72.6,273,9.66,28.45,31.2,54.6,153,52.6,23.15,13,23.7,39.05,261.5,468,33,37.75,65,46.1,27,27.55,322.5,22.9,59.9,6.8,10,45,14.25,20.55,23.7,77.9,47.6,38.8,34.8,97.5,88.9,56,76,105,55.2,26.7,101.5,16.55,12.05,65.2,21.55,48,16.25,15.2,32.95,23.15,322,170.5,283,33,10.4,26.8,9.21,10.55,16.15,8.79,27.1,68.1,172,21.7,66.8,145.5,102,28.6,27.45,209,15.05,39.45,89.5,179.5,37.25,74.9,10.25,7.79,103.5,51.9,44.3,47.75,298,20.3,114,217.5,82.4,272,49.95,35.95,47.4
42.5,38.1,50.7,77.2,65.8,69.8,31.75,26.35,76.3,457,291,39.1,15.4,193,40.7,86,53.4,142.5,85.6,332.5,78.2,239,75.4,16.8,95.1,481.5,278,157.5,17.9,17.45,50.4,45.65,10.4,19.4,15.2,24.35,13.2,12.85,20.15,18.5,247,2650,105.5,15.4,76.5,84.8,16.15,68,42.5,68.4,12,37.7,31.85,17.1,319,175.5,30.75,72.6,273,9.65,28.45,31.2,54.6,153,52.6,23.15,13,23.7,39.05,261.5,468,33,37.7,65,46.1,27,27.55,322.5,22.9,60,6.8,10.05,45,14.25,20.5,23.7,77.9,47.6,38.8,34.85,97.5,88.9,56,76.1,105,55.2,26.7,101.5,16.55,12.05,65.2,21.6,48,16.25,15.2,32.95,23.15,322,170.5,283,32.9,10.4,26.8,9.2,10.55,16.15,8.79,27.1,68.1,172,21.75,66.9,145,102,28.55,27.45,209,15.05,39.45,89.5,179.5,37.25,74.9,10.25,7.8,103.5,51.9,44.3,47.75,298,20.3,114,218,82.4,272,49.95,35.95,47.4
42.55,38.1,50.7,77.1,65.7,69.8,31.75,26.4,76.3,457,290.5,39.1,15.45,193,40.75,85.9,53.3,141.5,85.6,332.5,78.2,239,75.4,16.85,95.1,481.5,278,158,17.9,17.45,50.4,45.65,10.4,19.4,15.2,24.35,13.15,12.85,20.15,18.5,247,2650,105.5,15.45,76.4,84.9,16.1,68.1,42.5,68.4,12.05,37.7,31.85,17.1,319.5,175.5,30.75,72.6,273,9.66,28.45,31.2,54.6,153,52.6,23.15,13,23.7,39.05,261.5,470,33,37.7,65,46.1,27.05,27.55,322.5,22.9,60,6.8,10.05,45,14.3,20.5,23.75,77.9,47.6,38.8,34.8,97.5,88.8,56.1,76.1,104.5,55.2,26.7,101.5,16.55,12.05,65.2,21.6,48,16.25,15.15,32.95,23.2,322,170.5,283,32.9,10.4,26.8,9.2,10.55,16.15,8.79,27.1,68.1,172,21.7,66.9,145,102.5,28.55,27.45,209,15.05,39.45,89.5,179.5,37.25,74.8,10.25,7.8,103.5,52,44.25,47.75,298,20.3,113.5,218,82.4,272,49.95,35.95,47.35
42.5,38.1,50.7,77.1,65.8,69.8,31.75,26.35,76.4,457,290.5,39.1,15.45,193,40.75,85.9,53.3,141.5,85.6,332.5,78.2,239,75.4,16.8,95.1,481.5,278,158,17.95,17.45,50.4,45.65,10.4,19.4,15.2,24.35,13.15,12.85,20.15,18.5,247,2650,105.5,15.4,76.5,85,16.1,68,42.45,68.4,12.05,37.7,31.85,17.1,319.5,176,30.7,72.6,273,9.66,28.5,31.2,54.7,153,52.6,23.15,13,23.7,39.05,261.5,470,33,37.75,65,46.1,27,27.55,322,22.95,60,6.8,10.05,45.05,14.3,20.5,23.75,77.9,47.6,38.8,34.85,97.5,88.8,56.1,76.1,104.5,55.2,26.7,101.5,16.55,12.05,65.2,21.6,48,16.25,15.2,32.95,23.2,322,170.5,283.5,32.9,10.4,26.8,9.2,10.55,16.15,8.79,27.1,68.1,172,21.7,66.9,145.5,102,28.55,27.45,209.5,15.1,39.45,89.5,179.5,37.25,74.8,10.25,7.81,103.5,52,44.25,47.75,298,20.25,113,218,82.4,272,49.95,35.95,47.4
42.5,38.1,50.7,77.1,65.7,69.9,31.7,26.35,76.4,457,290.5,39.15,15.45,193,40.7,85.9,53.3,141.5,85.6,332.5,78.3,239,75.4,16.85,95.1,481,277.5,158,17.95,17.5,50.4,45.6,10.4,19.4,15.2,24.35,13.15,12.8,20.15,18.55,246.5,2650,105.5,15.4,76.4,85,16.1,67.9,42.45,68.4,12,37.7,31.85,17.1,319.5,176,30.65,72.5,273,9.65,28.45,31.2,54.6,153,52.6,23.15,13,23.7,39.05,261.5,470,33,37.75,65,46.1,27,27.55,322,22.95,59.9,6.8,10,45.05,14.25,20.5,23.7,77.9,47.6,38.8,34.85,97.5,88.8,56,76,104,55.2,26.7,101.5,16.55,12.05,65.1,21.55,48,16.25,15.2,32.95,23.15,322,170.5,283.5,32.95,10.4,26.8,9.21,10.55,16.15,8.79,27.1,68.1,172,21.7,67,145.5,102.5,28.55,27.45,209,15.1,39.4,89.5,179.5,37.25,74.8,10.25,7.81,103,52,44.25,47.7,298,20.25,113,218,82.4,272,49.95,35.95,47.4
42.5,38.1,50.7,77.1,65.7,69.8,31.7,26.35,76.3,457,290.5,39.15,15.45,193,40.75,85.9,53.3,141.5,85.7,332,78.3,239.5,75.3,16.8,95,481,278,158,17.9,17.45,50.4,45.65,10.4,19.4,15.2,24.35,13.15,12.8,20.15,18.5,246.5,2650,105.5,15.4,76.4,85,16.1,67.9,42.4,68.4,12,37.75,31.8,17.1,319.5,175.5,30.75,72.5,273,9.65,28.5,31.45,54.6,153,52.6,23.15,13,23.7,39.05,261.5,468,33,37.75,64.9,46.1,27.05,27.55,322,22.95,60,6.8,10,45,14.25,20.5,23.7,78,47.6,38.8,34.85,97.5,88.8,56,76,104.5,55.1,26.75,101.5,16.55,12.05,65.1,21.6,48,16.25,15.15,32.95,23.15,322,170.5,283.5,32.95,10.4,26.8,9.21,10.55,16.15,8.79,27.15,68.1,172,21.7,67,145.5,102,28.55,27.45,209.5,15.1,39.4,89.5,179.5,37.2,74.9,10.25,7.81,103,52,44.3,47.6,298,20.25,113,217.5,82.4,271.5,49.95,35.95,47.35
42.55,38.1,50.7,77.2,65.7,69.8,31.7,26.35,76.3,457,290.5,39.15,15.45,193,40.75,85.9,53.3,141.5,85.7,332.5,78.4,239,75.3,16.8,95.1,480.5,277.5,158,17.9,17.45,50.4,45.65,10.4,19.35,15.2,24.35,13.15,12.8,20.2,18.55,246.5,2650,105.5,15.4,76.4,85,16.1,68,42.4,68.4,12,37.8,31.8,17.1,320,175.5,30.75,72.5,273,9.65,28.5,31.45,54.6,153,52.6,23.15,13,23.7,39.05,261.5,469,33,37.75,64.9,46.1,27,27.55,322,22.95,60,6.79,10.05,44.95,14.3,20.55,23.75,77.9,47.6,38.8,34.8,97.5,88.8,56.1,76,104.5,55.1,26.75,101.5,16.55,12.05,65.2,21.6,48,16.25,15.2,32.95,23.15,322,170.5,283.5,32.95,10.4,26.75,9.2,10.55,16.15,8.79,27.15,68.1,172,21.7,67.1,145.5,102,28.55,27.45,209.5,15.05,39.4,89.5,179.5,37.2,74.8,10.25,7.81,103,52,44.3,47.55,297.5,20.25,113,217.5,82.4,272,50,35.95,47.35
42.55,38.1,50.7,77.1,65.7,69.8,31.7,26.35,76.4,457,290.5,39.1,15.45,193,40.7,85.9,53.3,141.5,85.6,332.5,78.4,239.5,75.2,16.75,95.1,480.5,277.5,157.5,17.9,17.5,50.4,45.6,10.4,19.4,15.2,24.35,13.15,12.8,20.15,18.5,246.5,2650,105.5,15.35,76.4,85,16.15,67.9,42.45,68.3,12,37.8,31.8,17.1,320,175.5,30.75,72.5,273,9.65,28.45,31.45,54.6,153,52.6,23.15,13,23.7,39.05,261.5,469,33,37.75,64.9,46.1,27,27.55,322.5,22.95,59.9,6.79,10.05,44.95,14.25,20.5,23.75,77.8,47.6,38.8,34.8,97.5,88.8,56,76,104.5,55.1,26.75,101.5,16.55,12.05,65.2,21.55,48,16.25,15.15,32.95,23.15,322,170.5,283.5,32.95,10.4,26.75,9.2,10.55,16.15,8.79,27.15,68.1,172,21.7,67.1,146,102.5,28.55,27.4,209,15.05,39.4,89.5,179.5,37.2,74.9,10.25,7.81,103,52,44.25,47.5,297.5,20.25,113,217.5,82.4,272,49.95,35.95,47.35
42.55,38.1,50.7,77.1,65.6,69.8,31.7,26.35,76.4,457,290.5,39.1,15.45,193.5,40.7,85.8,53.3,142,85.6,332,78.1,239,75.3,16.75,95.1,480,277.5,158,17.9,17.45,50.4,45.65,10.4,19.35,15.2,24.35,13.15,12.85,20.2,18.55,247,2650,106,15.4,76.4,84.9,16.1,67.9,42.4,68.3,12,37.8,31.8,17.1,320,175.5,30.75,72.5,273,9.65,28.45,31.45,54.6,153,52.6,23.15,13,23.7,39.05,261.5,469,33,37.75,64.9,46.1,27.05,27.5,322,22.95,59.9,6.8,10.05,44.9,14.25,20.5,23.75,78,47.55,38.8,34.8,97.5,88.8,56,76,104.5,55.1,26.8,101.5,16.55,12.05,65.2,21.5,48,16.2,15.15,32.95,23.15,322,170.5,283.5,32.95,10.4,26.75,9.2,10.55,16.15,8.79,27.1,68.1,172,21.7,67,146,102.5,28.6,27.4,209.5,15.1,39.45,89.5,179.5,37.2,74.8,10.25,7.81,103.5,52,44.25,47.4,297.5,20.25,113,218.5,82.4,272,49.95,35.95,47.4
42.5,38.05,50.7,77.1,65.7,69.8,31.75,26.4,76.4,457,290.5,39.1,15.45,193,40.65,85.9,53.3,141.5,85.6,332,78.1,239,75.3,16.75,95.1,480,278,158,17.9,17.45,50.4,45.65,10.4,19.35,15.2,24.3,13.15,12.85,20.15,18.55,247,2645,105.5,15.4,76.3,84.9,16.1,67.9,42.5,68.3,12,37.8,31.8,17.1,320.5,175.5,30.7,72.5,273,9.65,28.45,31.45,54.6,153,52.6,23.15,13,23.7,39,261,469,33,37.75,64.9,46.1,27,27.5,321.5,22.95,59.9,6.8,10.05,44.85,14.25,20.55,23.7,78,47.55,38.85,34.9,97.5,88.8,56,76,104.5,55,26.75,101.5,16.55,12.05,65.1,21.55,48,16.25,15.15,32.95,23.15,322,170.5,283.5,32.95,10.45,26.75,9.2,10.55,16.15,8.79,27.1,68.1,171.5,21.7,67,146,102.5,28.55,27.4,209,15.1,39.4,89.5,179.5,37.2,74.8,10.3,7.81,103.5,52,44.25,47.5,297.5,20.25,113.5,218.5,82.4,272,49.95,35.95,47.35
42.5,38.1,50.7,77.2,65.7,69.9,31.7,26.35,76.4,457,290.5,39.1,15.4,193,40.65,85.8,53.3,142,85.6,332.5,78.1,239.5,75.3,16.75,95.1,480.5,278,157.5,17.95,17.5,50.4,45.65,10.4,19.4,15.2,24.35,13.15,12.85,20.2,18.55,247,2645,105.5,15.45,76.4,85,16.1,67.9,42.5,68.3,12,37.8,31.8,17.1,320.5,175.5,30.75,72.5,273,9.65,28.45,31.45,54.6,153,52.6,23.15,13,23.7,39.05,261.5,469,33,37.75,64.9,46.1,27.05,27.5,321.5,22.95,59.9,6.8,10.05,44.85,14.25,20.5,23.75,78,47.55,38.9,34.9,97.5,88.8,56,76.2,104.5,55,26.75,101.5,16.55,12.05,65.1,21.55,47.95,16.2,15.15,32.95,23.15,322,170.5,283.5,32.95,10.4,26.8,9.2,10.55,16.15,8.79,27.15,68.1,171.5,21.65,67,145.5,102,28.55,27.4,209,15.05,39.35,89.5,179.5,37.2,74.8,10.3,7.81,103.5,52,44.25,47.55,297.5,20.25,113.5,218.5,82.2,272,49.95,35.95,47.35
42.55,38.05,50.7,77.2,65.7,69.8,31.75,26.35,76.4,457,290.5,39.1,15.45,193,40.65,85.8,53.3,141.5,85.6,332.5,78.4,239,75.3,16.75,95.1,480.5,277.5,157.5,17.95,17.45,50.4,45.65,10.4,19.4,15.15,24.35,13.15,12.85,20.15,18.55,247,2645,105.5,15.4,76.4,85,16.15,67.9,42.5,68.3,12,37.75,31.8,17.1,320.5,175.5,30.7,72.5,273,9.66,28.45,31.45,54.6,153,52.7,23.15,13,23.7,39,261.5,469,33,37.75,64.9,46.15,27.05,27.5,321.5,22.95,59.7,6.8,10.05,44.85,14.25,20.55,23.75,78,47.55,38.85,34.9,97.5,88.9,56,76.2,104.5,55.1,26.75,101.5,16.55,12.05,65.1,21.55,47.95,16.25,15.15,33,23.15,322,170.5,283.5,32.9,10.4,26.8,9.2,10.55,16.15,8.79,27.1,68.1,171.5,21.65,67,146,102,28.55,27.45,209.5,15.1,39.45,89.5,179.5,37.25,74.8,10.3,7.81,103.5,52,44.25,47.7,297.5,20.25,113.5,218.5,82.2,272,50,35.95,47.3
42.5,38.1,50.7,77.1,65.7,69.8,31.7,26.35,76.4,457,290.5,39.1,15.45,193.5,40.6,85.8,53.3,141.5,85.6,332.5,78.4,239,75.3,16.8,95.1,481,278,157.5,17.95,17.45,50.4,45.65,10.4,19.4,15.2,24.35,13.15,12.85,20.15,18.55,247,2650,105.5,15.45,76.4,85,16.1,67.8,42.5,68.3,12,37.75,31.8,17.1,320.5,176,30.7,72.5,273,9.66,28.45,31.45,54.6,153,52.7,23.15,13,23.7,39,261.5,469,33,37.75,65,46.15,27,27.5,321.5,22.95,59.7,6.8,10,44.8,14.25,20.5,23.75,78,47.6,38.9,34.85,97.5,88.9,56,76.1,104.5,55.1,26.75,101.5,16.55,12.05,65.1,21.55,47.95,16.25,15.15,33,23.2,322,170.5,283.5,32.9,10.4,26.75,9.2,10.55,16.15,8.79,27.1,68.2,171.5,21.7,67,146,102,28.6,27.45,209,15.05,39.4,89.5,179.5,37.25,74.9,10.3,7.82,103.5,52,44.2,47.65,297.5,20.25,114,218.5,82.2,272,50,35.95,47.3
42.5,38.05,50.8,77.2,65.7,69.8,31.75,26.35,76.4,457,290.5,39.15,15.45,193.5,40.65,85.9,53.4,142,85.6,332.5,78.2,239,75.2,16.8,95.2,481,277.5,157.5,17.95,17.5,50.4,45.7,10.4,19.4,15.2,24.35,13.15,12.85,20.2,18.55,247.5,2650,105.5,15.4,76.4,85,16.15,67.9,42.45,68.3,12,37.75,31.9,17.15,320.5,176,30.75,72.5,273,9.66,28.45,31.45,54.6,153,52.7,23.15,13,23.7,39.05,261.5,469,33,37.75,65,46.15,27.05,27.5,321.5,22.95,59.8,6.8,10,44.85,14.3,20.55,23.8,77.9,47.6,38.9,34.95,97.5,88.9,56,76.3,105,55.1,26.8,101.5,16.55,12.05,65.2,21.55,47.95,16.25,15.15,33,23.2,322,170.5,283.5,32.9,10.45,26.8,9.21,10.55,16.15,8.79,27.15,68.2,171.5,21.65,67,146,102.5,28.55,27.45,209.5,15.1,39.45,89.5,179.5,37.25,74.9,10.3,7.81,103,52,44.2,47.55,297.5,20.25,114,218.5,82.2,272,49.95,35.95,47.35
42.55,38.1,50.7,77.1,65.7,69.8,31.75,26.35,76.4,457,290.5,39.1,15.45,193,40.65,85.9,53.3,142,85.6,332.5,78.4,239.5,75.3,16.75,95.1,480.5,278,157.5,17.95,17.45,50.4,45.65,10.4,19.4,15.15,24.35,13.15,12.9,20.15,18.5,247.5,2650,105.5,15.4,76.4,85,16.1,67.8,42.45,68.3,12,37.75,31.9,17.15,320.5,176,30.7,72.6,273,9.65,28.5,31.45,54.6,153,52.6,23.15,13.05,23.7,39.05,261.5,469,33,37.75,65,46.15,27.05,27.5,321.5,22.95,59.9,6.8,10,44.8,14.25,20.55,23.8,78,47.55,38.9,34.85,97.4,88.9,56,76.3,105,55.1,26.8,101.5,16.55,12.05,65.1,21.55,47.95,16.25,15.1,32.95,23.15,322,170.5,283.5,32.9,10.4,26.8,9.21,10.55,16.15,8.78,27.1,68.1,171,21.65,67,146,102,28.55,27.45,209,15.1,39.4,89.5,179.5,37.25,74.8,10.3,7.82,103.5,52,44.2,47.5,297.5,20.25,113.5,218.5,82.2,272,49.9,35.95,47.3
42.5,38.1,50.8,77.1,65.7,69.8,31.75,26.3,76.4,457,290.5,39.1,15.45,193,40.7,85.9,53.3,141.5,85.6,332.5,78.4,239.5,75.3,16.8,95.1,481,277.5,158,17.95,17.5,50.4,45.65,10.35,19.4,15.2,24.4,13.15,12.85,20.15,18.55,247.5,2650,105.5,15.4,76.3,85,16.1,67.9,42.5,68.3,12,37.75,31.9,17.15,320.5,176,30.7,72.6,273,9.65,28.45,31.45,54.6,153,52.6,23.15,13.05,23.7,39.05,261.5,469,33,37.7,65,46.15,27,27.5,321.5,22.95,59.8,6.81,10,44.8,14.3,20.5,23.7,77.9,47.55,38.85,34.9,97.4,88.9,56,76.2,105,55.1,26.8,101.5,16.55,12.05,65.2,21.55,47.95,16.25,15.1,32.95,23.15,322,171,283.5,32.9,10.4,26.8,9.21,10.5,16.15,8.78,27.1,68.2,171.5,21.7,66.9,146,102.5,28.55,27.45,209.5,15.1,39.4,89.5,179.5,37.25,74.9,10.25,7.83,103.5,51.9,44.25,47.45,298,20.3,114,218.5,82.4,272,49.9,35.95,47.35
42.55,38.1,50.8,77.1,65.7,69.8,31.75,26.35,76.3,457,290.5,39.1,15.4,193,40.65,85.9,53.4,141.5,85.6,332.5,78.5,239.5,75.3,16.75,95.1,480.5,278,157.5,17.95,17.45,50.4,45.65,10.35,19.4,15.15,24.4,13.15,12.85,20.2,18.5,247.5,2650,105.5,15.4,76.3,84.9,16.1,67.9,42.5,68.3,12,37.75,31.9,17.15,320,176,30.7,72.6,273,9.65,28.45,31.45,54.6,153,52.6,23.15,13.05,23.7,39.05,261.5,468,33,37.7,65,46.15,27.05,27.55,321.5,22.9,59.9,6.81,10,44.85,14.25,20.55,23.7,77.9,47.55,38.85,34.95,97.4,88.9,56,76.1,105,55.1,26.8,101.5,16.55,12.05,65.2,21.55,48,16.2,15.1,32.95,23.1,322,171,283.5,32.9,10.4,26.8,9.21,10.55,16.15,8.79,27.1,68.2,171,21.65,66.9,146,102,28.55,27.45,209,15.1,39.4,89.5,179.5,37.25,74.8,10.25,7.84,103.5,51.9,44.2,47.45,298,20.25,114,218.5,82.4,272,49.9,35.95,47.35
42.5,38.1,50.7,77.1,65.6,69.8,31.75,26.3,76.4,457,290.5,39.05,15.4,193,40.65,86,53.3,142,85.6,332,78.5,240,75.2,16.75,95.1,480.5,277.5,157.5,17.95,17.45,50.4,45.7,10.35,19.35,15.15,24.4,13.15,12.9,20.2,18.55,247.5,2650,105.5,15.4,76.3,85,16.1,67.9,42.5,68.3,12,37.75,31.9,17.15,320.5,176,30.75,72.6,273,9.66,28.45,31.45,54.6,153,52.6,23.15,13,23.7,39,262,468,33,37.7,65,46.15,27.05,27.5,321.5,22.9,59.9,6.8,10,44.8,14.25,20.55,23.7,78,47.55,38.9,34.95,97.5,88.9,56,76.3,105,55.1,26.8,101.5,16.55,12.05,65.2,21.55,48,16.2,15.15,32.95,23.1,322,171,283.5,32.9,10.45,26.75,9.21,10.55,16.15,8.79,27.15,68.1,171.5,21.7,67,146,102.5,28.55,27.45,209,15.05,39.4,89.2,179,37.25,74.8,10.3,7.84,103.5,51.9,44.15,47.45,297.5,20.25,114,218.5,82.4,272,49.9,35.95,47.35
42.5,38.1,50.7,77.1,65.7,69.7,31.75,26.35,76.4,457,290.5,39.1,15.4,193,40.7,86,53.3,142,85.6,332,78.3,240,75.2,16.75,95.1,480.5,277.5,157.5,17.95,17.5,50.4,45.65,10.35,19.4,15.2,24.4,13.15,12.9,20.15,18.55,247.5,2650,105.5,15.4,76.3,85,16.1,67.8,42.55,68.3,12,37.8,31.9,17.15,320.5,176,30.75,72.6,273,9.65,28.45,31.45,54.6,153,52.6,23.15,13,23.7,39,261.5,469,33,37.7,65,46.15,27.05,27.5,321.5,22.95,59.9,6.8,10,44.85,14.25,20.55,23.7,78,47.55,38.9,34.9,97.5,89,56,76.1,104.5,55.1,26.8,101.5,16.5,12.05,65.2,21.55,48,16.2,15.15,33,23.1,322,171,283.5,32.9,10.4,26.8,9.21,10.55,16.15,8.78,27.1,68.1,171.5,21.7,67,146,103,28.6,27.45,209.5,15.1,39.4,89.2,179.5,37.2,74.9,10.25,7.83,104,51.9,44.15,47.35,297,20.25,113.5,218.5,82.4,272,49.9,35.95,47.35
42.5,38.05,50.8,77.1,65.6,69.8,31.7,26.35,76.4,457,290.5,39.1,15.4,193,40.65,86,53.3,142,85.6,332,78.5,240.5,75.3,16.75,95.2,481,278,157.5,17.95,17.45,50.4,45.65,10.35,19.4,15.2,24.4,13.15,12.9,20.2,18.55,247,2650,105.5,15.4,76.3,85.1,16.1,68,42.55,68.3,12,37.7,31.9,17.15,320.5,176,30.75,72.6,273,9.65,28.45,31.45,54.6,153,52.6,23.1,13,23.75,39,261.5,468,33,37.7,65,46.1,27.05,27.5,321.5,22.95,59.9,6.8,10.05,44.9,14.3,20.5,23.7,78,47.55,38.85,34.95,97.5,89,56,76.2,104.5,55.1,26.75,101.5,16.55,12.05,65.2,21.55,48,16.2,15.15,33,23.15,322,171,283.5,32.9,10.4,26.8,9.22,10.55,16.15,8.79,27.1,68.1,171.5,21.65,67,146,103,28.55,27.45,209.5,15.05,39.4,89.3,179.5,37.2,74.8,10.25,7.84,103.5,51.9,44.15,47.25,297,20.25,113.5,219,82.4,272,49.9,35.95,47.3
42.5,38.1,50.7,77.1,65.7,69.8,31.75,26.3,76.4,457,290.5,39.1,15.45,193,40.65,85.9,53.3,142,85.6,332.5,78.5,241,75.2,16.75,95.1,481.5,277.5,158,17.95,17.45,50.4,45.7,10.35,19.4,15.2,24.4,13.15,12.9,20.2,18.55,247,2650,105.5,15.4,76.3,85.1,16.1,68,42.5,68.3,12.05,37.75,31.9,17.15,320,176,30.75,72.6,273,9.65,28.45,31.45,54.7,153,52.6,23.1,13,23.7,39.05,261.5,470,33,37.7,65,46.1,27.1,27.55,321.5,22.95,60,6.8,10.05,44.9,14.25,20.5,23.7,78,47.55,38.9,34.9,97.5,89,56,76.2,104.5,55.2,26.75,101.5,16.55,12.05,65.2,21.55,48,16.2,15.1,33.1,23.15,322,171,283.5,32.9,10.4,26.8,9.21,10.5,16.15,8.79,27.1,68.1,171.5,21.7,66.9,146,103,28.55,27.45,209.5,15.1,39.4,89.4,179.5,37.2,74.8,10.25,7.84,103.5,51.9,44.15,47.2,297,20.25,113.5,219,82.4,272,49.85,36,47.3
42.55,38.1,50.7,77.1,65.6,69.7,31.75,26.3,76.3,457,290.5,39.1,15.4,193.5,40.65,86,53.3,141.5,85.6,332.5,78.5,241,75.3,16.7,95.1,481.5,277.5,157.5,17.95,17.45,50.4,45.65,10.35,19.4,15.2,24.35,13.15,12.9,20.2,18.5,247,2650,105.5,15.4,76.3,85,16.1,68,42.5,68.3,12.05,37.75,31.9,17.15,320.5,176,30.75,72.6,273,9.65,28.45,31.45,54.6,152.5,52.6,23.1,13,23.7,39.05,261.5,470,33,37.7,65,46.1,27.1,27.55,321.5,22.9,60,6.8,10.05,44.95,14.25,20.5,23.7,78,47.55,38.85,34.95,97.4,89,56,76.2,104.5,55.1,26.75,101.5,16.55,12.05,65.1,21.55,48,16.25,15.15,33.1,23.1,322,171,283.5,32.9,10.4,26.75,9.21,10.5,16.15,8.79,27.15,68.2,171.5,21.65,67,146.5,103,28.55,27.5,209.5,15.1,39.45,89.4,179.5,37.2,74.8,10.25,7.84,104,51.9,44.2,47.3,297,20.25,113.5,219,82.4,272.5,49.85,36,47.35
42.55,38.1,50.7,77.1,65.7,69.8,31.75,26.3,76.4,457.5,290.5,39.1,15.4,193,40.65,85.9,53.3,142,85.6,332,78.3,241,75.4,16.75,95.1,481.5,278,158,17.95,17.5,50.4,45.65,10.3,19.4,15.2,24.4,13.15,12.9,20.2,18.55,247,2650,105.5,15.4,76.3,85,16.1,68,42.55,68.3,12.05,37.75,31.9,17.15,321,176,30.75,72.6,273,9.65,28.4,31.45,54.7,152.5,52.6,23.15,13,23.7,39.05,262,469,33,37.7,64.9,46.1,27.05,27.55,321.5,22.95,60.1,6.79,10,44.95,14.3,20.55,23.7,78,47.55,38.85,34.9,97.4,89,56,76.2,104.5,55.2,26.75,101,16.55,12.05,65.2,21.55,48,16.25,15.15,33.05,23.1,322,171,283.5,32.9,10.45,26.8,9.21,10.55,16.15,8.79,27.15,68.2,172,21.65,67,146.5,102.5,28.55,27.45,209.5,15.1,39.4,89.4,179.5,37.2,74.8,10.3,7.85,104,51.9,44.15,47.4,297,20.25,113,219,82.4,272.5,49.85,36,47.35
42.5,38.1,50.7,77.1,65.6,69.8,31.75,26.35,76.4,457.5,291,39.1,15.4,193,40.7,86,53.3,142,85.6,332.5,78.3,240.5,75.5,16.75,95.2,481,277.5,157.5,17.95,17.5,50.5,45.65,10.35,19.4,15.2,24.4,13.2,12.9,20.2,18.55,247.5,2650,105.5,15.4,76.3,85.1,16.1,68,42.55,68.4,12,37.8,31.9,17.15,320.5,176,30.75,72.6,273,9.65,28.4,31.45,54.7,152.5,52.7,23.15,12.95,23.7,39.05,261.5,469,33,37.7,64.9,46.1,27.05,27.5,321.5,22.9,60.1,6.8,10.05,45,14.3,20.55,23.7,78,47.55,38.9,34.9,97.4,88.9,56,76.2,104.5,55.2,26.7,101,16.55,12.05,65.2,21.55,48,16.25,15.1,33.1,23.1,322,171,284,32.95,10.45,26.8,9.21,10.55,16.15,8.8,27.1,68.2,172,21.65,67,146.5,102.5,28.5,27.45,210,15.1,39.4,89.4,179.5,37.2,74.8,10.25,7.85,104,51.8,44.2,47.4,297,20.25,113.5,219,82.4,272.5,49.9,36,47.35
42.55,38.1,50.7,77.1,65.7,69.7,31.75,26.35,76.4,457.5,291,39.1,15.4,193,40.7,86,53.4,142,85.7,332,78.3,240.5,75.4,16.75,95.1,481.5,278,157.5,17.95,17.45,50.5,45.65,10.35,19.4,15.15,24.35,13.15,12.85,20.2,18.55,247,2650,105.5,15.4,76.2,85.1,16.1,67.9,42.5,68.4,12.05,37.8,31.9,17.15,320,176,30.7,72.6,273,9.65,28.45,31.45,54.6,152.5,52.7,23.15,12.95,23.7,39.05,261.5,469,33,37.7,65,46.1,27.05,27.5,321.5,23,60.2,6.8,10,45,14.25,20.55,23.7,78,47.55,38.9,34.9,97.4,88.8,56,76.2,105,55.2,26.75,101,16.55,12.05,65.3,21.55,48,16.2,15.15,33.1,23.1,322,171,283.5,32.9,10.45,26.8,9.21,10.5,16.15,8.79,27.1,68.2,172,21.65,66.9,147,103,28.55,27.5,210,15.1,39.4,89.4,179.5,37.25,74.8,10.25,7.84,104,51.8,44.15,47.45,297,20.25,113.5,219,82.4,272.5,49.9,36,47.3
42.5,38.1,50.8,77.2,65.7,69.7,31.75,26.35,76.4,457.5,291,39.15,15.4,193.5,40.65,85.9,53.3,141.5,85.6,332,78.4,240.5,75.4,16.75,95.1,481.5,277.5,157.5,17.95,17.45,50.5,45.65,10.35,19.4,15.2,24.35,13.2,12.9,20.2,18.55,247,2650,106,15.4,76.2,85.2,16.1,67.8,42.55,68.4,12,37.8,31.9,17.15,320,176,30.75,72.6,273,9.65,28.45,31.45,54.6,152.5,52.7,23.15,13,23.75,39.05,261.5,469.5,33,37.7,65,46.1,27,27.5,321.5,23,60.3,6.79,10,45,14.3,20.55,23.75,78,47.6,38.85,34.9,97.3,88.8,56,76.2,105,55.2,26.75,101,16.55,12.05,65.2,21.55,48,16.2,15.15,33.1,23.1,322,171,283.5,32.9,10.45,26.8,9.21,10.5,16.2,8.79,27.15,68.2,172,21.65,66.9,147,102.5,28.55,27.5,210.5,15.1,39.4,89.4,179.5,37.25,74.8,10.25,7.85,103.5,51.8,44.2,47.45,297,20.25,113.5,219,82.4,273,49.9,36,47.3
42.5,38.1,50.8,77.1,65.6,69.7,31.75,26.35,76.4,457.5,291,39.15,15.35,193,40.65,85.9,53.3,142,85.6,332.5,78.5,240.5,75.4,16.8,95.1,481.5,278,157.5,17.95,17.5,50.5,45.7,10.35,19.4,15.15,24.4,13.15,12.9,20.2,18.55,247,2650,105.5,15.4,76.2,85.1,16.1,67.8,42.5,68.3,12,37.75,31.9,17.15,320,176,30.75,72.6,273,9.66,28.45,31.45,54.6,152.5,52.7,23.15,13,23.75,39.05,262,469.5,33,37.7,65,46.1,27.05,27.5,321.5,22.95,60.3,6.8,10,44.95,14.25,20.55,23.75,78.1,47.6,38.85,34.85,97.4,88.7,56.1,76.2,104.5,55.2,26.7,101,16.55,12.05,65.2,21.5,48,16.2,15.05,33.1,23.15,322,171,283.5,32.9,10.45,26.8,9.21,10.5,16.2,8.8,27.1,68.2,172,21.7,67,147,103,28.55,27.45,210,15.1,39.45,89.4,179.5,37.25,74.9,10.25,7.84,103.5,51.9,44.2,47.45,297,20.3,113.5,219.5,82.2,273,50,36,47.35
42.55,38.1,50.7,77.1,65.7,69.7,31.75,26.35,76.4,458.5,291,39.15,15.4,193.5,40.75,85.9,53.3,142,85.6,332.5,78.5,240.5,75.3,16.75,95.1,481.5,278,157.5,17.95,17.5,50.4,45.7,10.35,19.35,15.2,24.35,13.15,12.9,20.15,18.55,247.5,2650,105.5,15.4,76.1,85.1,16.05,67.9,42.55,68.3,12.05,37.75,31.9,17.15,320.5,176,30.75,72.6,273,9.64,28.45,31.45,54.6,152.5,52.7,23.15,13,23.75,39.05,261.5,469.5,33,37.65,64.9,46.1,27.05,27.5,321.5,23,60.2,6.8,10.05,45,14.3,20.55,23.7,78.1,47.7,38.9,34.9,97.5,88.6,56.1,76.1,104.5,55.2,26.7,101.5,16.55,12.05,65.2,21.55,48,16.25,15.1,33.05,23.1,322,171,283.5,32.9,10.45,26.8,9.2,10.5,16.2,8.79,27.1,68.2,172,21.65,67,147.5,102.5,28.55,27.45,210,15.1,39.4,89.4,179.5,37.25,74.8,10.25,7.84,103.5,51.9,44.2,47.45,297,20.3,114,219.5,82.2,273,50,36,47.35
42.55,38.1,50.7,77.1,65.8,69.7,31.75,26.35,76.4,458.5,291,39.15,15.35,193.5,40.75,86,53.3,142,85.6,332.5,78.4,240.5,75.4,16.8,95.1,481.5,278,157.5,17.95,17.45,50.5,45.7,10.35,19.4,15.2,24.4,13.15,12.9,20.2,18.55,247.5,2650,105.5,15.45,76.2,85.1,16.1,67.9,42.55,68.4,12,37.75,31.9,17.15,320,176,30.75,72.6,273,9.65,28.4,31.4,54.6,153,52.7,23.15,13,23.75,39.05,262,469.5,33,37.65,64.9,46.1,27.1,27.5,321.5,23,60.1,6.8,10,45,14.3,20.55,23.7,78,47.8,38.95,34.85,97.5,88.7,56,76.2,104.5,55.2,26.75,101.5,16.55,12.05,65.2,21.55,48,16.2,15.1,33,23.1,322,171,283.5,32.95,10.45,26.8,9.21,10.5,16.2,8.79,27.15,68.2,172,21.65,66.9,146.5,102.5,28.6,27.45,210,15.1,39.4,89.5,179.5,37.25,74.9,10.25,7.83,103.5,51.8,44.25,47.4,297,20.3,113,219,82.2,273,50,36,47.3
42.55,38.05,50.8,77,65.7,69.6,31.8,26.35,76.4,457.5,291,39.15,15.35,193,40.7,86,53.4,142,85.6,332,78.5,241,75.3,16.75,95.1,481.5,278,157.5,17.95,17.45,50.5,45.65,10.35,19.4,15.15,24.4,13.15,12.9,20.15,18.55,247.5,2650,105.5,15.4,76.2,85.1,16.1,68,42.55,68.3,12.05,37.75,31.85,17.15,320.5,176,30.75,72.6,273,9.65,28.4,31.45,54.7,153,52.7,23.1,13,23.75,39,261.5,469.5,33,37.65,65,46.1,27.1,27.5,321.5,22.95,60.1,6.8,10.05,44.95,14.3,20.55,23.7,77.9,47.55,38.9,34.85,97.5,88.7,56,76.3,105,55.1,26.75,101.5,16.55,12.05,65.2,21.5,48.05,16.2,15.1,33,23.15,322,171,283.5,32.9,10.45,26.75,9.2,10.5,16.2,8.79,27.1,68.2,172,21.65,66.9,147,102.5,28.55,27.45,210,15.1,39.4,89.5,179.5,37.2,74.8,10.25,7.84,103.5,51.9,44.25,47.4,297,20.25,113,219.5,82.4,273,49.9,36,47.3
42.55,38.05,50.7,77,65.7,69.7,31.75,26.3,76.4,457.5,291,39.15,15.4,193,40.7,86,53.3,142.5,85.6,332,78.3,241,75.3,16.75,95.1,481,278,158,17.95,17.45,50.4,45.65,10.35,19.4,15.15,24.4,13.2,12.9,20.15,18.55,247.5,2650,105.5,15.45,76.2,85.2,16.1,68,42.5,68.3,12,37.75,31.85,17.15,320,176,30.75,72.6,273,9.65,28.4,31.4,54.6,153,52.7,23.1,12.95,23.75,39,261.5,469.5,33,37.65,65,46.1,27.05,27.5,321.5,23,60,6.8,10,44.95,14.3,20.55,23.7,77.9,47.55,38.95,34.85,97.5,88.7,56,76.2,105,55.2,26.75,101.5,16.55,12.05,65.2,21.55,48.05,16.2,15.1,33,23.15,322,171,283.5,32.9,10.45,26.75,9.2,10.5,16.2,8.8,27.1,68.2,172,21.65,66.9,146.5,102.5,28.55,27.45,210,15.1,39.35,89.5,179.5,37.2,74.8,10.25,7.84,103.5,51.9,44.2,47.4,297,20.25,113,219.5,82.4,273,49.9,36,47.3
42.5,38.05,50.7,77.1,65.7,69.5,31.75,26.3,76.4,457.5,291,39.1,15.35,193,40.7,85.9,53.4,142,85.6,332,78.3,241,75.3,16.7,95.1,481,277.5,157.5,17.95,17.45,50.4,45.65,10.35,19.4,15.15,24.4,13.2,12.9,20.2,18.55,247.5,2650,105.5,15.45,76.2,85.1,16.1,68,42.5,68.2,12,37.8,31.85,17.15,319,176,30.8,72.5,273,9.65,28.45,31.4,54.6,153,52.7,23.1,12.95,23.75,39.05,261.5,469.5,33,37.65,65,46.1,27.1,27.5,321.5,22.95,60.1,6.79,10,44.95,14.3,20.5,23.75,77.9,47.55,38.9,34.85,97.5,88.8,56,76.2,105,55.1,26.7,101.5,16.55,12.05,65.3,21.55,48.05,16.2,15.1,33,23.1,322,171,283.5,32.9,10.45,26.8,9.19,10.55,16.2,8.79,27.1,68.2,172,21.65,66.9,146.5,103,28.55,27.45,210,15.15,39.35,89.5,179.5,37.25,74.9,10.25,7.84,103.5,52,44.2,47.35,297,20.25,113,219.5,82.4,273,49.9,36,47.3
42.55,38.1,50.8,77.1,65.7,69.4,31.75,26.3,76.3,457.5,291,39.1,15.35,193,40.65,85.9,53.3,142,85.6,332,78.4,241,75.3,16.7,95.1,481,278,157.5,17.95,17.5,50.4,45.7,10.35,19.4,15.15,24.35,13.15,12.9,20.15,18.55,247,2650,105.5,15.4,76.2,85.1,16.1,68,42.55,68.2,12.05,37.8,31.85,17.1,319,176,30.75,72.5,273,9.65,28.45,31.4,54.6,153,52.7,23.1,12.95,23.75,39.05,261.5,469.5,33,37.65,64.9,46.1,27.05,27.5,321.5,23,60,6.8,10.05,44.95,14.3,20.5,23.7,77.9,47.55,38.85,34.85,97.5,88.8,56,76.2,105,55.2,26.7,101,16.55,12.05,65.1,21.55,48.05,16.2,15.1,33,23.1,322,171,283.5,32.9,10.45,26.8,9.2,10.55,16.2,8.79,27.15,68.2,172.5,21.7,67,146.5,102.5,28.5,27.45,210,15.1,39.35,89.5,179.5,37.25,74.8,10.25,7.84,103.5,51.9,44.2,47.4,297,20.3,114,219.5,82.4,273,49.9,36,47.3
42.5,38.1,50.7,77,65.7,69.4,31.75,26.35,76.3,457.5,291,39.1,15.4,193.5,40.65,85.9,53.4,142,85.6,332.5,78.4,240.5,75.2,16.75,95.1,481,278,157.5,17.95,17.5,50.4,45.65,10.35,19.4,15.15,24.35,13.15,12.9,20.15,18.5,247,2655,105.5,15.4,76.2,85.1,16.1,68,42.6,68.2,12,37.8,31.9,17.1,320,176,30.75,72.5,273,9.65,28.45,31.4,54.6,153,52.7,23.1,12.95,23.75,39.05,261.5,469.5,33,37.65,65,46.1,27.05,27.5,321.5,23,60,6.79,10.05,44.95,14.25,20.5,23.7,77.9,47.6,38.85,34.85,97.4,88.8,56.1,76.2,105,55.1,26.75,101.5,16.55,12.05,65.1,21.5,48,16.25,15.05,32.95,23.1,322,171,283.5,32.9,10.4,26.8,9.2,10.55,16.2,8.79,27.1,68.2,172,21.65,67,146.5,102.5,28.5,27.45,210,15.15,39.3,89.5,179.5,37.25,74.8,10.25,7.84,103.5,51.9,44.15,47.4,297,20.3,113.5,219.5,82.4,273.5,49.9,36,47.3
42.55,38.1,50.8,77.1,65.8,69.4,31.75,26.3,76.4,457.5,290.5,39.1,15.35,193,40.65,86,53.3,141.5,85.6,332,78.5,240.5,75.2,16.7,95.1,480.5,277.5,158,17.95,17.45,50.4,45.65,10.35,19.4,15.15,24.35,13.15,12.9,20.15,18.5,247,2650,105.5,15.45,76.2,85.2,16.1,68,42.6,68.2,12.05,37.8,31.9,17.15,319.5,175.5,30.75,72.5,273,9.65,28.45,31.4,54.6,153,52.6,23.1,12.95,23.75,39.05,261.5,469.5,33,37.65,65,46.1,27.05,27.5,321.5,22.95,60,6.8,10.05,44.9,14.25,20.5,23.7,77.9,47.6,38.85,34.85,97.4,88.7,56.1,76.1,105,55.2,26.75,101.5,16.55,12.05,65.1,21.55,48,16.2,15.05,32.95,23.1,322,171,283.5,32.9,10.4,26.75,9.2,10.55,16.2,8.79,27.1,68.2,172.5,21.65,66.9,146,103,28.5,27.45,210,15.15,39.3,89.5,179.5,37.25,74.9,10.25,7.83,103.5,51.9,44.15,47.4,298,20.25,113.5,219.5,82.4,273.5,49.9,36,47.35
42.5,38.05,50.8,77,65.7,69.4,31.75,26.3,76.3,457.5,290.5,39.1,15.35,193,40.65,86,53.3,141.5,85.6,332,78.5,240.5,75.1,16.7,95.1,481,278,157.5,17.95,17.45,50.4,45.65,10.35,19.4,15.15,24.4,13.15,12.85,20.15,18.5,247.5,2660,105.5,15.4,76.2,85.2,16.1,67.9,42.6,68.2,12.05,37.8,31.9,17.15,319.5,175.5,30.75,72.5,273,9.65,28.5,31.45,54.6,153,52.6,23.1,12.95,23.75,39.05,261,469,33,37.7,64.9,46.05,27.1,27.55,321.5,22.95,60,6.8,10,44.9,14.25,20.5,23.7,77.9,47.6,38.8,34.8,97.3,88.7,56,76.3,105,55.2,26.7,101.5,16.55,12.05,65.1,21.55,48,16.2,15.05,32.95,23.1,322,171,283.5,32.9,10.4,26.75,9.2,10.55,16.2,8.79,27.15,68.2,172.5,21.65,66.9,146,102.5,28.5,27.45,210,15.15,39.3,89.5,179.5,37.25,74.8,10.25,7.83,103,51.9,44.2,47.45,298,20.25,113.5,219.5,82.4,273.5,50,36,47.35
42.55,38.1,50.7,77,65.7,69.4,31.75,26.3,76.4,457.5,290.5,39.1,15.4,193,40.65,85.9,53.3,141.5,85.6,332,78.4,240,75,16.7,95.1,481,278,157.5,17.95,17.45,50.3,45.65,10.35,19.4,15.2,24.4,13.15,12.85,20.15,18.45,247.5,2660,105.5,15.45,76.2,85.3,16.1,67.9,42.6,68.2,12,37.8,31.9,17.15,319.5,175.5,30.75,72.5,273,9.65,28.45,31.45,54.6,153,52.6,23.1,12.95,23.75,39,261,469,33,37.7,64.9,46.05,27.05,27.55,321.5,22.95,60.1,6.8,10.05,44.9,14.25,20.5,23.7,77.9,47.85,38.85,34.85,97.3,88.8,56,76.2,105,55.3,26.75,101.5,16.55,12.05,65.2,21.55,48,16.25,15.05,32.95,23.1,322,171,283.5,32.9,10.4,26.8,9.2,10.55,16.2,8.79,27.15,68.1,172.5,21.65,66.9,145.5,102.5,28.5,27.45,210,15.15,39.3,89.5,179.5,37.2,74.8,10.25,7.84,103,51.9,44.15,47.55,298,20.25,113.5,219.5,82.4,273.5,50.1,35.95,47.35
42.5,38.1,50.7,77,65.8,69.4,31.75,26.35,76.4,457.5,290.5,39.05,15.4,193,40.65,85.9,53.3,141.5,85.6,332.5,78.4,240,74.6,16.75,95.1,481.5,277.5,157.5,17.95,17.45,50.4,45.65,10.35,19.4,15.15,24.35,13.15,12.9,20.15,18.5,247,2655,105.5,15.45,76.2,85.5,16.15,67.9,42.6,68.2,12,37.8,31.9,17.15,319,175.5,30.75,72.5,273,9.64,28.45,31.45,54.7,153,52.6,23.1,12.95,23.75,39,261,468,32.95,37.7,65,46.05,27.1,27.6,322,22.95,60,6.81,10,44.85,14.25,20.55,23.7,77.9,47.75,38.85,34.9,97.3,88.8,56,76.4,104.5,55.2,26.7,101.5,16.5,12.05,65.2,21.55,48,16.2,15.1,32.95,23.15,322,171,283.5,32.95,10.4,26.75,9.2,10.55,16.2,8.79,27.1,68.1,172.5,21.65,66.9,145.5,102.5,28.5,27.45,209.5,15.1,39.3,89.4,179.5,37.2,74.8,10.3,7.83,103.5,51.9,44.2,47.6,297,20.25,113.5,219,82.4,273.5,50.1,36,47.3
42.5,38.1,50.7,76.9,65.6,69.4,31.75,26.35,76.4,457.5,290.5,39.05,15.4,193.5,40.65,86,53.3,141.5,85.6,332.5,78.5,240,74.9,16.7,95.1,481,277.5,157.5,17.9,17.45,50.4,45.65,10.35,19.4,15.15,24.35,13.15,12.85,20.2,18.5,247,2650,106,15.45,76.2,85.4,16.1,67.9,42.6,68.2,12.05,37.75,31.9,17.15,319,175.5,30.75,72.5,273,9.64,28.45,31.45,54.8,153,52.6,23.1,12.95,23.75,39.05,261,468,32.95,37.7,64.9,46.05,27.05,27.6,321.5,23,60,6.81,10,44.85,14.25,20.5,23.7,78,47.75,38.85,34.85,97.3,88.8,56,76.4,104.5,55.2,26.7,101,16.55,12.05,65.2,21.55,48,16.2,15.05,32.95,23.1,322,171,283.5,32.95,10.4,26.8,9.2,10.55,16.2,8.78,27.1,68.2,172.5,21.65,67,146,102.5,28.5,27.45,209.5,15.15,39.3,89.5,179.5,37.15,74.9,10.3,7.83,103,51.9,44.15,47.6,297,20.25,113,219,82.4,273.5,50.1,36,47.3
42.5,38.1,50.8,77,65.5,69.4,31.75,26.35,76.4,457.5,290.5,39.1,15.4,193.5,40.6,86,53.3,142,85.6,332,78.4,240,74.8,16.75,95.1,481,278,158,17.9,17.45,50.4,45.65,10.35,19.4,15.2,24.4,13.1,12.85,20.2,18.5,247.5,2655,105.5,15.45,76.2,85.4,16.1,67.9,42.6,68.2,12.05,37.75,31.9,17.15,319.5,175.5,30.75,72.5,273,9.64,28.5,31.45,54.8,153,52.6,23.1,12.95,23.75,39.05,261,467.5,32.95,37.7,65,46.05,27.05,27.6,321.5,22.95,60,6.81,10,44.9,14.25,20.5,23.7,78,47.85,38.85,34.85,97.4,88.8,56,76.4,104.5,55.2,26.7,101.5,16.55,12.05,65.2,21.5,48,16.15,15.1,32.95,23.1,322,171,283.5,32.95,10.4,26.8,9.2,10.55,16.2,8.79,27.1,68.2,172.5,21.65,67,146,103,28.5,27.45,209.5,15.15,39.3,89.5,179.5,37.15,74.8,10.25,7.82,103,51.9,44.1,47.6,297,20.25,113.5,219,82.4,273.5,50.1,36,47.3
42.5,38.05,50.7,76.9,65.6,69.4,31.75,26.35,76.4,458,290.5,39.15,15.35,193.5,40.6,86,53.2,141.5,85.6,332,78.5,240.5,74.8,16.7,95.1,481.5,278,158,17.9,17.45,50.4,45.65,10.35,19.4,15.15,24.4,13.15,12.85,20.15,18.5,247.5,2655,105.5,15.4,76.2,85.4,16.1,67.9,42.65,68.1,12.05,37.75,31.9,17.15,319,176,30.75,72.5,273,9.64,28.45,31.45,54.8,153,52.6,23.1,12.95,23.75,39.05,261,468,32.95,37.7,64.8,46,27.05,27.6,321.5,22.95,60,6.81,10,44.9,14.25,20.45,23.7,78,47.85,38.9,34.9,97.4,88.9,56,76.4,104.5,55.2,26.7,101.5,16.55,12.05,65.2,21.5,48,16.15,15.05,32.95,23.1,321,171,283.5,32.9,10.4,26.75,9.2,10.5,16.2,8.78,27.1,68.2,172.5,21.65,67,146,102.5,28.55,27.45,209.5,15.15,39.3,89.5,179.5,37.15,74.8,10.25,7.81,103.5,51.9,44.2,47.55,297,20.25,113,219.5,82.4,273.5,50.1,36,47.3
42.5,38.1,50.8,77,65.6,69.3,31.75,26.35,76.3,458,290.5,39.1,15.4,193.5,40.6,86,53.2,142,85.6,332.5,78.4,240.5,75,16.75,95.1,481.5,278,157.5,17.9,17.45,50.4,45.7,10.35,19.4,15.15,24.35,13.15,12.85,20.2,18.5,247,2655,105.5,15.45,76.1,85.4,16.1,67.9,42.6,68.1,12,37.8,31.9,17.1,319,176,30.8,72.5,273,9.64,28.45,31.45,54.8,153,52.6,23.1,12.95,23.75,39.05,261.5,468,32.95,37.65,64.9,46,27.05,27.6,321.5,22.9,60,6.8,10,44.9,14.3,20.45,23.7,78,47.75,38.9,34.9,97.4,88.9,56,76.4,104.5,55.2,26.7,101.5,16.55,12.05,65.1,21.55,48,16.2,15.1,32.95,23.1,321,171,283.5,32.9,10.45,26.8,9.19,10.5,16.2,8.79,27.1,68.2,172.5,21.7,67,146,103,28.5,27.45,209.5,15.15,39.3,89.4,179.5,37.15,74.8,10.3,7.82,103.5,51.9,44.2,47.65,297,20.25,113.5,219,82.4,273.5,50.1,36,47.3
42.5,38.05,50.7,76.9,65.6,69.4,31.75,26.3,76.3,458,291,39.2,15.4,193.5,40.6,85.9,53.1,141.5,85.6,332.5,78.5,240.5,74.9,16.75,95.1,481.5,278,157.5,17.9,17.45,50.4,45.65,10.3,19.4,15.15,24.35,13.15,12.9,20.15,18.45,247,2655,105.5,15.4,76.2,85.4,16.1,67.9,42.6,68.2,12.05,37.8,31.9,17.15,319.5,176,30.8,72.5,273,9.64,28.45,31.5,54.8,153,52.6,23.1,13,23.75,39.05,261.5,468,32.95,37.65,64.9,46,27.05,27.6,322,22.95,59.9,6.81,10,44.9,14.3,20.45,23.65,77.9,47.75,38.85,34.9,97.4,88.9,56,76.4,105,55.3,26.7,101.5,16.55,12.05,65.1,21.5,48.05,16.15,15.05,33,23.15,321,171,283.5,32.95,10.45,26.8,9.19,10.5,16.2,8.79,27.1,68.2,172.5,21.65,67,146,102.5,28.6,27.45,209.5,15.15,39.3,89.5,179,37.15,74.9,10.3,7.82,103,51.9,44.2,47.6,297.5,20.3,113.5,219.5,82.4,274,50.1,36,47.3
42.5,38.1,50.8,77,65.7,69.4,31.7,26.3,76.3,458,291,39.2,15.4,193.5,40.6,86,53.1,141.5,85.6,332,78.4,240.5,75,16.7,95.2,482,278,157.5,17.95,17.45,50.4,45.65,10.35,19.4,15.2,24.35,13.2,12.9,20.2,18.5,247.5,2655,105.5,15.4,76.2,85.4,16.1,67.9,42.65,68.2,12.05,37.8,31.9,17.15,319,175.5,30.75,72.5,273,9.65,28.45,31.45,54.8,153,52.6,23.15,13,23.75,39.05,261.5,468,33,37.6,64.8,46.05,27.05,27.55,321.5,22.95,59.9,6.81,10,44.9,14.3,20.5,23.7,78,47.75,38.85,34.85,97.4,88.9,56,76.3,105,55.3,26.7,101.5,16.55,12.05,65.2,21.5,48.05,16.2,15.1,33,23.15,321,171,283.5,32.95,10.45,26.8,9.19,10.5,16.2,8.78,27.15,68.2,172.5,21.7,67,146,102.5,28.6,27.45,210,15.15,39.35,89.5,179.5,37.15,74.8,10.3,7.81,103,51.9,44.2,47.65,297,20.25,113.5,219.5,82.4,274,50.1,36,47.3
42.5,38.1,50.8,77,65.7,69.4,31.75,26.3,76.4,457.5,291,39.25,15.35,193.5,40.55,85.9,53.1,142,85.6,333,78.4,240,74.9,16.75,95.1,482,278,157.5,17.95,17.45,50.4,45.7,10.35,19.4,15.15,24.35,13.2,12.9,20.2,18.5,247.5,2655,105.5,15.4,76.1,85.3,16.1,68,42.65,68.2,12.05,37.8,31.9,17.15,319,175.5,30.8,72.6,273,9.64,28.45,31.45,54.7,153,52.6,23.1,13,23.75,39.05,261.5,468,32.95,37.6,64.8,46.05,27,27.55,322,22.9,59.9,6.81,10.05,44.95,14.25,20.5,23.75,78,47.75,38.85,34.9,97.3,88.9,56.1,76.3,105,55.3,26.65,101.5,16.55,12.05,65.1,21.5,48.05,16.25,15.1,33.1,23.1,321,171,283.5,32.9,10.45,26.75,9.19,10.5,16.15,8.79,27.15,68.2,172.5,21.65,66.9,146,102.5,28.6,27.45,210,15.15,39.35,89.5,179,37.15,74.8,10.3,7.81,103,51.9,44.15,47.7,297,20.3,113,219.5,82.4,273.5,50.1,35.95,47.3
42.55,38.1,50.8,77,65.7,69.4,31.75,26.35,76.3,457.5,291,39.25,15.4,193.5,40.5,85.9,53.2,142,85.5,332.5,78.4,239.5,75,16.75,95.2,482.5,277.5,157,17.95,17.45,50.4,45.65,10.35,19.4,15.15,24.4,13.15,12.85,20.15,18.5,247,2655,106,15.4,76.2,85.4,16.15,67.8,42.6,68.2,12,37.75,31.9,17.1,319,175.5,30.75,72.6,273,9.64,28.5,31.35,54.7,153,52.6,23.1,13,23.75,39.05,261.5,468,32.95,37.6,64.8,46.05,27,27.55,322,22.95,59.9,6.81,10.05,44.95,14.25,20.5,23.75,77.9,47.75,38.9,34.85,97.5,88.8,56,76.3,105,55.2,26.65,101,16.55,12.05,65.1,21.55,48,16.2,15.1,33.05,23.1,321,171,283.5,32.9,10.45,26.75,9.19,10.5,16.15,8.79,27.15,68.2,172.5,21.7,66.9,146,103,28.55,27.45,210,15.15,39.35,89.5,179.5,37.15,74.9,10.3,7.81,103.5,52,44.15,47.6,297,20.25,113,219.5,82.4,273.5,50.1,35.95,47.25
42.5,38.1,50.7,76.9,65.7,69.4,31.75,26.35,76.3,457.5,291,39.2,15.35,193.5,40.55,86,53.2,141.5,85.6,333,78.4,240,75,16.7,95.1,482.5,278,157.5,17.9,17.5,50.4,45.65,10.35,19.4,15.15,24.35,13.15,12.85,20.15,18.5,247.5,2655,105.5,15.45,76.2,85.3,16.15,67.8,42.6,68.2,12,37.8,31.9,17.15,319,175.5,30.8,72.6,273,9.64,28.45,31.35,54.9,153,52.6,23.1,13,23.75,39,261,468,32.95,37.55,64.8,46,27,27.55,322,22.95,59.9,6.81,10.05,44.9,14.3,20.5,23.7,78,47.75,38.85,34.85,97.5,88.9,56,76.2,105,55.2,26.6,101.5,16.55,12.05,65.1,21.55,48,16.2,15.05,33.1,23.1,321,171,283.5,32.9,10.45,26.8,9.2,10.5,16.15,8.79,27.15,68.3,172,21.7,67,146,102.5,28.6,27.4,211.5,15.15,39.4,89.5,179.5,37.15,74.8,10.3,7.8,103.5,52,44.1,47.6,297.5,20.25,113,219,82.4,274,50.2,35.95,47.25
42.5,38.1,50.7,76.9,65.7,69.4,31.75,26.35,76.3,457.5,291,39.25,15.4,194,40.55,86.1,53.1,142,85.6,332.5,78.5,240,75,16.7,95.1,482.5,278,157,17.95,17.45,50.3,45.65,10.35,19.4,15.2,24.35,13.15,12.85,20.15,18.5,247.5,2655,105.5,15.4,76.2,85.3,16.1,67.7,42.6,68.2,12,37.8,31.9,17.15,319,175.5,30.75,72.6,273,9.64,28.45,31.35,54.7,153,52.6,23.15,13,23.75,39.05,261,468,33,37.55,64.7,46,27,27.55,322,22.95,60,6.81,10.05,44.9,14.3,20.5,23.7,77.9,47.7,38.85,34.85,97.5,88.8,56,76.2,105,55.2,26.65,101.5,16.55,12.05,65.1,21.55,48,16.2,15.05,33.1,23.1,321,171,283.5,32.9,10.4,26.75,9.2,10.5,16.15,8.79,27.15,68.3,172.5,21.65,67,145.5,102.5,28.6,27.4,212,15.15,39.4,89.5,179.5,37.15,74.9,10.3,7.81,103,52,44.1,47.5,297.5,20.25,113,219,82.4,274,50.2,35.95,47.25
42.5,38.1,50.7,77,65.7,69.4,31.75,26.35,76.4,457.5,290.5,39.25,15.35,194,40.55,86,53.1,142,85.6,332.5,78.5,240.5,75.2,16.75,95.2,482.5,278,157.5,18,17.45,50.4,45.65,10.35,19.4,15.2,24.35,13.15,12.85,20.2,18.5,247,2660,105.5,15.45,76.1,85.3,16.15,67.7,42.65,68.2,12,37.75,31.9,17.15,319,175.5,30.8,72.5,273,9.64,28.45,31.35,54.9,153,52.6,23.15,13,23.75,39.05,261,467,33,37.6,64.8,46.05,27,27.5,322,22.9,59.9,6.8,10.05,44.85,14.25,20.5,23.7,77.9,47.7,38.9,34.85,97.5,88.9,56,76.3,104.5,55.2,26.65,101.5,16.55,12.05,65.1,21.55,48,16.2,15.05,33.1,23.1,321,171,283.5,32.9,10.45,26.8,9.2,10.5,16.15,8.79,27.1,68.3,172.5,21.65,66.9,146,102.5,28.55,27.4,210.5,15.15,39.4,89.5,179.5,37.2,74.8,10.3,7.81,103.5,51.9,44.05,47.35,297,20.3,113,219,82.4,274,50.2,35.95,47.25
42.45,38.1,50.7,77.1,65.7,69.4,31.7,26.35,76.4,457.5,290.5,39.25,15.4,194,40.55,86,53.2,142,85.6,333,78.5,240.5,75.2,16.75,95.1,482.5,278,157.5,18,17.45,50.4,45.65,10.35,19.35,15.2,24.35,13.15,12.85,20.2,18.5,247,2660,105.5,15.45,76.2,85.3,16.1,67.8,42.65,68.1,12,37.75,31.9,17.15,319.5,176,30.8,72.5,273,9.64,28.45,31.3,54.9,153,52.6,23.15,12.95,23.7,39.05,261.5,467,33,37.6,64.8,46,27.1,27.5,322,22.95,59.9,6.8,10,44.85,14.3,20.5,23.7,77.9,47.7,38.85,34.8,97.5,88.9,56,76.2,104.5,55.2,26.6,101.5,16.5,12.05,65.1,21.5,48.05,16.25,15.1,33.1,23.1,321,171,283.5,32.9,10.45,26.8,9.2,10.5,16.15,8.79,27.1,68.3,172.5,21.65,67,146,102.5,28.55,27.45,211,15.15,39.4,89.5,179.5,37.2,74.9,10.25,7.83,103,51.9,44,47.4,297,20.25,113,219.5,82.4,274,50.1,35.95,47.3
42.5,38.1,50.7,77.1,65.7,69.4,31.7,26.35,76.3,457.5,291,39.25,15.4,194,40.55,86,53.2,142,85.5,333,78.5,240,75.3,16.75,95.1,482.5,278.5,157.5,18,17.45,50.4,45.65,10.35,19.4,15.15,24.35,13.15,12.85,20.15,18.5,247,2665,105.5,15.45,76.2,85.3,16.1,67.7,42.65,68.1,12,37.75,31.9,17.15,319,176,30.75,72.5,273,9.64,28.4,31.3,54.8,153,52.6,23.15,12.95,23.7,39.05,261,467,33,37.6,64.9,46,27.1,27.5,322,22.95,59.8,6.81,10,44.85,14.3,20.5,23.7,77.9,47.7,38.8,34.85,97.5,88.9,56.1,76.2,105,55.1,26.6,101.5,16.5,12.05,65.1,21.55,48,16.2,15.1,33.05,23.1,321,171,283.5,32.9,10.45,26.8,9.2,10.5,16.15,8.79,27.1,68.3,172,21.65,67,146,103,28.55,27.4,211.5,15.15,39.4,89.5,179.5,37.2,74.8,10.3,7.83,103.5,51.9,44,47.4,297.5,20.3,112.5,219,82.3,274,50.1,35.95,47.25
42.45,38.1,50.7,77.1,65.7,69.4,31.7,26.35,76.3,457.5,291,39.25,15.4,194,40.5,86,53.2,141.5,85.5,333,78.6,240,75.3,16.75,95.1,482.5,278.5,157.5,18,17.5,50.4,45.65,10.35,19.4,15.15,24.35,13.2,12.9,20.15,18.5,247,2670,105.5,15.4,76.2,85.3,16.1,67.7,42.6,68.2,11.85,37.75,31.9,17.15,319.5,176,30.75,72.5,273,9.64,28.45,31.3,54.9,153,52.7,23.15,12.95,23.75,39.05,261,468,33,37.6,64.8,46,27,27.5,321.5,22.9,59.7,6.8,10.05,44.85,14.25,20.45,23.75,77.9,47.7,38.8,34.8,97.5,88.8,56.1,76.2,104.5,55.1,26.6,101.5,16.55,12.05,65.1,21.55,48,16.2,15.1,33.1,23.1,321,171,283.5,32.9,10.45,26.85,9.2,10.5,16.15,8.79,27.1,68.3,172,21.6,67,145.5,102.5,28.5,27.4,211,15.15,39.35,89.4,179,37.2,74.8,10.25,7.82,103.5,51.9,44,47.35,297.5,20.3,112.5,219,82.3,274,50.1,35.95,47.25
42.5,38.05,50.8,77.1,65.7,69.4,31.7,26.3,76.3,457.5,291,39.3,15.4,193.5,40.5,86,53.2,141.5,85.5,332.5,78.6,240,75.4,16.75,95.1,482.5,278.5,157.5,18,17.45,50.4,45.7,10.35,19.4,15.2,24.35,13.15,12.9,20.15,18.5,247,2665,105.5,15.45,76.2,85.2,16.15,67.8,42.6,68.2,12,37.7,31.9,17.15,319.5,176,30.8,72.5,273,9.64,28.45,31.4,54.9,153,52.7,23.15,12.95,23.75,39.05,261,468,33,37.65,64.8,46,27.05,27.5,321.5,22.9,59.7,6.81,10.05,44.85,14.25,20.5,23.75,77.9,47.7,38.8,34.85,97.5,88.8,56,76.3,104.5,55.2,26.65,101.5,16.55,12.05,65.1,21.55,48.05,16.2,15.1,33.1,23.1,321,171,283.5,32.95,10.45,26.8,9.2,10.5,16.15,8.79,27.1,68.3,172.5,21.6,67,145.5,102.5,28.5,27.45,211,15.15,39.35,89.4,179,37.2,74.9,10.25,7.82,103,51.9,44,47.35,297.5,20.25,112.5,219,82.3,274,50.2,35.95,47.25
42.5,38.05,50.7,77,65.7,69.5,31.7,26.3,76.2,457.5,291,39.3,15.4,194,40.55,86,53.2,142,85.6,332.5,78.6,240,75.3,16.75,95.1,482.5,278,157,17.95,17.45,50.4,45.7,10.35,19.35,15.2,24.35,13.2,12.85,20.15,18.5,247,2665,105.5,15.45,76.2,85.3,16.1,67.7,42.65,68.1,12,37.75,31.9,17.15,319.5,176,30.8,72.5,273,9.64,28.5,31.4,54.9,153,52.7,23.15,12.95,23.7,39.05,261,468,33,37.65,64.9,46.05,27,27.5,321.5,22.9,59.7,6.8,10.05,44.85,14.3,20.5,23.75,77.9,47.7,38.85,34.75,97.5,88.9,56,76.3,104.5,55.1,26.7,101.5,16.55,12.05,65.1,21.55,48.05,16.2,15.1,33.1,23.1,321,171,283.5,32.95,10.45,26.8,9.2,10.5,16.2,8.79,27.1,68.3,172,21.65,67,145.5,103,28.55,27.45,211.5,15.15,39.35,89.4,179.5,37.2,74.8,10.25,7.83,103.5,52,44.05,47.35,297,20.25,112.5,219,82.3,274.5,50.1,36,47.2
42.5,38.1,50.7,77,65.7,69.5,31.7,26.3,76.2,457.5,291,39.3,15.4,194,40.55,86,53.2,142,85.6,332.5,78.5,240.5,75.3,16.7,95.1,482,278,157.5,18,17.45,50.4,45.65,10.35,19.35,15.15,24.35,13.2,12.85,20.15,18.5,247,2665,105.5,15.4,76.2,85.4,16.1,67.7,42.6,68.1,12,37.75,31.9,17.15,319.5,176,30.8,72.5,273,9.64,28.45,31.4,54.8,153,52.7,23.15,12.95,23.7,39.05,260.5,467.5,33,37.65,64.9,46,27,27.5,321,22.9,59.7,6.81,10,44.9,14.25,20.45,23.75,77.9,47.7,38.8,34.8,97.5,89,56,76.3,104.5,55.1,26.7,101.5,16.55,12.05,65.1,21.5,48.05,16.2,15.1,33.1,23.15,322,170.5,283.5,32.95,10.45,26.75,9.2,10.5,16.2,8.79,27.1,68.3,172.5,21.6,67,145.5,103,28.5,27.45,211,15.2,39.35,89.4,179.5,37.2,74.8,10.25,7.82,103,51.9,44.05,47.25,297,20.25,112.5,219,82.3,274.5,50.1,35.95,47.2
42.5,38.1,50.7,76.9,65.7,69.4,31.7,26.3,76.2,458,291,39.3,15.4,194,40.6,86,53.2,141.5,85.6,332.5,78.6,240.5,75.3,16.7,95.1,482,278.5,157.5,17.95,17.5,50.4,45.65,10.35,19.4,15.2,24.35,13.15,12.85,20.15,18.45,247,2665,106,15.4,76.1,85.5,16.1,67.6,42.6,68.1,12,37.75,31.9,17.15,319,175.5,30.8,72.5,273,9.64,28.45,31.4,55,153,52.7,23.15,13,23.7,39.05,260.5,467.5,33,37.65,64.8,46,27,27.5,321,22.9,59.6,6.81,10,44.85,14.25,20.5,23.75,77.9,47.7,38.8,34.85,97.4,88.9,56,76.2,104.5,55.1,26.65,101.5,16.55,12.05,65.1,21.55,48,16.2,15.1,33.15,23.1,322,170,283.5,32.95,10.45,26.75,9.2,10.5,16.2,8.79,27.1,68.3,172.5,21.6,67,146,103,28.55,27.45,211,15.15,39.35,89.5,179.5,37.2,74.9,10.25,7.82,103,51.9,44.1,46.9,297,20.25,112.5,219,82.3,275,50.1,36,47.25
42.5,38.05,50.7,76.9,65.7,69.4,31.7,26.3,76.2,458,290.5,39.3,15.4,194,40.6,86,53.2,142,85.5,332.5,78.5,240.5,75.4,16.7,95.1,482,278,157,17.95,17.45,50.4,45.65,10.35,19.35,15.15,24.35,13.2,12.85,20.15,18.5,247.5,2665,105.5,15.4,76.1,85.4,16.1,67.7,42.6,68.1,12,37.7,31.9,17.15,319.5,175.5,30.75,72.5,273,9.64,28.5,31.35,55,153,52.7,23.15,13,23.7,39.05,260.5,467,33,37.6,64.8,46,27,27.5,321,22.9,59.4,6.8,10.05,44.85,14.25,20.45,23.75,77.9,47.7,38.8,34.85,97.5,88.9,56.1,76.2,104.5,55.1,26.65,101.5,16.55,12.05,65.1,21.55,48,16.25,15.1,33.15,23.1,322,170,283.5,32.95,10.45,26.8,9.2,10.5,16.2,8.79,27.1,68.2,172.5,21.65,67,146,103,28.5,27.45,211.5,15.15,39.35,89.5,179.5,37.2,74.9,10.3,7.82,103.5,52,44.05,46.85,297,20.25,112,219,82.3,275,50.1,36,47.25
42.5,38.1,50.7,76.9,65.7,69.5,31.7,26.3,76,458,290.5,39.3,15.4,194,40.6,85.9,53.2,142,85.5,332.5,78.5,240.5,75.5,16.75,95.1,482,278,157.5,17.95,17.45,50.4,45.65,10.4,19.4,15.15,24.35,13.2,12.85,20.15,18.5,247,2665,105.5,15.4,76.1,85.4,16.1,67.7,42.6,68.1,12.05,37.8,31.9,17.15,319.5,175.5,30.8,72.5,273,9.64,28.45,31.35,55,153,52.5,23.15,13,23.7,39.05,261,467,33,37.6,64.8,46.1,27,27.45,321.5,22.85,59.3,6.8,10.05,44.85,14.3,20.5,23.75,77.9,47.7,38.8,34.8,97.4,88.9,56.1,76.2,104.5,55.1,26.65,101,16.55,12.05,65.1,21.5,48,16.2,15.1,33.1,23.1,322,170,283.5,32.95,10.4,26.8,9.21,10.5,16.2,8.79,27.1,68.2,172.5,21.6,67,146,103,28.5,27.4,211.5,15.15,39.35,89.6,179.5,37.2,74.9,10.3,7.82,103.5,52,44.05,47,297,20.25,112,219,82.3,275,50.1,36,47.25
42.55,38.05,50.8,76.9,65.7,69.4,31.75,26.35,76,458,290.5,39.3,15.45,194,40.65,86,53.2,141.5,85.6,332,78.6,240.5,75.4,16.75,95.1,482,278,157.5,17.95,17.5,50.4,45.65,10.4,19.4,15.15,24.35,13.2,12.85,20.15,18.5,247,2665,105.5,15.4,76.2,85.3,16.1,67.7,42.65,68.1,12,37.7,31.9,17.1,319,176,30.75,72.5,273,9.64,28.5,31.35,54.9,153,52.5,23.15,13,23.7,39,260.5,467,33,37.65,64.8,46.15,27.1,27.55,321,22.9,59.3,6.81,10,44.8,14.25,20.5,23.75,77.8,47.65,38.8,34.8,97.4,88.8,56,76.2,104.5,55.1,26.65,101.5,16.55,12.05,65.1,21.5,48,16.25,15.1,33.1,23.15,322,170,283.5,32.95,10.4,26.75,9.21,10.55,16.2,8.8,27.15,68.3,172,21.6,67,146,103,28.55,27.45,211.5,15.15,39.35,89.6,179.5,37.2,74.8,10.3,7.81,103,52,44,46.9,297,20.25,112.5,219.5,82.3,275,50.1,35.95,47.25
42.55,38.05,50.7,76.9,65.7,69.5,31.75,26.35,76.1,458,290.5,39.3,15.4,194,40.65,86,53.2,142,85.5,332.5,78.6,241,75.4,16.7,95.1,482,277.5,157.5,17.95,17.45,50.4,45.65,10.35,19.4,15.2,24.35,13.2,12.85,20.15,18.5,246.5,2665,106,15.45,76.1,85.4,16.1,67.7,42.65,68.1,12,37.8,31.9,17.15,319,176,30.8,72.6,273,9.64,28.5,31.35,55,153,52.5,23.15,12.95,23.65,39,260.5,466.5,33,37.65,64.7,46.15,27.05,27.5,321.5,22.9,59.3,6.81,10,44.8,14.25,20.45,23.75,77.8,47.7,38.8,34.8,97.4,88.8,56,76.3,104.5,55.1,26.65,101.5,16.55,12.05,65.1,21.5,48,16.25,15.1,33.1,23.15,322,170,284,32.9,10.4,26.8,9.2,10.55,16.15,8.8,27.1,68.4,172,21.6,66.9,146,103,28.5,27.45,212,15.1,39.35,89.6,179.5,37.2,74.9,10.3,7.82,103,52,44,46.9,297,20.3,112.5,219,82.2,275,50.2,35.9,47.2
42.5,38.05,50.7,77,65.7,69.5,31.75,26.35,76,458,290.5,39.3,15.45,194,40.65,86,53.2,142,85.6,332,78.5,241,75.5,16.75,95.1,482,278,157.5,17.95,17.5,50.4,45.65,10.4,19.4,15.2,24.35,13.15,12.85,20.2,18.5,246.5,2665,106,15.4,76.2,85.3,16.15,67.8,42.7,68,12,37.85,31.9,17.1,319,176,30.75,72.6,273,9.64,28.45,31.35,54.9,153,52.5,23.15,13,23.65,39,260.5,468.5,33,37.65,64.8,46.15,27,27.5,322.5,22.95,59.2,6.8,10.05,44.8,14.25,20.5,23.75,77.8,47.65,38.85,34.8,97.3,88.8,56.1,76.2,104.5,55.1,26.65,102,16.55,12.05,65.2,21.55,48.05,16.25,15.1,33.15,23.15,322,170,284,33,10.45,26.85,9.2,10.55,16.15,8.8,27.15,68.4,172.5,21.65,66.8,146,102.5,28.5,27.45,212.5,15.15,39.35,89.6,179,37.2,74.9,10.3,7.81,103.5,51.9,44,46.85,297,20.3,113,219.5,82.2,275.5,50.2,35.9,47.2
42.5,38.05,50.7,76.9,65.7,69.5,31.75,26.4,76.2,458,291,39.3,15.45,194.5,40.65,86,53.2,142.5,85.6,332.5,78.5,240.5,75.3,16.75,95.1,482,278,157.5,18,17.55,50.4,45.65,10.35,19.4,15.2,24.3,13.2,12.9,20.2,18.5,246.5,2665,106,15.4,76.2,85.4,16.15,67.8,42.7,68,12,37.8,31.9,17.2,318.5,176,30.75,72.5,273.5,9.64,28.45,31.3,55,153,52.5,23.15,13,23.7,39,260.5,468,33,37.6,64.8,46.15,27,27.45,321,22.95,59.1,6.8,10,44.8,14.25,20.5,23.75,77.8,47.65,38.85,34.85,97.3,88.8,56,76.2,104,55.2,26.6,102,16.55,12.05,65.1,21.55,48.05,16.2,15.1,33.15,23.15,322,170,284,33,10.45,26.8,9.21,10.55,16.15,8.81,27.1,68.4,172,21.6,66.9,146,102.5,28.55,27.45,212.5,15.2,39.4,89.5,179,37.15,74.9,10.3,7.81,103.5,51.9,43.95,46.95,297,20.3,113,219.5,82.2,275.5,50.2,35.9,47.2
42.5,38.05,50.7,76.9,65.8,69.4,31.7,26.4,76.2,458,291,39.3,15.45,194.5,40.7,86,53.2,142.5,85.6,332.5,78.5,240.5,75.4,16.7,95.1,482,278,157.5,17.95,17.55,50.4,45.65,10.4,19.4,15.15,24.3,13.15,12.85,20.15,18.5,246.5,2665,106,15.4,76.2,85.4,16.1,67.8,42.65,68,12,37.8,31.85,17.2,318.5,176,30.75,72.5,273,9.64,28.45,31.3,55,153,52.5,23.15,13,23.8,39.05,260.5,468,33,37.55,64.9,46.1,27.05,27.45,322.5,22.95,59.1,6.81,10,44.8,14.25,20.5,23.75,78,47.65,38.8,34.85,97.3,88.7,56,76.3,104.5,55.2,26.65,102,16.5,12.05,65.1,21.55,48.05,16.25,15.1,33.15,23.15,322,170,284,32.95,10.45,26.75,9.2,10.55,16.15,8.8,27.15,68.4,172.5,21.6,66.9,145.5,102.5,28.55,27.45,212,15.15,39.35,89.5,179.5,37.15,74.9,10.3,7.81,103,51.9,43.95,47,297,20.3,113,219.5,82.3,275,50.2,35.95,47.2
42.5,38.05,50.8,76.9,65.7,69.4,31.65,26.35,76.2,458,291,39.3,15.4,194,40.7,86,53.2,142.5,85.6,333,78.5,240.5,75.3,16.7,95.1,482.5,277.5,157.5,17.95,17.5,50.4,45.7,10.4,19.4,15.2,24.3,13.15,12.85,20.2,18.5,246.5,2660,106.5,15.45,76.2,85.3,16.1,67.8,42.7,68.1,12.05,37.8,31.85,17.15,319,176,30.75,72.5,273.5,9.63,28.45,31.3,55,153,52.5,23.15,13,23.8,39.05,261,466.5,33,37.6,64.9,46.1,27.05,27.45,322,22.95,58.9,6.81,10.05,44.85,14.3,20.5,23.75,77.9,47.65,38.85,34.8,97.4,88.8,56.1,76.3,104.5,55.1,26.7,102,16.5,12.05,65.1,21.55,48.05,16.3,15.1,33.15,23.15,322,170,284,32.95,10.45,26.75,9.2,10.55,16.15,8.81,27.15,68.3,172.5,21.6,66.9,146,102.5,28.55,27.4,212,15.15,39.35,89.5,179.5,37.15,74.9,10.25,7.81,103,52,44,46.95,296.5,20.35,113,219,82.3,275.5,50.3,35.95,47.2
42.5,38.05,50.7,76.9,65.6,69.2,31.65,26.4,76.2,458,290.5,39.35,15.45,193.5,40.7,86,53.3,142,85.7,332.5,78.5,240,75.3,16.7,95.1,482.5,277.5,157.5,17.95,17.5,50.4,45.7,10.4,19.4,15.15,24.3,13.15,12.85,20.25,18.45,246.5,2660,106.5,15.4,76.1,85.3,16.15,68,42.7,68.1,12,37.8,31.85,17.2,318.5,176,30.8,72.5,273.5,9.64,28.45,31.3,55,152.5,52.5,23.15,12.95,23.7,39,260.5,466.5,33,37.55,64.9,46.05,27.05,27.45,322,22.9,58.9,6.81,10,44.85,14.3,20.45,23.75,77.9,47.7,38.85,34.75,97.4,88.8,56,76.3,104,55.1,26.7,101.5,16.5,12.05,65.1,21.6,48,16.2,15.1,33.2,23.1,322,170,284,32.95,10.45,26.7,9.2,10.55,16.15,8.81,27.2,68.3,172,21.65,67,145.5,103,28.55,27.45,212,15.15,39.35,89.4,179,37.15,74.9,10.25,7.81,103,51.9,44,47,297,20.3,112.5,219.5,82.4,275.5,50.3,35.9,47.2
42.55,38.05,50.7,76.9,65.7,69.3,31.65,26.35,76.1,458,290.5,39.3,15.45,193.5,40.65,86,53.2,142,85.6,332.5,78.5,240,75.1,16.7,95.1,482.5,277.5,157.5,17.9,17.5,50.4,45.65,10.4,19.45,15.15,24.3,13.15,12.85,20.25,18.45,246.5,2650,106.5,15.4,76.1,85.3,16.1,68,42.7,68.1,12.05,37.75,31.85,17.2,318.5,176,30.8,72.6,273.5,9.63,28.5,31.3,54.9,153,52.5,23.25,12.95,23.7,39.05,261,468,33,37.55,65,46.05,27.05,27.45,322,22.95,59.2,6.8,10.05,44.85,14.25,20.5,23.75,78,47.7,38.85,34.75,97.4,88.8,56,76.3,104.5,55.1,26.7,102,16.5,12.05,65.2,21.55,48,16.25,15.1,33.2,23.15,322,170,284,32.9,10.45,26.75,9.2,10.55,16.15,8.8,27.15,68.3,172.5,21.6,67,145.5,102.5,28.55,27.4,212,15.15,39.35,89.4,179.5,37.2,74.9,10.25,7.81,103,51.9,44,46.95,297,20.3,112.5,219.5,82.4,276,50.3,35.9,47.2
42.5,38.05,50.8,76.8,65.7,69.4,31.7,26.4,76,459.5,290.5,39.3,15.4,193.5,40.7,85.9,53.3,141.5,85.5,332.5,78.4,240,75.3,16.65,95,482,278,157.5,17.9,17.5,50.4,45.7,10.35,19.4,15.2,24.3,13.2,12.85,20.25,18.5,246.5,2665,106.5,15.4,76.2,85.2,16.1,67.7,42.6,68.1,12.1,37.75,31.85,17.15,319,176,30.8,72.6,273.5,9.64,28.45,31.3,54.9,152.5,52.5,23.25,12.95,23.7,39,261.5,468,33,37.55,64.9,46.05,27.1,27.45,321,23,59.1,6.81,10.05,44.95,14.25,20.45,23.75,77.8,47.7,38.6,34.75,97.4,88.9,56,76.1,104.5,55,26.7,102,16.55,12.05,65.2,21.6,48.35,16.25,15.1,33.1,23.1,322,170,284,32.9,10.45,26.8,9.21,10.55,16.15,8.81,27.1,68.4,172.5,21.6,66.9,145.5,103,28.55,27.45,212,15.15,39.35,89.4,179.5,37.15,74.8,10.25,7.82,103.5,51.9,43.95,46.95,297,20.3,113,219.5,82.4,276,50.3,35.9,47.2
42.75,38.15,50.9,77.3,65.8,69.5,31.75,26.4,76.4,459.5,290.5,39.4,15.45,195,40.6,86.5,53.4,142.5,85.2,333,79,241,75.3,16.65,95.4,482.5,278.5,158,18,17.55,50.3,45.8,10.35,19.45,15.15,24.4,13.2,12.85,20.3,18.55,247,2665,106,15.35,76.1,84.9,16.15,68.1,42.6,68.2,12.05,37.75,31.8,17.15,319,175.5,30.8,72.5,273.5,9.62,28.45,31.3,55.2,153,52.5,23.25,13.05,23.7,39,262,468,33,37.6,64.8,46.25,27.15,27.55,321.5,22.9,58.8,6.79,9.99,45.05,14.2,20.55,23.75,78,47.65,38.6,34.75,97.8,89,56.1,76.7,105,55,26.7,102,16.55,12.05,65.4,21.6,48.35,16.2,15.1,33.3,23.1,322.5,169.5,284,32.95,10.4,26.85,9.24,10.55,16.15,8.85,27.1,68.3,171,21.6,66.8,145.5,103,28.55,27.4,213,15.1,39.5,89.2,179.5,37.2,74.8,10.3,7.8,103.5,51.7,43.95,47.3,296.5,20.35,112.5,220.5,82.4,276,50,35.9,47.1
42.75,38.15,50.9,77.3,65.8,69.5,31.75,26.4,76.4,459.5,290.5,39.4,15.45,195,40.6,86.5,53.4,142.5,85.2,333,79,241,75.3,16.65,95.4,482.5,278.5,158,18,17.55,50.3,45.8,10.35,19.45,15.15,24.4,13.2,12.85,20.3,18.55,247,2665,106,15.35,76.1,84.9,16.15,68.1,42.6,68.2,12.05,37.75,31.8,17.15,319,175.5,30.8,72.5,273.5,9.62,28.45,31.3,55.2,153,52.5,23.25,13.05,23.7,39,262,468,33,37.6,64.8,46.25,27.15,27.55,321.5,22.9,58.8,6.79,9.99,45.05,14.2,20.55,23.75,78,47.65,38.6,34.75,97.8,89,56.1,76.7,105,55,26.7,102,16.55,12.05,65.4,21.6,48.35,16.2,15.1,33.3,23.1,322.5,169.5,284,32.95,10.4,26.85,9.24,10.55,16.15,8.85,27.1,68.3,171,21.6,66.8,145.5,103,28.55,27.4,213,15.1,39.5,89.2,179.5,37.2,74.8,10.3,7.8,103.5,51.7,43.95,47.3,296.5,20.35,112.5,220.5,82.4,276,50,35.9,47.1
42.75,38.15,50.9,77.3,65.8,69.5,31.75,26.4,76.4,459.5,290.5,39.4,15.45,195,40.6,86.5,53.4,142.5,85.2,333,79,241,75.3,16.65,95.4,482.5,278.5,158,18,17.55,50.3,45.8,10.35,19.45,15.15,24.4,13.2,12.85,20.3,18.55,247,2665,106,15.35,76.1,84.9,16.15,68.1,42.6,68.2,12.05,37.75,31.8,17.15,319,175.5,30.8,72.5,273.5,9.62,28.45,31.3,55.2,153,52.5,23.25,13.05,23.7,39,262,468,33,37.6,64.8,46.25,27.15,27.55,321.5,22.9,58.8,6.79,9.99,45.05,14.2,20.55,23.75,78,47.65,38.6,34.75,97.8,89,56.1,76.7,105,55,26.7,102,16.55,12.05,65.4,21.6,48.35,16.2,15.1,33.3,23.1,322.5,169.5,284,32.95,10.4,26.85,9.24,10.55,16.15,8.85,27.1,68.3,171,21.6,66.8,145.5,103,28.55,27.4,213,15.1,39.5,89.2,179.5,37.2,74.8,10.3,7.8,103.5,51.7,43.95,47.3,296.5,20.35,112.5,220.5,82.4,276,50,35.9,47.1
42.75,38.15,50.9,77.3,65.8,69.5,31.75,26.4,76.4,459.5,290.5,39.4,15.45,195,40.6,86.5,53.4,142.5,85.2,333,79,241,75.3,16.65,95.4,482.5,278.5,158,18,17.55,50.3,45.8,10.35,19.45,15.15,24.4,13.2,12.85,20.3,18.55,247,2665,106,15.35,76.1,84.9,16.15,68.1,42.6,68.2,12.05,37.75,31.8,17.15,319,175.5,30.8,72.5,273.5,9.62,28.45,31.3,55.2,153,52.5,23.25,13.05,23.7,39,262,468,33,37.6,64.8,46.25,27.15,27.55,321.5,22.9,58.8,6.79,9.99,45.05,14.2,20.55,23.75,78,47.65,38.6,34.75,97.8,89,56.1,76.7,105,55,26.7,102,16.55,12.05,65.4,21.6,48.35,16.2,15.1,33.3,23.1,322.5,169.5,284,32.95,10.4,26.85,9.24,10.55,16.15,8.85,27.1,68.3,171,21.6,66.8,145.5,103,28.55,27.4,213,15.1,39.5,89.2,179.5,37.2,74.8,10.3,7.8,103.5,51.7,43.95,47.3,296.5,20.35,112.5,220.5,82.4,276,50,35.9,47.1
42.75,38.15,50.9,77.3,65.8,69.5,31.75,26.4,76.4,459.5,290.5,39.4,15.45,195,40.6,86.5,53.4,142.5,85.2,333,79,241,75.3,16.65,95.4,482.5,278.5,158,18,17.55,50.3,45.8,10.35,19.45,15.15,24.4,13.2,12.85,20.3,18.55,247,2665,106,15.35,76.1,84.9,16.15,68.1,42.6,68.2,12.05,37.75,31.8,17.15,319,175.5,30.8,72.5,273.5,9.62,28.45,31.3,55.2,153,52.5,23.25,13.05,23.7,39,262,468,33,37.6,64.8,46.25,27.15,27.55,321.5,22.9,58.8,6.79,9.99,45.05,14.2,20.55,23.75,78,47.65,38.6,34.75,97.8,89,56.1,76.7,105,55,26.7,102,16.55,12.05,65.4,21.6,48.35,16.2,15.1,33.3,23.1,322.5,169.5,284,32.95,10.4,26.85,9.24,10.55,16.15,8.85,27.1,68.3,171,21.6,66.8,145.5,103,28.55,27.4,213,15.1,39.5,89.2,179.5,37.2,74.8,10.3,7.8,103.5,51.7,43.95,47.3,296.5,20.35,112.5,220.5,82.4,276,50,35.9,47.1
42.75,38.15,50.9,77.3,65.8,69.5,31.75,26.4,76.4,459.5,290.5,39.4,15.45,195,40.6,86.5,53.4,142.5,85.2,333,79,241,75.3,16.65,95.4,482.5,278.5,158,18,17.55,50.3,45.8,10.35,19.45,15.15,24.4,13.2,12.85,20.3,18.55,247,2665,106,15.35,76.1,84.9,16.15,68.1,42.6,68.2,12.05,37.75,31.8,17.15,319,175.5,30.8,72.5,273.5,9.62,28.45,31.3,55.2,153,52.5,23.25,13.05,23.7,39,262,468,33,37.6,64.8,46.25,27.15,27.55,321.5,22.9,58.8,6.79,9.99,45.05,14.2,20.55,23.75,78,47.65,38.6,34.75,97.8,89,56.1,76.7,105,55,26.7,102,16.55,12.05,65.4,21.6,48.35,16.2,15.1,33.3,23.1,322.5,169.5,284,32.95,10.4,26.85,9.24,10.55,16.15,8.85,27.1,68.3,171,21.6,66.8,145.5,103,28.55,27.4,213,15.1,39.5,89.2,179.5,37.2,74.8,10.3,7.8,103.5,51.7,43.95,47.3,296.5,20.35,112.5,220.5,82.4,276,50,35.9,47.1
