date,stock_id,close
2013-07-01,1101,15.69
2013-07-02,1101,15.1
2013-07-03,1101,15.29
2013-07-04,1101,15.39
2013-07-05,1101,15.44
2013-07-08,1101,15.33
2013-07-09,1101,15.39
2013-07-10,1101,15.67
2013-07-11,1101,15.78
2013-07-12,1101,16.05
2013-07-15,1101,16.11
2013-07-16,1101,16.16
2013-07-17,1101,16.22
2013-07-18,1101,16.26
2013-07-19,1101,16.37
2013-07-22,1101,16.45
2013-07-23,1101,16.58
2013-07-24,1101,16.33
2013-07-25,1101,16.42
2013-07-26,1101,16.39
2013-07-29,1101,16.21
2013-07-30,1101,16.57
2013-07-31,1101,16.35
2013-07-01,1102,18.63
2013-07-02,1102,18.4
2013-07-03,1102,18.19
2013-07-04,1102,18.35
2013-07-05,1102,18.19
2013-07-08,1102,18.35
2013-07-09,1102,18.45
2013-07-10,1102,18.55
2013-07-11,1102,18.96
2013-07-12,1102,19.19
2013-07-15,1102,19.19
2013-07-16,1102,19.14
2013-07-17,1102,19.29
2013-07-18,1102,19.35
2013-07-19,1102,19.01
2013-07-22,1102,19.45
2013-07-23,1102,19.47
2013-07-24,1102,19.24
2013-07-25,1102,19.37
2013-07-26,1102,19.27
2013-07-29,1102,19.19
2013-07-30,1102,19.22
2013-07-31,1102,19.29
2013-07-01,1103,9.05
2013-07-02,1103,9.05
2013-07-03,1103,9.05
2013-07-04,1103,9.05
2013-07-05,1103,9.05
2013-07-08,1103,8.95
2013-07-09,1103,8.92
2013-07-10,1103,8.88
2013-07-11,1103,9.01
2013-07-12,1103,9.01
2013-07-15,1103,8.98
2013-07-16,1103,9.05
2013-07-17,1103,8.98
2013-07-18,1103,9.21
2013-07-19,1103,9.14
2013-07-22,1103,9.27
2013-07-23,1103,9.21
2013-07-24,1103,9.21
2013-07-25,1103,9.11
2013-07-26,1103,9.11
2013-07-29,1103,9.17
2013-07-30,1103,9.21
2013-07-31,1103,9.17
2013-07-01,1104,7.99
2013-07-02,1104,7.9
2013-07-03,1104,7.83
2013-07-04,1104,7.83
2013-07-05,1104,7.83
2013-07-08,1104,7.78
2013-07-09,1104,7.85
2013-07-10,1104,7.92
2013-07-11,1104,8.12
2013-07-12,1104,8.53
2013-07-15,1104,8.49
2013-07-16,1104,8.49
2013-07-17,1104,8.46
2013-07-18,1104,8.51
2013-07-19,1104,8.44
2013-07-22,1104,8.51
2013-07-23,1104,8.49
2013-07-24,1104,8.46
2013-07-25,1104,8.56
2013-07-26,1104,8.56
2013-07-29,1104,8.49
2013-07-30,1104,8.49
2013-07-31,1104,8.51
2013-07-01,1108,4.43
2013-07-02,1108,4.39
2013-07-03,1108,4.36
2013-07-04,1108,4.35
2013-07-05,1108,4.4
2013-07-08,1108,4.39
2013-07-09,1108,4.43
2013-07-10,1108,4.42
2013-07-11,1108,4.5
2013-07-12,1108,4.54
2013-07-15,1108,4.54
2013-07-16,1108,4.57
2013-07-17,1108,4.66
2013-07-18,1108,4.69
2013-07-19,1108,4.74
2013-07-22,1108,4.9
2013-07-23,1108,4.88
2013-07-24,1108,4.86
2013-07-25,1108,4.81
2013-07-26,1108,4.82
2013-07-29,1108,4.85
2013-07-30,1108,4.88
2013-07-31,1108,4.88
2013-07-01,1109,6.18
2013-07-02,1109,6.12
2013-07-03,1109,6.12
2013-07-04,1109,6.15
2013-07-05,1109,6.15
2013-07-08,1109,6.12
2013-07-09,1109,6.12
2013-07-10,1109,6.15
2013-07-11,1109,6.18
2013-07-12,1109,6.27
2013-07-15,1109,6.24
2013-07-16,1109,6.31
2013-07-17,1109,6.28
2013-07-18,1109,6.28
2013-07-19,1109,6.28
2013-07-22,1109,6.28
2013-07-23,1109,6.28
2013-07-24,1109,6.28
2013-07-25,1109,6.31
2013-07-26,1109,6.31
2013-07-29,1109,6.25
2013-07-30,1109,6.25
2013-07-31,1109,6.25
2013-07-01,1110,13.81
2013-07-02,1110,13.72
2013-07-03,1110,13.5
2013-07-04,1110,13.68
2013-07-05,1110,13.85
2013-07-08,1110,13.72
2013-07-09,1110,13.72
2013-07-10,1110,13.72
2013-07-11,1110,13.85
2013-07-12,1110,13.9
2013-07-15,1110,13.76
2013-07-16,1110,13.63
2013-07-17,1110,13.59
2013-07-18,1110,13.76
2013-07-19,1110,13.5
2013-07-22,1110,13.59
2013-07-23,1110,13.54
2013-07-24,1110,13.59
2013-07-25,1110,13.59
2013-07-26,1110,13.5
2013-07-29,1110,13.59
2013-07-30,1110,14.21
2013-07-31,1110,13.9
2013-07-01,1201,43.35
2013-07-02,1201,43.1
2013-07-03,1201,43.1
2013-07-04,1201,42.93
2013-07-05,1201,44.02
2013-07-08,1201,44.02
2013-07-09,1201,44.78
2013-07-10,1201,46.72
2013-07-11,1201,46.38
2013-07-12,1201,48.57
2013-07-15,1201,48.99
2013-07-16,1201,50.25
2013-07-17,1201,50.08
2013-07-18,1201,49.4
2013-07-19,1201,47.45
2013-07-22,1201,50.08
2013-07-23,1201,50.68
2013-07-24,1201,50.25
2013-07-25,1201,49.23
2013-07-26,1201,48.04
2013-07-29,1201,46.43
2013-07-30,1201,46.34
2013-07-31,1201,47.19
2013-07-01,1203,14.18
2013-07-02,1203,14.18
2013-07-03,1203,14.12
2013-07-04,1203,14.08
2013-07-05,1203,14.25
2013-07-08,1203,14.12
2013-07-09,1203,14.25
2013-07-10,1203,14.38
2013-07-11,1203,14.48
2013-07-12,1203,14.38
2013-07-15,1203,14.9
2013-07-16,1203,14.97
2013-07-17,1203,14.97
2013-07-18,1203,15.49
2013-07-19,1203,15.59
2013-07-22,1203,15.56
2013-07-23,1203,15.56
2013-07-24,1203,15.36
2013-07-25,1203,15.29
2013-07-26,1203,15.26
2013-07-29,1203,15.16
2013-07-30,1203,15.13
2013-07-31,1203,15.23
2013-07-01,1210,10.07
2013-07-02,1210,10.01
2013-07-03,1210,9.99
2013-07-04,1210,9.97
2013-07-05,1210,10.05
2013-07-08,1210,10.01
2013-07-09,1210,10.01
2013-07-10,1210,10.01
2013-07-11,1210,10.03
2013-07-12,1210,10.15
2013-07-15,1210,10.29
2013-07-16,1210,10.42
2013-07-17,1210,10.42
2013-07-18,1210,10.42
2013-07-19,1210,10.48
2013-07-22,1210,10.54
2013-07-23,1210,10.48
2013-07-24,1210,10.66
2013-07-25,1210,10.62
2013-07-26,1210,10.58
2013-07-29,1210,10.48
2013-07-30,1210,10.52
2013-07-31,1210,10.54
2013-07-01,1213,20.25
2013-07-02,1213,20.21
2013-07-03,1213,20.12
2013-07-04,1213,19.81
2013-07-05,1213,19.9
2013-07-08,1213,19.46
2013-07-09,1213,19.72
2013-07-10,1213,19.72
2013-07-11,1213,20.21
2013-07-12,1213,20.03
2013-07-15,1213,19.99
2013-07-16,1213,20.08
2013-07-17,1213,20.25
2013-07-18,1213,20.34
2013-07-19,1213,20.3
2013-07-22,1213,20.12
2013-07-23,1213,20.12
2013-07-24,1213,20.08
2013-07-25,1213,19.9
2013-07-26,1213,19.9
2013-07-29,1213,19.59
2013-07-30,1213,19.59
2013-07-31,1213,19.46
2013-07-01,1215,6.98
2013-07-02,1215,7.0
2013-07-03,1215,6.98
2013-07-04,1215,7.0
2013-07-05,1215,7.11
2013-07-08,1215,7.15
2013-07-09,1215,7.13
2013-07-10,1215,7.04
2013-07-11,1215,7.04
2013-07-12,1215,7.2
2013-07-15,1215,7.15
2013-07-16,1215,7.13
2013-07-17,1215,7.15
2013-07-18,1215,7.13
2013-07-19,1215,7.08
2013-07-22,1215,7.06
2013-07-23,1215,7.08
2013-07-24,1215,7.15
2013-07-25,1215,7.15
2013-07-26,1215,7.13
2013-07-29,1215,7.11
2013-07-30,1215,7.13
2013-07-31,1215,7.08
2013-07-01,1216,33.51
2013-07-02,1216,33.11
2013-07-03,1216,33.34
2013-07-04,1216,33.28
2013-07-05,1216,33.45
2013-07-08,1216,33.39
2013-07-09,1216,33.97
2013-07-10,1216,34.14
2013-07-11,1216,34.54
2013-07-12,1216,34.66
2013-07-15,1216,35.98
2013-07-16,1216,37.36
2013-07-17,1216,37.53
2013-07-18,1216,37.82
2013-07-19,1216,37.76
2013-07-22,1216,38.05
2013-07-23,1216,38.57
2013-07-24,1216,36.67
2013-07-25,1216,36.04
2013-07-26,1216,36.09
2013-07-29,1216,35.52
2013-07-30,1216,35.75
2013-07-31,1216,35.18
2013-07-01,1217,8.79
2013-07-02,1217,8.79
2013-07-03,1217,8.73
2013-07-04,1217,8.75
2013-07-05,1217,8.77
2013-07-08,1217,8.75
2013-07-09,1217,8.83
2013-07-10,1217,8.75
2013-07-11,1217,8.88
2013-07-12,1217,8.97
2013-07-15,1217,8.92
2013-07-16,1217,8.92
2013-07-17,1217,8.88
2013-07-18,1217,8.88
2013-07-19,1217,8.83
2013-07-22,1217,8.88
2013-07-23,1217,8.92
2013-07-24,1217,8.92
2013-07-25,1217,8.88
2013-07-26,1217,8.88
2013-07-29,1217,8.83
2013-07-30,1217,8.83
2013-07-31,1217,8.79
2013-07-01,1218,10.78
2013-07-02,1218,10.93
2013-07-03,1218,10.81
2013-07-04,1218,10.7
2013-07-05,1218,10.48
2013-07-08,1218,10.52
2013-07-09,1218,10.63
2013-07-10,1218,10.85
2013-07-11,1218,10.78
2013-07-12,1218,11.04
2013-07-15,1218,11.26
2013-07-16,1218,11.22
2013-07-17,1218,11.08
2013-07-18,1218,11.04
2013-07-19,1218,10.96
2013-07-22,1218,11.19
2013-07-23,1218,11.11
2013-07-24,1218,11.22
2013-07-25,1218,11.15
2013-07-26,1218,11.04
2013-07-29,1218,11.26
2013-07-30,1218,11.26
2013-07-31,1218,11.15
2013-07-01,1219,10.17
2013-07-02,1219,10.17
2013-07-03,1219,10.14
2013-07-04,1219,10.21
2013-07-05,1219,10.24
2013-07-08,1219,10.24
2013-07-09,1219,10.24
2013-07-10,1219,10.17
2013-07-11,1219,10.17
2013-07-12,1219,10.17
2013-07-15,1219,10.21
2013-07-16,1219,10.21
2013-07-17,1219,10.24
2013-07-18,1219,10.21
2013-07-19,1219,10.21
2013-07-22,1219,10.21
2013-07-23,1219,10.21
2013-07-24,1219,10.28
2013-07-25,1219,10.35
2013-07-26,1219,10.38
2013-07-29,1219,10.42
2013-07-30,1219,10.42
2013-07-31,1219,10.42
2013-07-01,1220,6.5
2013-07-02,1220,6.47
2013-07-03,1220,6.41
2013-07-04,1220,6.56
2013-07-05,1220,6.56
2013-07-08,1220,6.53
2013-07-09,1220,6.56
2013-07-10,1220,6.56
2013-07-11,1220,6.53
2013-07-12,1220,6.56
2013-07-15,1220,6.56
2013-07-16,1220,6.53
2013-07-17,1220,6.53
2013-07-18,1220,6.53
2013-07-19,1220,6.53
2013-07-22,1220,6.84
2013-07-23,1220,6.87
2013-07-24,1220,6.81
2013-07-25,1220,6.81
2013-07-26,1220,6.62
2013-07-29,1220,6.59
2013-07-30,1220,6.62
2013-07-31,1220,6.56
2013-07-01,1225,9.6
2013-07-02,1225,9.56
2013-07-03,1225,9.56
2013-07-04,1225,9.45
2013-07-05,1225,9.45
2013-07-08,1225,9.49
2013-07-09,1225,9.49
2013-07-10,1225,9.49
2013-07-11,1225,9.49
2013-07-12,1225,9.53
2013-07-15,1225,9.53
2013-07-16,1225,9.53
2013-07-17,1225,9.53
2013-07-18,1225,9.53
2013-07-19,1225,9.53
2013-07-22,1225,9.56
2013-07-23,1225,9.56
2013-07-24,1225,9.56
2013-07-25,1225,9.6
2013-07-26,1225,9.6
2013-07-29,1225,9.6
2013-07-30,1225,9.6
2013-07-31,1225,9.6
2013-07-01,1227,41.36
2013-07-02,1227,42.27
2013-07-03,1227,42.54
2013-07-04,1227,43.1
2013-07-05,1227,43.36
2013-07-08,1227,43.1
2013-07-09,1227,43.45
2013-07-10,1227,43.54
2013-07-11,1227,43.97
2013-07-12,1227,44.41
2013-07-15,1227,45.28
2013-07-16,1227,44.84
2013-07-17,1227,46.56
2013-07-18,1227,47.23
2013-07-19,1227,47.23
2013-07-22,1227,46.82
2013-07-23,1227,46.46
2013-07-24,1227,46.62
2013-07-25,1227,46.67
2013-07-26,1227,46.05
2013-07-29,1227,46.26
2013-07-30,1227,46.62
2013-07-31,1227,46.31
2013-07-01,1229,5.89
2013-07-02,1229,5.92
2013-07-03,1229,5.87
2013-07-04,1229,5.86
2013-07-05,1229,5.83
2013-07-08,1229,5.84
2013-07-09,1229,5.86
2013-07-10,1229,5.89
2013-07-11,1229,5.9
2013-07-12,1229,5.93
2013-07-15,1229,5.95
2013-07-16,1229,6.02
2013-07-17,1229,6.01
2013-07-18,1229,6.01
2013-07-19,1229,6.01
2013-07-22,1229,6.01
2013-07-23,1229,6.02
2013-07-24,1229,6.01
2013-07-25,1229,6.01
2013-07-26,1229,5.99
2013-07-29,1229,5.98
2013-07-30,1229,5.96
2013-07-31,1229,5.96
2013-07-01,1231,13.43
2013-07-02,1231,13.71
2013-07-03,1231,13.77
2013-07-04,1231,13.8
2013-07-05,1231,13.93
2013-07-08,1231,14.42
2013-07-09,1231,14.42
2013-07-10,1231,14.34
2013-07-11,1231,14.53
2013-07-12,1231,15.54
2013-07-15,1231,15.78
2013-07-16,1231,15.7
2013-07-17,1231,16.77
2013-07-18,1231,17.75
2013-07-19,1231,16.68
2013-07-22,1231,16.58
2013-07-23,1231,16.62
2013-07-24,1231,16.62
2013-07-25,1231,16.08
2013-07-26,1231,15.95
2013-07-29,1231,16.05
2013-07-30,1231,16.05
2013-07-31,1231,16.21
2013-07-01,1232,31.52
2013-07-02,1232,31.13
2013-07-03,1232,30.84
2013-07-04,1232,30.79
2013-07-05,1232,31.18
2013-07-08,1232,30.9
2013-07-09,1232,31.13
2013-07-10,1232,31.3
2013-07-11,1232,31.01
2013-07-12,1232,30.9
2013-07-15,1232,31.24
2013-07-16,1232,31.41
2013-07-17,1232,31.92
2013-07-18,1232,31.92
2013-07-19,1232,31.92
2013-07-22,1232,32.09
2013-07-23,1232,32.2
2013-07-24,1232,31.92
2013-07-25,1232,31.64
2013-07-26,1232,31.64
2013-07-29,1232,31.81
2013-07-30,1232,31.75
2013-07-31,1232,31.64
2013-07-01,1233,28.82
2013-07-02,1233,28.76
2013-07-03,1233,28.67
2013-07-04,1233,28.67
2013-07-05,1233,28.7
2013-07-08,1233,28.7
2013-07-09,1233,28.79
2013-07-10,1233,28.88
2013-07-11,1233,28.91
2013-07-12,1233,28.88
2013-07-15,1233,28.97
2013-07-16,1233,29.39
2013-07-17,1233,29.75
2013-07-18,1233,29.5
2013-07-19,1233,29.12
2013-07-22,1233,29.37
2013-07-23,1233,29.18
2013-07-24,1233,29.5
2013-07-25,1233,29.37
2013-07-26,1233,29.21
2013-07-29,1233,29.15
2013-07-30,1233,29.06
2013-07-31,1233,28.96
2013-07-01,1234,26.07
2013-07-02,1234,25.99
2013-07-03,1234,25.82
2013-07-04,1234,25.41
2013-07-05,1234,25.79
2013-07-08,1234,25.72
2013-07-09,1234,25.72
2013-07-10,1234,25.76
2013-07-11,1234,26.23
2013-07-12,1234,26.1
2013-07-15,1234,26.47
2013-07-16,1234,26.3
2013-07-17,1234,26.54
2013-07-18,1234,26.37
2013-07-19,1234,26.37
2013-07-22,1234,26.27
2013-07-23,1234,26.47
2013-07-24,1234,26.47
2013-07-25,1234,26.57
2013-07-26,1234,26.61
2013-07-29,1234,26.64
2013-07-30,1234,27.25
2013-07-31,1234,27.05
2013-07-01,1235,8.22
2013-07-02,1235,8.23
2013-07-03,1235,8.23
2013-07-04,1235,8.22
2013-07-05,1235,8.2
2013-07-08,1235,8.17
2013-07-09,1235,8.18
2013-07-10,1235,8.22
2013-07-11,1235,8.23
2013-07-12,1235,8.25
2013-07-15,1235,8.26
2013-07-16,1235,8.26
2013-07-17,1235,8.3
2013-07-18,1235,8.3
2013-07-19,1235,8.3
2013-07-22,1235,8.23
2013-07-23,1235,8.22
2013-07-24,1235,8.22
2013-07-25,1235,8.22
2013-07-26,1235,8.25
2013-07-29,1235,8.22
2013-07-30,1235,8.2
2013-07-31,1235,8.23
2013-07-01,1236,20.37
2013-07-02,1236,20.01
2013-07-03,1236,19.77
2013-07-04,1236,19.89
2013-07-05,1236,19.93
2013-07-08,1236,20.05
2013-07-09,1236,19.93
2013-07-10,1236,20.01
2013-07-11,1236,20.98
2013-07-12,1236,20.94
2013-07-15,1236,20.94
2013-07-16,1236,22.32
2013-07-17,1236,23.85
2013-07-18,1236,23.97
2013-07-19,1236,23.77
2013-07-22,1236,23.8
2013-07-23,1236,23.44
2013-07-24,1236,24.1
2013-07-25,1236,23.31
2013-07-26,1236,22.48
2013-07-29,1236,22.07
2013-07-30,1236,22.36
2013-07-31,1236,22.03
2013-07-01,1256,59.96
2013-07-02,1256,64.12
2013-07-03,1256,62.73
2013-07-04,1256,63.13
2013-07-05,1256,61.15
2013-07-08,1256,61.35
2013-07-09,1256,61.15
2013-07-10,1256,60.35
2013-07-11,1256,59.96
2013-07-12,1256,60.75
2013-07-15,1256,60.15
2013-07-16,1256,60.75
2013-07-17,1256,64.92
2013-07-18,1256,67.5
2013-07-19,1256,64.72
2013-07-22,1256,64.72
2013-07-23,1256,64.92
2013-07-24,1256,63.93
2013-07-25,1256,62.14
2013-07-26,1256,63.13
2013-07-29,1256,61.35
2013-07-30,1256,65.51
2013-07-31,1256,70.08
2013-07-01,1258,16.2
2013-07-02,1258,16.24
2013-07-03,1258,16.2
2013-07-04,1258,16.28
2013-07-05,1258,16.16
2013-07-08,1258,16.16
2013-07-09,1258,16.32
2013-07-10,1258,16.61
2013-07-11,1258,16.49
2013-07-12,1258,16.61
2013-07-15,1258,16.86
2013-07-16,1258,16.47
2013-07-17,1258,16.78
2013-07-18,1258,16.78
2013-07-19,1258,16.78
2013-07-23,1258,16.34
2013-07-24,1258,16.95
2013-07-25,1258,16.95
2013-07-26,1258,17.3
2013-07-29,1258,17.3
2013-07-30,1258,17.73
2013-07-31,1258,17.81
2013-07-01,1259,45.22
2013-07-02,1259,44.78
2013-07-03,1259,44.4
2013-07-04,1259,44.59
2013-07-05,1259,44.4
2013-07-08,1259,44.59
2013-07-09,1259,45.22
2013-07-10,1259,45.41
2013-07-11,1259,46.23
2013-07-12,1259,45.79
2013-07-15,1259,45.92
2013-07-16,1259,46.11
2013-07-17,1259,46.18
2013-07-18,1259,46.24
2013-07-19,1259,46.05
2013-07-22,1259,46.51
2013-07-23,1259,46.24
2013-07-24,1259,46.18
2013-07-25,1259,46.11
2013-07-26,1259,46.24
2013-07-29,1259,46.38
2013-07-30,1259,47.23
2013-07-31,1259,46.9
2013-07-01,1301,42.13
2013-07-02,1301,41.36
2013-07-03,1301,40.94
2013-07-04,1301,41.36
2013-07-05,1301,42.07
2013-07-08,1301,41.83
2013-07-09,1301,42.9
2013-07-10,1301,43.14
2013-07-11,1301,44.14
2013-07-12,1301,44.5
2013-07-15,1301,45.27
2013-07-16,1301,45.33
2013-07-17,1301,47.02
2013-07-18,1301,46.96
2013-07-19,1301,46.58
2013-07-22,1301,47.9
2013-07-23,1301,48.9
2013-07-24,1301,48.59
2013-07-25,1301,48.08
2013-07-26,1301,47.33
2013-07-29,1301,47.52
2013-07-30,1301,47.9
2013-07-31,1301,47.27
2013-07-01,1303,35.8
2013-07-02,1303,34.92
2013-07-03,1303,34.27
2013-07-04,1303,34.27
2013-07-05,1303,34.98
2013-07-08,1303,34.03
2013-07-09,1303,35.04
2013-07-10,1303,34.8
2013-07-11,1303,36.27
2013-07-12,1303,36.57
2013-07-15,1303,37.75
2013-07-16,1303,37.63
2013-07-17,1303,38.1
2013-07-18,1303,38.93
2013-07-19,1303,38.93
2013-07-22,1303,38.57
2013-07-23,1303,38.93
2013-07-24,1303,39.28
2013-07-25,1303,39.16
2013-07-26,1303,38.04
2013-07-29,1303,37.63
2013-07-30,1303,38.34
2013-07-31,1303,37.16
2013-07-01,1304,14.03
2013-07-02,1304,14.09
2013-07-03,1304,13.83
2013-07-04,1304,13.86
2013-07-05,1304,14.22
2013-07-08,1304,13.99
2013-07-09,1304,14.32
2013-07-10,1304,14.32
2013-07-11,1304,14.45
2013-07-12,1304,14.61
2013-07-15,1304,14.71
2013-07-16,1304,14.55
2013-07-17,1304,14.74
2013-07-18,1304,14.81
2013-07-19,1304,14.74
2013-07-22,1304,14.87
2013-07-23,1304,14.93
2013-07-24,1304,15.0
2013-07-25,1304,14.93
2013-07-26,1304,14.97
2013-07-29,1304,14.64
2013-07-30,1304,14.74
2013-07-31,1304,14.57
2013-07-01,1305,8.99
2013-07-02,1305,8.87
2013-07-03,1305,8.78
2013-07-04,1305,8.99
2013-07-05,1305,9.6
2013-07-08,1305,9.48
2013-07-09,1305,9.48
2013-07-10,1305,9.31
2013-07-11,1305,9.36
2013-07-12,1305,9.36
2013-07-15,1305,9.53
2013-07-16,1305,9.95
2013-07-17,1305,10.19
2013-07-18,1305,9.9
2013-07-19,1305,9.92
2013-07-22,1305,10.14
2013-07-23,1305,10.14
2013-07-24,1305,10.09
2013-07-25,1305,9.73
2013-07-26,1305,9.8
2013-07-29,1305,9.8
2013-07-30,1305,9.84
2013-07-31,1305,9.84
2013-07-01,1307,14.72
2013-07-02,1307,14.83
2013-07-03,1307,14.69
2013-07-04,1307,14.58
2013-07-05,1307,14.66
2013-07-08,1307,14.72
2013-07-09,1307,14.69
2013-07-10,1307,14.75
2013-07-11,1307,14.75
2013-07-12,1307,14.69
2013-07-15,1307,14.72
2013-07-16,1307,14.77
2013-07-17,1307,14.96
2013-07-18,1307,14.8
2013-07-19,1307,14.72
2013-07-22,1307,14.83
2013-07-23,1307,14.86
2013-07-24,1307,15.18
2013-07-25,1307,15.13
2013-07-26,1307,15.02
2013-07-29,1307,14.94
2013-07-30,1307,14.96
2013-07-31,1307,15.02
2013-07-01,1308,12.27
2013-07-02,1308,12.24
2013-07-03,1308,12.27
2013-07-04,1308,12.27
2013-07-05,1308,12.73
2013-07-08,1308,12.7
2013-07-09,1308,13.11
2013-07-10,1308,13.05
2013-07-11,1308,13.03
2013-07-12,1308,13.11
2013-07-15,1308,13.08
2013-07-16,1308,12.97
2013-07-17,1308,13.43
2013-07-18,1308,13.54
2013-07-19,1308,13.3
2013-07-22,1308,13.46
2013-07-23,1308,13.49
2013-07-24,1308,13.38
2013-07-25,1308,13.24
2013-07-26,1308,13.3
2013-07-29,1308,13.24
2013-07-30,1308,13.24
2013-07-31,1308,13.19
2013-07-01,1309,7.83
2013-07-02,1309,7.97
2013-07-03,1309,7.76
2013-07-04,1309,7.73
2013-07-05,1309,8.24
2013-07-08,1309,8.45
2013-07-09,1309,8.76
2013-07-10,1309,8.58
2013-07-11,1309,8.51
2013-07-12,1309,8.58
2013-07-15,1309,8.41
2013-07-16,1309,8.48
2013-07-17,1309,8.58
2013-07-18,1309,9.17
2013-07-19,1309,9.3
2013-07-22,1309,9.34
2013-07-23,1309,9.13
2013-07-24,1309,9.17
2013-07-25,1309,9.13
2013-07-26,1309,9.06
2013-07-29,1309,9.03
2013-07-30,1309,9.06
2013-07-31,1309,9.17
2013-07-01,1310,8.21
2013-07-02,1310,8.42
2013-07-03,1310,8.73
2013-07-04,1310,8.79
2013-07-05,1310,8.7
2013-07-08,1310,8.82
2013-07-09,1310,9.3
2013-07-10,1310,9.42
2013-07-11,1310,9.66
2013-07-12,1310,10.02
2013-07-15,1310,10.05
2013-07-16,1310,10.27
2013-07-17,1310,10.93
2013-07-18,1310,10.78
2013-07-19,1310,10.51
2013-07-22,1310,11.2
2013-07-23,1310,11.05
2013-07-24,1310,11.05
2013-07-25,1310,10.6
2013-07-26,1310,10.99
2013-07-29,1310,10.75
2013-07-30,1310,10.75
2013-07-31,1310,10.45
2013-07-01,1312,11.81
2013-07-02,1312,11.81
2013-07-03,1312,11.81
2013-07-04,1312,11.84
2013-07-05,1312,12.24
2013-07-08,1312,12.18
2013-07-09,1312,12.9
2013-07-10,1312,12.57
2013-07-11,1312,12.67
2013-07-12,1312,12.94
2013-07-15,1312,12.9
2013-07-16,1312,13.23
2013-07-17,1312,14.13
2013-07-18,1312,13.95
2013-07-19,1312,13.36
2013-07-22,1312,13.88
2013-07-23,1312,13.92
2013-07-24,1312,13.68
2013-07-25,1312,13.26
2013-07-26,1312,13.26
2013-07-29,1312,12.95
2013-07-30,1312,12.91
2013-07-31,1312,12.63
2013-07-02,1312A,13.04
2013-07-03,1312A,12.98
2013-07-04,1312A,12.98
2013-07-05,1312A,13.16
2013-07-08,1312A,13.16
2013-07-09,1312A,13.24
2013-07-10,1312A,13.24
2013-07-11,1312A,13.3
2013-07-12,1312A,13.45
2013-07-16,1312A,13.45
2013-07-17,1312A,13.63
2013-07-18,1312A,13.79
2013-07-19,1312A,13.44
2013-07-22,1312A,13.82
2013-07-23,1312A,13.82
2013-07-24,1312A,13.82
2013-07-25,1312A,13.82
2013-07-26,1312A,13.53
2013-07-29,1312A,13.37
2013-07-30,1312A,13.31
2013-07-31,1312A,13.5
2013-07-01,1313,8.51
2013-07-02,1313,8.57
2013-07-03,1313,8.46
2013-07-04,1313,8.51
2013-07-05,1313,8.57
2013-07-08,1313,8.57
2013-07-09,1313,8.65
2013-07-10,1313,8.6
2013-07-11,1313,8.65
2013-07-12,1313,8.63
2013-07-15,1313,8.68
2013-07-16,1313,8.71
2013-07-17,1313,8.91
2013-07-18,1313,8.94
2013-07-19,1313,8.82
2013-07-22,1313,9.02
2013-07-23,1313,8.97
2013-07-24,1313,8.91
2013-07-25,1313,8.94
2013-07-26,1313,8.94
2013-07-29,1313,8.82
2013-07-30,1313,8.85
2013-07-31,1313,8.8
2013-07-01,1314,12.21
2013-07-02,1314,12.25
2013-07-03,1314,12.09
2013-07-04,1314,12.05
2013-07-05,1314,12.25
2013-07-08,1314,12.17
2013-07-09,1314,12.21
2013-07-10,1314,12.33
2013-07-11,1314,12.37
2013-07-12,1314,12.49
2013-07-15,1314,12.9
2013-07-16,1314,12.74
2013-07-17,1314,12.86
2013-07-18,1314,12.65
2013-07-19,1314,12.29
2013-07-22,1314,12.49
2013-07-23,1314,12.61
2013-07-24,1314,12.45
2013-07-25,1314,12.41
2013-07-26,1314,12.49
2013-07-29,1314,12.33
2013-07-30,1314,12.45
2013-07-31,1314,12.29
2013-07-01,1315,41.15
2013-07-02,1315,40.87
2013-07-03,1315,40.94
2013-07-04,1315,40.66
2013-07-05,1315,40.94
2013-07-08,1315,41.15
2013-07-09,1315,41.18
2013-07-10,1315,41.39
2013-07-11,1315,41.32
2013-07-12,1315,40.89
2013-07-15,1315,41.39
2013-07-16,1315,41.39
2013-07-17,1315,41.61
2013-07-18,1315,41.32
2013-07-19,1315,41.32
2013-07-22,1315,41.03
2013-07-23,1315,41.32
2013-07-24,1315,41.68
2013-07-25,1315,41.61
2013-07-26,1315,41.53
2013-07-29,1315,41.03
2013-07-30,1315,41.32
2013-07-31,1315,41.32
2013-07-01,1316,13.63
2013-07-02,1316,13.26
2013-07-03,1316,13.47
2013-07-04,1316,13.11
2013-07-05,1316,13.06
2013-07-08,1316,12.85
2013-07-09,1316,12.95
2013-07-10,1316,12.79
2013-07-11,1316,12.85
2013-07-12,1316,12.95
2013-07-15,1316,12.85
2013-07-16,1316,12.95
2013-07-17,1316,13.11
2013-07-18,1316,13.47
2013-07-19,1316,13.06
2013-07-22,1316,13.11
2013-07-23,1316,12.95
2013-07-24,1316,12.85
2013-07-25,1316,12.69
2013-07-26,1316,12.69
2013-07-29,1316,12.53
2013-07-30,1316,12.64
2013-07-31,1316,12.38
2013-07-01,1319,23.2
2013-07-02,1319,23.01
2013-07-03,1319,23.07
2013-07-04,1319,23.49
2013-07-05,1319,24.22
2013-07-08,1319,24.51
2013-07-09,1319,24.29
2013-07-10,1319,24.35
2013-07-11,1319,24.64
2013-07-12,1319,25.66
2013-07-15,1319,25.82
2013-07-16,1319,26.14
2013-07-17,1319,26.14
2013-07-18,1319,26.81
2013-07-19,1319,26.11
2013-07-22,1319,26.14
2013-07-23,1319,26.46
2013-07-24,1319,26.17
2013-07-25,1319,26.2
2013-07-26,1319,25.72
2013-07-29,1319,25.21
2013-07-30,1319,26.97
2013-07-31,1319,27.29
2013-07-01,1321,36.32
2013-07-02,1321,36.79
2013-07-03,1321,35.38
2013-07-04,1321,35.09
2013-07-05,1321,35.47
2013-07-08,1321,34.62
2013-07-09,1321,35.0
2013-07-10,1321,34.57
2013-07-11,1321,34.9
2013-07-12,1321,35.28
2013-07-15,1321,35.66
2013-07-16,1321,36.65
2013-07-17,1321,36.27
2013-07-18,1321,36.79
2013-07-19,1321,35.71
2013-07-22,1321,35.99
2013-07-23,1321,36.13
2013-07-24,1321,36.79
2013-07-25,1321,36.04
2013-07-26,1321,35.61
2013-07-29,1321,34.9
2013-07-30,1321,35.14
2013-07-31,1321,34.76
2013-07-01,1323,13.97
2013-07-02,1323,14.62
2013-07-03,1323,14.7
2013-07-04,1323,15.11
2013-07-05,1323,14.91
2013-07-08,1323,14.8
2013-07-09,1323,14.54
2013-07-10,1323,14.93
2013-07-11,1323,15.35
2013-07-12,1323,16.41
2013-07-15,1323,16.41
2013-07-16,1323,17.24
2013-07-17,1323,17.37
2013-07-18,1323,16.93
2013-07-19,1323,17.4
2013-07-22,1323,18.59
2013-07-23,1323,18.51
2013-07-24,1323,18.88
2013-07-25,1323,18.3
2013-07-26,1323,17.66
2013-07-29,1323,17.88
2013-07-30,1323,19.12
2013-07-31,1323,19.63
2013-07-01,1324,9.46
2013-07-02,1324,9.46
2013-07-03,1324,9.46
2013-07-04,1324,9.42
2013-07-05,1324,9.39
2013-07-08,1324,9.39
2013-07-09,1324,9.35
2013-07-10,1324,9.42
2013-07-11,1324,9.56
2013-07-12,1324,9.63
2013-07-15,1324,9.63
2013-07-16,1324,9.63
2013-07-17,1324,9.67
2013-07-18,1324,10.33
2013-07-19,1324,11.03
2013-07-22,1324,11.8
2013-07-23,1324,12.26
2013-07-24,1324,13.1
2013-07-25,1324,12.61
2013-07-26,1324,12.3
2013-07-29,1324,12.26
2013-07-30,1324,12.08
2013-07-31,1324,11.8
2013-07-01,1325,12.09
2013-07-02,1325,12.09
2013-07-03,1325,12.13
2013-07-04,1325,11.96
2013-07-05,1325,12.02
2013-07-08,1325,11.92
2013-07-09,1325,11.99
2013-07-10,1325,11.92
2013-07-11,1325,12.02
2013-07-12,1325,12.16
2013-07-15,1325,12.16
2013-07-16,1325,12.24
2013-07-17,1325,12.17
2013-07-18,1325,12.21
2013-07-19,1325,12.28
2013-07-22,1325,12.9
2013-07-23,1325,12.55
2013-07-24,1325,12.62
2013-07-25,1325,12.62
2013-07-26,1325,12.55
2013-07-29,1325,13.21
2013-07-30,1325,13.11
2013-07-31,1325,13.04
2013-07-01,1326,43.16
2013-07-02,1326,43.28
2013-07-03,1326,42.18
2013-07-04,1326,43.04
2013-07-05,1326,43.65
2013-07-08,1326,43.22
2013-07-09,1326,44.45
2013-07-10,1326,44.94
2013-07-11,1326,46.41
2013-07-12,1326,46.96
2013-07-15,1326,47.82
2013-07-16,1326,47.82
2013-07-17,1326,48.13
2013-07-18,1326,48.43
2013-07-19,1326,48.0
2013-07-22,1326,48.77
2013-07-23,1326,48.77
2013-07-24,1326,49.03
2013-07-25,1326,49.09
2013-07-26,1326,48.65
2013-07-29,1326,47.69
2013-07-30,1326,48.65
2013-07-31,1326,47.5
2013-07-01,1336,7.44
2013-07-02,1336,7.51
2013-07-03,1336,7.48
2013-07-04,1336,7.48
2013-07-05,1336,7.72
2013-07-08,1336,7.62
2013-07-09,1336,7.97
2013-07-10,1336,7.8
2013-07-11,1336,7.72
2013-07-12,1336,7.76
2013-07-15,1336,7.9
2013-07-16,1336,7.8
2013-07-17,1336,7.69
2013-07-18,1336,7.62
2013-07-19,1336,7.62
2013-07-22,1336,7.58
2013-07-23,1336,7.62
2013-07-24,1336,7.62
2013-07-25,1336,7.62
2013-07-26,1336,7.58
2013-07-29,1336,7.55
2013-07-30,1336,7.69
2013-07-31,1336,7.62
2013-07-01,1337,48.42
2013-07-02,1337,47.93
2013-07-03,1337,47.93
2013-07-04,1337,47.75
2013-07-05,1337,48.18
2013-07-08,1337,48.36
2013-07-09,1337,50.22
2013-07-10,1337,50.58
2013-07-11,1337,50.89
2013-07-12,1337,51.55
2013-07-15,1337,52.24
2013-07-16,1337,51.67
2013-07-17,1337,52.1
2013-07-18,1337,52.1
2013-07-19,1337,51.96
2013-07-22,1337,53.17
2013-07-23,1337,54.03
2013-07-24,1337,54.68
2013-07-25,1337,54.11
2013-07-26,1337,53.39
2013-07-29,1337,55.18
2013-07-30,1337,56.83
2013-07-31,1337,56.76
2013-07-01,1338,40.12
2013-07-02,1338,40.72
2013-07-03,1338,40.66
2013-07-04,1338,40.28
2013-07-05,1338,40.82
2013-07-08,1338,41.47
2013-07-09,1338,41.63
2013-07-10,1338,42.41
2013-07-11,1338,41.98
2013-07-12,1338,41.44
2013-07-15,1338,42.04
2013-07-16,1338,42.23
2013-07-17,1338,42.35
2013-07-18,1338,41.8
2013-07-19,1338,42.04
2013-07-22,1338,41.8
2013-07-23,1338,41.98
2013-07-24,1338,41.56
2013-07-25,1338,41.68
2013-07-26,1338,43.56
2013-07-29,1338,43.56
2013-07-30,1338,43.25
2013-07-31,1338,42.1
2013-07-01,1339,22.81
2013-07-02,1339,22.66
2013-07-03,1339,23.23
2013-07-04,1339,23.05
2013-07-05,1339,23.7
2013-07-08,1339,24.42
2013-07-09,1339,24.36
2013-07-10,1339,24.18
2013-07-11,1339,22.81
2013-07-12,1339,23.35
2013-07-15,1339,23.05
2013-07-16,1339,23.05
2013-07-17,1339,23.17
2013-07-18,1339,23.35
2013-07-19,1339,22.96
2013-07-22,1339,22.84
2013-07-23,1339,22.99
2013-07-24,1339,22.99
2013-07-25,1339,23.41
2013-07-26,1339,23.32
2013-07-29,1339,23.29
2013-07-30,1339,23.2
2013-07-31,1339,24.06
2013-07-01,1402,18.39
2013-07-02,1402,18.45
2013-07-03,1402,18.28
2013-07-04,1402,18.3
2013-07-05,1402,18.42
2013-07-08,1402,17.93
2013-07-09,1402,18.36
2013-07-10,1402,18.56
2013-07-11,1402,18.79
2013-07-12,1402,18.67
2013-07-15,1402,18.84
2013-07-16,1402,18.9
2013-07-17,1402,18.9
2013-07-18,1402,18.93
2013-07-19,1402,19.01
2013-07-22,1402,19.01
2013-07-23,1402,19.41
2013-07-24,1402,19.04
2013-07-25,1402,19.21
2013-07-26,1402,19.27
2013-07-29,1402,19.18
2013-07-30,1402,19.21
2013-07-31,1402,19.21
2013-07-01,1409,5.5
2013-07-02,1409,5.47
2013-07-03,1409,5.4
2013-07-04,1409,5.39
2013-07-05,1409,5.45
2013-07-08,1409,5.51
2013-07-09,1409,5.49
2013-07-10,1409,5.51
2013-07-11,1409,5.53
2013-07-12,1409,5.49
2013-07-15,1409,5.57
2013-07-16,1409,5.61
2013-07-17,1409,5.62
2013-07-18,1409,5.61
2013-07-19,1409,5.57
2013-07-22,1409,5.61
2013-07-23,1409,5.61
2013-07-24,1409,5.62
2013-07-25,1409,5.69
2013-07-26,1409,5.66
2013-07-29,1409,5.65
2013-07-30,1409,5.66
2013-07-31,1409,5.69
2013-07-01,1410,17.97
2013-07-02,1410,17.77
2013-07-03,1410,17.45
2013-07-04,1410,17.57
2013-07-05,1410,17.49
2013-07-08,1410,17.13
2013-07-09,1410,17.27
2013-07-10,1410,17.14
2013-07-11,1410,17.35
2013-07-12,1410,17.35
2013-07-15,1410,17.39
2013-07-16,1410,17.73
2013-07-17,1410,17.56
2013-07-18,1410,17.56
2013-07-19,1410,17.39
2013-07-22,1410,17.64
2013-07-23,1410,17.68
2013-07-24,1410,18.14
2013-07-25,1410,17.93
2013-07-26,1410,18.27
2013-07-29,1410,17.77
2013-07-30,1410,17.73
2013-07-31,1410,17.64
2013-07-01,1413,6.74
2013-07-02,1413,6.78
2013-07-03,1413,6.74
2013-07-04,1413,6.73
2013-07-05,1413,6.69
2013-07-08,1413,6.53
2013-07-09,1413,6.54
2013-07-10,1413,6.59
2013-07-11,1413,6.63
2013-07-12,1413,6.69
2013-07-15,1413,6.78
2013-07-16,1413,6.79
2013-07-17,1413,6.83
2013-07-18,1413,6.79
2013-07-19,1413,6.76
2013-07-22,1413,6.83
2013-07-23,1413,6.91
2013-07-24,1413,6.93
2013-07-25,1413,7.04
2013-07-26,1413,7.08
2013-07-29,1413,7.09
2013-07-30,1413,7.07
2013-07-31,1413,6.83
2013-07-01,1414,6.07
2013-07-02,1414,6.08
2013-07-03,1414,6.01
2013-07-04,1414,6.0
2013-07-05,1414,6.01
2013-07-08,1414,5.99
2013-07-09,1414,5.99
2013-07-10,1414,6.08
2013-07-11,1414,6.08
2013-07-12,1414,6.07
2013-07-15,1414,6.06
2013-07-16,1414,6.06
2013-07-17,1414,6.12
2013-07-18,1414,6.15
2013-07-19,1414,6.25
2013-07-22,1414,6.23
2013-07-23,1414,6.25
2013-07-24,1414,6.29
2013-07-25,1414,6.27
2013-07-26,1414,6.27
2013-07-29,1414,6.26
2013-07-30,1414,6.27
2013-07-31,1414,6.25
2013-07-01,1416,12.0
2013-07-02,1416,11.96
2013-07-03,1416,11.85
2013-07-04,1416,11.71
2013-07-05,1416,11.85
2013-07-08,1416,11.82
2013-07-09,1416,11.96
2013-07-10,1416,11.89
2013-07-11,1416,11.89
2013-07-12,1416,12.11
2013-07-15,1416,12.11
2013-07-16,1416,12.18
2013-07-17,1416,12.11
2013-07-18,1416,11.93
2013-07-19,1416,12.0
2013-07-22,1416,11.93
2013-07-23,1416,12.04
2013-07-24,1416,12.0
2013-07-25,1416,11.92
2013-07-26,1416,11.84
2013-07-29,1416,11.69
2013-07-30,1416,11.77
2013-07-31,1416,11.73
2013-07-01,1417,10.67
2013-07-02,1417,10.73
2013-07-03,1417,10.77
2013-07-04,1417,10.78
2013-07-05,1417,10.88
2013-07-08,1417,10.88
2013-07-09,1417,10.88
2013-07-10,1417,10.88
2013-07-11,1417,10.86
2013-07-12,1417,10.9
2013-07-15,1417,10.9
2013-07-16,1417,10.81
2013-07-17,1417,10.83
2013-07-18,1417,10.79
2013-07-19,1417,10.75
2013-07-22,1417,10.81
2013-07-23,1417,10.87
2013-07-24,1417,10.81
2013-07-25,1417,10.84
2013-07-26,1417,10.87
2013-07-29,1417,10.81
2013-07-30,1417,10.81
2013-07-31,1417,10.77
2013-07-01,1418,5.54
2013-07-02,1418,5.52
2013-07-03,1418,5.56
2013-07-04,1418,5.56
2013-07-05,1418,5.62
2013-07-08,1418,5.57
2013-07-09,1418,5.57
2013-07-10,1418,5.61
2013-07-11,1418,5.68
2013-07-12,1418,5.8
2013-07-15,1418,5.83
2013-07-16,1418,5.86
2013-07-17,1418,5.9
2013-07-18,1418,5.95
2013-07-19,1418,5.96
2013-07-22,1418,6.1
2013-07-23,1418,6.05
2013-07-24,1418,6.08
2013-07-25,1418,6.06
2013-07-26,1418,6.06
2013-07-29,1418,6.02
2013-07-30,1418,6.08
2013-07-31,1418,6.04
2013-07-01,1419,29.78
2013-07-02,1419,30.01
2013-07-03,1419,29.78
2013-07-04,1419,29.78
2013-07-05,1419,29.75
2013-07-08,1419,29.86
2013-07-09,1419,29.86
2013-07-10,1419,29.6
2013-07-11,1419,29.6
2013-07-12,1419,29.56
2013-07-15,1419,29.48
2013-07-16,1419,29.48
2013-07-17,1419,29.41
2013-07-18,1419,29.48
2013-07-19,1419,29.18
2013-07-22,1419,29.15
2013-07-23,1419,29.37
2013-07-24,1419,29.37
2013-07-25,1419,29.33
2013-07-26,1419,29.41
2013-07-29,1419,29.33
2013-07-30,1419,29.33
2013-07-31,1419,29.11
2013-07-01,1423,7.48
2013-07-02,1423,7.49
2013-07-03,1423,7.48
2013-07-04,1423,7.48
2013-07-05,1423,7.49
2013-07-08,1423,7.49
2013-07-09,1423,7.49
2013-07-10,1423,7.49
2013-07-11,1423,7.79
2013-07-12,1423,7.75
2013-07-15,1423,7.73
2013-07-16,1423,7.76
2013-07-17,1423,7.75
2013-07-18,1423,7.69
2013-07-19,1423,7.72
2013-07-22,1423,7.66
2013-07-23,1423,7.75
2013-07-24,1423,7.72
2013-07-25,1423,7.73
2013-07-26,1423,7.66
2013-07-29,1423,7.57
2013-07-30,1423,7.66
2013-07-31,1423,7.67
2013-07-01,1432,52.21
2013-07-02,1432,52.67
2013-07-03,1432,51.32
2013-07-04,1432,50.72
2013-07-05,1432,50.87
2013-07-08,1432,49.3
2013-07-09,1432,49.98
2013-07-10,1432,49.37
2013-07-11,1432,49.75
2013-07-12,1432,49.6
2013-07-15,1432,49.68
2013-07-16,1432,53.12
2013-07-17,1432,52.14
2013-07-18,1432,51.32
2013-07-19,1432,51.62
2013-07-22,1432,52.07
2013-07-23,1432,52.37
2013-07-24,1432,52.52
2013-07-25,1432,51.77
2013-07-26,1432,51.62
2013-07-29,1432,51.32
2013-07-30,1432,52.21
2013-07-31,1432,52.21
2013-07-01,1434,16.75
2013-07-02,1434,16.46
2013-07-03,1434,16.19
2013-07-04,1434,16.49
2013-07-05,1434,16.72
2013-07-08,1434,16.37
2013-07-09,1434,16.63
2013-07-10,1434,16.63
2013-07-11,1434,16.75
2013-07-12,1434,16.75
2013-07-15,1434,16.72
2013-07-16,1434,16.6
2013-07-17,1434,16.84
2013-07-18,1434,16.84
2013-07-19,1434,16.78
2013-07-22,1434,16.84
2013-07-23,1434,17.13
2013-07-24,1434,17.31
2013-07-25,1434,17.34
2013-07-26,1434,17.22
2013-07-29,1434,17.1
2013-07-30,1434,17.22
2013-07-31,1434,17.13
2013-07-01,1435,6.06
2013-07-02,1435,6.06
2013-07-03,1435,5.93
2013-07-04,1435,5.86
2013-07-05,1435,5.95
2013-07-08,1435,5.85
2013-07-09,1435,6.0
2013-07-10,1435,5.88
2013-07-11,1435,5.96
2013-07-12,1435,6.01
2013-07-15,1435,5.98
2013-07-16,1435,5.93
2013-07-17,1435,5.96
2013-07-18,1435,6.01
2013-07-19,1435,5.96
2013-07-22,1435,6.02
2013-07-23,1435,6.03
2013-07-24,1435,6.16
2013-07-25,1435,6.1
2013-07-26,1435,6.03
2013-07-29,1435,5.92
2013-07-30,1435,5.99
2013-07-31,1435,5.84
2013-07-01,1436,18.93
2013-07-02,1436,19.15
2013-07-03,1436,19.15
2013-07-04,1436,19.54
2013-07-05,1436,19.29
2013-07-08,1436,19.33
2013-07-09,1436,19.33
2013-07-10,1436,19.76
2013-07-11,1436,19.4
2013-07-12,1436,19.36
2013-07-15,1436,19.36
2013-07-16,1436,19.58
2013-07-17,1436,19.58
2013-07-18,1436,19.76
2013-07-19,1436,19.9
2013-07-22,1436,20.01
2013-07-23,1436,19.69
2013-07-24,1436,19.43
2013-07-25,1436,19.65
2013-07-29,1436,19.54
2013-07-30,1436,19.69
2013-07-31,1436,19.36
2013-07-01,1437,11.67
2013-07-02,1437,11.49
2013-07-03,1437,11.41
2013-07-04,1437,11.3
2013-07-05,1437,11.41
2013-07-08,1437,11.19
2013-07-09,1437,11.19
2013-07-10,1437,11.23
2013-07-11,1437,11.27
2013-07-12,1437,11.34
2013-07-15,1437,11.38
2013-07-16,1437,11.53
2013-07-17,1437,11.41
2013-07-18,1437,11.38
2013-07-19,1437,11.27
2013-07-22,1437,11.34
2013-07-23,1437,11.41
2013-07-24,1437,11.56
2013-07-25,1437,11.56
2013-07-26,1437,11.45
2013-07-29,1437,11.41
2013-07-30,1437,11.45
2013-07-31,1437,11.38
2013-07-01,1438,8.69
2013-07-02,1438,8.75
2013-07-03,1438,8.89
2013-07-04,1438,8.85
2013-07-05,1438,8.94
2013-07-08,1438,8.89
2013-07-09,1438,9.03
2013-07-10,1438,8.82
2013-07-11,1438,8.82
2013-07-12,1438,8.82
2013-07-15,1438,8.89
2013-07-16,1438,8.64
2013-07-17,1438,8.64
2013-07-18,1438,8.64
2013-07-19,1438,9.15
2013-07-22,1438,9.06
2013-07-23,1438,8.89
2013-07-24,1438,8.55
2013-07-25,1438,8.64
2013-07-26,1438,8.87
2013-07-29,1438,8.83
2013-07-30,1438,8.64
2013-07-31,1438,8.87
2013-07-01,1439,10.64
2013-07-02,1439,10.64
2013-07-03,1439,10.64
2013-07-04,1439,10.6
2013-07-05,1439,10.9
2013-07-08,1439,10.86
2013-07-09,1439,10.86
2013-07-10,1439,10.97
2013-07-11,1439,10.93
2013-07-12,1439,10.97
2013-07-15,1439,11.71
2013-07-16,1439,11.23
2013-07-17,1439,11.38
2013-07-18,1439,11.16
2013-07-19,1439,11.16
2013-07-22,1439,11.19
2013-07-23,1439,11.19
2013-07-24,1439,11.23
2013-07-25,1439,11.19
2013-07-26,1439,11.08
2013-07-29,1439,10.9
2013-07-30,1439,10.93
2013-07-31,1439,10.75
2013-07-01,1440,10.27
2013-07-02,1440,10.23
2013-07-03,1440,10.09
2013-07-04,1440,10.12
2013-07-05,1440,10.2
2013-07-08,1440,10.12
2013-07-09,1440,10.3
2013-07-10,1440,10.55
2013-07-11,1440,10.52
2013-07-12,1440,10.48
2013-07-15,1440,10.66
2013-07-16,1440,10.7
2013-07-17,1440,10.63
2013-07-18,1440,10.59
2013-07-19,1440,10.63
2013-07-22,1440,10.66
2013-07-23,1440,10.66
2013-07-24,1440,10.7
2013-07-25,1440,10.73
2013-07-26,1440,10.73
2013-07-29,1440,10.52
2013-07-30,1440,10.59
2013-07-31,1440,10.48
2013-07-01,1441,20.9
2013-07-02,1441,20.76
2013-07-03,1441,20.56
2013-07-04,1441,20.56
2013-07-05,1441,20.94
2013-07-08,1441,20.61
2013-07-09,1441,20.67
2013-07-10,1441,20.74
2013-07-11,1441,20.94
2013-07-12,1441,21.2
2013-07-15,1441,21.05
2013-07-16,1441,21.27
2013-07-17,1441,21.47
2013-07-18,1441,21.09
2013-07-19,1441,20.87
2013-07-22,1441,20.85
2013-07-23,1441,20.9
2013-07-24,1441,21.13
2013-07-25,1441,21.05
2013-07-26,1441,20.87
2013-07-29,1441,20.78
2013-07-30,1441,20.83
2013-07-31,1441,20.83
2013-07-01,1442,14.39
2013-07-02,1442,14.35
2013-07-03,1442,14.35
2013-07-04,1442,14.2
2013-07-05,1442,13.99
2013-07-08,1442,13.99
2013-07-09,1442,14.96
2013-07-10,1442,14.96
2013-07-11,1442,14.9
2013-07-12,1442,14.94
2013-07-15,1442,15.47
2013-07-16,1442,15.47
2013-07-17,1442,15.36
2013-07-18,1442,15.56
2013-07-19,1442,15.47
2013-07-22,1442,15.68
2013-07-23,1442,15.56
2013-07-24,1442,15.75
2013-07-25,1442,15.89
2013-07-26,1442,15.92
2013-07-29,1442,16.0
2013-07-30,1442,15.89
2013-07-31,1442,15.79
2013-07-01,1443,5.5
2013-07-02,1443,5.5
2013-07-03,1443,5.62
2013-07-04,1443,5.62
2013-07-05,1443,5.72
2013-07-08,1443,5.74
2013-07-09,1443,5.87
2013-07-10,1443,6.24
2013-07-11,1443,6.21
2013-07-12,1443,6.26
2013-07-15,1443,6.24
2013-07-16,1443,6.19
2013-07-17,1443,6.17
2013-07-18,1443,6.11
2013-07-19,1443,6.19
2013-07-22,1443,6.21
2013-07-23,1443,6.25
2013-07-24,1443,6.26
2013-07-25,1443,6.41
2013-07-26,1443,6.31
2013-07-29,1443,6.33
2013-07-30,1443,6.33
2013-07-31,1443,6.22
2013-07-01,1444,7.49
2013-07-02,1444,7.49
2013-07-03,1444,7.36
2013-07-04,1444,7.36
2013-07-05,1444,7.42
2013-07-08,1444,7.46
2013-07-09,1444,7.49
2013-07-10,1444,7.49
2013-07-11,1444,7.56
2013-07-12,1444,7.56
2013-07-15,1444,7.63
2013-07-16,1444,7.6
2013-07-17,1444,7.74
2013-07-18,1444,7.74
2013-07-19,1444,7.67
2013-07-22,1444,7.74
2013-07-23,1444,7.87
2013-07-24,1444,7.76
2013-07-25,1444,7.8
2013-07-26,1444,7.69
2013-07-29,1444,7.62
2013-07-30,1444,7.62
2013-07-31,1444,7.58
2013-07-01,1445,4.77
2013-07-02,1445,4.79
2013-07-03,1445,4.81
2013-07-04,1445,4.77
2013-07-05,1445,4.78
2013-07-08,1445,4.8
2013-07-09,1445,4.75
2013-07-10,1445,4.79
2013-07-11,1445,4.86
2013-07-12,1445,4.86
2013-07-15,1445,4.93
2013-07-16,1445,5.13
2013-07-17,1445,5.07
2013-07-18,1445,4.97
2013-07-19,1445,4.95
2013-07-22,1445,5.04
2013-07-23,1445,5.1
2013-07-24,1445,5.1
2013-07-25,1445,5.17
2013-07-26,1445,5.2
2013-07-29,1445,5.33
2013-07-30,1445,5.38
2013-07-31,1445,5.39
2013-07-01,1446,24.91
2013-07-02,1446,25.05
2013-07-03,1446,25.05
2013-07-04,1446,25.05
2013-07-05,1446,25.18
2013-07-08,1446,24.91
2013-07-09,1446,25.18
2013-07-10,1446,25.13
2013-07-11,1446,25.18
2013-07-12,1446,26.14
2013-07-15,1446,26.23
2013-07-16,1446,26.58
2013-07-17,1446,26.49
2013-07-18,1446,26.14
2013-07-19,1446,25.96
2013-07-22,1446,25.96
2013-07-23,1446,25.79
2013-07-24,1446,25.22
2013-07-25,1446,25.4
2013-07-26,1446,25.35
2013-07-29,1446,24.87
2013-07-30,1446,24.91
2013-07-31,1446,24.65
2013-07-01,1447,10.35
2013-07-02,1447,10.23
2013-07-03,1447,10.19
2013-07-04,1447,10.23
2013-07-05,1447,10.35
2013-07-08,1447,10.11
2013-07-09,1447,9.99
2013-07-10,1447,9.95
2013-07-11,1447,9.91
2013-07-12,1447,9.83
2013-07-15,1447,9.83
2013-07-16,1447,9.91
2013-07-17,1447,10.39
2013-07-18,1447,10.03
2013-07-19,1447,9.83
2013-07-22,1447,10.15
2013-07-23,1447,10.19
2013-07-24,1447,10.07
2013-07-25,1447,9.99
2013-07-26,1447,9.99
2013-07-29,1447,9.78
2013-07-30,1447,9.78
2013-07-31,1447,9.61
2013-07-01,1449,14.4
2013-07-02,1449,14.4
2013-07-03,1449,14.4
2013-07-04,1449,14.4
2013-07-05,1449,14.4
2013-07-08,1449,14.25
2013-07-09,1449,13.6
2013-07-10,1449,14.17
2013-07-11,1449,14.17
2013-07-12,1449,14.17
2013-07-15,1449,14.25
2013-07-16,1449,14.17
2013-07-17,1449,14.25
2013-07-18,1449,13.6
2013-07-19,1449,14.09
2013-07-22,1449,14.0
2013-07-23,1449,13.84
2013-07-24,1449,14.0
2013-07-25,1449,14.09
2013-07-26,1449,14.25
2013-07-29,1449,14.56
2013-07-30,1449,15.53
2013-07-31,1449,16.56
2013-07-01,1451,26.45
2013-07-02,1451,26.05
2013-07-03,1451,25.57
2013-07-04,1451,24.95
2013-07-05,1451,25.81
2013-07-08,1451,25.09
2013-07-09,1451,25.57
2013-07-10,1451,26.91
2013-07-11,1451,26.82
2013-07-12,1451,26.72
2013-07-15,1451,26.15
2013-07-16,1451,25.57
2013-07-17,1451,26.0
2013-07-18,1451,26.15
2013-07-19,1451,26.29
2013-07-22,1451,26.86
2013-07-23,1451,26.53
2013-07-24,1451,26.15
2013-07-25,1451,25.86
2013-07-26,1451,25.38
2013-07-29,1451,24.81
2013-07-30,1451,24.66
2013-07-31,1451,24.04
2013-07-01,1452,4.95
2013-07-02,1452,4.97
2013-07-03,1452,4.92
2013-07-04,1452,4.92
2013-07-05,1452,4.9
2013-07-08,1452,4.92
2013-07-09,1452,4.92
2013-07-10,1452,4.95
2013-07-11,1452,4.97
2013-07-12,1452,4.97
2013-07-15,1452,5.0
2013-07-16,1452,4.99
2013-07-17,1452,5.01
2013-07-18,1452,5.02
2013-07-19,1452,4.96
2013-07-22,1452,4.95
2013-07-23,1452,4.94
2013-07-24,1452,4.89
2013-07-25,1452,4.86
2013-07-26,1452,4.88
2013-07-29,1452,4.85
2013-07-30,1452,4.85
2013-07-31,1452,4.86
2013-07-01,1453,7.9
2013-07-02,1453,7.79
2013-07-03,1453,7.62
2013-07-04,1453,7.41
2013-07-05,1453,7.37
2013-07-08,1453,7.37
2013-07-09,1453,7.37
2013-07-10,1453,7.41
2013-07-11,1453,7.44
2013-07-12,1453,7.48
2013-07-15,1453,7.48
2013-07-16,1453,7.55
2013-07-17,1453,7.51
2013-07-18,1453,7.44
2013-07-19,1453,7.44
2013-07-22,1453,7.41
2013-07-23,1453,7.37
2013-07-24,1453,7.86
2013-07-25,1453,7.93
2013-07-26,1453,7.65
2013-07-29,1453,7.34
2013-07-30,1453,7.51
2013-07-31,1453,7.44
2013-07-01,1454,5.01
2013-07-02,1454,4.98
2013-07-03,1454,4.95
2013-07-04,1454,4.98
2013-07-05,1454,4.98
2013-07-08,1454,4.97
2013-07-09,1454,5.01
2013-07-10,1454,5.02
2013-07-11,1454,5.04
2013-07-12,1454,5.06
2013-07-15,1454,5.12
2013-07-16,1454,5.13
2013-07-17,1454,5.13
2013-07-18,1454,5.1
2013-07-19,1454,5.09
2013-07-22,1454,5.1
2013-07-23,1454,5.14
2013-07-24,1454,5.14
2013-07-25,1454,5.16
2013-07-26,1454,5.17
2013-07-29,1454,5.17
2013-07-30,1454,5.17
2013-07-31,1454,5.14
2013-07-01,1455,7.25
2013-07-02,1455,7.29
2013-07-03,1455,7.19
2013-07-04,1455,7.17
2013-07-05,1455,7.4
2013-07-08,1455,7.55
2013-07-09,1455,7.51
2013-07-10,1455,7.56
2013-07-11,1455,7.86
2013-07-12,1455,7.67
2013-07-15,1455,7.86
2013-07-16,1455,7.82
2013-07-17,1455,8.28
2013-07-18,1455,8.09
2013-07-19,1455,7.89
2013-07-22,1455,8.01
2013-07-23,1455,7.89
2013-07-24,1455,7.7
2013-07-25,1455,7.78
2013-07-26,1455,7.7
2013-07-29,1455,7.56
2013-07-30,1455,7.65
2013-07-31,1455,7.66
2013-07-01,1456,18.63
2013-07-02,1456,19.92
2013-07-03,1456,20.96
2013-07-04,1456,21.21
2013-07-05,1456,21.21
2013-07-08,1456,20.96
2013-07-09,1456,20.9
2013-07-10,1456,20.38
2013-07-11,1456,19.66
2013-07-12,1456,19.66
2013-07-15,1456,19.4
2013-07-16,1456,19.14
2013-07-17,1456,19.19
2013-07-18,1456,18.83
2013-07-19,1456,18.73
2013-07-22,1456,19.66
2013-07-23,1456,19.61
2013-07-24,1456,18.63
2013-07-25,1456,18.01
2013-07-26,1456,16.97
2013-07-29,1456,17.8
2013-07-30,1456,18.99
2013-07-31,1456,18.63
2013-07-01,1457,3.63
2013-07-02,1457,3.6
2013-07-03,1457,3.6
2013-07-04,1457,3.58
2013-07-05,1457,3.58
2013-07-08,1457,3.57
2013-07-09,1457,3.57
2013-07-10,1457,3.58
2013-07-11,1457,3.64
2013-07-12,1457,3.7
2013-07-15,1457,3.69
2013-07-16,1457,3.67
2013-07-17,1457,3.93
2013-07-18,1457,3.87
2013-07-19,1457,3.79
2013-07-22,1457,3.82
2013-07-23,1457,3.82
2013-07-24,1457,3.95
2013-07-25,1457,3.91
2013-07-26,1457,3.86
2013-07-29,1457,3.81
2013-07-30,1457,3.81
2013-07-31,1457,3.87
2013-07-01,1459,6.99
2013-07-02,1459,7.05
2013-07-03,1459,7.05
2013-07-04,1459,7.05
2013-07-05,1459,7.17
2013-07-08,1459,7.12
2013-07-09,1459,7.09
2013-07-10,1459,7.11
2013-07-11,1459,7.2
2013-07-12,1459,7.12
2013-07-15,1459,7.12
2013-07-16,1459,7.13
2013-07-17,1459,7.32
2013-07-18,1459,7.44
2013-07-19,1459,7.4
2013-07-22,1459,7.44
2013-07-23,1459,7.32
2013-07-24,1459,7.34
2013-07-25,1459,7.37
2013-07-26,1459,7.4
2013-07-29,1459,7.26
2013-07-30,1459,7.21
2013-07-31,1459,7.24
2013-07-01,1460,8.26
2013-07-02,1460,8.23
2013-07-03,1460,8.19
2013-07-04,1460,8.14
2013-07-05,1460,8.13
2013-07-08,1460,8.06
2013-07-09,1460,8.16
2013-07-10,1460,8.23
2013-07-11,1460,8.27
2013-07-12,1460,8.26
2013-07-15,1460,8.24
2013-07-16,1460,8.21
2013-07-17,1460,8.2
2013-07-18,1460,8.17
2013-07-19,1460,8.04
2013-07-22,1460,8.02
2013-07-23,1460,8.11
2013-07-24,1460,8.06
2013-07-25,1460,8.03
2013-07-26,1460,8.04
2013-07-29,1460,8.07
2013-07-30,1460,8.03
2013-07-31,1460,8.02
2013-07-01,1463,7.49
2013-07-02,1463,7.46
2013-07-03,1463,7.52
2013-07-04,1463,7.46
2013-07-05,1463,7.63
2013-07-08,1463,7.58
2013-07-09,1463,7.61
2013-07-10,1463,7.8
2013-07-11,1463,7.8
2013-07-12,1463,7.94
2013-07-15,1463,8.0
2013-07-16,1463,8.03
2013-07-17,1463,8.03
2013-07-18,1463,7.97
2013-07-19,1463,7.91
2013-07-22,1463,7.86
2013-07-23,1463,8.0
2013-07-24,1463,7.94
2013-07-25,1463,7.91
2013-07-26,1463,8.45
2013-07-29,1463,8.22
2013-07-30,1463,8.19
2013-07-31,1463,8.03
2013-07-01,1464,4.92
2013-07-02,1464,4.89
2013-07-03,1464,4.85
2013-07-04,1464,4.81
2013-07-05,1464,4.81
2013-07-08,1464,4.73
2013-07-09,1464,4.66
2013-07-10,1464,4.73
2013-07-11,1464,4.75
2013-07-12,1464,4.75
2013-07-15,1464,4.9
2013-07-16,1464,4.9
2013-07-17,1464,4.85
2013-07-18,1464,4.81
2013-07-19,1464,4.84
2013-07-22,1464,4.86
2013-07-23,1464,4.94
2013-07-24,1464,5.02
2013-07-25,1464,5.15
2013-07-26,1464,5.05
2013-07-29,1464,4.89
2013-07-30,1464,4.95
2013-07-31,1464,4.95
2013-07-01,1465,6.65
2013-07-02,1465,6.72
2013-07-03,1465,6.63
2013-07-04,1465,6.65
2013-07-05,1465,6.72
2013-07-08,1465,6.82
2013-07-09,1465,6.86
2013-07-10,1465,6.91
2013-07-11,1465,6.96
2013-07-12,1465,6.93
2013-07-15,1465,6.96
2013-07-16,1465,6.96
2013-07-17,1465,6.98
2013-07-18,1465,7.0
2013-07-19,1465,6.96
2013-07-22,1465,7.0
2013-07-23,1465,7.12
2013-07-24,1465,6.84
2013-07-25,1465,6.84
2013-07-26,1465,6.79
2013-07-29,1465,6.74
2013-07-30,1465,6.72
2013-07-31,1465,6.72
2013-07-01,1466,15.03
2013-07-02,1466,14.75
2013-07-03,1466,14.79
2013-07-04,1466,14.58
2013-07-05,1466,14.58
2013-07-08,1466,14.46
2013-07-09,1466,14.72
2013-07-10,1466,14.98
2013-07-11,1466,15.07
2013-07-12,1466,14.85
2013-07-15,1466,14.81
2013-07-16,1466,14.63
2013-07-17,1466,14.89
2013-07-18,1466,14.5
2013-07-19,1466,14.59
2013-07-22,1466,14.63
2013-07-23,1466,15.24
2013-07-24,1466,15.76
2013-07-25,1466,15.54
2013-07-26,1466,15.5
2013-07-29,1466,15.41
2013-07-30,1466,15.46
2013-07-31,1466,15.24
2013-07-01,1467,10.55
2013-07-02,1467,10.5
2013-07-03,1467,10.55
2013-07-04,1467,10.64
2013-07-05,1467,10.72
2013-07-08,1467,10.59
2013-07-09,1467,10.55
2013-07-10,1467,10.59
2013-07-11,1467,10.59
2013-07-12,1467,10.59
2013-07-15,1467,10.59
2013-07-16,1467,10.46
2013-07-17,1467,11.16
2013-07-18,1467,11.72
2013-07-19,1467,11.59
2013-07-22,1467,12.2
2013-07-23,1467,12.12
2013-07-24,1467,12.29
2013-07-25,1467,12.38
2013-07-26,1467,12.55
2013-07-29,1467,11.94
2013-07-30,1467,11.86
2013-07-31,1467,11.59
2013-07-01,1468,10.05
2013-07-02,1468,9.9
2013-07-03,1468,9.74
2013-07-04,1468,9.68
2013-07-05,1468,9.66
2013-07-08,1468,9.66
2013-07-09,1468,9.67
2013-07-10,1468,9.69
2013-07-11,1468,9.73
2013-07-12,1468,9.64
2013-07-15,1468,9.72
2013-07-16,1468,9.68
2013-07-17,1468,9.53
2013-07-18,1468,9.91
2013-07-19,1468,9.85
2013-07-22,1468,9.78
2013-07-23,1468,9.57
2013-07-24,1468,9.75
2013-07-25,1468,9.55
2013-07-26,1468,9.79
2013-07-29,1468,9.67
2013-07-30,1468,9.89
2013-07-31,1468,9.78
2013-07-01,1469,9.52
2013-07-02,1469,9.72
2013-07-03,1469,9.67
2013-07-04,1469,9.66
2013-07-05,1469,9.55
2013-07-08,1469,9.7
2013-07-09,1469,9.77
2013-07-10,1469,9.86
2013-07-11,1469,9.79
2013-07-12,1469,9.85
2013-07-15,1469,9.89
2013-07-16,1469,9.94
2013-07-17,1469,9.93
2013-07-18,1469,9.78
2013-07-19,1469,9.84
2013-07-22,1469,9.81
2013-07-23,1469,9.79
2013-07-24,1469,9.78
2013-07-25,1469,9.78
2013-07-26,1469,9.77
2013-07-29,1469,9.84
2013-07-30,1469,9.82
2013-07-31,1469,9.65
2013-07-01,1470,10.77
2013-07-02,1470,10.81
2013-07-03,1470,10.59
2013-07-04,1470,10.4
2013-07-05,1470,10.55
2013-07-09,1470,10.51
2013-07-10,1470,10.48
2013-07-11,1470,10.73
2013-07-15,1470,10.96
2013-07-17,1470,10.88
2013-07-18,1470,11.18
2013-07-19,1470,11.1
2013-07-22,1470,10.99
2013-07-23,1470,10.96
2013-07-24,1470,10.96
2013-07-25,1470,10.88
2013-07-01,1471,13.58
2013-07-02,1471,13.59
2013-07-03,1471,13.42
2013-07-04,1471,13.26
2013-07-05,1471,13.42
2013-07-08,1471,13.02
2013-07-09,1471,13.05
2013-07-10,1471,13.08
2013-07-11,1471,13.15
2013-07-12,1471,13.31
2013-07-15,1471,13.47
2013-07-16,1471,13.7
2013-07-17,1471,13.7
2013-07-18,1471,13.7
2013-07-19,1471,13.63
2013-07-22,1471,14.53
2013-07-23,1471,15.22
2013-07-24,1471,15.15
2013-07-25,1471,15.15
2013-07-26,1471,15.15
2013-07-29,1471,14.67
2013-07-30,1471,15.15
2013-07-31,1471,14.67
2013-07-01,1472,83.83
2013-07-02,1472,83.01
2013-07-03,1472,81.65
2013-07-04,1472,81.92
2013-07-05,1472,84.38
2013-07-08,1472,90.11
2013-07-09,1472,91.75
2013-07-10,1472,90.66
2013-07-11,1472,90.66
2013-07-12,1472,96.94
2013-07-15,1472,96.94
2013-07-16,1472,94.21
2013-07-17,1472,94.75
2013-07-18,1472,94.21
2013-07-19,1472,93.38
2013-07-22,1472,92.29
2013-07-23,1472,92.02
2013-07-24,1472,91.75
2013-07-25,1472,90.93
2013-07-26,1472,91.2
2013-07-29,1472,91.2
2013-07-30,1472,91.75
2013-07-31,1472,92.84
2013-07-01,1473,20.5
2013-07-02,1473,20.41
2013-07-03,1473,20.44
2013-07-04,1473,20.35
2013-07-05,1473,20.72
2013-07-08,1473,20.28
2013-07-09,1473,20.41
2013-07-10,1473,20.74
2013-07-11,1473,20.93
2013-07-12,1473,20.87
2013-07-15,1473,20.61
2013-07-16,1473,20.64
2013-07-17,1473,20.8
2013-07-18,1473,20.54
2013-07-19,1473,20.35
2013-07-22,1473,20.45
2013-07-23,1473,20.48
2013-07-24,1473,20.32
2013-07-25,1473,19.99
2013-07-26,1473,20.54
2013-07-29,1473,20.45
2013-07-30,1473,20.54
2013-07-31,1473,21.0
2013-07-01,1474,5.05
2013-07-02,1474,5.05
2013-07-03,1474,5.01
2013-07-04,1474,5.01
2013-07-05,1474,5.07
2013-07-08,1474,5.06
2013-07-09,1474,5.06
2013-07-10,1474,5.08
2013-07-11,1474,5.1
2013-07-12,1474,5.07
2013-07-15,1474,5.42
2013-07-16,1474,5.52
2013-07-17,1474,5.45
2013-07-18,1474,5.36
2013-07-19,1474,5.2
2013-07-22,1474,5.56
2013-07-23,1474,5.94
2013-07-24,1474,6.35
2013-07-25,1474,6.79
2013-07-26,1474,7.16
2013-07-29,1474,6.93
2013-07-30,1474,6.95
2013-07-31,1474,6.5
2013-07-01,1475,14.87
2013-07-02,1475,15.9
2013-07-03,1475,14.82
2013-07-04,1475,14.6
2013-07-12,1475,14.09
2013-07-16,1475,15.06
2013-07-18,1475,15.06
2013-07-22,1475,16.06
2013-07-23,1475,17.14
2013-07-24,1475,18.12
2013-07-26,1475,16.81
2013-07-01,1476,158.09
2013-07-02,1476,163.43
2013-07-03,1476,160.43
2013-07-04,1476,158.76
2013-07-05,1476,166.09
2013-07-08,1476,164.09
2013-07-09,1476,165.43
2013-07-10,1476,168.76
2013-07-11,1476,173.43
2013-07-12,1476,178.77
2013-07-15,1476,176.1
2013-07-16,1476,178.77
2013-07-17,1476,176.77
2013-07-18,1476,166.76
2013-07-19,1476,171.1
2013-07-22,1476,174.1
2013-07-23,1476,176.77
2013-07-24,1476,171.76
2013-07-25,1476,168.76
2013-07-26,1476,157.09
2013-07-29,1476,159.76
2013-07-30,1476,156.42
2013-07-31,1476,154.09
2013-07-01,1477,69.88
2013-07-02,1477,69.42
2013-07-03,1477,70.11
2013-07-04,1477,74.99
2013-07-05,1477,80.1
2013-07-08,1477,79.87
2013-07-09,1477,84.04
2013-07-10,1477,83.58
2013-07-11,1477,85.9
2013-07-12,1477,85.9
2013-07-15,1477,83.35
2013-07-16,1477,82.19
2013-07-17,1477,83.7
2013-07-18,1477,79.61
2013-07-19,1477,81.05
2013-07-22,1477,86.1
2013-07-23,1477,86.1
2013-07-24,1477,82.74
2013-07-25,1477,81.05
2013-07-26,1477,76.24
2013-07-29,1477,76.24
2013-07-30,1477,79.37
2013-07-31,1477,78.89
2013-07-01,1503,24.94
2013-07-02,1503,24.86
2013-07-03,1503,24.76
2013-07-04,1503,24.97
2013-07-05,1503,24.9
2013-07-08,1503,24.9
2013-07-09,1503,24.79
2013-07-10,1503,24.76
2013-07-11,1503,24.97
2013-07-12,1503,25.01
2013-07-15,1503,25.19
2013-07-16,1503,25.41
2013-07-17,1503,25.19
2013-07-18,1503,25.34
2013-07-19,1503,25.15
2013-07-22,1503,25.15
2013-07-23,1503,25.19
2013-07-24,1503,25.37
2013-07-25,1503,25.48
2013-07-26,1503,25.48
2013-07-29,1503,25.55
2013-07-30,1503,25.63
2013-07-31,1503,25.7
2013-07-01,1504,18.37
2013-07-02,1504,18.34
2013-07-03,1504,18.71
2013-07-04,1504,18.59
2013-07-05,1504,18.62
2013-07-08,1504,18.12
2013-07-09,1504,18.56
2013-07-10,1504,19.06
2013-07-11,1504,19.55
2013-07-12,1504,19.46
2013-07-15,1504,19.43
2013-07-16,1504,19.86
2013-07-17,1504,19.77
2013-07-18,1504,20.19
2013-07-19,1504,20.47
2013-07-22,1504,20.67
2013-07-23,1504,22.11
2013-07-24,1504,20.83
2013-07-25,1504,20.41
2013-07-26,1504,21.02
2013-07-29,1504,20.67
2013-07-30,1504,20.96
2013-07-31,1504,20.96
2013-07-01,1506,12.82
2013-07-02,1506,12.82
2013-07-03,1506,12.82
2013-07-04,1506,12.77
2013-07-05,1506,13.5
2013-07-08,1506,13.06
2013-07-09,1506,13.21
2013-07-10,1506,13.16
2013-07-11,1506,13.69
2013-07-12,1506,14.6
2013-07-15,1506,14.79
2013-07-16,1506,14.41
2013-07-17,1506,15.42
2013-07-18,1506,15.37
2013-07-19,1506,14.65
2013-07-22,1506,15.66
2013-07-23,1506,15.99
2013-07-24,1506,15.37
2013-07-25,1506,15.46
2013-07-26,1506,15.08
2013-07-29,1506,14.98
2013-07-30,1506,14.74
2013-07-31,1506,14.79
2013-07-01,1507,41.82
2013-07-02,1507,41.97
2013-07-03,1507,42.97
2013-07-04,1507,45.12
2013-07-05,1507,45.83
2013-07-08,1507,44.97
2013-07-09,1507,45.62
2013-07-10,1507,48.27
2013-07-11,1507,47.84
2013-07-12,1507,49.63
2013-07-15,1507,48.7
2013-07-16,1507,47.98
2013-07-17,1507,47.91
2013-07-18,1507,48.63
2013-07-19,1507,48.55
2013-07-22,1507,50.13
2013-07-23,1507,51.2
2013-07-24,1507,50.7
2013-07-25,1507,49.63
2013-07-26,1507,49.41
2013-07-29,1507,49.84
2013-07-30,1507,51.28
2013-07-31,1507,51.92
2013-07-01,1512,71.84
2013-07-02,1512,71.64
2013-07-03,1512,70.94
2013-07-04,1512,70.14
2013-07-05,1512,71.44
2013-07-08,1512,70.74
2013-07-09,1512,70.84
2013-07-10,1512,70.64
2013-07-11,1512,71.44
2013-07-12,1512,72.74
2013-07-15,1512,72.04
2013-07-16,1512,72.34
2013-07-17,1512,72.44
2013-07-18,1512,72.14
2013-07-19,1512,72.74
2013-07-22,1512,75.93
2013-07-23,1512,75.33
2013-07-24,1512,75.13
2013-07-25,1512,74.43
2013-07-26,1512,73.73
2013-07-29,1512,74.53
2013-07-30,1512,73.93
2013-07-31,1512,73.73
2013-07-01,1513,10.46
2013-07-02,1513,10.43
2013-07-03,1513,10.37
2013-07-04,1513,10.37
2013-07-05,1513,10.4
2013-07-08,1513,10.4
2013-07-09,1513,10.4
2013-07-10,1513,10.46
2013-07-11,1513,10.55
2013-07-12,1513,10.62
2013-07-15,1513,10.65
2013-07-16,1513,10.55
2013-07-17,1513,10.62
2013-07-18,1513,10.52
2013-07-19,1513,10.52
2013-07-22,1513,10.55
2013-07-23,1513,10.58
2013-07-24,1513,10.58
2013-07-25,1513,10.55
2013-07-26,1513,10.58
2013-07-29,1513,10.55
2013-07-30,1513,10.62
2013-07-31,1513,10.55
2013-07-01,1514,5.17
2013-07-02,1514,5.15
2013-07-03,1514,5.24
2013-07-04,1514,5.23
2013-07-05,1514,5.2
2013-07-08,1514,5.18
2013-07-09,1514,5.19
2013-07-10,1514,5.12
2013-07-11,1514,5.14
2013-07-12,1514,5.14
2013-07-15,1514,5.13
2013-07-16,1514,5.16
2013-07-17,1514,5.14
2013-07-18,1514,5.08
2013-07-19,1514,5.08
2013-07-22,1514,5.05
2013-07-23,1514,5.05
2013-07-24,1514,5.05
2013-07-25,1514,5.09
2013-07-26,1514,5.08
2013-07-29,1514,5.01
2013-07-30,1514,5.01
2013-07-31,1514,5.03
2013-07-01,1515,6.09
2013-07-02,1515,6.05
2013-07-03,1515,6.05
2013-07-04,1515,6.06
2013-07-05,1515,6.07
2013-07-08,1515,6.05
2013-07-09,1515,6.03
2013-07-10,1515,6.03
2013-07-11,1515,6.03
2013-07-12,1515,6.01
2013-07-15,1515,6.07
2013-07-16,1515,6.09
2013-07-17,1515,6.11
2013-07-18,1515,6.51
2013-07-19,1515,6.42
2013-07-22,1515,6.53
2013-07-23,1515,6.46
2013-07-24,1515,6.36
2013-07-25,1515,6.42
2013-07-26,1515,6.62
2013-07-29,1515,6.48
2013-07-30,1515,6.38
2013-07-31,1515,6.39
2013-07-01,1516,8.23
2013-07-02,1516,8.23
2013-07-03,1516,8.23
2013-07-04,1516,7.75
2013-07-05,1516,8.26
2013-07-08,1516,7.72
2013-07-09,1516,8.07
2013-07-10,1516,7.56
2013-07-11,1516,8.04
2013-07-12,1516,8.52
2013-07-17,1516,8.36
2013-07-18,1516,8.26
2013-07-19,1516,8.17
2013-07-22,1516,8.17
2013-07-23,1516,8.17
2013-07-24,1516,8.17
2013-07-25,1516,8.2
2013-07-26,1516,8.17
2013-07-29,1516,7.95
2013-07-30,1516,7.95
2013-07-31,1516,7.95
2013-07-01,1517,9.6
2013-07-02,1517,9.7
2013-07-03,1517,9.84
2013-07-04,1517,9.73
2013-07-05,1517,9.7
2013-07-08,1517,9.7
2013-07-09,1517,10.01
2013-07-10,1517,9.87
2013-07-11,1517,10.32
2013-07-12,1517,10.22
2013-07-15,1517,10.18
2013-07-16,1517,10.08
2013-07-17,1517,10.15
2013-07-18,1517,9.87
2013-07-19,1517,10.11
2013-07-22,1517,10.46
2013-07-23,1517,10.35
2013-07-24,1517,10.22
2013-07-25,1517,10.18
2013-07-26,1517,10.04
2013-07-29,1517,9.91
2013-07-30,1517,10.08
2013-07-31,1517,9.98
2013-07-01,1519,10.26
2013-07-02,1519,10.19
2013-07-03,1519,10.04
2013-07-04,1519,10.04
2013-07-05,1519,10.08
2013-07-08,1519,10.04
2013-07-09,1519,10.04
2013-07-10,1519,10.0
2013-07-11,1519,9.74
2013-07-12,1519,9.82
2013-07-15,1519,9.85
2013-07-16,1519,9.93
2013-07-17,1519,9.85
2013-07-18,1519,9.85
2013-07-19,1519,9.85
2013-07-22,1519,9.89
2013-07-23,1519,10.19
2013-07-24,1519,10.08
2013-07-25,1519,10.26
2013-07-26,1519,10.41
2013-07-29,1519,10.34
2013-07-30,1519,10.41
2013-07-31,1519,10.34
2013-07-01,1521,26.19
2013-07-02,1521,26.47
2013-07-03,1521,26.44
2013-07-04,1521,26.36
2013-07-05,1521,25.89
2013-07-08,1521,26.03
2013-07-09,1521,25.94
2013-07-10,1521,25.83
2013-07-11,1521,25.74
2013-07-12,1521,25.94
2013-07-15,1521,26.03
2013-07-16,1521,26.06
2013-07-17,1521,26.53
2013-07-18,1521,26.24
2013-07-19,1521,25.97
2013-07-22,1521,25.89
2013-07-23,1521,25.89
2013-07-24,1521,25.68
2013-07-25,1521,25.44
2013-07-26,1521,25.15
2013-07-29,1521,26.89
2013-07-30,1521,26.36
2013-07-31,1521,26.0
2013-07-01,1522,7.38
2013-07-02,1522,7.32
2013-07-03,1522,7.29
2013-07-04,1522,7.62
2013-07-05,1522,7.62
2013-07-08,1522,7.56
2013-07-09,1522,7.44
2013-07-10,1522,7.44
2013-07-11,1522,7.95
2013-07-12,1522,8.48
2013-07-15,1522,9.01
2013-07-16,1522,8.98
2013-07-17,1522,8.93
2013-07-18,1522,9.13
2013-07-19,1522,8.84
2013-07-22,1522,9.43
2013-07-23,1522,9.37
2013-07-24,1522,9.46
2013-07-25,1522,9.19
2013-07-26,1522,8.72
2013-07-29,1522,8.81
2013-07-30,1522,8.87
2013-07-31,1522,8.9
2013-07-01,1524,5.12
2013-07-02,1524,5.12
2013-07-03,1524,5.09
2013-07-04,1524,5.44
2013-07-05,1524,5.39
2013-07-08,1524,5.32
2013-07-09,1524,5.35
2013-07-10,1524,5.37
2013-07-11,1524,5.33
2013-07-12,1524,5.6
2013-07-15,1524,5.53
2013-07-16,1524,5.49
2013-07-17,1524,5.5
2013-07-18,1524,5.87
2013-07-19,1524,5.67
2013-07-22,1524,5.96
2013-07-23,1524,5.94
2013-07-24,1524,6.12
2013-07-25,1524,6.03
2013-07-26,1524,5.87
2013-07-29,1524,5.8
2013-07-30,1524,5.81
2013-07-31,1524,5.79
2013-07-01,1525,23.96
2013-07-02,1525,23.86
2013-07-03,1525,23.83
2013-07-04,1525,23.89
2013-07-05,1525,24.37
2013-07-08,1525,25.87
2013-07-09,1525,25.56
2013-07-10,1525,24.49
2013-07-11,1525,24.71
2013-07-12,1525,25.05
2013-07-15,1525,25.18
2013-07-16,1525,25.62
2013-07-17,1525,25.71
2013-07-18,1525,25.4
2013-07-19,1525,25.9
2013-07-22,1525,25.9
2013-07-23,1525,25.84
2013-07-24,1525,25.71
2013-07-25,1525,25.81
2013-07-26,1525,25.65
2013-07-29,1525,25.37
2013-07-30,1525,25.15
2013-07-31,1525,25.38
2013-07-01,1526,5.07
2013-07-02,1526,5.02
2013-07-03,1526,5.07
2013-07-04,1526,5.0
2013-07-05,1526,5.15
2013-07-08,1526,5.12
2013-07-09,1526,5.12
2013-07-10,1526,5.07
2013-07-11,1526,5.4
2013-07-12,1526,5.39
2013-07-15,1526,5.46
2013-07-16,1526,5.48
2013-07-17,1526,5.37
2013-07-18,1526,5.45
2013-07-19,1526,5.48
2013-07-22,1526,5.86
2013-07-23,1526,5.94
2013-07-24,1526,5.7
2013-07-25,1526,5.56
2013-07-26,1526,5.54
2013-07-29,1526,5.46
2013-07-30,1526,5.48
2013-07-31,1526,5.57
2013-07-01,1527,15.6
2013-07-02,1527,15.35
2013-07-03,1527,15.17
2013-07-04,1527,15.06
2013-07-05,1527,15.17
2013-07-08,1527,15.23
2013-07-09,1527,15.84
2013-07-10,1527,15.42
2013-07-11,1527,15.33
2013-07-12,1527,15.72
2013-07-15,1527,15.72
2013-07-16,1527,15.99
2013-07-17,1527,16.26
2013-07-18,1527,16.59
2013-07-19,1527,15.99
2013-07-22,1527,16.56
2013-07-23,1527,16.56
2013-07-24,1527,17.22
2013-07-25,1527,17.41
2013-07-26,1527,17.07
2013-07-29,1527,17.58
2013-07-30,1527,17.46
2013-07-31,1527,17.62
2013-07-01,1528,11.65
2013-07-02,1528,11.61
2013-07-03,1528,11.46
2013-07-04,1528,11.27
2013-07-05,1528,11.15
2013-07-08,1528,11.15
2013-07-09,1528,11.5
2013-07-10,1528,11.57
2013-07-11,1528,11.65
2013-07-12,1528,11.65
2013-07-15,1528,12.25
2013-07-16,1528,12.17
2013-07-17,1528,12.17
2013-07-18,1528,12.05
2013-07-19,1528,12.05
2013-07-22,1528,12.33
2013-07-23,1528,12.8
2013-07-24,1528,12.92
2013-07-25,1528,13.44
2013-07-26,1528,13.48
2013-07-29,1528,13.4
2013-07-30,1528,13.08
2013-07-31,1528,13.16
2013-07-01,1529,1.62
2013-07-02,1529,1.62
2013-07-03,1529,1.62
2013-07-04,1529,1.6
2013-07-05,1529,1.62
2013-07-08,1529,1.62
2013-07-09,1529,1.55
2013-07-10,1529,1.58
2013-07-11,1529,1.68
2013-07-12,1529,1.75
2013-07-15,1529,1.71
2013-07-16,1529,1.68
2013-07-17,1529,1.68
2013-07-18,1529,1.68
2013-07-19,1529,1.75
2013-07-22,1529,1.75
2013-07-23,1529,1.68
2013-07-24,1529,1.75
2013-07-25,1529,1.69
2013-07-26,1529,1.62
2013-07-29,1529,1.68
2013-07-30,1529,1.7
2013-07-31,1529,1.72
2013-07-01,1530,15.73
2013-07-02,1530,15.6
2013-07-03,1530,15.5
2013-07-04,1530,15.6
2013-07-05,1530,15.73
2013-07-08,1530,15.4
2013-07-09,1530,15.53
2013-07-10,1530,15.37
2013-07-11,1530,15.6
2013-07-12,1530,15.58
2013-07-15,1530,15.73
2013-07-16,1530,15.65
2013-07-17,1530,15.68
2013-07-18,1530,15.81
2013-07-19,1530,15.68
2013-07-22,1530,15.7
2013-07-23,1530,15.81
2013-07-24,1530,15.88
2013-07-25,1530,15.99
2013-07-26,1530,16.04
2013-07-29,1530,16.01
2013-07-30,1530,16.09
2013-07-31,1530,16.09
2013-07-01,1531,14.04
2013-07-02,1531,14.01
2013-07-03,1531,13.79
2013-07-04,1531,13.92
2013-07-05,1531,14.04
2013-07-08,1531,13.76
2013-07-09,1531,13.95
2013-07-10,1531,14.14
2013-07-11,1531,14.42
2013-07-12,1531,14.79
2013-07-15,1531,14.73
2013-07-16,1531,15.26
2013-07-17,1531,15.51
2013-07-18,1531,15.51
2013-07-19,1531,15.51
2013-07-22,1531,16.14
2013-07-23,1531,16.26
2013-07-24,1531,16.14
2013-07-25,1531,16.14
2013-07-26,1531,15.14
2013-07-29,1531,15.29
2013-07-30,1531,15.17
2013-07-31,1531,14.95
2013-07-01,1532,20.07
2013-07-02,1532,19.83
2013-07-03,1532,19.41
2013-07-04,1532,19.34
2013-07-05,1532,18.97
2013-07-08,1532,18.76
2013-07-09,1532,20.07
2013-07-10,1532,21.08
2013-07-11,1532,21.58
2013-07-12,1532,21.58
2013-07-15,1532,21.37
2013-07-16,1532,21.53
2013-07-17,1532,22.07
2013-07-18,1532,22.07
2013-07-19,1532,22.67
2013-07-22,1532,22.85
2013-07-23,1532,23.25
2013-07-24,1532,23.32
2013-07-25,1532,23.98
2013-07-26,1532,23.95
2013-07-29,1532,24.05
2013-07-30,1532,23.4
2013-07-31,1532,23.92
2013-07-01,1533,14.08
2013-07-02,1533,14.08
2013-07-03,1533,13.99
2013-07-04,1533,14.16
2013-07-05,1533,14.33
2013-07-08,1533,14.21
2013-07-09,1533,14.33
2013-07-10,1533,14.42
2013-07-11,1533,14.85
2013-07-12,1533,15.88
2013-07-15,1533,16.96
2013-07-16,1533,17.99
2013-07-17,1533,18.51
2013-07-18,1533,18.68
2013-07-19,1533,18.21
2013-07-22,1533,19.46
2013-07-23,1533,20.27
2013-07-24,1533,21.09
2013-07-25,1533,19.84
2013-07-26,1533,19.28
2013-07-29,1533,19.59
2013-07-30,1533,19.28
2013-07-31,1533,19.93
2013-07-01,1535,47.24
2013-07-02,1535,47.24
2013-07-03,1535,46.78
2013-07-04,1535,46.9
2013-07-05,1535,47.24
2013-07-08,1535,47.35
2013-07-09,1535,47.94
2013-07-10,1535,46.93
2013-07-11,1535,47.17
2013-07-12,1535,47.52
2013-07-15,1535,47.82
2013-07-16,1535,47.52
2013-07-17,1535,47.46
2013-07-18,1535,47.58
2013-07-19,1535,47.46
2013-07-22,1535,47.64
2013-07-23,1535,49.62
2013-07-24,1535,49.14
2013-07-25,1535,49.56
2013-07-26,1535,48.9
2013-07-29,1535,48.96
2013-07-30,1535,49.08
2013-07-31,1535,50.51
2013-07-01,1536,18.2
2013-07-02,1536,18.13
2013-07-03,1536,17.99
2013-07-04,1536,17.96
2013-07-05,1536,18.78
2013-07-08,1536,18.95
2013-07-09,1536,19.7
2013-07-10,1536,19.47
2013-07-11,1536,19.5
2013-07-12,1536,20.05
2013-07-15,1536,20.42
2013-07-16,1536,20.8
2013-07-17,1536,22.24
2013-07-18,1536,22.85
2013-07-19,1536,22.34
2013-07-22,1536,23.88
2013-07-23,1536,25.31
2013-07-24,1536,26.99
2013-07-25,1536,25.66
2013-07-26,1536,25.66
2013-07-29,1536,26.41
2013-07-30,1536,26.14
2013-07-31,1536,25.18
2013-07-01,1537,37.75
2013-07-02,1537,37.21
2013-07-03,1537,37.7
2013-07-04,1537,38.94
2013-07-05,1537,38.59
2013-07-08,1537,38.69
2013-07-09,1537,38.69
2013-07-10,1537,38.94
2013-07-11,1537,36.22
2013-07-12,1537,36.96
2013-07-15,1537,36.96
2013-07-16,1537,37.6
2013-07-17,1537,37.46
2013-07-18,1537,37.31
2013-07-19,1537,37.31
2013-07-22,1537,37.9
2013-07-23,1537,37.46
2013-07-24,1537,38.99
2013-07-25,1537,40.12
2013-07-26,1537,40.17
2013-07-29,1537,40.22
2013-07-30,1537,41.7
2013-07-31,1537,42.93
2013-07-01,1538,137.03
2013-07-02,1538,135.96
2013-07-03,1538,134.88
2013-07-04,1538,134.35
2013-07-05,1538,134.35
2013-07-08,1538,134.35
2013-07-09,1538,134.88
2013-07-10,1538,130.58
2013-07-11,1538,128.97
2013-07-12,1538,128.97
2013-07-15,1538,128.97
2013-07-16,1538,137.57
2013-07-17,1538,135.42
2013-07-18,1538,132.73
2013-07-19,1538,130.05
2013-07-22,1538,130.05
2013-07-23,1538,133.81
2013-07-24,1538,131.66
2013-07-25,1538,127.9
2013-07-26,1538,125.75
2013-07-29,1538,124.13
2013-07-30,1538,125.75
2013-07-31,1538,118.22
2013-07-01,1539,6.98
2013-07-02,1539,6.72
2013-07-03,1539,6.68
2013-07-04,1539,6.58
2013-07-05,1539,6.72
2013-07-08,1539,6.72
2013-07-09,1539,6.68
2013-07-10,1539,6.68
2013-07-11,1539,6.72
2013-07-12,1539,6.72
2013-07-15,1539,6.62
2013-07-16,1539,6.68
2013-07-17,1539,6.64
2013-07-18,1539,6.62
2013-07-19,1539,6.56
2013-07-22,1539,6.61
2013-07-23,1539,6.62
2013-07-24,1539,6.62
2013-07-25,1539,6.78
2013-07-26,1539,6.78
2013-07-29,1539,6.72
2013-07-30,1539,6.78
2013-07-31,1539,6.78
2013-07-01,1540,8.99
2013-07-02,1540,9.09
2013-07-03,1540,9.04
2013-07-04,1540,9.04
2013-07-05,1540,9.12
2013-07-08,1540,9.02
2013-07-09,1540,9.02
2013-07-10,1540,8.99
2013-07-11,1540,9.04
2013-07-12,1540,9.25
2013-07-15,1540,9.22
2013-07-16,1540,9.3
2013-07-17,1540,9.27
2013-07-18,1540,9.33
2013-07-19,1540,9.27
2013-07-22,1540,9.24
2013-07-23,1540,9.38
2013-07-24,1540,9.35
2013-07-25,1540,9.33
2013-07-26,1540,9.35
2013-07-29,1540,9.35
2013-07-30,1540,9.35
2013-07-31,1540,9.35
2013-07-01,1541,6.84
2013-07-02,1541,6.87
2013-07-03,1541,6.8
2013-07-04,1541,6.87
2013-07-05,1541,7.06
2013-07-08,1541,6.9
2013-07-09,1541,6.93
2013-07-10,1541,7.0
2013-07-11,1541,7.03
2013-07-12,1541,7.03
2013-07-15,1541,7.0
2013-07-16,1541,7.06
2013-07-17,1541,7.13
2013-07-18,1541,7.0
2013-07-19,1541,6.96
2013-07-22,1541,7.03
2013-07-23,1541,7.16
2013-07-24,1541,7.03
2013-07-25,1541,7.06
2013-07-26,1541,7.0
2013-07-29,1541,7.09
2013-07-30,1541,7.09
2013-07-31,1541,7.03
2013-07-01,1558,58.57
2013-07-02,1558,59.9
2013-07-03,1558,59.45
2013-07-04,1558,59.9
2013-07-05,1558,62.12
2013-07-08,1558,61.45
2013-07-09,1558,65.66
2013-07-10,1558,66.11
2013-07-11,1558,66.11
2013-07-12,1558,66.55
2013-07-15,1558,66.55
2013-07-16,1558,65.66
2013-07-17,1558,65.89
2013-07-18,1558,66.55
2013-07-19,1558,66.11
2013-07-22,1558,68.1
2013-07-23,1558,70.77
2013-07-24,1558,69.79
2013-07-25,1558,68.08
2013-07-26,1558,67.1
2013-07-29,1558,67.59
2013-07-30,1558,69.06
2013-07-31,1558,69.06
2013-07-01,1560,30.49
2013-07-02,1560,30.55
2013-07-03,1560,30.21
2013-07-04,1560,30.27
2013-07-05,1560,30.61
2013-07-08,1560,30.09
2013-07-09,1560,30.09
2013-07-10,1560,30.27
2013-07-11,1560,30.83
2013-07-12,1560,30.89
2013-07-15,1560,30.83
2013-07-16,1560,30.64
2013-07-17,1560,30.64
2013-07-18,1560,30.64
2013-07-19,1560,29.75
2013-07-22,1560,29.65
2013-07-23,1560,30.09
2013-07-24,1560,30.49
2013-07-25,1560,30.24
2013-07-26,1560,30.15
2013-07-29,1560,30.03
2013-07-30,1560,30.34
2013-07-31,1560,30.3
2013-07-01,1563,37.68
2013-07-02,1563,38.25
2013-07-03,1563,37.88
2013-07-04,1563,36.85
2013-07-05,1563,37.05
2013-07-08,1563,36.07
2013-07-09,1563,36.41
2013-07-10,1563,36.45
2013-07-11,1563,37.37
2013-07-12,1563,36.99
2013-07-15,1563,37.04
2013-07-16,1563,37.1
2013-07-17,1563,36.85
2013-07-18,1563,36.67
2013-07-19,1563,37.0
2013-07-22,1563,37.34
2013-07-23,1563,37.15
2013-07-24,1563,37.04
2013-07-25,1563,36.85
2013-07-26,1563,37.28
2013-07-29,1563,37.24
2013-07-30,1563,37.18
2013-07-31,1563,36.95
2013-07-01,1565,477.53
2013-07-02,1565,475.8
2013-07-03,1565,484.45
2013-07-04,1565,488.49
2013-07-05,1565,494.83
2013-07-08,1565,466.57
2013-07-09,1565,484.45
2013-07-10,1565,485.03
2013-07-11,1565,491.37
2013-07-12,1565,503.48
2013-07-15,1565,503.48
2013-07-16,1565,502.9
2013-07-17,1565,500.02
2013-07-18,1565,478.68
2013-07-19,1565,493.1
2013-07-22,1565,501.75
2013-07-23,1565,496.56
2013-07-24,1565,485.03
2013-07-25,1565,457.92
2013-07-26,1565,472.34
2013-07-29,1565,472.34
2013-07-30,1565,494.83
2013-07-31,1565,483.87
2013-07-09,1568,7.4
2013-07-11,1568,7.34
2013-07-12,1568,7.34
2013-07-15,1568,7.33
2013-07-16,1568,7.36
2013-07-17,1568,7.36
2013-07-18,1568,7.38
2013-07-19,1568,7.39
2013-07-22,1568,7.36
2013-07-23,1568,7.36
2013-07-24,1568,7.33
2013-07-25,1568,7.33
2013-07-26,1568,7.34
2013-07-30,1568,7.38
2013-07-31,1568,7.7
2013-07-01,1569,19.41
2013-07-02,1569,19.28
2013-07-03,1569,19.01
2013-07-04,1569,18.71
2013-07-05,1569,18.48
2013-07-08,1569,17.74
2013-07-09,1569,18.04
2013-07-10,1569,17.74
2013-07-11,1569,18.01
2013-07-12,1569,17.88
2013-07-15,1569,18.01
2013-07-16,1569,18.14
2013-07-17,1569,18.14
2013-07-18,1569,17.74
2013-07-19,1569,17.74
2013-07-22,1569,17.81
2013-07-23,1569,17.88
2013-07-24,1569,17.81
2013-07-25,1569,18.01
2013-07-26,1569,19.24
2013-07-29,1569,18.78
2013-07-30,1569,18.58
2013-07-31,1569,18.14
2013-07-01,1570,9.44
2013-07-02,1570,9.64
2013-07-03,1570,9.47
2013-07-04,1570,9.73
2013-07-05,1570,10.38
2013-07-08,1570,10.51
2013-07-09,1570,10.19
2013-07-10,1570,9.73
2013-07-11,1570,9.41
2013-07-12,1570,9.51
2013-07-15,1570,9.6
2013-07-16,1570,9.73
2013-07-17,1570,9.54
2013-07-18,1570,9.57
2013-07-19,1570,9.34
2013-07-22,1570,9.34
2013-07-23,1570,9.64
2013-07-24,1570,9.44
2013-07-25,1570,10.09
2013-07-26,1570,9.8
2013-07-29,1570,9.54
2013-07-30,1570,9.57
2013-07-31,1570,9.6
2013-07-01,1580,50.76
2013-07-02,1580,50.76
2013-07-03,1580,51.63
2013-07-04,1580,50.98
2013-07-05,1580,52.29
2013-07-08,1580,51.85
2013-07-09,1580,52.29
2013-07-10,1580,52.07
2013-07-11,1580,52.29
2013-07-12,1580,52.29
2013-07-15,1580,52.72
2013-07-16,1580,54.03
2013-07-17,1580,53.59
2013-07-18,1580,53.16
2013-07-19,1580,53.59
2013-07-22,1580,54.25
2013-07-23,1580,55.34
2013-07-24,1580,56.64
2013-07-25,1580,56.21
2013-07-26,1580,56.64
2013-07-29,1580,55.34
2013-07-30,1580,55.34
2013-07-31,1580,55.34
2013-07-01,1582,29.61
2013-07-02,1582,29.38
2013-07-03,1582,29.1
2013-07-04,1582,28.82
2013-07-05,1582,29.05
2013-07-08,1582,28.99
2013-07-09,1582,28.99
2013-07-10,1582,29.1
2013-07-11,1582,29.22
2013-07-12,1582,29.38
2013-07-15,1582,29.95
2013-07-16,1582,29.72
2013-07-17,1582,29.44
2013-07-18,1582,29.38
2013-07-19,1582,29.44
2013-07-22,1582,29.44
2013-07-23,1582,29.67
2013-07-24,1582,29.67
2013-07-25,1582,30.01
2013-07-26,1582,29.95
2013-07-29,1582,29.95
2013-07-30,1582,30.29
2013-07-31,1582,29.78
2013-07-01,1583,20.4
2013-07-02,1583,20.4
2013-07-03,1583,20.47
2013-07-04,1583,20.47
2013-07-05,1583,20.37
2013-07-08,1583,20.35
2013-07-09,1583,20.57
2013-07-10,1583,20.8
2013-07-11,1583,20.73
2013-07-12,1583,20.73
2013-07-15,1583,20.75
2013-07-16,1583,20.7
2013-07-17,1583,21.01
2013-07-18,1583,20.94
2013-07-19,1583,20.94
2013-07-22,1583,20.92
2013-07-23,1583,20.94
2013-07-24,1583,20.97
2013-07-25,1583,21.0
2013-07-26,1583,21.0
2013-07-29,1583,21.0
2013-07-30,1583,20.92
2013-07-31,1583,20.94
2013-07-01,1584,12.12
2013-07-02,1584,12.08
2013-07-03,1584,12.08
2013-07-04,1584,11.94
2013-07-05,1584,11.99
2013-07-08,1584,11.94
2013-07-09,1584,11.94
2013-07-10,1584,12.08
2013-07-11,1584,12.17
2013-07-12,1584,12.25
2013-07-15,1584,12.77
2013-07-16,1584,12.51
2013-07-17,1584,12.55
2013-07-18,1584,12.73
2013-07-19,1584,12.69
2013-07-22,1584,12.64
2013-07-23,1584,12.6
2013-07-24,1584,12.51
2013-07-25,1584,12.55
2013-07-26,1584,12.51
2013-07-29,1584,12.33
2013-07-30,1584,12.47
2013-07-31,1584,12.33
2013-07-01,1586,13.01
2013-07-02,1586,12.85
2013-07-03,1586,12.85
2013-07-04,1586,12.81
2013-07-05,1586,12.85
2013-07-08,1586,12.81
2013-07-09,1586,12.78
2013-07-10,1586,12.88
2013-07-11,1586,13.78
2013-07-12,1586,13.42
2013-07-15,1586,13.49
2013-07-16,1586,13.75
2013-07-17,1586,13.39
2013-07-18,1586,13.46
2013-07-19,1586,13.17
2013-07-22,1586,13.26
2013-07-23,1586,14.13
2013-07-24,1586,15.03
2013-07-25,1586,15.03
2013-07-26,1586,15.29
2013-07-29,1586,14.87
2013-07-30,1586,14.74
2013-07-31,1586,15.0
2013-07-11,1587,14.87
2013-07-26,1587,15.17
2013-07-01,1589,28.97
2013-07-02,1589,28.97
2013-07-03,1589,29.04
2013-07-04,1589,29.08
2013-07-05,1589,29.56
2013-07-08,1589,29.64
2013-07-09,1589,29.64
2013-07-10,1589,29.67
2013-07-11,1589,29.64
2013-07-12,1589,29.71
2013-07-15,1589,30.31
2013-07-16,1589,31.01
2013-07-17,1589,31.72
2013-07-18,1589,33.22
2013-07-19,1589,34.41
2013-07-22,1589,36.38
2013-07-23,1589,36.86
2013-07-24,1589,38.76
2013-07-25,1589,38.4
2013-07-26,1589,37.73
2013-07-29,1589,40.34
2013-07-30,1589,40.02
2013-07-31,1589,40.34
2013-07-01,1590,113.13
2013-07-02,1590,110.82
2013-07-03,1590,110.05
2013-07-04,1590,108.51
2013-07-05,1590,112.74
2013-07-08,1590,111.59
2013-07-09,1590,109.66
2013-07-10,1590,111.97
2013-07-11,1590,116.97
2013-07-12,1590,124.67
2013-07-15,1590,129.29
2013-07-16,1590,126.98
2013-07-17,1590,124.67
2013-07-18,1590,130.44
2013-07-19,1590,128.13
2013-07-22,1590,127.75
2013-07-23,1590,128.13
2013-07-24,1590,132.75
2013-07-25,1590,138.52
2013-07-26,1590,135.06
2013-07-29,1590,135.06
2013-07-30,1590,130.44
2013-07-31,1590,130.83
2013-07-01,1591,18.91
2013-07-02,1591,18.88
2013-07-03,1591,18.7
2013-07-04,1591,18.75
2013-07-05,1591,18.85
2013-07-08,1591,18.65
2013-07-09,1591,18.75
2013-07-10,1591,18.7
2013-07-11,1591,19.99
2013-07-12,1591,20.64
2013-07-15,1591,20.15
2013-07-16,1591,19.68
2013-07-17,1591,19.27
2013-07-18,1591,19.11
2013-07-19,1591,18.93
2013-07-22,1591,20.15
2013-07-23,1591,19.89
2013-07-24,1591,19.84
2013-07-25,1591,19.73
2013-07-26,1591,20.15
2013-07-29,1591,20.35
2013-07-30,1591,20.15
2013-07-31,1591,20.15
2013-07-01,1593,11.99
2013-07-02,1593,11.78
2013-07-03,1593,11.65
2013-07-04,1593,11.74
2013-07-05,1593,11.93
2013-07-08,1593,11.91
2013-07-09,1593,11.84
2013-07-10,1593,11.86
2013-07-11,1593,11.74
2013-07-12,1593,11.74
2013-07-15,1593,11.74
2013-07-16,1593,11.82
2013-07-17,1593,11.67
2013-07-18,1593,11.91
2013-07-19,1593,11.91
2013-07-22,1593,11.74
2013-07-23,1593,11.78
2013-07-24,1593,11.78
2013-07-25,1593,11.78
2013-07-26,1593,11.78
2013-07-29,1593,11.84
2013-07-30,1593,11.95
2013-07-31,1593,12.04
2013-07-01,1595,36.7
2013-07-02,1595,36.7
2013-07-03,1595,36.47
2013-07-04,1595,37.47
2013-07-05,1595,37.81
2013-07-08,1595,37.7
2013-07-09,1595,37.59
2013-07-10,1595,37.86
2013-07-11,1595,38.09
2013-07-12,1595,38.64
2013-07-15,1595,40.31
2013-07-16,1595,42.31
2013-07-17,1595,42.53
2013-07-18,1595,42.87
2013-07-19,1595,40.87
2013-07-22,1595,41.48
2013-07-23,1595,42.59
2013-07-24,1595,42.31
2013-07-25,1595,42.59
2013-07-26,1595,43.92
2013-07-29,1595,45.04
2013-07-30,1595,44.42
2013-07-31,1595,44.2
2013-07-01,1597,30.71
2013-07-02,1597,31.05
2013-07-03,1597,30.37
2013-07-04,1597,29.59
2013-07-05,1597,29.59
2013-07-08,1597,30.22
2013-07-09,1597,29.59
2013-07-10,1597,29.69
2013-07-11,1597,30.81
2013-07-12,1597,31.19
2013-07-15,1597,30.56
2013-07-16,1597,30.71
2013-07-17,1597,30.22
2013-07-18,1597,29.74
2013-07-19,1597,28.72
2013-07-22,1597,27.99
2013-07-23,1597,27.9
2013-07-24,1597,27.9
2013-07-25,1597,29.11
2013-07-26,1597,28.53
2013-07-29,1597,27.56
2013-07-30,1597,27.65
2013-07-31,1597,27.56
2013-07-08,1598,21.9
2013-07-16,1598,21.9
2013-07-25,1598,21.9
2013-07-26,1598,22.43
2013-07-31,1598,23.09
2013-07-01,1599,17.57
2013-07-02,1599,17.7
2013-07-03,1599,17.44
2013-07-04,1599,17.57
2013-07-05,1599,17.76
2013-07-08,1599,17.66
2013-07-09,1599,17.6
2013-07-10,1599,17.66
2013-07-11,1599,17.44
2013-07-12,1599,17.5
2013-07-15,1599,17.41
2013-07-16,1599,17.53
2013-07-17,1599,17.44
2013-07-18,1599,18.11
2013-07-19,1599,17.89
2013-07-22,1599,17.76
2013-07-23,1599,18.02
2013-07-24,1599,18.05
2013-07-25,1599,18.05
2013-07-26,1599,19.31
2013-07-29,1599,19.18
2013-07-30,1599,18.92
2013-07-31,1599,18.5
2013-07-01,1603,12.67
2013-07-02,1603,12.72
2013-07-03,1603,12.53
2013-07-04,1603,12.58
2013-07-05,1603,12.58
2013-07-08,1603,12.38
2013-07-09,1603,12.67
2013-07-10,1603,12.83
2013-07-11,1603,12.88
2013-07-12,1603,12.92
2013-07-15,1603,12.77
2013-07-16,1603,12.92
2013-07-17,1603,13.02
2013-07-18,1603,12.92
2013-07-19,1603,12.92
2013-07-22,1603,12.92
2013-07-23,1603,13.37
2013-07-24,1603,13.13
2013-07-25,1603,13.17
2013-07-26,1603,13.07
2013-07-29,1603,12.92
2013-07-30,1603,13.02
2013-07-31,1603,12.97
2013-07-01,1604,4.77
2013-07-02,1604,4.72
2013-07-03,1604,4.7
2013-07-04,1604,4.75
2013-07-05,1604,4.77
2013-07-08,1604,4.75
2013-07-09,1604,4.72
2013-07-10,1604,4.72
2013-07-11,1604,4.77
2013-07-12,1604,4.79
2013-07-15,1604,4.79
2013-07-16,1604,4.84
2013-07-17,1604,4.86
2013-07-18,1604,4.89
2013-07-19,1604,4.89
2013-07-22,1604,4.86
2013-07-23,1604,4.91
2013-07-24,1604,4.91
2013-07-25,1604,4.91
2013-07-26,1604,4.89
2013-07-29,1604,4.86
2013-07-30,1604,4.82
2013-07-31,1604,4.83
2013-07-01,1605,5.79
2013-07-02,1605,5.78
2013-07-03,1605,5.67
2013-07-04,1605,5.64
2013-07-05,1605,5.68
2013-07-08,1605,5.63
2013-07-09,1605,5.63
2013-07-10,1605,5.64
2013-07-11,1605,5.83
2013-07-12,1605,5.83
2013-07-15,1605,5.89
2013-07-16,1605,5.89
2013-07-17,1605,5.98
2013-07-18,1605,6.01
2013-07-19,1605,5.86
2013-07-22,1605,5.88
2013-07-23,1605,6.01
2013-07-24,1605,5.98
2013-07-25,1605,5.94
2013-07-26,1605,5.89
2013-07-29,1605,5.78
2013-07-30,1605,5.81
2013-07-31,1605,5.81
2013-07-01,1608,7.17
2013-07-02,1608,7.24
2013-07-03,1608,7.21
2013-07-04,1608,7.17
2013-07-05,1608,7.24
2013-07-08,1608,7.27
2013-07-09,1608,7.24
2013-07-10,1608,7.24
2013-07-11,1608,7.3
2013-07-12,1608,7.37
2013-07-15,1608,7.37
2013-07-16,1608,7.37
2013-07-17,1608,7.37
2013-07-18,1608,7.27
2013-07-19,1608,7.14
2013-07-22,1608,7.14
2013-07-23,1608,7.2
2013-07-24,1608,7.2
2013-07-25,1608,7.14
2013-07-26,1608,7.1
2013-07-29,1608,7.07
2013-07-30,1608,7.07
2013-07-31,1608,7.0
2013-07-01,1609,4.64
2013-07-02,1609,4.64
2013-07-03,1609,4.62
2013-07-04,1609,4.62
2013-07-05,1609,4.62
2013-07-08,1609,4.6
2013-07-09,1609,4.6
2013-07-10,1609,4.62
2013-07-11,1609,4.64
2013-07-12,1609,4.66
2013-07-15,1609,4.66
2013-07-16,1609,4.68
2013-07-17,1609,4.7
2013-07-18,1609,4.72
2013-07-19,1609,4.7
2013-07-22,1609,4.68
2013-07-23,1609,4.69
2013-07-24,1609,4.69
2013-07-25,1609,4.7
2013-07-26,1609,4.7
2013-07-29,1609,4.68
2013-07-30,1609,4.68
2013-07-31,1609,4.69
2013-07-01,1611,10.53
2013-07-02,1611,10.57
2013-07-03,1611,10.5
2013-07-04,1611,10.43
2013-07-05,1611,10.53
2013-07-08,1611,10.4
2013-07-09,1611,10.33
2013-07-10,1611,10.25
2013-07-11,1611,10.29
2013-07-12,1611,10.33
2013-07-15,1611,10.43
2013-07-16,1611,10.5
2013-07-17,1611,10.61
2013-07-18,1611,10.89
2013-07-19,1611,10.75
2013-07-22,1611,11.03
2013-07-23,1611,11.07
2013-07-24,1611,10.92
2013-07-25,1611,10.89
2013-07-26,1611,10.82
2013-07-29,1611,10.71
2013-07-30,1611,10.67
2013-07-31,1611,10.53
2013-07-01,1612,4.91
2013-07-02,1612,4.93
2013-07-03,1612,4.9
2013-07-04,1612,4.89
2013-07-05,1612,4.91
2013-07-08,1612,4.86
2013-07-09,1612,4.86
2013-07-10,1612,4.86
2013-07-11,1612,4.93
2013-07-12,1612,4.93
2013-07-15,1612,4.96
2013-07-16,1612,4.97
2013-07-17,1612,4.98
2013-07-18,1612,5.09
2013-07-19,1612,5.08
2013-07-22,1612,5.03
2013-07-23,1612,5.05
2013-07-24,1612,5.05
2013-07-25,1612,5.01
2013-07-26,1612,5.02
2013-07-29,1612,5.03
2013-07-30,1612,5.02
2013-07-31,1612,4.95
2013-07-01,1613,5.12
2013-07-02,1613,5.05
2013-07-03,1613,5.05
2013-07-04,1613,4.96
2013-07-05,1613,4.96
2013-07-08,1613,4.91
2013-07-09,1613,4.93
2013-07-10,1613,4.99
2013-07-11,1613,5.02
2013-07-12,1613,5.01
2013-07-15,1613,5.02
2013-07-16,1613,4.98
2013-07-17,1613,4.96
2013-07-18,1613,5.03
2013-07-19,1613,4.98
2013-07-22,1613,5.02
2013-07-23,1613,4.97
2013-07-24,1613,5.31
2013-07-25,1613,5.32
2013-07-26,1613,5.22
2013-07-29,1613,5.23
2013-07-30,1613,5.23
2013-07-31,1613,5.19
2013-07-01,1614,27.84
2013-07-02,1614,27.72
2013-07-03,1614,27.21
2013-07-04,1614,26.51
2013-07-05,1614,26.63
2013-07-08,1614,26.55
2013-07-09,1614,26.43
2013-07-10,1614,26.94
2013-07-11,1614,27.19
2013-07-12,1614,27.67
2013-07-15,1614,27.79
2013-07-16,1614,27.83
2013-07-17,1614,27.63
2013-07-18,1614,27.83
2013-07-19,1614,27.55
2013-07-22,1614,27.31
2013-07-23,1614,27.43
2013-07-24,1614,27.71
2013-07-25,1614,27.79
2013-07-26,1614,28.07
2013-07-29,1614,27.83
2013-07-30,1614,27.87
2013-07-31,1614,27.63
2013-07-01,1615,3.85
2013-07-02,1615,3.79
2013-07-03,1615,3.83
2013-07-04,1615,3.83
2013-07-05,1615,3.87
2013-07-08,1615,3.88
2013-07-09,1615,3.83
2013-07-10,1615,3.88
2013-07-11,1615,3.87
2013-07-12,1615,3.87
2013-07-15,1615,3.94
2013-07-16,1615,3.94
2013-07-17,1615,3.94
2013-07-18,1615,3.96
2013-07-19,1615,3.94
2013-07-22,1615,3.94
2013-07-23,1615,3.92
2013-07-24,1615,3.9
2013-07-25,1615,3.88
2013-07-26,1615,3.9
2013-07-29,1615,3.94
2013-07-30,1615,3.9
2013-07-31,1615,3.9
2013-07-01,1616,5.26
2013-07-02,1616,5.26
2013-07-03,1616,5.26
2013-07-04,1616,5.26
2013-07-05,1616,5.25
2013-07-08,1616,5.19
2013-07-09,1616,5.16
2013-07-10,1616,5.16
2013-07-11,1616,5.19
2013-07-12,1616,5.24
2013-07-15,1616,5.23
2013-07-16,1616,5.24
2013-07-17,1616,5.27
2013-07-18,1616,5.19
2013-07-19,1616,5.2
2013-07-22,1616,5.19
2013-07-23,1616,5.19
2013-07-24,1616,5.34
2013-07-25,1616,5.31
2013-07-26,1616,5.3
2013-07-29,1616,5.22
2013-07-30,1616,5.26
2013-07-31,1616,5.21
2013-07-01,1617,6.46
2013-07-02,1617,6.49
2013-07-03,1617,6.47
2013-07-04,1617,6.27
2013-07-05,1617,6.33
2013-07-08,1617,6.19
2013-07-09,1617,6.17
2013-07-10,1617,6.15
2013-07-11,1617,5.95
2013-07-12,1617,6.19
2013-07-15,1617,6.28
2013-07-16,1617,6.18
2013-07-17,1617,6.18
2013-07-18,1617,6.18
2013-07-19,1617,6.21
2013-07-22,1617,6.26
2013-07-23,1617,6.25
2013-07-24,1617,6.24
2013-07-25,1617,6.18
2013-07-26,1617,6.19
2013-07-29,1617,6.16
2013-07-30,1617,6.1
2013-07-31,1617,6.04
2013-07-01,1618,8.1
2013-07-02,1618,8.1
2013-07-03,1618,8.02
2013-07-04,1618,8.07
2013-07-05,1618,8.1
2013-07-08,1618,8.02
2013-07-09,1618,8.02
2013-07-10,1618,8.02
2013-07-11,1618,8.02
2013-07-12,1618,8.07
2013-07-15,1618,8.1
2013-07-16,1618,8.21
2013-07-17,1618,8.18
2013-07-18,1618,8.21
2013-07-19,1618,8.19
2013-07-22,1618,8.19
2013-07-23,1618,8.19
2013-07-24,1618,8.19
2013-07-25,1618,8.07
2013-07-26,1618,8.07
2013-07-29,1618,7.87
2013-07-30,1618,7.87
2013-07-31,1618,7.84
2013-07-01,1626,49.67
2013-07-02,1626,49.67
2013-07-03,1626,49.46
2013-07-04,1626,49.18
2013-07-05,1626,49.18
2013-07-08,1626,49.18
2013-07-09,1626,48.97
2013-07-10,1626,49.04
2013-07-11,1626,49.77
2013-07-12,1626,49.4
2013-07-15,1626,49.33
2013-07-16,1626,49.92
2013-07-17,1626,49.4
2013-07-18,1626,49.33
2013-07-19,1626,49.92
2013-07-22,1626,53.37
2013-07-23,1626,53.59
2013-07-24,1626,55.79
2013-07-25,1626,58.95
2013-07-26,1626,57.77
2013-07-29,1626,61.81
2013-07-30,1626,66.07
2013-07-31,1626,65.41
2013-07-01,1701,14.13
2013-07-02,1701,14.06
2013-07-03,1701,14.06
2013-07-04,1701,13.92
2013-07-05,1701,13.96
2013-07-08,1701,13.99
2013-07-09,1701,13.99
2013-07-10,1701,13.96
2013-07-11,1701,14.1
2013-07-12,1701,14.34
2013-07-15,1701,15.21
2013-07-16,1701,14.9
2013-07-17,1701,14.97
2013-07-18,1701,14.83
2013-07-19,1701,14.69
2013-07-22,1701,14.98
2013-07-23,1701,14.87
2013-07-24,1701,15.12
2013-07-25,1701,15.05
2013-07-26,1701,14.98
2013-07-29,1701,15.26
2013-07-30,1701,15.4
2013-07-31,1701,15.26
2013-07-01,1702,20.64
2013-07-02,1702,20.88
2013-07-03,1702,22.26
2013-07-04,1702,23.18
2013-07-05,1702,23.09
2013-07-08,1702,23.0
2013-07-09,1702,23.0
2013-07-10,1702,23.47
2013-07-11,1702,23.47
2013-07-12,1702,23.71
2013-07-15,1702,23.65
2013-07-16,1702,25.18
2013-07-17,1702,24.65
2013-07-18,1702,23.59
2013-07-19,1702,23.59
2013-07-22,1702,24.15
2013-07-23,1702,24.15
2013-07-24,1702,23.71
2013-07-25,1702,23.15
2013-07-26,1702,22.59
2013-07-29,1702,23.0
2013-07-30,1702,23.24
2013-07-31,1702,23.42
2013-07-01,1704,29.9
2013-07-02,1704,29.74
2013-07-03,1704,29.58
2013-07-04,1704,29.42
2013-07-05,1704,30.18
2013-07-08,1704,29.62
2013-07-09,1704,29.9
2013-07-10,1704,30.06
2013-07-11,1704,30.78
2013-07-12,1704,30.94
2013-07-15,1704,31.46
2013-07-16,1704,31.3
2013-07-17,1704,31.34
2013-07-18,1704,30.98
2013-07-19,1704,30.46
2013-07-22,1704,31.02
2013-07-23,1704,33.18
2013-07-24,1704,33.18
2013-07-25,1704,33.06
2013-07-26,1704,32.18
2013-07-29,1704,31.54
2013-07-30,1704,32.38
2013-07-31,1704,32.58
2013-07-01,1707,73.53
2013-07-02,1707,74.48
2013-07-03,1707,72.66
2013-07-04,1707,74.94
2013-07-05,1707,75.26
2013-07-08,1707,72.66
2013-07-09,1707,72.66
2013-07-10,1707,72.33
2013-07-11,1707,73.63
2013-07-12,1707,74.29
2013-07-15,1707,76.57
2013-07-16,1707,76.57
2013-07-17,1707,75.59
2013-07-18,1707,75.59
2013-07-19,1707,74.94
2013-07-22,1707,76.24
2013-07-23,1707,77.54
2013-07-24,1707,79.17
2013-07-25,1707,78.85
2013-07-26,1707,79.5
2013-07-29,1707,85.04
2013-07-30,1707,90.9
2013-07-31,1707,95.14
2013-07-01,1708,13.16
2013-07-02,1708,13.22
2013-07-03,1708,13.14
2013-07-04,1708,13.11
2013-07-05,1708,13.22
2013-07-08,1708,13.34
2013-07-09,1708,13.32
2013-07-10,1708,13.32
2013-07-11,1708,13.42
2013-07-12,1708,13.42
2013-07-15,1708,13.46
2013-07-16,1708,13.65
2013-07-17,1708,13.59
2013-07-18,1708,13.52
2013-07-19,1708,13.71
2013-07-22,1708,13.79
2013-07-23,1708,13.99
2013-07-24,1708,13.87
2013-07-25,1708,13.91
2013-07-26,1708,13.83
2013-07-29,1708,13.79
2013-07-30,1708,13.83
2013-07-31,1708,13.59
2013-07-01,1709,7.26
2013-07-02,1709,7.31
2013-07-03,1709,7.29
2013-07-04,1709,7.24
2013-07-05,1709,7.24
2013-07-08,1709,7.24
2013-07-09,1709,7.34
2013-07-10,1709,7.36
2013-07-11,1709,7.34
2013-07-12,1709,7.34
2013-07-15,1709,7.5
2013-07-16,1709,7.5
2013-07-17,1709,7.57
2013-07-18,1709,7.52
2013-07-19,1709,7.47
2013-07-22,1709,7.47
2013-07-23,1709,7.52
2013-07-24,1709,7.5
2013-07-25,1709,7.55
2013-07-26,1709,7.57
2013-07-29,1709,7.57
2013-07-30,1709,7.6
2013-07-31,1709,7.52
2013-07-01,1710,20.05
2013-07-02,1710,20.01
2013-07-03,1710,19.86
2013-07-04,1710,19.86
2013-07-05,1710,20.08
2013-07-08,1710,19.94
2013-07-09,1710,19.94
2013-07-10,1710,20.19
2013-07-11,1710,20.59
2013-07-12,1710,20.59
2013-07-15,1710,20.7
2013-07-16,1710,21.1
2013-07-17,1710,21.39
2013-07-18,1710,21.43
2013-07-19,1710,20.96
2013-07-22,1710,21.17
2013-07-23,1710,21.61
2013-07-24,1710,21.57
2013-07-25,1710,21.61
2013-07-26,1710,21.5
2013-07-29,1710,20.96
2013-07-30,1710,21.28
2013-07-31,1710,21.36
2013-07-01,1711,13.13
2013-07-02,1711,13.13
2013-07-03,1711,13.1
2013-07-04,1711,13.04
2013-07-05,1711,13.07
2013-07-08,1711,13.07
2013-07-09,1711,13.16
2013-07-10,1711,13.16
2013-07-11,1711,13.19
2013-07-12,1711,13.22
2013-07-15,1711,13.52
2013-07-16,1711,13.72
2013-07-17,1711,13.62
2013-07-18,1711,13.75
2013-07-19,1711,13.62
2013-07-22,1711,13.79
2013-07-23,1711,13.75
2013-07-24,1711,13.75
2013-07-25,1711,13.79
2013-07-26,1711,13.79
2013-07-29,1711,13.65
2013-07-30,1711,13.68
2013-07-31,1711,13.68
2013-07-01,1712,7.13
2013-07-02,1712,7.16
2013-07-03,1712,7.06
2013-07-04,1712,7.09
2013-07-05,1712,7.09
2013-07-08,1712,7.13
2013-07-09,1712,7.16
2013-07-10,1712,7.16
2013-07-11,1712,7.11
2013-07-12,1712,7.23
2013-07-15,1712,7.23
2013-07-16,1712,7.28
2013-07-17,1712,7.42
2013-07-18,1712,7.56
2013-07-19,1712,7.49
2013-07-22,1712,7.54
2013-07-23,1712,7.58
2013-07-24,1712,7.54
2013-07-25,1712,7.72
2013-07-26,1712,7.6
2013-07-29,1712,7.48
2013-07-30,1712,7.5
2013-07-31,1712,7.57
2013-07-01,1713,10.93
2013-07-02,1713,10.89
2013-07-03,1713,10.82
2013-07-04,1713,10.79
2013-07-05,1713,10.75
2013-07-08,1713,10.65
2013-07-09,1713,10.65
2013-07-10,1713,10.65
2013-07-11,1713,10.69
2013-07-12,1713,10.72
2013-07-15,1713,10.62
2013-07-16,1713,10.69
2013-07-17,1713,10.69
2013-07-18,1713,10.58
2013-07-19,1713,10.51
2013-07-22,1713,10.65
2013-07-23,1713,10.61
2013-07-24,1713,10.51
2013-07-25,1713,10.51
2013-07-26,1713,10.4
2013-07-29,1713,10.54
2013-07-30,1713,10.58
2013-07-31,1713,10.61
2013-07-01,1714,8.81
2013-07-02,1714,8.88
2013-07-03,1714,8.71
2013-07-04,1714,8.65
2013-07-05,1714,8.75
2013-07-08,1714,8.75
2013-07-09,1714,8.71
2013-07-10,1714,8.85
2013-07-11,1714,8.98
2013-07-12,1714,9.15
2013-07-15,1714,9.08
2013-07-16,1714,9.12
2013-07-17,1714,9.08
2013-07-18,1714,8.95
2013-07-19,1714,8.92
2013-07-22,1714,9.02
2013-07-23,1714,9.02
2013-07-24,1714,9.02
2013-07-25,1714,9.08
2013-07-26,1714,9.02
2013-07-29,1714,8.98
2013-07-30,1714,8.98
2013-07-31,1714,9.02
2013-07-01,1715,11.1
2013-07-02,1715,10.98
2013-07-03,1715,11.02
2013-07-04,1715,11.02
2013-07-05,1715,11.02
2013-07-08,1715,11.06
2013-07-09,1715,11.06
2013-07-10,1715,11.1
2013-07-11,1715,11.1
2013-07-12,1715,11.21
2013-07-15,1715,11.24
2013-07-16,1715,11.21
2013-07-17,1715,11.17
2013-07-18,1715,11.17
2013-07-19,1715,11.13
2013-07-22,1715,11.13
2013-07-23,1715,11.17
2013-07-24,1715,11.17
2013-07-25,1715,11.21
2013-07-26,1715,11.32
2013-07-29,1715,11.32
2013-07-30,1715,11.32
2013-07-31,1715,11.43
2013-07-01,1717,13.55
2013-07-02,1717,13.26
2013-07-03,1717,13.29
2013-07-04,1717,13.23
2013-07-05,1717,13.26
2013-07-08,1717,13.29
2013-07-09,1717,13.42
2013-07-10,1717,13.32
2013-07-11,1717,13.32
2013-07-12,1717,13.4
2013-07-15,1717,13.68
2013-07-16,1717,13.9
2013-07-17,1717,14.12
2013-07-18,1717,13.93
2013-07-19,1717,13.71
2013-07-22,1717,13.68
2013-07-23,1717,13.68
2013-07-24,1717,13.66
2013-07-25,1717,13.52
2013-07-26,1717,13.4
2013-07-29,1717,13.4
2013-07-30,1717,13.49
2013-07-31,1717,13.35
2013-07-01,1718,8.75
2013-07-02,1718,8.78
2013-07-03,1718,8.63
2013-07-04,1718,8.75
2013-07-05,1718,9.33
2013-07-08,1718,9.44
2013-07-09,1718,9.6
2013-07-10,1718,9.67
2013-07-11,1718,10.02
2013-07-12,1718,10.06
2013-07-15,1718,10.25
2013-07-16,1718,10.1
2013-07-17,1718,10.1
2013-07-18,1718,10.18
2013-07-19,1718,10.02
2013-07-22,1718,10.22
2013-07-23,1718,9.98
2013-07-24,1718,9.98
2013-07-25,1718,10.25
2013-07-26,1718,10.6
2013-07-29,1718,10.41
2013-07-30,1718,10.49
2013-07-31,1718,10.22
2013-07-01,1720,22.07
2013-07-02,1720,22.32
2013-07-03,1720,21.97
2013-07-04,1720,21.57
2013-07-05,1720,22.04
2013-07-08,1720,22.32
2013-07-09,1720,22.13
2013-07-10,1720,22.32
2013-07-11,1720,22.44
2013-07-12,1720,22.94
2013-07-15,1720,23.43
2013-07-16,1720,23.03
2013-07-17,1720,22.84
2013-07-18,1720,22.72
2013-07-19,1720,22.78
2013-07-22,1720,23.28
2013-07-23,1720,23.15
2013-07-24,1720,22.87
2013-07-25,1720,22.53
2013-07-26,1720,22.84
2013-07-29,1720,23.37
2013-07-30,1720,23.57
2013-07-31,1720,23.25
2013-07-01,1721,7.04
2013-07-02,1721,6.99
2013-07-03,1721,6.96
2013-07-04,1721,6.97
2013-07-05,1721,7.07
2013-07-08,1721,6.96
2013-07-09,1721,6.96
2013-07-10,1721,7.22
2013-07-11,1721,7.06
2013-07-12,1721,7.0
2013-07-15,1721,7.03
2013-07-16,1721,7.03
2013-07-17,1721,7.1
2013-07-18,1721,7.1
2013-07-19,1721,7.04
2013-07-22,1721,6.93
2013-07-23,1721,6.89
2013-07-24,1721,6.91
2013-07-25,1721,6.9
2013-07-26,1721,6.96
2013-07-29,1721,7.02
2013-07-30,1721,7.02
2013-07-31,1721,6.98
2013-07-01,1722,42.83
2013-07-02,1722,42.3
2013-07-03,1722,42.06
2013-07-04,1722,42.06
2013-07-05,1722,42.65
2013-07-08,1722,42.24
2013-07-09,1722,42.59
2013-07-10,1722,42.83
2013-07-11,1722,43.3
2013-07-12,1722,43.01
2013-07-15,1722,42.83
2013-07-16,1722,43.36
2013-07-17,1722,43.19
2013-07-18,1722,43.54
2013-07-19,1722,43.13
2013-07-22,1722,44.55
2013-07-23,1722,44.61
2013-07-24,1722,44.01
2013-07-25,1722,44.13
2013-07-26,1722,44.07
2013-07-29,1722,43.6
2013-07-30,1722,43.78
2013-07-31,1722,43.36
2013-07-01,1723,91.95
2013-07-02,1723,91.65
2013-07-03,1723,91.65
2013-07-04,1723,91.35
2013-07-05,1723,92.56
2013-07-08,1723,93.77
2013-07-09,1723,93.77
2013-07-10,1723,94.68
2013-07-11,1723,94.98
2013-07-12,1723,96.19
2013-07-15,1723,97.45
2013-07-16,1723,98.09
2013-07-17,1723,97.77
2013-07-18,1723,100.31
2013-07-19,1723,101.9
2013-07-22,1723,106.66
2013-07-23,1723,106.66
2013-07-24,1723,111.1
2013-07-25,1723,106.66
2013-07-26,1723,105.71
2013-07-29,1723,104.44
2013-07-30,1723,106.98
2013-07-31,1723,108.25
2013-07-01,1724,13.02
2013-07-02,1724,12.99
2013-07-03,1724,12.77
2013-07-04,1724,12.77
2013-07-05,1724,12.85
2013-07-08,1724,12.85
2013-07-09,1724,12.92
2013-07-10,1724,12.92
2013-07-11,1724,12.92
2013-07-12,1724,13.02
2013-07-15,1724,13.87
2013-07-16,1724,13.63
2013-07-17,1724,13.73
2013-07-18,1724,13.56
2013-07-19,1724,14.16
2013-07-22,1724,14.94
2013-07-23,1724,14.83
2013-07-24,1724,15.4
2013-07-25,1724,15.19
2013-07-26,1724,15.05
2013-07-29,1724,15.29
2013-07-30,1724,15.01
2013-07-31,1724,14.62
2013-07-01,1725,7.94
2013-07-02,1725,7.74
2013-07-03,1725,7.56
2013-07-04,1725,7.48
2013-07-05,1725,7.74
2013-07-08,1725,7.65
2013-07-09,1725,7.82
2013-07-10,1725,7.74
2013-07-11,1725,7.65
2013-07-12,1725,7.71
2013-07-15,1725,7.74
2013-07-16,1725,7.77
2013-07-17,1725,7.77
2013-07-18,1725,7.8
2013-07-19,1725,7.77
2013-07-22,1725,7.77
2013-07-23,1725,7.85
2013-07-24,1725,7.91
2013-07-25,1725,7.85
2013-07-26,1725,7.85
2013-07-29,1725,7.85
2013-07-30,1725,7.91
2013-07-31,1725,7.94
2013-07-01,1726,39.0
2013-07-02,1726,39.53
2013-07-03,1726,38.78
2013-07-04,1726,39.1
2013-07-05,1726,40.33
2013-07-08,1726,39.74
2013-07-09,1726,40.65
2013-07-10,1726,41.46
2013-07-11,1726,41.08
2013-07-12,1726,41.72
2013-07-15,1726,41.56
2013-07-16,1726,40.97
2013-07-17,1726,40.39
2013-07-18,1726,39.53
2013-07-19,1726,39.48
2013-07-22,1726,39.48
2013-07-23,1726,39.53
2013-07-24,1726,40.33
2013-07-25,1726,39.91
2013-07-26,1726,41.56
2013-07-29,1726,41.99
2013-07-30,1726,41.72
2013-07-31,1726,42.9
2013-07-01,1727,11.7
2013-07-02,1727,11.73
2013-07-03,1727,11.64
2013-07-04,1727,11.67
2013-07-05,1727,11.54
2013-07-08,1727,11.54
2013-07-09,1727,11.57
2013-07-10,1727,11.45
2013-07-11,1727,11.45
2013-07-12,1727,11.51
2013-07-15,1727,11.61
2013-07-16,1727,11.61
2013-07-17,1727,11.8
2013-07-18,1727,11.8
2013-07-19,1727,11.73
2013-07-22,1727,12.27
2013-07-23,1727,12.15
2013-07-24,1727,12.11
2013-07-25,1727,12.11
2013-07-26,1727,12.15
2013-07-29,1727,12.3
2013-07-30,1727,12.34
2013-07-31,1727,12.11
2013-07-01,1729,29.66
2013-07-02,1729,29.61
2013-07-03,1729,29.32
2013-07-04,1729,29.22
2013-07-05,1729,29.17
2013-07-08,1729,27.45
2013-07-09,1729,28.04
2013-07-10,1729,27.64
2013-07-11,1729,27.94
2013-07-12,1729,28.92
2013-07-15,1729,29.12
2013-07-16,1729,29.02
2013-07-17,1729,29.02
2013-07-18,1729,28.38
2013-07-19,1729,27.1
2013-07-22,1729,27.1
2013-07-23,1729,26.76
2013-07-24,1729,26.66
2013-07-25,1729,26.76
2013-07-26,1729,26.56
2013-07-29,1729,24.74
2013-07-30,1729,24.99
2013-07-31,1729,25.18
2013-07-01,1730,9.8
2013-07-02,1730,9.83
2013-07-03,1730,10.03
2013-07-04,1730,9.98
2013-07-05,1730,10.03
2013-07-08,1730,10.01
2013-07-09,1730,10.06
2013-07-10,1730,10.19
2013-07-11,1730,10.29
2013-07-12,1730,10.24
2013-07-15,1730,10.21
2013-07-16,1730,10.19
2013-07-17,1730,10.24
2013-07-18,1730,10.21
2013-07-19,1730,10.24
2013-07-22,1730,10.42
2013-07-23,1730,10.39
2013-07-24,1730,10.37
2013-07-25,1730,10.37
2013-07-26,1730,10.34
2013-07-29,1730,10.62
2013-07-30,1730,10.52
2013-07-31,1730,10.65
2013-07-01,1731,9.31
2013-07-02,1731,9.22
2013-07-03,1731,9.25
2013-07-04,1731,9.07
2013-07-05,1731,9.07
2013-07-08,1731,9.16
2013-07-09,1731,9.1
2013-07-10,1731,8.98
2013-07-11,1731,8.89
2013-07-12,1731,9.34
2013-07-15,1731,9.64
2013-07-16,1731,9.34
2013-07-17,1731,9.37
2013-07-18,1731,9.31
2013-07-19,1731,9.31
2013-07-22,1731,9.37
2013-07-23,1731,9.34
2013-07-24,1731,9.34
2013-07-25,1731,9.31
2013-07-26,1731,9.31
2013-07-29,1731,9.37
2013-07-30,1731,9.43
2013-07-31,1731,9.31
2013-07-01,1732,11.97
2013-07-02,1732,11.82
2013-07-03,1732,11.87
2013-07-04,1732,11.58
2013-07-05,1732,11.53
2013-07-08,1732,11.19
2013-07-09,1732,11.14
2013-07-10,1732,11.14
2013-07-11,1732,11.77
2013-07-12,1732,11.97
2013-07-15,1732,11.63
2013-07-16,1732,11.53
2013-07-17,1732,11.53
2013-07-18,1732,11.19
2013-07-19,1732,10.9
2013-07-22,1732,11.38
2013-07-23,1732,11.24
2013-07-24,1732,11.43
2013-07-25,1732,11.04
2013-07-26,1732,11.19
2013-07-29,1732,11.97
2013-07-30,1732,11.97
2013-07-31,1732,12.26
2013-07-01,1733,42.77
2013-07-02,1733,43.18
2013-07-03,1733,42.48
2013-07-04,1733,42.42
2013-07-05,1733,42.66
2013-07-08,1733,42.6
2013-07-09,1733,42.31
2013-07-10,1733,41.9
2013-07-11,1733,41.66
2013-07-12,1733,42.01
2013-07-15,1733,43.36
2013-07-16,1733,42.77
2013-07-17,1733,42.89
2013-07-18,1733,42.31
2013-07-19,1733,42.36
2013-07-22,1733,42.19
2013-07-23,1733,42.95
2013-07-24,1733,42.31
2013-07-25,1733,42.31
2013-07-26,1733,42.19
2013-07-29,1733,42.48
2013-07-30,1733,43.06
2013-07-31,1733,42.54
2013-07-01,1734,24.25
2013-07-02,1734,24.35
2013-07-03,1734,24.25
2013-07-04,1734,23.61
2013-07-05,1734,23.71
2013-07-08,1734,23.61
2013-07-09,1734,24.5
2013-07-10,1734,24.85
2013-07-11,1734,25.02
2013-07-12,1734,26.27
2013-07-15,1734,27.3
2013-07-16,1734,26.96
2013-07-17,1734,26.96
2013-07-18,1734,26.96
2013-07-19,1734,26.96
2013-07-22,1734,27.55
2013-07-23,1734,27.37
2013-07-24,1734,27.68
2013-07-25,1734,27.68
2013-07-26,1734,27.41
2013-07-29,1734,27.65
2013-07-30,1734,28.69
2013-07-31,1734,29.55
2013-07-01,1735,7.91
2013-07-02,1735,7.81
2013-07-03,1735,7.81
2013-07-04,1735,7.81
2013-07-05,1735,7.84
2013-07-08,1735,7.81
2013-07-09,1735,7.81
2013-07-10,1735,7.78
2013-07-11,1735,7.81
2013-07-12,1735,7.84
2013-07-15,1735,7.84
2013-07-16,1735,7.88
2013-07-17,1735,7.88
2013-07-18,1735,7.88
2013-07-19,1735,7.74
2013-07-22,1735,7.84
2013-07-23,1735,7.88
2013-07-24,1735,7.78
2013-07-25,1735,7.81
2013-07-26,1735,7.78
2013-07-29,1735,7.74
2013-07-30,1735,7.81
2013-07-31,1735,7.71
2013-07-01,1736,44.25
2013-07-02,1736,44.04
2013-07-03,1736,44.25
2013-07-04,1736,44.04
2013-07-05,1736,43.98
2013-07-08,1736,42.96
2013-07-09,1736,42.91
2013-07-10,1736,43.34
2013-07-11,1736,42.96
2013-07-12,1736,43.93
2013-07-15,1736,44.68
2013-07-16,1736,45.22
2013-07-17,1736,44.84
2013-07-18,1736,44.3
2013-07-19,1736,44.3
2013-07-22,1736,44.84
2013-07-23,1736,46.72
2013-07-24,1736,46.02
2013-07-25,1736,48.06
2013-07-26,1736,50.96
2013-07-29,1736,54.51
2013-07-30,1736,55.85
2013-07-31,1736,55.31
2013-07-01,1737,18.21
2013-07-02,1737,18.17
2013-07-03,1737,17.98
2013-07-04,1737,17.75
2013-07-05,1737,17.83
2013-07-08,1737,17.56
2013-07-09,1737,17.79
2013-07-10,1737,17.67
2013-07-11,1737,17.79
2013-07-12,1737,19.01
2013-07-15,1737,19.43
2013-07-16,1737,19.08
2013-07-17,1737,18.97
2013-07-18,1737,19.23
2013-07-19,1737,19.46
2013-07-22,1737,19.5
2013-07-23,1737,19.54
2013-07-24,1737,19.31
2013-07-25,1737,19.08
2013-07-26,1737,19.27
2013-07-29,1737,19.12
2013-07-30,1737,20.19
2013-07-31,1737,20.91
2013-07-01,1742,22.85
2013-07-02,1742,22.85
2013-07-03,1742,22.71
2013-07-04,1742,22.24
2013-07-05,1742,22.31
2013-07-08,1742,22.31
2013-07-09,1742,21.97
2013-07-10,1742,21.9
2013-07-11,1742,22.78
2013-07-12,1742,24.32
2013-07-15,1742,24.05
2013-07-16,1742,23.92
2013-07-17,1742,23.92
2013-07-18,1742,23.86
2013-07-19,1742,23.72
2013-07-22,1742,23.86
2013-07-23,1742,23.79
2013-07-24,1742,23.92
2013-07-25,1742,23.92
2013-07-26,1742,23.98
2013-07-29,1742,24.19
2013-07-30,1742,24.66
2013-07-31,1742,24.25
2013-07-01,1752,19.83
2013-07-02,1752,21.2
2013-07-03,1752,21.49
2013-07-04,1752,20.93
2013-07-05,1752,21.46
2013-07-08,1752,21.05
2013-07-09,1752,21.02
2013-07-10,1752,20.93
2013-07-11,1752,20.93
2013-07-12,1752,22.01
2013-07-15,1752,23.52
2013-07-16,1752,23.84
2013-07-17,1752,23.75
2013-07-18,1752,23.06
2013-07-19,1752,22.53
2013-07-22,1752,22.39
2013-07-23,1752,22.74
2013-07-24,1752,23.7
2013-07-25,1752,22.91
2013-07-26,1752,22.5
2013-07-29,1752,23.09
2013-07-30,1752,22.94
2013-07-31,1752,22.68
2013-07-01,1760,120.45
2013-07-02,1760,120.01
2013-07-03,1760,118.27
2013-07-04,1760,116.54
2013-07-05,1760,119.84
2013-07-08,1760,123.93
2013-07-09,1760,138.27
2013-07-10,1760,135.53
2013-07-11,1760,133.93
2013-07-12,1760,135.67
2013-07-15,1760,137.41
2013-07-16,1760,133.33
2013-07-17,1760,133.06
2013-07-18,1760,133.93
2013-07-19,1760,133.06
2013-07-22,1760,131.76
2013-07-23,1760,132.96
2013-07-24,1760,136.19
2013-07-25,1760,133.58
2013-07-26,1760,134.1
2013-07-29,1760,134.41
2013-07-30,1760,134.52
2013-07-31,1760,138.97
2013-07-01,1762,35.09
2013-07-02,1762,34.98
2013-07-03,1762,34.9
2013-07-04,1762,34.75
2013-07-05,1762,35.05
2013-07-08,1762,35.02
2013-07-09,1762,35.05
2013-07-10,1762,35.13
2013-07-11,1762,35.17
2013-07-12,1762,35.51
2013-07-15,1762,36.5
2013-07-16,1762,36.2
2013-07-17,1762,36.35
2013-07-18,1762,36.51
2013-07-19,1762,36.35
2013-07-22,1762,36.9
2013-07-23,1762,36.86
2013-07-24,1762,37.38
2013-07-25,1762,37.69
2013-07-26,1762,37.46
2013-07-29,1762,38.05
2013-07-30,1762,38.01
2013-07-31,1762,37.85
2013-07-01,1773,11.93
2013-07-02,1773,12.01
2013-07-03,1773,11.91
2013-07-04,1773,11.91
2013-07-05,1773,11.93
2013-07-08,1773,11.93
2013-07-09,1773,12.01
2013-07-10,1773,12.05
2013-07-11,1773,12.22
2013-07-12,1773,12.42
2013-07-15,1773,12.53
2013-07-16,1773,12.42
2013-07-17,1773,12.51
2013-07-18,1773,12.44
2013-07-19,1773,12.4
2013-07-22,1773,12.44
2013-07-23,1773,12.47
2013-07-24,1773,12.58
2013-07-25,1773,12.64
2013-07-26,1773,12.58
2013-07-29,1773,12.64
2013-07-30,1773,12.56
2013-07-31,1773,12.58
2013-07-03,1776,13.06
2013-07-08,1776,13.01
2013-07-11,1776,13.01
2013-07-12,1776,13.06
2013-07-16,1776,13.31
2013-07-18,1776,13.31
2013-07-31,1776,13.31
2013-07-01,1777,36.23
2013-07-02,1777,35.66
2013-07-03,1777,35.1
2013-07-04,1777,34.97
2013-07-05,1777,34.47
2013-07-08,1777,34.91
2013-07-09,1777,33.9
2013-07-10,1777,33.46
2013-07-11,1777,33.84
2013-07-12,1777,34.78
2013-07-15,1777,35.6
2013-07-16,1777,35.16
2013-07-17,1777,34.34
2013-07-18,1777,34.53
2013-07-19,1777,34.03
2013-07-22,1777,34.28
2013-07-23,1777,34.53
2013-07-24,1777,34.72
2013-07-25,1777,37.11
2013-07-26,1777,38.74
2013-07-29,1777,39.0
2013-07-30,1777,39.31
2013-07-31,1777,40.32
2013-07-01,1781,49.46
2013-07-02,1781,48.47
2013-07-03,1781,48.18
2013-07-04,1781,47.19
2013-07-05,1781,46.21
2013-07-08,1781,45.08
2013-07-09,1781,44.83
2013-07-10,1781,43.46
2013-07-11,1781,42.87
2013-07-12,1781,45.87
2013-07-15,1781,48.57
2013-07-16,1781,47.44
2013-07-17,1781,47.05
2013-07-18,1781,46.56
2013-07-19,1781,45.97
2013-07-22,1781,45.72
2013-07-23,1781,47.78
2013-07-24,1781,47.78
2013-07-25,1781,47.24
2013-07-26,1781,46.31
2013-07-29,1781,46.51
2013-07-30,1781,47.1
2013-07-31,1781,46.21
2013-07-01,1783,22.71
2013-07-02,1783,22.78
2013-07-03,1783,22.4
2013-07-05,1783,21.95
2013-07-08,1783,22.24
2013-07-09,1783,22.47
2013-07-10,1783,22.79
2013-07-11,1783,22.99
2013-07-12,1783,23.1
2013-07-15,1783,24.36
2013-07-16,1783,23.49
2013-07-17,1783,23.49
2013-07-18,1783,23.34
2013-07-22,1783,23.49
2013-07-23,1783,23.49
2013-07-24,1783,23.6
2013-07-25,1783,23.49
2013-07-26,1783,23.49
2013-07-29,1783,23.88
2013-07-30,1783,23.73
2013-07-31,1783,23.89
2013-07-01,1784,43.1
2013-07-02,1784,44.4
2013-07-03,1784,43.02
2013-07-04,1784,42.77
2013-07-05,1784,43.42
2013-07-08,1784,43.5
2013-07-09,1784,42.53
2013-07-10,1784,41.3
2013-07-11,1784,43.5
2013-07-12,1784,43.99
2013-07-15,1784,44.07
2013-07-16,1784,43.42
2013-07-17,1784,44.56
2013-07-18,1784,44.56
2013-07-19,1784,42.36
2013-07-22,1784,41.96
2013-07-23,1784,41.96
2013-07-24,1784,41.96
2013-07-25,1784,39.68
2013-07-26,1784,39.72
2013-07-29,1784,38.21
2013-07-30,1784,39.02
2013-07-31,1784,38.13
2013-07-01,1785,24.32
2013-07-02,1785,24.4
2013-07-03,1785,24.07
2013-07-04,1785,23.9
2013-07-05,1785,23.81
2013-07-08,1785,22.55
2013-07-09,1785,22.55
2013-07-10,1785,22.55
2013-07-11,1785,22.55
2013-07-12,1785,22.97
2013-07-15,1785,22.93
2013-07-16,1785,23.06
2013-07-17,1785,22.88
2013-07-18,1785,23.14
2013-07-19,1785,22.93
2013-07-22,1785,22.8
2013-07-23,1785,23.73
2013-07-24,1785,23.81
2013-07-25,1785,23.64
2013-07-26,1785,24.07
2013-07-29,1785,23.73
2013-07-30,1785,23.69
2013-07-31,1785,23.22
2013-07-01,1786,58.81
2013-07-03,1786,58.1
2013-07-04,1786,59.14
2013-07-05,1786,60.49
2013-07-08,1786,60.57
2013-07-09,1786,60.32
2013-07-11,1786,60.49
2013-07-12,1786,60.49
2013-07-15,1786,60.49
2013-07-16,1786,60.28
2013-07-17,1786,60.62
2013-07-18,1786,60.48
2013-07-19,1786,60.67
2013-07-22,1786,60.85
2013-07-23,1786,61.16
2013-07-24,1786,60.83
2013-07-25,1786,60.49
2013-07-26,1786,60.49
2013-07-29,1786,61.76
2013-07-30,1786,61.0
2013-07-31,1786,61.11
2013-07-01,1788,42.81
2013-07-02,1788,42.91
2013-07-03,1788,42.86
2013-07-04,1788,42.51
2013-07-05,1788,42.96
2013-07-08,1788,42.51
2013-07-09,1788,43.17
2013-07-10,1788,43.12
2013-07-11,1788,43.17
2013-07-12,1788,44.08
2013-07-15,1788,44.99
2013-07-16,1788,44.58
2013-07-17,1788,44.99
2013-07-18,1788,44.73
2013-07-19,1788,44.48
2013-07-22,1788,44.78
2013-07-23,1788,44.88
2013-07-24,1788,45.49
2013-07-25,1788,45.54
2013-07-26,1788,45.07
2013-07-29,1788,45.44
2013-07-30,1788,46.81
2013-07-31,1788,46.39
2013-07-01,1789,49.33
2013-07-02,1789,48.98
2013-07-03,1789,48.84
2013-07-04,1789,48.84
2013-07-05,1789,49.12
2013-07-08,1789,48.49
2013-07-09,1789,49.05
2013-07-10,1789,48.49
2013-07-11,1789,49.12
2013-07-12,1789,50.52
2013-07-15,1789,51.58
2013-07-16,1789,50.87
2013-07-17,1789,51.23
2013-07-18,1789,51.37
2013-07-19,1789,51.23
2013-07-22,1789,51.93
2013-07-23,1789,54.87
2013-07-24,1789,56.84
2013-07-25,1789,55.79
2013-07-26,1789,56.77
2013-07-29,1789,55.79
2013-07-30,1789,58.03
2013-07-31,1789,59.93
2013-07-01,1795,46.65
2013-07-02,1795,47.98
2013-07-03,1795,48.07
2013-07-04,1795,46.82
2013-07-05,1795,48.25
2013-07-08,1795,47.45
2013-07-09,1795,47.45
2013-07-10,1795,47.89
2013-07-11,1795,47.8
2013-07-12,1795,48.51
2013-07-15,1795,51.9
2013-07-16,1795,51.9
2013-07-17,1795,50.74
2013-07-18,1795,49.67
2013-07-19,1795,49.41
2013-07-22,1795,49.05
2013-07-23,1795,49.49
2013-07-24,1795,49.58
2013-07-25,1795,48.69
2013-07-26,1795,47.62
2013-07-29,1795,47.71
2013-07-30,1795,49.32
2013-07-31,1795,48.25
2013-07-01,1799,26.87
2013-07-02,1799,26.52
2013-07-03,1799,26.52
2013-07-04,1799,25.81
2013-07-05,1799,25.81
2013-07-08,1799,25.01
2013-07-09,1799,24.92
2013-07-10,1799,25.19
2013-07-11,1799,25.1
2013-07-12,1799,26.43
2013-07-15,1799,27.24
2013-07-16,1799,26.61
2013-07-17,1799,26.43
2013-07-18,1799,25.99
2013-07-19,1799,26.08
2013-07-22,1799,25.9
2013-07-23,1799,25.72
2013-07-24,1799,25.63
2013-07-25,1799,25.27
2013-07-26,1799,25.81
2013-07-29,1799,25.37
2013-07-30,1799,25.45
2013-07-31,1799,25.1
2013-07-01,1802,22.7
2013-07-02,1802,22.53
2013-07-03,1802,22.44
2013-07-04,1802,22.7
2013-07-05,1802,23.59
2013-07-08,1802,22.95
2013-07-09,1802,23.25
2013-07-10,1802,23.0
2013-07-11,1802,24.1
2013-07-12,1802,24.06
2013-07-15,1802,23.64
2013-07-16,1802,23.76
2013-07-17,1802,24.06
2013-07-18,1802,24.1
2013-07-19,1802,23.93
2013-07-22,1802,23.76
2013-07-23,1802,24.4
2013-07-24,1802,24.36
2013-07-25,1802,23.89
2013-07-26,1802,23.93
2013-07-29,1802,23.81
2013-07-30,1802,24.19
2013-07-31,1802,23.93
2013-07-01,1805,16.72
2013-07-02,1805,16.96
2013-07-03,1805,17.09
2013-07-04,1805,17.2
2013-07-05,1805,17.15
2013-07-08,1805,17.03
2013-07-09,1805,16.9
2013-07-10,1805,16.9
2013-07-11,1805,18.05
2013-07-12,1805,19.01
2013-07-15,1805,19.8
2013-07-16,1805,19.07
2013-07-17,1805,19.07
2013-07-18,1805,19.44
2013-07-19,1805,19.01
2013-07-22,1805,19.07
2013-07-23,1805,19.2
2013-07-24,1805,18.95
2013-07-25,1805,18.95
2013-07-26,1805,18.65
2013-07-29,1805,18.71
2013-07-30,1805,18.47
2013-07-31,1805,18.35
2013-07-01,1806,8.03
2013-07-02,1806,8.13
2013-07-03,1806,8.02
2013-07-04,1806,8.03
2013-07-05,1806,8.07
2013-07-08,1806,8.02
2013-07-09,1806,8.05
2013-07-10,1806,8.03
2013-07-11,1806,8.11
2013-07-12,1806,8.19
2013-07-15,1806,8.27
2013-07-16,1806,8.23
2013-07-17,1806,8.27
2013-07-18,1806,8.23
2013-07-19,1806,8.15
2013-07-22,1806,8.19
2013-07-23,1806,8.27
2013-07-24,1806,8.32
2013-07-25,1806,8.4
2013-07-26,1806,8.4
2013-07-29,1806,8.27
2013-07-30,1806,8.32
2013-07-31,1806,8.19
2013-07-01,1808,4.81
2013-07-02,1808,4.85
2013-07-03,1808,4.83
2013-07-04,1808,4.82
2013-07-05,1808,4.79
2013-07-08,1808,4.75
2013-07-09,1808,4.73
2013-07-10,1808,4.7
2013-07-11,1808,4.77
2013-07-12,1808,4.68
2013-07-15,1808,4.63
2013-07-16,1808,4.64
2013-07-17,1808,4.65
2013-07-18,1808,4.64
2013-07-19,1808,4.63
2013-07-22,1808,4.55
2013-07-23,1808,4.53
2013-07-24,1808,4.45
2013-07-25,1808,4.46
2013-07-26,1808,4.6
2013-07-29,1808,4.58
2013-07-30,1808,4.58
2013-07-31,1808,4.58
2013-07-01,1809,10.93
2013-07-02,1809,10.93
2013-07-03,1809,10.8
2013-07-04,1809,10.68
2013-07-05,1809,10.84
2013-07-08,1809,10.64
2013-07-09,1809,10.64
2013-07-10,1809,10.68
2013-07-11,1809,11.18
2013-07-12,1809,11.93
2013-07-15,1809,11.85
2013-07-16,1809,11.68
2013-07-17,1809,11.72
2013-07-18,1809,11.51
2013-07-19,1809,11.38
2013-07-22,1809,11.34
2013-07-23,1809,11.77
2013-07-24,1809,11.55
2013-07-25,1809,11.59
2013-07-26,1809,11.47
2013-07-29,1809,11.34
2013-07-30,1809,11.55
2013-07-31,1809,11.43
2013-07-01,1810,7.85
2013-07-02,1810,8.25
2013-07-03,1810,8.0
2013-07-04,1810,8.01
2013-07-05,1810,8.04
2013-07-08,1810,7.98
2013-07-09,1810,7.92
2013-07-10,1810,8.05
2013-07-11,1810,8.0
2013-07-12,1810,7.98
2013-07-15,1810,7.96
2013-07-16,1810,7.93
2013-07-17,1810,7.99
2013-07-18,1810,7.93
2013-07-19,1810,7.8
2013-07-22,1810,7.82
2013-07-23,1810,7.92
2013-07-24,1810,7.92
2013-07-25,1810,8.17
2013-07-26,1810,7.97
2013-07-29,1810,7.9
2013-07-30,1810,7.92
2013-07-31,1810,7.88
2013-07-01,1813,28.03
2013-07-02,1813,28.03
2013-07-03,1813,28.5
2013-07-04,1813,27.78
2013-07-05,1813,28.04
2013-07-08,1813,28.76
2013-07-09,1813,30.76
2013-07-10,1813,30.13
2013-07-11,1813,29.87
2013-07-12,1813,30.92
2013-07-15,1813,31.15
2013-07-16,1813,31.51
2013-07-17,1813,32.13
2013-07-18,1813,31.12
2013-07-19,1813,31.15
2013-07-22,1813,33.28
2013-07-23,1813,33.28
2013-07-24,1813,33.41
2013-07-25,1813,32.03
2013-07-26,1813,31.71
2013-07-29,1813,31.9
2013-07-30,1813,31.97
2013-07-31,1813,31.44
2013-07-01,1815,9.51
2013-07-02,1815,9.36
2013-07-03,1815,9.17
2013-07-04,1815,9.13
2013-07-05,1815,9.06
2013-07-08,1815,8.98
2013-07-09,1815,9.06
2013-07-10,1815,8.98
2013-07-11,1815,9.21
2013-07-12,1815,9.06
2013-07-15,1815,9.13
2013-07-16,1815,9.13
2013-07-17,1815,9.39
2013-07-18,1815,9.28
2013-07-19,1815,9.25
2013-07-22,1815,9.39
2013-07-23,1815,9.69
2013-07-24,1815,9.47
2013-07-25,1815,9.43
2013-07-26,1815,9.66
2013-07-29,1815,9.58
2013-07-30,1815,9.66
2013-07-31,1815,9.69
2013-07-01,1817,14.97
2013-07-05,1817,15.02
2013-07-11,1817,15.26
2013-07-12,1817,15.37
2013-07-15,1817,15.59
2013-07-19,1817,15.23
2013-07-23,1817,15.23
2013-07-26,1817,15.49
2013-07-29,1817,14.97
2013-07-31,1817,15.49
2013-07-01,1902,9.94
2013-07-02,1902,10.04
2013-07-03,1902,10.04
2013-07-04,1902,9.99
2013-07-05,1902,10.09
2013-07-08,1902,9.99
2013-07-09,1902,10.09
2013-07-10,1902,10.09
2013-07-11,1902,10.14
2013-07-12,1902,10.14
2013-07-15,1902,10.09
2013-07-16,1902,10.09
2013-07-17,1902,10.38
2013-07-18,1902,10.52
2013-07-19,1902,10.38
2013-07-22,1902,10.23
2013-07-23,1902,10.23
2013-07-24,1902,10.43
2013-07-25,1902,10.91
2013-07-26,1902,11.63
2013-07-29,1902,11.15
2013-07-30,1902,11.29
2013-07-31,1902,12.07
2013-07-01,1903,44.35
2013-07-02,1903,44.35
2013-07-03,1903,44.1
2013-07-04,1903,44.0
2013-07-05,1903,44.05
2013-07-08,1903,44.0
2013-07-09,1903,44.0
2013-07-10,1903,43.8
2013-07-11,1903,44.3
2013-07-12,1903,44.2
2013-07-15,1903,44.7
2013-07-16,1903,44.65
2013-07-17,1903,44.7
2013-07-18,1903,44.2
2013-07-19,1903,44.3
2013-07-22,1903,44.55
2013-07-23,1903,45.75
2013-07-24,1903,45.7
2013-07-25,1903,45.7
2013-07-26,1903,45.1
2013-07-29,1903,44.8
2013-07-30,1903,45.1
2013-07-31,1903,44.75
2013-07-01,1904,7.75
2013-07-02,1904,7.75
2013-07-03,1904,7.64
2013-07-04,1904,7.67
2013-07-05,1904,7.7
2013-07-08,1904,7.81
2013-07-09,1904,7.73
2013-07-10,1904,7.7
2013-07-11,1904,7.7
2013-07-12,1904,7.75
2013-07-15,1904,7.82
2013-07-16,1904,7.91
2013-07-17,1904,7.94
2013-07-18,1904,8.0
2013-07-19,1904,7.97
2013-07-22,1904,7.97
2013-07-23,1904,8.09
2013-07-24,1904,8.06
2013-07-25,1904,8.12
2013-07-26,1904,8.09
2013-07-29,1904,8.03
2013-07-30,1904,8.03
2013-07-31,1904,8.03
2013-07-01,1905,7.29
2013-07-02,1905,7.31
2013-07-03,1905,7.28
2013-07-04,1905,7.22
2013-07-05,1905,7.23
2013-07-08,1905,7.22
2013-07-09,1905,7.25
2013-07-10,1905,7.37
2013-07-11,1905,7.62
2013-07-12,1905,7.69
2013-07-15,1905,7.64
2013-07-16,1905,7.58
2013-07-17,1905,7.58
2013-07-18,1905,7.56
2013-07-19,1905,7.53
2013-07-22,1905,7.53
2013-07-23,1905,7.55
2013-07-24,1905,7.56
2013-07-25,1905,7.57
2013-07-26,1905,7.77
2013-07-29,1905,7.59
2013-07-30,1905,7.58
2013-07-31,1905,7.64
2013-07-01,1906,5.33
2013-07-02,1906,5.36
2013-07-03,1906,5.33
2013-07-04,1906,5.33
2013-07-05,1906,5.33
2013-07-08,1906,5.38
2013-07-09,1906,5.42
2013-07-10,1906,5.42
2013-07-11,1906,5.48
2013-07-12,1906,5.48
2013-07-15,1906,5.48
2013-07-16,1906,5.44
2013-07-17,1906,5.33
2013-07-18,1906,5.42
2013-07-19,1906,5.38
2013-07-22,1906,5.4
2013-07-23,1906,5.4
2013-07-24,1906,5.4
2013-07-25,1906,5.4
2013-07-26,1906,5.4
2013-07-29,1906,5.4
2013-07-30,1906,5.44
2013-07-31,1906,5.49
2013-07-01,1907,9.04
2013-07-02,1907,8.94
2013-07-03,1907,8.84
2013-07-04,1907,8.81
2013-07-05,1907,8.84
2013-07-08,1907,8.81
2013-07-09,1907,8.81
2013-07-10,1907,8.84
2013-07-11,1907,8.78
2013-07-12,1907,9.01
2013-07-15,1907,9.31
2013-07-16,1907,9.74
2013-07-17,1907,9.81
2013-07-18,1907,10.01
2013-07-19,1907,9.88
2013-07-22,1907,9.81
2013-07-23,1907,9.81
2013-07-24,1907,10.05
2013-07-25,1907,9.98
2013-07-26,1907,9.91
2013-07-29,1907,9.95
2013-07-30,1907,9.88
2013-07-31,1907,9.85
2013-07-01,1909,5.9
2013-07-02,1909,5.87
2013-07-03,1909,5.82
2013-07-04,1909,6.05
2013-07-05,1909,5.99
2013-07-08,1909,6.41
2013-07-09,1909,6.53
2013-07-10,1909,6.5
2013-07-11,1909,6.53
2013-07-12,1909,6.59
2013-07-15,1909,6.59
2013-07-16,1909,6.53
2013-07-17,1909,6.5
2013-07-18,1909,6.56
2013-07-19,1909,6.65
2013-07-22,1909,6.65
2013-07-23,1909,6.68
2013-07-24,1909,6.68
2013-07-25,1909,6.65
2013-07-26,1909,6.68
2013-07-29,1909,6.68
2013-07-30,1909,6.65
2013-07-31,1909,6.65
2013-07-01,2002,15.77
2013-07-02,2002,15.6
2013-07-03,2002,15.31
2013-07-04,2002,15.41
2013-07-05,2002,15.54
2013-07-08,2002,15.34
2013-07-09,2002,15.57
2013-07-10,2002,15.8
2013-07-11,2002,16.43
2013-07-12,2002,16.52
2013-07-15,2002,16.66
2013-07-16,2002,16.82
2013-07-17,2002,16.82
2013-07-18,2002,17.05
2013-07-19,2002,16.89
2013-07-22,2002,16.98
2013-07-23,2002,17.08
2013-07-24,2002,16.79
2013-07-25,2002,16.82
2013-07-26,2002,16.96
2013-07-29,2002,16.82
2013-07-30,2002,17.19
2013-07-31,2002,16.72
2013-07-01,2002A,27.55
2013-07-02,2002A,27.52
2013-07-03,2002A,27.39
2013-07-04,2002A,27.39
2013-07-05,2002A,27.39
2013-07-08,2002A,27.45
2013-07-09,2002A,27.45
2013-07-10,2002A,27.39
2013-07-11,2002A,27.45
2013-07-12,2002A,27.45
2013-07-15,2002A,27.39
2013-07-16,2002A,27.39
2013-07-17,2002A,27.32
2013-07-18,2002A,27.42
2013-07-19,2002A,27.45
2013-07-22,2002A,27.45
2013-07-23,2002A,27.45
2013-07-24,2002A,27.52
2013-07-25,2002A,27.72
2013-07-26,2002A,27.93
2013-07-29,2002A,27.97
2013-07-30,2002A,27.97
2013-07-31,2002A,28.07
2013-07-01,2006,20.28
2013-07-02,2006,19.98
2013-07-03,2006,19.98
2013-07-04,2006,19.82
2013-07-05,2006,20.05
2013-07-08,2006,19.78
2013-07-09,2006,19.94
2013-07-10,2006,20.16
2013-07-11,2006,20.81
2013-07-12,2006,20.74
2013-07-15,2006,21.04
2013-07-16,2006,21.12
2013-07-17,2006,21.26
2013-07-18,2006,21.12
2013-07-19,2006,21.15
2013-07-22,2006,21.15
2013-07-23,2006,21.14
2013-07-24,2006,21.07
2013-07-25,2006,20.76
2013-07-26,2006,20.52
2013-07-29,2006,20.32
2013-07-30,2006,20.24
2013-07-31,2006,19.97
2013-07-01,2007,8.75
2013-07-02,2007,8.68
2013-07-03,2007,8.68
2013-07-04,2007,8.95
2013-07-05,2007,9.51
2013-07-08,2007,9.12
2013-07-09,2007,8.94
2013-07-10,2007,8.96
2013-07-11,2007,9.08
2013-07-12,2007,8.96
2013-07-15,2007,9.0
2013-07-16,2007,9.0
2013-07-17,2007,8.98
2013-07-18,2007,8.96
2013-07-19,2007,8.98
2013-07-22,2007,8.9
2013-07-23,2007,8.93
2013-07-24,2007,8.91
2013-07-25,2007,9.06
2013-07-26,2007,9.01
2013-07-29,2007,8.91
2013-07-30,2007,8.95
2013-07-31,2007,8.89
2013-07-01,2008,9.04
2013-07-02,2008,9.26
2013-07-03,2008,9.04
2013-07-04,2008,9.04
2013-07-05,2008,9.18
2013-07-08,2008,9.14
2013-07-09,2008,9.19
2013-07-10,2008,9.27
2013-07-11,2008,9.32
2013-07-12,2008,9.19
2013-07-15,2008,9.14
2013-07-16,2008,9.14
2013-07-17,2008,9.14
2013-07-18,2008,9.15
2013-07-19,2008,9.18
2013-07-22,2008,9.28
2013-07-23,2008,9.31
2013-07-24,2008,9.43
2013-07-25,2008,9.76
2013-07-26,2008,9.6
2013-07-29,2008,9.62
2013-07-30,2008,9.56
2013-07-31,2008,9.43
2013-07-01,2009,8.21
2013-07-02,2009,8.07
2013-07-03,2009,7.99
2013-07-04,2009,7.97
2013-07-05,2009,7.91
2013-07-08,2009,7.91
2013-07-09,2009,7.91
2013-07-10,2009,7.84
2013-07-11,2009,7.92
2013-07-12,2009,7.91
2013-07-15,2009,7.89
2013-07-16,2009,7.9
2013-07-17,2009,7.88
2013-07-18,2009,7.88
2013-07-19,2009,7.88
2013-07-22,2009,7.86
2013-07-23,2009,7.87
2013-07-24,2009,7.87
2013-07-25,2009,7.94
2013-07-26,2009,7.89
2013-07-29,2009,7.85
2013-07-30,2009,7.89
2013-07-31,2009,7.88
2013-07-01,2010,6.0
2013-07-02,2010,6.0
2013-07-03,2010,5.97
2013-07-04,2010,6.0
2013-07-05,2010,5.97
2013-07-08,2010,5.95
2013-07-09,2010,5.92
2013-07-10,2010,5.92
2013-07-11,2010,5.97
2013-07-12,2010,5.97
2013-07-15,2010,6.03
2013-07-16,2010,6.0
2013-07-17,2010,6.0
2013-07-18,2010,6.0
2013-07-19,2010,5.97
2013-07-22,2010,6.0
2013-07-23,2010,6.0
2013-07-24,2010,6.0
2013-07-25,2010,6.0
2013-07-26,2010,6.08
2013-07-29,2010,6.03
2013-07-30,2010,6.05
2013-07-31,2010,6.03
2013-07-01,2012,6.46
2013-07-02,2012,6.43
2013-07-03,2012,6.32
2013-07-04,2012,6.34
2013-07-05,2012,6.43
2013-07-08,2012,6.43
2013-07-09,2012,6.37
2013-07-10,2012,6.32
2013-07-11,2012,6.37
2013-07-12,2012,6.4
2013-07-15,2012,6.4
2013-07-16,2012,6.34
2013-07-17,2012,6.34
2013-07-18,2012,6.37
2013-07-19,2012,6.32
2013-07-22,2012,6.34
2013-07-23,2012,6.4
2013-07-24,2012,6.34
2013-07-25,2012,6.37
2013-07-26,2012,6.34
2013-07-29,2012,6.34
2013-07-30,2012,6.32
2013-07-31,2012,6.29
2013-07-01,2013,26.05
2013-07-02,2013,26.05
2013-07-03,2013,26.35
2013-07-04,2013,25.66
2013-07-05,2013,25.76
2013-07-08,2013,25.14
2013-07-09,2013,25.28
2013-07-10,2013,25.45
2013-07-11,2013,25.76
2013-07-12,2013,25.66
2013-07-15,2013,25.48
2013-07-16,2013,25.42
2013-07-17,2013,25.42
2013-07-18,2013,25.66
2013-07-19,2013,25.45
2013-07-22,2013,25.24
2013-07-23,2013,25.1
2013-07-24,2013,25.1
2013-07-25,2013,25.07
2013-07-26,2013,25.03
2013-07-29,2013,24.97
2013-07-30,2013,24.97
2013-07-31,2013,24.9
2013-07-01,2014,7.09
2013-07-02,2014,7.06
2013-07-03,2014,7.0
2013-07-04,2014,6.98
2013-07-05,2014,7.0
2013-07-08,2014,6.96
2013-07-09,2014,6.96
2013-07-10,2014,6.98
2013-07-11,2014,7.23
2013-07-12,2014,7.14
2013-07-15,2014,7.17
2013-07-16,2014,7.15
2013-07-17,2014,7.15
2013-07-18,2014,7.62
2013-07-19,2014,7.51
2013-07-22,2014,7.45
2013-07-23,2014,7.42
2013-07-24,2014,7.44
2013-07-25,2014,7.37
2013-07-26,2014,7.3
2013-07-29,2014,7.34
2013-07-30,2014,7.44
2013-07-31,2014,7.35
2013-07-01,2015,25.89
2013-07-02,2015,26.09
2013-07-03,2015,25.6
2013-07-04,2015,25.55
2013-07-05,2015,25.84
2013-07-08,2015,25.4
2013-07-09,2015,25.25
2013-07-10,2015,25.74
2013-07-11,2015,26.39
2013-07-12,2015,26.29
2013-07-15,2015,26.64
2013-07-16,2015,27.29
2013-07-17,2015,27.14
2013-07-18,2015,27.14
2013-07-19,2015,27.14
2013-07-22,2015,26.99
2013-07-23,2015,27.14
2013-07-24,2015,26.89
2013-07-25,2015,26.89
2013-07-26,2015,26.89
2013-07-29,2015,26.44
2013-07-30,2015,26.84
2013-07-31,2015,26.34
2013-07-01,2017,5.35
2013-07-02,2017,5.33
2013-07-03,2017,5.29
2013-07-04,2017,5.25
2013-07-05,2017,5.36
2013-07-08,2017,5.25
2013-07-09,2017,5.25
2013-07-10,2017,5.32
2013-07-11,2017,5.51
2013-07-12,2017,5.47
2013-07-15,2017,5.51
2013-07-16,2017,5.5
2013-07-17,2017,5.49
2013-07-18,2017,5.54
2013-07-19,2017,5.64
2013-07-22,2017,5.55
2013-07-23,2017,5.55
2013-07-24,2017,5.57
2013-07-25,2017,5.51
2013-07-26,2017,5.49
2013-07-29,2017,5.53
2013-07-30,2017,5.55
2013-07-31,2017,5.49
2013-07-01,2020,5.21
2013-07-02,2020,5.19
2013-07-03,2020,5.17
2013-07-04,2020,5.11
2013-07-05,2020,5.07
2013-07-08,2020,5.05
2013-07-09,2020,5.09
2013-07-10,2020,5.07
2013-07-11,2020,5.03
2013-07-12,2020,5.05
2013-07-15,2020,5.13
2013-07-16,2020,5.15
2013-07-17,2020,5.13
2013-07-18,2020,5.13
2013-07-19,2020,5.13
2013-07-22,2020,5.17
2013-07-23,2020,5.41
2013-07-24,2020,5.35
2013-07-25,2020,5.41
2013-07-26,2020,5.33
2013-07-29,2020,5.27
2013-07-30,2020,5.29
2013-07-31,2020,5.25
2013-07-01,2022,11.66
2013-07-02,2022,11.61
2013-07-03,2022,11.47
2013-07-04,2022,11.49
2013-07-05,2022,11.73
2013-07-08,2022,11.64
2013-07-09,2022,11.64
2013-07-10,2022,11.55
2013-07-11,2022,11.75
2013-07-12,2022,11.75
2013-07-15,2022,11.75
2013-07-16,2022,11.75
2013-07-17,2022,11.71
2013-07-18,2022,11.91
2013-07-19,2022,11.93
2013-07-22,2022,11.83
2013-07-23,2022,11.83
2013-07-24,2022,11.83
2013-07-25,2022,11.71
2013-07-26,2022,11.68
2013-07-29,2022,11.61
2013-07-30,2022,11.7
2013-07-31,2022,11.61
2013-07-01,2023,5.63
2013-07-02,2023,5.64
2013-07-03,2023,5.63
2013-07-04,2023,5.58
2013-07-05,2023,5.68
2013-07-08,2023,5.66
2013-07-09,2023,5.65
2013-07-10,2023,5.64
2013-07-11,2023,5.83
2013-07-12,2023,5.85
2013-07-15,2023,5.87
2013-07-16,2023,5.92
2013-07-17,2023,5.96
2013-07-18,2023,5.98
2013-07-19,2023,5.85
2013-07-22,2023,5.86
2013-07-23,2023,5.87
2013-07-24,2023,5.87
2013-07-25,2023,5.87
2013-07-26,2023,5.89
2013-07-29,2023,6.05
2013-07-30,2023,6.14
2013-07-31,2023,6.05
2013-07-01,2024,3.62
2013-07-02,2024,3.58
2013-07-03,2024,3.55
2013-07-04,2024,3.52
2013-07-05,2024,3.54
2013-07-08,2024,3.51
2013-07-09,2024,3.54
2013-07-10,2024,3.58
2013-07-11,2024,3.67
2013-07-12,2024,3.67
2013-07-15,2024,3.74
2013-07-16,2024,3.67
2013-07-17,2024,3.63
2013-07-18,2024,3.67
2013-07-19,2024,3.66
2013-07-22,2024,3.62
2013-07-23,2024,3.64
2013-07-24,2024,3.58
2013-07-25,2024,3.58
2013-07-26,2024,3.59
2013-07-29,2024,3.64
2013-07-30,2024,3.62
2013-07-31,2024,3.55
2013-07-01,2025,6680.06
2013-07-02,2025,6593.3
2013-07-03,2025,6541.25
2013-07-04,2025,6541.25
2013-07-05,2025,6628.0
2013-07-08,2025,6558.6
2013-07-09,2025,6558.6
2013-07-10,2025,6575.95
2013-07-11,2025,6940.32
2013-07-12,2025,6836.21
2013-07-15,2025,6922.97
2013-07-16,2025,6888.27
2013-07-17,2025,6836.21
2013-07-18,2025,6870.91
2013-07-19,2025,6836.21
2013-07-22,2025,6853.56
2013-07-23,2025,6870.91
2013-07-24,2025,6888.27
2013-07-25,2025,6853.56
2013-07-26,2025,6853.56
2013-07-29,2025,6836.21
2013-07-30,2025,6975.02
2013-07-31,2025,6888.27
2013-07-01,2027,5.77
2013-07-02,2027,5.73
2013-07-03,2027,5.69
2013-07-04,2027,5.67
2013-07-05,2027,5.67
2013-07-08,2027,5.67
2013-07-09,2027,5.67
2013-07-10,2027,5.67
2013-07-11,2027,5.79
2013-07-12,2027,5.71
2013-07-15,2027,5.77
2013-07-16,2027,5.73
2013-07-17,2027,5.73
2013-07-18,2027,5.82
2013-07-19,2027,5.77
2013-07-22,2027,5.79
2013-07-23,2027,5.86
2013-07-24,2027,5.92
2013-07-25,2027,5.96
2013-07-26,2027,5.86
2013-07-29,2027,5.88
2013-07-30,2027,5.92
2013-07-31,2027,5.86
2013-07-01,2028,6.9
2013-07-02,2028,6.88
2013-07-03,2028,6.86
2013-07-04,2028,6.83
2013-07-05,2028,6.88
2013-07-08,2028,6.91
2013-07-09,2028,6.93
2013-07-10,2028,7.13
2013-07-11,2028,7.21
2013-07-12,2028,7.11
2013-07-15,2028,7.17
2013-07-16,2028,7.07
2013-07-17,2028,7.11
2013-07-18,2028,7.13
2013-07-19,2028,7.09
2013-07-22,2028,7.01
2013-07-23,2028,7.02
2013-07-24,2028,7.07
2013-07-25,2028,7.11
2013-07-26,2028,7.05
2013-07-29,2028,7.07
2013-07-30,2028,7.07
2013-07-31,2028,7.01
2013-07-01,2029,10.37
2013-07-02,2029,10.43
2013-07-03,2029,10.4
2013-07-04,2029,10.37
2013-07-05,2029,10.34
2013-07-08,2029,10.37
2013-07-09,2029,10.37
2013-07-10,2029,10.4
2013-07-11,2029,10.48
2013-07-12,2029,10.57
2013-07-15,2029,10.59
2013-07-16,2029,10.59
2013-07-17,2029,10.68
2013-07-18,2029,10.65
2013-07-19,2029,10.59
2013-07-22,2029,10.68
2013-07-23,2029,10.68
2013-07-24,2029,10.79
2013-07-25,2029,10.82
2013-07-26,2029,10.94
2013-07-29,2029,10.94
2013-07-30,2029,10.97
2013-07-31,2029,10.85
2013-07-01,2030,5.18
2013-07-02,2030,5.18
2013-07-03,2030,5.17
2013-07-04,2030,5.17
2013-07-05,2030,5.2
2013-07-08,2030,5.19
2013-07-09,2030,5.15
2013-07-10,2030,5.14
2013-07-11,2030,5.27
2013-07-12,2030,5.2
2013-07-15,2030,5.21
2013-07-16,2030,5.21
2013-07-17,2030,5.23
2013-07-18,2030,5.22
2013-07-19,2030,5.2
2013-07-22,2030,5.22
2013-07-23,2030,5.18
2013-07-24,2030,5.2
2013-07-25,2030,5.21
2013-07-26,2030,5.19
2013-07-29,2030,5.16
2013-07-30,2030,5.17
2013-07-31,2030,5.12
2013-07-01,2031,10.04
2013-07-02,2031,9.72
2013-07-03,2031,9.5
2013-07-04,2031,9.28
2013-07-05,2031,9.47
2013-07-08,2031,9.28
2013-07-09,2031,9.31
2013-07-10,2031,9.34
2013-07-11,2031,9.58
2013-07-12,2031,9.63
2013-07-15,2031,9.61
2013-07-16,2031,9.63
2013-07-17,2031,9.63
2013-07-18,2031,9.66
2013-07-19,2031,9.55
2013-07-22,2031,9.66
2013-07-23,2031,9.69
2013-07-24,2031,9.66
2013-07-25,2031,9.63
2013-07-26,2031,9.58
2013-07-29,2031,9.58
2013-07-30,2031,9.58
2013-07-31,2031,9.58
2013-07-01,2032,7.31
2013-07-02,2032,7.42
2013-07-03,2032,7.31
2013-07-04,2032,7.39
2013-07-05,2032,7.39
2013-07-08,2032,7.28
2013-07-09,2032,7.28
2013-07-10,2032,7.24
2013-07-11,2032,7.57
2013-07-12,2032,7.68
2013-07-15,2032,7.57
2013-07-16,2032,7.53
2013-07-17,2032,7.46
2013-07-18,2032,7.46
2013-07-19,2032,7.39
2013-07-22,2032,7.39
2013-07-23,2032,7.39
2013-07-24,2032,7.39
2013-07-25,2032,7.42
2013-07-26,2032,7.42
2013-07-29,2032,7.39
2013-07-30,2032,7.42
2013-07-31,2032,7.39
2013-07-01,2033,9.63
2013-07-02,2033,9.72
2013-07-03,2033,9.55
2013-07-04,2033,9.59
2013-07-05,2033,9.68
2013-07-08,2033,9.63
2013-07-09,2033,9.59
2013-07-10,2033,9.55
2013-07-11,2033,9.76
2013-07-12,2033,9.84
2013-07-15,2033,9.84
2013-07-16,2033,9.93
2013-07-17,2033,9.84
2013-07-18,2033,9.79
2013-07-19,2033,9.7
2013-07-22,2033,9.75
2013-07-23,2033,9.75
2013-07-24,2033,9.75
2013-07-25,2033,9.66
2013-07-26,2033,9.62
2013-07-29,2033,9.62
2013-07-30,2033,9.57
2013-07-31,2033,9.62
2013-07-01,2034,6.92
2013-07-02,2034,6.92
2013-07-03,2034,6.89
2013-07-04,2034,6.85
2013-07-05,2034,6.92
2013-07-08,2034,6.83
2013-07-09,2034,6.87
2013-07-10,2034,6.85
2013-07-11,2034,7.0
2013-07-12,2034,6.98
2013-07-15,2034,7.04
2013-07-16,2034,7.04
2013-07-17,2034,7.08
2013-07-18,2034,7.13
2013-07-19,2034,7.06
2013-07-22,2034,7.08
2013-07-23,2034,7.08
2013-07-24,2034,7.08
2013-07-25,2034,7.11
2013-07-26,2034,7.08
2013-07-29,2034,7.04
2013-07-30,2034,7.06
2013-07-31,2034,7.04
2013-07-01,2035,30.3
2013-07-02,2035,30.2
2013-07-03,2035,29.7
2013-07-04,2035,30.0
2013-07-05,2035,30.0
2013-07-08,2035,29.9
2013-07-09,2035,30.0
2013-07-10,2035,29.7
2013-07-11,2035,29.5
2013-07-12,2035,29.9
2013-07-15,2035,30.0
2013-07-16,2035,30.0
2013-07-17,2035,29.9
2013-07-18,2035,30.0
2013-07-19,2035,29.9
2013-07-22,2035,30.0
2013-07-23,2035,30.2
2013-07-24,2035,30.1
2013-07-25,2035,30.05
2013-07-26,2035,30.0
2013-07-29,2035,30.25
2013-07-30,2035,29.7
2013-07-31,2035,29.75
2013-07-01,2038,8.22
2013-07-02,2038,8.22
2013-07-03,2038,8.17
2013-07-04,2038,8.18
2013-07-05,2038,8.26
2013-07-08,2038,8.16
2013-07-09,2038,8.18
2013-07-10,2038,8.22
2013-07-11,2038,8.26
2013-07-12,2038,8.3
2013-07-15,2038,8.34
2013-07-16,2038,8.34
2013-07-17,2038,8.38
2013-07-18,2038,8.38
2013-07-19,2038,8.34
2013-07-22,2038,8.34
2013-07-23,2038,8.38
2013-07-24,2038,8.38
2013-07-25,2038,8.34
2013-07-26,2038,8.43
2013-07-29,2038,8.43
2013-07-30,2038,8.47
2013-07-31,2038,8.43
2013-07-01,2049,117.87
2013-07-02,2049,115.94
2013-07-03,2049,113.04
2013-07-04,2049,111.43
2013-07-05,2049,112.72
2013-07-08,2049,110.46
2013-07-09,2049,111.75
2013-07-10,2049,119.48
2013-07-11,2049,121.09
2013-07-12,2049,123.02
2013-07-15,2049,127.85
2013-07-16,2049,128.82
2013-07-17,2049,126.89
2013-07-18,2049,126.56
2013-07-19,2049,125.28
2013-07-22,2049,122.38
2013-07-23,2049,124.95
2013-07-24,2049,124.95
2013-07-25,2049,125.6
2013-07-26,2049,124.31
2013-07-29,2049,122.38
2013-07-30,2049,122.06
2013-07-31,2049,120.77
2013-07-01,2059,181.22
2013-07-02,2059,180.44
2013-07-03,2059,182.39
2013-07-04,2059,182.39
2013-07-05,2059,182.78
2013-07-08,2059,187.44
2013-07-09,2059,184.33
2013-07-10,2059,185.11
2013-07-11,2059,190.55
2013-07-12,2059,195.22
2013-07-15,2059,199.11
2013-07-16,2059,198.72
2013-07-17,2059,192.11
2013-07-18,2059,189.0
2013-07-19,2059,191.72
2013-07-22,2059,194.05
2013-07-23,2059,196.0
2013-07-24,2059,199.11
2013-07-25,2059,201.44
2013-07-26,2059,199.89
2013-07-29,2059,199.11
2013-07-30,2059,207.66
2013-07-31,2059,208.44
2013-07-01,2061,17.14
2013-07-02,2061,17.52
2013-07-03,2061,17.14
2013-07-04,2061,17.14
2013-07-05,2061,16.86
2013-07-08,2061,16.9
2013-07-09,2061,16.8
2013-07-10,2061,16.72
2013-07-11,2061,17.04
2013-07-12,2061,16.66
2013-07-15,2061,16.52
2013-07-16,2061,15.52
2013-07-17,2061,15.43
2013-07-18,2061,15.14
2013-07-19,2061,15.14
2013-07-22,2061,14.85
2013-07-23,2061,14.67
2013-07-24,2061,14.76
2013-07-25,2061,14.81
2013-07-26,2061,14.57
2013-07-29,2061,14.47
2013-07-30,2061,15.48
2013-07-31,2061,15.19
2013-07-01,2062,42.91
2013-07-02,2062,42.76
2013-07-03,2062,43.33
2013-07-04,2062,46.23
2013-07-05,2062,46.23
2013-07-08,2062,46.73
2013-07-09,2062,47.51
2013-07-10,2062,48.5
2013-07-11,2062,50.2
2013-07-12,2062,51.05
2013-07-15,2062,50.98
2013-07-16,2062,50.69
2013-07-17,2062,48.85
2013-07-18,2062,48.14
2013-07-19,2062,50.55
2013-07-22,2062,49.7
2013-07-23,2062,49.56
2013-07-24,2062,50.41
2013-07-25,2062,53.88
2013-07-26,2062,53.81
2013-07-29,2062,55.51
2013-07-30,2062,55.01
2013-07-31,2062,57.14
2013-07-01,2063,9.7
2013-07-02,2063,9.7
2013-07-03,2063,9.5
2013-07-04,2063,9.48
2013-07-05,2063,9.59
2013-07-08,2063,9.57
2013-07-09,2063,9.81
2013-07-10,2063,9.68
2013-07-11,2063,9.63
2013-07-12,2063,9.63
2013-07-15,2063,9.74
2013-07-16,2063,9.79
2013-07-17,2063,10.16
2013-07-18,2063,10.05
2013-07-19,2063,9.77
2013-07-22,2063,9.72
2013-07-23,2063,9.74
2013-07-24,2063,9.88
2013-07-25,2063,10.03
2013-07-26,2063,9.81
2013-07-29,2063,9.81
2013-07-30,2063,10.49
2013-07-31,2063,10.14
2013-07-19,2064,11.43
2013-07-23,2065,14.22
2013-07-24,2065,14.25
2013-07-25,2065,14.25
2013-07-30,2065,14.25
2013-07-31,2065,14.34
2013-07-02,2066,30.69
2013-07-04,2066,30.69
2013-07-08,2066,31.0
2013-07-09,2066,31.31
2013-07-10,2066,31.51
2013-07-11,2066,31.32
2013-07-12,2066,32.88
2013-07-15,2066,37.27
2013-07-16,2066,38.21
2013-07-17,2066,38.21
2013-07-18,2066,38.21
2013-07-19,2066,37.58
2013-07-22,2066,37.64
2013-07-23,2066,38.83
2013-07-24,2066,38.52
2013-07-25,2066,36.33
2013-07-29,2066,37.58
2013-07-31,2066,36.83
2013-07-02,2067,17.77
2013-07-05,2067,17.4
2013-07-09,2067,17.04
2013-07-12,2067,17.14
2013-07-15,2067,16.65
2013-07-16,2067,16.7
2013-07-17,2067,17.61
2013-07-18,2067,17.52
2013-07-19,2067,17.69
2013-07-22,2067,17.36
2013-07-24,2067,16.78
2013-07-25,2067,16.53
2013-07-29,2067,17.66
2013-07-30,2067,16.95
2013-07-31,2067,14.38
2013-07-01,2101,28.91
2013-07-02,2101,28.71
2013-07-03,2101,28.66
2013-07-04,2101,28.83
2013-07-05,2101,29.46
2013-07-08,2101,29.29
2013-07-09,2101,29.33
2013-07-10,2101,29.54
2013-07-11,2101,29.63
2013-07-12,2101,29.75
2013-07-15,2101,30.17
2013-07-16,2101,30.13
2013-07-17,2101,30.25
2013-07-18,2101,30.17
2013-07-19,2101,30.09
2013-07-22,2101,30.63
2013-07-23,2101,30.46
2013-07-24,2101,30.71
2013-07-25,2101,30.67
2013-07-26,2101,30.17
2013-07-29,2101,29.88
2013-07-30,2101,30.25
2013-07-31,2101,29.88
2013-07-01,2102,17.8
2013-07-02,2102,18.05
2013-07-03,2102,17.76
2013-07-04,2102,17.97
2013-07-05,2102,17.8
2013-07-08,2102,17.64
2013-07-09,2102,17.84
2013-07-10,2102,17.72
2013-07-11,2102,17.8
2013-07-12,2102,18.05
2013-07-15,2102,18.13
2013-07-16,2102,17.97
2013-07-17,2102,18.05
2013-07-18,2102,18.33
2013-07-19,2102,18.65
2013-07-22,2102,19.94
2013-07-23,2102,19.81
2013-07-24,2102,20.41
2013-07-25,2102,19.94
2013-07-26,2102,19.55
2013-07-29,2102,19.72
2013-07-30,2102,19.68
2013-07-31,2102,20.24
2013-07-01,2103,33.28
2013-07-02,2103,33.39
2013-07-03,2103,33.57
2013-07-04,2103,33.16
2013-07-05,2103,34.15
2013-07-08,2103,33.57
2013-07-09,2103,33.86
2013-07-10,2103,34.09
2013-07-11,2103,34.32
2013-07-12,2103,34.15
2013-07-15,2103,33.68
2013-07-16,2103,33.08
2013-07-17,2103,32.83
2013-07-18,2103,32.77
2013-07-19,2103,32.41
2013-07-22,2103,32.71
2013-07-23,2103,33.92
2013-07-24,2103,33.02
2013-07-25,2103,33.14
2013-07-26,2103,33.32
2013-07-29,2103,33.08
2013-07-30,2103,33.2
2013-07-31,2103,32.96
2013-07-01,2104,14.72
2013-07-02,2104,14.74
2013-07-03,2104,14.74
2013-07-04,2104,14.67
2013-07-05,2104,14.72
2013-07-08,2104,14.63
2013-07-09,2104,14.67
2013-07-10,2104,14.65
2013-07-11,2104,14.7
2013-07-12,2104,14.88
2013-07-15,2104,14.91
2013-07-16,2104,14.93
2013-07-17,2104,14.98
2013-07-18,2104,15.18
2013-07-19,2104,14.93
2013-07-22,2104,14.98
2013-07-23,2104,15.1
2013-07-24,2104,14.98
2013-07-25,2104,15.15
2013-07-26,2104,15.13
2013-07-29,2104,15.15
2013-07-30,2104,15.13
2013-07-31,2104,15.5
2013-07-01,2105,50.12
2013-07-02,2105,50.07
2013-07-03,2105,50.12
2013-07-04,2105,50.34
2013-07-05,2105,50.72
2013-07-08,2105,50.99
2013-07-09,2105,51.2
2013-07-10,2105,52.44
2013-07-11,2105,52.12
2013-07-12,2105,52.06
2013-07-15,2105,51.36
2013-07-16,2105,51.85
2013-07-17,2105,52.44
2013-07-18,2105,52.01
2013-07-19,2105,52.06
2013-07-22,2105,52.92
2013-07-23,2105,52.76
2013-07-24,2105,52.01
2013-07-25,2105,51.68
2013-07-26,2105,51.63
2013-07-29,2105,52.44
2013-07-30,2105,52.44
2013-07-31,2105,53.52
2013-07-01,2106,33.26
2013-07-02,2106,34.51
2013-07-03,2106,33.91
2013-07-04,2106,34.51
2013-07-05,2106,34.81
2013-07-08,2106,36.61
2013-07-09,2106,37.0
2013-07-10,2106,38.8
2013-07-11,2106,38.8
2013-07-12,2106,39.75
2013-07-15,2106,38.45
2013-07-16,2106,37.7
2013-07-17,2106,38.5
2013-07-18,2106,38.4
2013-07-19,2106,37.5
2013-07-22,2106,37.75
2013-07-23,2106,38.15
2013-07-24,2106,37.1
2013-07-25,2106,36.95
2013-07-26,2106,36.31
2013-07-29,2106,36.8
2013-07-30,2106,36.46
2013-07-31,2106,38.65
2013-07-01,2107,14.09
2013-07-02,2107,14.04
2013-07-03,2107,13.92
2013-07-04,2107,13.75
2013-07-05,2107,13.92
2013-07-08,2107,13.86
2013-07-09,2107,13.8
2013-07-10,2107,13.77
2013-07-11,2107,13.89
2013-07-12,2107,13.95
2013-07-15,2107,14.34
2013-07-16,2107,14.34
2013-07-17,2107,14.32
2013-07-18,2107,14.32
2013-07-19,2107,14.29
2013-07-22,2107,14.5
2013-07-23,2107,14.65
2013-07-24,2107,14.59
2013-07-25,2107,14.65
2013-07-26,2107,14.47
2013-07-29,2107,14.32
2013-07-30,2107,14.38
2013-07-31,2107,14.41
2013-07-01,2108,8.57
2013-07-02,2108,8.49
2013-07-03,2108,8.42
2013-07-04,2108,8.42
2013-07-05,2108,8.35
2013-07-08,2108,8.33
2013-07-09,2108,8.46
2013-07-10,2108,8.4
2013-07-11,2108,8.4
2013-07-12,2108,8.53
2013-07-15,2108,8.55
2013-07-16,2108,8.6
2013-07-17,2108,8.68
2013-07-18,2108,8.66
2013-07-19,2108,8.73
2013-07-22,2108,8.79
2013-07-23,2108,8.84
2013-07-24,2108,8.84
2013-07-25,2108,8.88
2013-07-26,2108,8.8
2013-07-29,2108,8.76
2013-07-30,2108,8.8
2013-07-31,2108,8.8
2013-07-01,2109,9.4
2013-07-02,2109,9.44
2013-07-03,2109,9.36
2013-07-04,2109,9.25
2013-07-05,2109,9.25
2013-07-08,2109,9.25
2013-07-09,2109,9.24
2013-07-10,2109,9.29
2013-07-11,2109,9.24
2013-07-12,2109,9.24
2013-07-15,2109,9.64
2013-07-16,2109,9.85
2013-07-17,2109,9.97
2013-07-18,2109,10.08
2013-07-19,2109,10.14
2013-07-22,2109,10.77
2013-07-23,2109,10.47
2013-07-24,2109,10.63
2013-07-25,2109,10.63
2013-07-26,2109,10.67
2013-07-29,2109,10.88
2013-07-30,2109,10.67
2013-07-31,2109,10.83
2013-07-01,2114,31.6
2013-07-02,2114,31.83
2013-07-03,2114,32.1
2013-07-04,2114,32.29
2013-07-05,2114,32.25
2013-07-08,2114,32.33
2013-07-09,2114,31.52
2013-07-10,2114,31.83
2013-07-11,2114,32.14
2013-07-12,2114,32.37
2013-07-15,2114,32.98
2013-07-16,2114,32.7
2013-07-17,2114,32.66
2013-07-18,2114,32.33
2013-07-19,2114,32.33
2013-07-22,2114,32.37
2013-07-23,2114,32.12
2013-07-24,2114,32.45
2013-07-25,2114,32.57
2013-07-26,2114,32.9
2013-07-29,2114,32.86
2013-07-30,2114,32.53
2013-07-31,2114,32.08
2013-07-01,2201,61.95
2013-07-02,2201,60.5
2013-07-03,2201,60.37
2013-07-04,2201,60.06
2013-07-05,2201,61.2
2013-07-08,2201,59.81
2013-07-09,2201,60.56
2013-07-10,2201,61.64
2013-07-11,2201,62.84
2013-07-12,2201,63.21
2013-07-15,2201,63.21
2013-07-16,2201,63.21
2013-07-17,2201,62.08
2013-07-18,2201,63.15
2013-07-19,2201,62.77
2013-07-22,2201,63.21
2013-07-23,2201,63.98
2013-07-24,2201,62.59
2013-07-25,2201,63.09
2013-07-26,2201,63.47
2013-07-29,2201,62.33
2013-07-30,2201,62.77
2013-07-31,2201,61.2
2013-07-01,2204,30.42
2013-07-02,2204,30.19
2013-07-03,2204,29.72
2013-07-04,2204,29.66
2013-07-05,2204,30.54
2013-07-08,2204,30.19
2013-07-09,2204,30.37
2013-07-10,2204,30.37
2013-07-11,2204,29.8
2013-07-12,2204,30.22
2013-07-15,2204,29.92
2013-07-16,2204,30.22
2013-07-17,2204,30.04
2013-07-18,2204,30.22
2013-07-19,2204,30.4
2013-07-22,2204,30.1
2013-07-23,2204,30.1
2013-07-24,2204,30.22
2013-07-25,2204,30.1
2013-07-26,2204,30.28
2013-07-29,2204,30.16
2013-07-30,2204,30.16
2013-07-31,2204,30.04
2013-07-01,2206,19.56
2013-07-02,2206,19.46
2013-07-03,2206,19.53
2013-07-04,2206,20.08
2013-07-05,2206,19.8
2013-07-08,2206,19.87
2013-07-09,2206,19.8
2013-07-10,2206,20.39
2013-07-11,2206,20.15
2013-07-12,2206,20.53
2013-07-15,2206,20.53
2013-07-16,2206,20.39
2013-07-17,2206,20.25
2013-07-18,2206,20.39
2013-07-19,2206,20.46
2013-07-22,2206,20.67
2013-07-23,2206,20.63
2013-07-24,2206,20.6
2013-07-25,2206,20.63
2013-07-26,2206,20.95
2013-07-29,2206,20.81
2013-07-30,2206,20.81
2013-07-31,2206,20.98
2013-07-01,2207,235.46
2013-07-02,2207,234.02
2013-07-03,2207,233.66
2013-07-04,2207,234.38
2013-07-05,2207,250.58
2013-07-08,2207,244.82
2013-07-09,2207,257.07
2013-07-10,2207,271.11
2013-07-11,2207,289.83
2013-07-12,2207,283.71
2013-07-15,2207,287.31
2013-07-16,2207,291.63
2013-07-17,2207,297.52
2013-07-18,2207,291.63
2013-07-19,2207,293.84
2013-07-22,2207,293.84
2013-07-23,2207,294.57
2013-07-24,2207,285.74
2013-07-25,2207,265.85
2013-07-26,2207,247.44
2013-07-29,2207,254.81
2013-07-30,2207,254.81
2013-07-31,2207,244.5
2013-07-01,2208,34.4
2013-07-02,2208,34.4
2013-07-03,2208,34.31
2013-07-04,2208,34.4
2013-07-05,2208,34.48
2013-07-08,2208,34.4
2013-07-09,2208,34.4
2013-07-10,2208,34.66
2013-07-11,2208,34.84
2013-07-12,2208,34.84
2013-07-15,2208,35.02
2013-07-16,2208,34.93
2013-07-17,2208,33.74
2013-07-18,2208,33.56
2013-07-19,2208,33.2
2013-07-22,2208,32.93
2013-07-23,2208,33.11
2013-07-24,2208,33.29
2013-07-25,2208,33.2
2013-07-26,2208,32.93
2013-07-29,2208,32.31
2013-07-30,2208,32.67
2013-07-31,2208,32.31
2013-07-01,2221,7.46
2013-07-02,2221,7.46
2013-07-03,2221,7.41
2013-07-04,2221,7.57
2013-07-05,2221,7.59
2013-07-08,2221,7.43
2013-07-09,2221,7.41
2013-07-10,2221,7.49
2013-07-11,2221,7.51
2013-07-12,2221,7.57
2013-07-15,2221,7.51
2013-07-16,2221,7.49
2013-07-17,2221,7.49
2013-07-18,2221,7.51
2013-07-19,2221,7.51
2013-07-22,2221,7.57
2013-07-23,2221,7.49
2013-07-24,2221,7.54
2013-07-25,2221,7.54
2013-07-26,2221,8.05
2013-07-29,2221,7.97
2013-07-30,2221,7.73
2013-07-31,2221,7.73
2013-07-01,2227,129.56
2013-07-02,2227,129.1
2013-07-03,2227,125.4
2013-07-04,2227,128.22
2013-07-05,2227,133.33
2013-07-08,2227,129.19
2013-07-09,2227,131.63
2013-07-10,2227,131.38
2013-07-11,2227,140.39
2013-07-12,2227,137.22
2013-07-15,2227,135.76
2013-07-16,2227,138.68
2013-07-17,2227,143.79
2013-07-18,2227,138.68
2013-07-19,2227,140.14
2013-07-22,2227,141.12
2013-07-23,2227,140.63
2013-07-24,2227,135.76
2013-07-25,2227,133.33
2013-07-26,2227,134.3
2013-07-29,2227,136.01
2013-07-30,2227,136.25
2013-07-31,2227,132.36
2013-07-01,2228,45.96
2013-07-02,2228,46.15
2013-07-03,2228,46.28
2013-07-04,2228,46.3
2013-07-05,2228,46.41
2013-07-08,2228,46.34
2013-07-09,2228,46.61
2013-07-10,2228,46.74
2013-07-11,2228,45.22
2013-07-12,2228,45.22
2013-07-15,2228,46.28
2013-07-16,2228,45.95
2013-07-17,2228,46.15
2013-07-18,2228,45.77
2013-07-19,2228,46.3
2013-07-22,2228,46.08
2013-07-23,2228,45.92
2013-07-24,2228,46.29
2013-07-25,2228,46.67
2013-07-26,2228,46.94
2013-07-29,2228,50.09
2013-07-30,2228,50.55
2013-07-31,2228,50.81
2013-07-01,2230,14.7
2013-07-02,2230,14.58
2013-07-03,2230,14.29
2013-07-04,2230,13.85
2013-07-05,2230,14.32
2013-07-08,2230,14.12
2013-07-09,2230,14.35
2013-07-10,2230,14.5
2013-07-11,2230,14.2
2013-07-12,2230,14.35
2013-07-15,2230,15.2
2013-07-16,2230,14.92
2013-07-17,2230,15.14
2013-07-18,2230,14.89
2013-07-19,2230,14.65
2013-07-22,2230,14.74
2013-07-23,2230,15.32
2013-07-24,2230,15.32
2013-07-25,2230,14.98
2013-07-26,2230,15.56
2013-07-29,2230,15.71
2013-07-30,2230,15.32
2013-07-31,2230,14.92
2013-07-01,2231,26.41
2013-07-02,2231,27.05
2013-07-03,2231,27.16
2013-07-04,2231,27.27
2013-07-05,2231,27.69
2013-07-08,2231,27.59
2013-07-09,2231,27.98
2013-07-10,2231,27.73
2013-07-11,2231,27.84
2013-07-12,2231,27.8
2013-07-15,2231,29.12
2013-07-16,2231,29.08
2013-07-17,2231,29.83
2013-07-18,2231,29.8
2013-07-19,2231,30.47
2013-07-22,2231,30.65
2013-07-23,2231,32.58
2013-07-24,2231,32.43
2013-07-25,2231,32.22
2013-07-26,2231,33.22
2013-07-29,2231,35.32
2013-07-30,2231,34.61
2013-07-31,2231,34.75
2013-07-01,2233,36.17
2013-07-02,2233,37.29
2013-07-03,2233,36.53
2013-07-04,2233,36.57
2013-07-05,2233,37.55
2013-07-08,2233,37.55
2013-07-09,2233,37.29
2013-07-10,2233,39.87
2013-07-11,2233,40.23
2013-07-12,2233,41.43
2013-07-15,2233,44.33
2013-07-16,2233,42.81
2013-07-17,2233,45.44
2013-07-18,2233,44.99
2013-07-19,2233,43.93
2013-07-22,2233,45.44
2013-07-23,2233,48.56
2013-07-24,2233,51.9
2013-07-25,2233,50.79
2013-07-26,2233,52.12
2013-07-29,2233,52.12
2013-07-30,2233,52.57
2013-07-31,2233,55.02
2013-07-02,2235,19.67
2013-07-12,2235,19.71
2013-07-15,2235,19.61
2013-07-16,2235,19.67
2013-07-17,2235,19.83
2013-07-30,2235,19.72
2013-07-01,2301,24.73
2013-07-02,2301,24.4
2013-07-03,2301,24.5
2013-07-04,2301,24.64
2013-07-05,2301,24.87
2013-07-08,2301,24.26
2013-07-09,2301,24.21
2013-07-10,2301,23.74
2013-07-11,2301,24.54
2013-07-12,2301,24.4
2013-07-15,2301,24.4
2013-07-16,2301,24.35
2013-07-17,2301,24.87
2013-07-18,2301,24.4
2013-07-19,2301,24.03
2013-07-22,2301,23.98
2013-07-23,2301,23.93
2013-07-24,2301,23.7
2013-07-25,2301,24.21
2013-07-26,2301,24.03
2013-07-29,2301,24.31
2013-07-30,2301,24.03
2013-07-31,2301,23.93
2013-07-01,2302,3.4
2013-07-02,2302,3.46
2013-07-03,2302,3.41
2013-07-04,2302,3.37
2013-07-05,2302,3.4
2013-07-08,2302,3.4
2013-07-09,2302,3.35
2013-07-10,2302,3.36
2013-07-11,2302,3.41
2013-07-12,2302,3.49
2013-07-15,2302,3.48
2013-07-16,2302,3.44
2013-07-17,2302,3.41
2013-07-18,2302,3.41
2013-07-19,2302,3.39
2013-07-22,2302,3.41
2013-07-23,2302,3.41
2013-07-24,2302,3.46
2013-07-25,2302,3.48
2013-07-26,2302,3.61
2013-07-29,2302,3.56
2013-07-30,2302,3.55
2013-07-31,2302,3.52
2013-07-01,2303,8.29
2013-07-02,2303,8.1
2013-07-03,2303,8.02
2013-07-04,2303,8.07
2013-07-05,2303,8.16
2013-07-08,2303,7.99
2013-07-09,2303,8.08
2013-07-10,2303,7.88
2013-07-11,2303,8.22
2013-07-12,2303,8.08
2013-07-15,2303,8.16
2013-07-16,2303,7.91
2013-07-17,2303,7.57
2013-07-18,2303,7.57
2013-07-19,2303,7.23
2013-07-22,2303,7.37
2013-07-23,2303,7.65
2013-07-24,2303,7.65
2013-07-25,2303,7.59
2013-07-26,2303,7.76
2013-07-29,2303,7.51
2013-07-30,2303,7.65
2013-07-31,2303,7.57
2013-07-01,2305,3.5
2013-07-02,2305,3.44
2013-07-03,2305,3.41
2013-07-04,2305,3.38
2013-07-05,2305,3.38
2013-07-08,2305,3.35
2013-07-09,2305,3.44
2013-07-10,2305,3.38
2013-07-11,2305,3.35
2013-07-12,2305,3.41
2013-07-15,2305,3.49
2013-07-16,2305,3.5
2013-07-17,2305,3.42
2013-07-18,2305,3.54
2013-07-19,2305,3.4
2013-07-22,2305,3.42
2013-07-23,2305,3.41
2013-07-24,2305,3.42
2013-07-25,2305,3.33
2013-07-26,2305,3.34
2013-07-29,2305,3.34
2013-07-30,2305,3.38
2013-07-31,2305,3.31
2013-07-01,2308,96.32
2013-07-02,2308,98.7
2013-07-03,2308,98.7
2013-07-04,2308,98.02
2013-07-05,2308,100.39
2013-07-08,2308,101.3
2013-07-09,2308,102.71
2013-07-10,2308,103.41
2013-07-11,2308,102.0
2013-07-12,2308,102.0
2013-07-15,2308,102.0
2013-07-16,2308,104.82
2013-07-17,2308,104.12
2013-07-18,2308,103.41
2013-07-19,2308,103.41
2013-07-22,2308,102.36
2013-07-23,2308,103.41
2013-07-24,2308,102.36
2013-07-25,2308,100.6
2013-07-26,2308,98.49
2013-07-29,2308,92.51
2013-07-30,2308,97.78
2013-07-31,2308,102.36
2013-07-01,2311,20.41
2013-07-02,2311,20.49
2013-07-03,2311,20.49
2013-07-04,2311,20.49
2013-07-05,2311,20.49
2013-07-08,2311,19.93
2013-07-09,2311,20.37
2013-07-10,2311,20.29
2013-07-11,2311,20.57
2013-07-12,2311,20.57
2013-07-15,2311,20.49
2013-07-16,2311,20.37
2013-07-17,2311,20.33
2013-07-18,2311,20.09
2013-07-19,2311,19.69
2013-07-22,2311,20.17
2013-07-23,2311,20.21
2013-07-24,2311,20.29
2013-07-25,2311,19.97
2013-07-26,2311,20.17
2013-07-29,2311,20.13
2013-07-30,2311,20.42
2013-07-31,2311,20.63
2013-07-01,2312,7.37
2013-07-02,2312,7.27
2013-07-03,2312,7.49
2013-07-04,2312,7.33
2013-07-05,2312,7.19
2013-07-08,2312,7.2
2013-07-09,2312,7.26
2013-07-10,2312,6.98
2013-07-11,2312,7.05
2013-07-12,2312,7.16
2013-07-15,2312,7.49
2013-07-16,2312,7.49
2013-07-17,2312,7.39
2013-07-18,2312,7.52
2013-07-19,2312,7.34
2013-07-22,2312,7.31
2013-07-23,2312,7.39
2013-07-24,2312,7.72
2013-07-25,2312,7.6
2013-07-26,2312,7.41
2013-07-29,2312,7.27
2013-07-30,2312,7.33
2013-07-31,2312,7.42
2013-07-01,2313,8.28
2013-07-02,2313,8.16
2013-07-03,2313,7.97
2013-07-04,2313,7.97
2013-07-05,2313,8.09
2013-07-08,2313,7.94
2013-07-09,2313,7.94
2013-07-10,2313,7.94
2013-07-11,2313,8.07
2013-07-12,2313,8.26
2013-07-15,2313,8.29
2013-07-16,2313,8.26
2013-07-17,2313,8.75
2013-07-18,2313,8.55
2013-07-19,2313,8.49
2013-07-22,2313,8.52
2013-07-23,2313,8.65
2013-07-24,2313,8.97
2013-07-25,2313,8.94
2013-07-26,2313,8.81
2013-07-29,2313,8.68
2013-07-30,2313,8.81
2013-07-31,2313,8.88
2013-07-01,2314,17.33
2013-07-02,2314,17.99
2013-07-03,2314,17.52
2013-07-04,2314,17.33
2013-07-05,2314,17.37
2013-07-08,2314,17.8
2013-07-09,2314,17.61
2013-07-10,2314,17.28
2013-07-11,2314,17.33
2013-07-12,2314,17.42
2013-07-15,2314,17.99
2013-07-16,2314,18.37
2013-07-17,2314,17.99
2013-07-18,2314,18.04
2013-07-19,2314,18.13
2013-07-22,2314,18.65
2013-07-23,2314,19.93
2013-07-24,2314,20.59
2013-07-25,2314,19.65
2013-07-26,2314,19.6
2013-07-29,2314,20.26
2013-07-30,2314,20.26
2013-07-31,2314,18.94
2013-07-01,2315,10.65
2013-07-02,2315,10.55
2013-07-03,2315,10.35
2013-07-04,2315,10.55
2013-07-05,2315,10.5
2013-07-08,2315,10.65
2013-07-09,2315,10.6
2013-07-10,2315,10.4
2013-07-11,2315,10.5
2013-07-12,2315,10.5
2013-07-15,2315,10.6
2013-07-16,2315,10.6
2013-07-17,2315,10.55
2013-07-18,2315,10.45
2013-07-19,2315,10.35
2013-07-22,2315,10.35
2013-07-23,2315,10.4
2013-07-24,2315,10.6
2013-07-25,2315,10.55
2013-07-26,2315,10.5
2013-07-29,2315,10.35
2013-07-30,2315,10.5
2013-07-31,2315,10.4
2013-07-01,2316,10.44
2013-07-02,2316,10.27
2013-07-03,2316,10.14
2013-07-04,2316,10.14
2013-07-05,2316,10.18
2013-07-08,2316,10.06
2013-07-09,2316,10.27
2013-07-10,2316,10.06
2013-07-11,2316,10.28
2013-07-12,2316,10.28
2013-07-15,2316,10.28
2013-07-16,2316,10.37
2013-07-17,2316,10.41
2013-07-18,2316,10.23
2013-07-19,2316,10.23
2013-07-22,2316,10.23
2013-07-23,2316,10.23
2013-07-24,2316,10.23
2013-07-25,2316,10.37
2013-07-26,2316,10.89
2013-07-29,2316,10.85
2013-07-30,2316,10.67
2013-07-31,2316,10.41
2013-07-01,2317,44.66
2013-07-02,2317,44.18
2013-07-03,2317,44.12
2013-07-04,2317,43.76
2013-07-05,2317,44.96
2013-07-08,2317,44.24
2013-07-09,2317,44.9
2013-07-10,2317,45.74
2013-07-11,2317,47.01
2013-07-12,2317,47.01
2013-07-15,2317,47.31
2013-07-16,2317,47.25
2013-07-17,2317,46.65
2013-07-18,2317,47.01
2013-07-19,2317,46.65
2013-07-22,2317,46.77
2013-07-23,2317,46.95
2013-07-24,2317,47.61
2013-07-25,2317,47.73
2013-07-26,2317,47.55
2013-07-29,2317,47.37
2013-07-30,2317,47.43
2013-07-31,2317,46.89
2013-07-01,2321,54.34
2013-07-02,2321,55.17
2013-07-03,2321,51.43
2013-07-04,2321,53.3
2013-07-05,2321,55.8
2013-07-08,2321,54.34
2013-07-09,2321,57.26
2013-07-10,2321,59.75
2013-07-11,2321,60.38
2013-07-12,2321,62.46
2013-07-15,2321,66.83
2013-07-16,2321,71.41
2013-07-17,2321,76.41
2013-07-18,2321,71.2
2013-07-19,2321,66.42
2013-07-22,2321,69.54
2013-07-23,2321,71.41
2013-07-24,2321,76.41
2013-07-25,2321,76.41
2013-07-26,2321,73.29
2013-07-29,2321,73.7
2013-07-30,2321,72.87
2013-07-31,2321,71.83
2013-07-01,2323,5.49
2013-07-02,2323,5.62
2013-07-03,2323,5.45
2013-07-04,2323,5.48
2013-07-05,2323,5.44
2013-07-08,2323,5.38
2013-07-09,2323,5.4
2013-07-10,2323,5.34
2013-07-11,2323,5.31
2013-07-12,2323,5.38
2013-07-15,2323,5.46
2013-07-16,2323,5.39
2013-07-17,2323,5.46
2013-07-18,2323,5.37
2013-07-19,2323,5.39
2013-07-22,2323,5.38
2013-07-23,2323,5.39
2013-07-24,2323,5.5
2013-07-25,2323,5.38
2013-07-26,2323,5.37
2013-07-29,2323,5.3
2013-07-30,2323,5.36
2013-07-31,2323,5.24
2013-07-01,2324,8.56
2013-07-02,2324,8.83
2013-07-03,2324,9.29
2013-07-04,2324,9.0
2013-07-05,2324,8.98
2013-07-08,2324,9.14
2013-07-09,2324,9.12
2013-07-10,2324,9.0
2013-07-11,2324,9.1
2013-07-12,2324,9.27
2013-07-15,2324,9.24
2013-07-16,2324,9.29
2013-07-17,2324,9.31
2013-07-18,2324,9.24
2013-07-19,2324,9.14
2013-07-22,2324,9.29
2013-07-23,2324,9.63
2013-07-24,2324,9.85
2013-07-25,2324,9.75
2013-07-26,2324,9.68
2013-07-29,2324,9.7
2013-07-30,2324,9.73
2013-07-31,2324,10.06
2013-07-01,2325,29.81
2013-07-02,2325,29.32
2013-07-03,2325,28.9
2013-07-04,2325,28.52
2013-07-05,2325,28.9
2013-07-08,2325,28.25
2013-07-09,2325,29.05
2013-07-10,2325,28.44
2013-07-11,2325,29.16
2013-07-12,2325,28.74
2013-07-15,2325,27.55
2013-07-16,2325,27.78
2013-07-17,2325,26.75
2013-07-18,2325,26.39
2013-07-19,2325,25.75
2013-07-22,2325,25.99
2013-07-23,2325,26.55
2013-07-24,2325,26.55
2013-07-25,2325,26.39
2013-07-26,2325,26.51
2013-07-29,2325,26.75
2013-07-30,2325,27.58
2013-07-31,2325,27.86
2013-07-01,2327,24.03
2013-07-02,2327,23.8
2013-07-03,2327,23.68
2013-07-04,2327,23.68
2013-07-05,2327,23.68
2013-07-08,2327,23.35
2013-07-09,2327,23.31
2013-07-10,2327,23.28
2013-07-11,2327,23.33
2013-07-12,2327,23.35
2013-07-15,2327,23.31
2013-07-16,2327,23.31
2013-07-17,2327,23.35
2013-07-18,2327,23.56
2013-07-19,2327,23.56
2013-07-22,2327,23.35
2013-07-23,2327,23.35
2013-07-24,2327,23.31
2013-07-25,2327,23.33
2013-07-26,2327,23.31
2013-07-29,2327,23.31
2013-07-30,2327,23.56
2013-07-31,2327,23.56
2013-07-01,2328,15.91
2013-07-02,2328,15.94
2013-07-03,2328,15.71
2013-07-04,2328,15.5
2013-07-05,2328,15.64
2013-07-08,2328,15.44
2013-07-09,2328,15.44
2013-07-10,2328,15.44
2013-07-11,2328,15.74
2013-07-12,2328,15.67
2013-07-15,2328,16.05
2013-07-16,2328,16.01
2013-07-17,2328,15.71
2013-07-18,2328,15.64
2013-07-19,2328,15.74
2013-07-22,2328,16.83
2013-07-23,2328,17.98
2013-07-24,2328,17.77
2013-07-25,2328,17.67
2013-07-26,2328,17.43
2013-07-29,2328,17.33
2013-07-30,2328,17.13
2013-07-31,2328,16.49
2013-07-01,2329,6.27
2013-07-02,2329,6.24
2013-07-03,2329,6.06
2013-07-04,2329,6.05
2013-07-05,2329,6.03
2013-07-08,2329,5.99
2013-07-09,2329,5.92
2013-07-10,2329,5.81
2013-07-11,2329,5.73
2013-07-12,2329,5.84
2013-07-15,2329,6.24
2013-07-16,2329,6.33
2013-07-17,2329,6.16
2013-07-18,2329,6.11
2013-07-19,2329,6.04
2013-07-22,2329,6.04
2013-07-23,2329,6.04
2013-07-24,2329,6.19
2013-07-25,2329,6.05
2013-07-26,2329,6.05
2013-07-29,2329,5.94
2013-07-30,2329,6.04
2013-07-31,2329,6.09
2013-07-01,2330,76.15
2013-07-02,2330,77.56
2013-07-03,2330,77.56
2013-07-04,2330,77.56
2013-07-05,2330,79.0
2013-07-08,2330,76.11
2013-07-09,2330,76.83
2013-07-10,2330,76.83
2013-07-11,2330,79.37
2013-07-12,2330,79.73
2013-07-15,2330,79.37
2013-07-16,2330,78.28
2013-07-17,2330,79.0
2013-07-18,2330,76.47
2013-07-19,2330,71.18
2013-07-22,2330,70.31
2013-07-23,2330,72.48
2013-07-24,2330,73.93
2013-07-25,2330,74.29
2013-07-26,2330,74.29
2013-07-29,2330,72.48
2013-07-30,2330,73.93
2013-07-31,2330,74.29
2013-07-01,2331,10.33
2013-07-02,2331,10.37
2013-07-03,2331,10.2
2013-07-04,2331,10.29
2013-07-05,2331,10.37
2013-07-08,2331,10.2
2013-07-09,2331,10.29
2013-07-10,2331,10.16
2013-07-11,2331,10.41
2013-07-12,2331,10.41
2013-07-15,2331,10.59
2013-07-16,2331,10.5
2013-07-17,2331,10.8
2013-07-18,2331,10.63
2013-07-19,2331,10.54
2013-07-22,2331,10.54
2013-07-23,2331,10.63
2013-07-24,2331,10.54
2013-07-25,2331,10.43
2013-07-26,2331,10.26
2013-07-29,2331,10.12
2013-07-30,2331,10.16
2013-07-31,2331,10.3
2013-07-01,2332,14.24
2013-07-02,2332,14.09
2013-07-03,2332,14.05
2013-07-04,2332,13.9
2013-07-05,2332,13.93
2013-07-08,2332,13.93
2013-07-09,2332,13.97
2013-07-10,2332,13.9
2013-07-11,2332,13.9
2013-07-12,2332,13.93
2013-07-15,2332,14.05
2013-07-16,2332,14.05
2013-07-17,2332,13.97
2013-07-18,2332,13.97
2013-07-19,2332,13.86
2013-07-22,2332,13.9
2013-07-23,2332,13.98
2013-07-24,2332,13.94
2013-07-25,2332,13.94
2013-07-26,2332,13.86
2013-07-29,2332,13.5
2013-07-30,2332,13.65
2013-07-31,2332,13.65
2013-07-01,2337,11.48
2013-07-02,2337,11.28
2013-07-03,2337,11.1
2013-07-04,2337,11.02
2013-07-05,2337,11.03
2013-07-08,2337,11.06
2013-07-09,2337,11.06
2013-07-10,2337,11.11
2013-07-11,2337,11.38
2013-07-12,2337,12.11
2013-07-15,2337,11.97
2013-07-16,2337,11.85
2013-07-17,2337,11.85
2013-07-18,2337,11.59
2013-07-19,2337,11.62
2013-07-22,2337,11.73
2013-07-23,2337,11.76
2013-07-24,2337,11.63
2013-07-25,2337,11.57
2013-07-26,2337,11.66
2013-07-29,2337,11.4
2013-07-30,2337,11.92
2013-07-31,2337,11.41
2013-07-01,2338,7.14
2013-07-02,2338,7.25
2013-07-03,2338,7.25
2013-07-04,2338,7.22
2013-07-05,2338,7.17
2013-07-08,2338,7.12
2013-07-09,2338,7.48
2013-07-10,2338,7.33
2013-07-11,2338,7.33
2013-07-12,2338,7.41
2013-07-15,2338,7.33
2013-07-16,2338,7.37
2013-07-17,2338,7.31
2013-07-18,2338,7.3
2013-07-19,2338,7.24
2013-07-22,2338,7.37
2013-07-23,2338,7.33
2013-07-24,2338,7.32
2013-07-25,2338,7.24
2013-07-26,2338,7.24
2013-07-29,2338,7.19
2013-07-30,2338,7.19
2013-07-31,2338,7.19
2013-07-01,2340,9.12
2013-07-02,2340,9.04
2013-07-03,2340,8.97
2013-07-04,2340,8.97
2013-07-05,2340,9.1
2013-07-08,2340,9.06
2013-07-09,2340,9.01
2013-07-10,2340,9.01
2013-07-11,2340,9.38
2013-07-12,2340,9.38
2013-07-15,2340,9.34
2013-07-16,2340,9.26
2013-07-17,2340,9.21
2013-07-18,2340,9.14
2013-07-19,2340,9.18
2013-07-22,2340,9.74
2013-07-23,2340,9.74
2013-07-24,2340,9.5
2013-07-25,2340,9.46
2013-07-26,2340,9.42
2013-07-29,2340,9.34
2013-07-30,2340,9.42
2013-07-31,2340,9.3
2013-07-01,2342,29.94
2013-07-02,2342,30.53
2013-07-03,2342,29.63
2013-07-04,2342,28.95
2013-07-05,2342,29.18
2013-07-08,2342,27.92
2013-07-09,2342,28.05
2013-07-10,2342,27.52
2013-07-11,2342,27.65
2013-07-12,2342,27.96
2013-07-15,2342,28.64
2013-07-16,2342,28.78
2013-07-17,2342,28.1
2013-07-18,2342,27.56
2013-07-19,2342,27.61
2013-07-22,2342,27.34
2013-07-23,2342,27.47
2013-07-24,2342,27.52
2013-07-25,2342,27.2
2013-07-26,2342,27.07
2013-07-29,2342,26.58
2013-07-30,2342,26.62
2013-07-31,2342,26.03
2013-07-01,2344,6.66
2013-07-02,2344,6.6
2013-07-03,2344,6.65
2013-07-04,2344,6.21
2013-07-05,2344,6.1
2013-07-08,2344,5.89
2013-07-09,2344,5.77
2013-07-10,2344,5.46
2013-07-11,2344,5.76
2013-07-12,2344,5.58
2013-07-15,2344,5.67
2013-07-16,2344,5.86
2013-07-17,2344,5.73
2013-07-18,2344,5.61
2013-07-19,2344,5.58
2013-07-22,2344,5.55
2013-07-23,2344,5.47
2013-07-24,2344,5.49
2013-07-25,2344,5.21
2013-07-26,2344,5.33
2013-07-29,2344,5.12
2013-07-30,2344,5.24
2013-07-31,2344,5.0
2013-07-01,2345,11.88
2013-07-02,2345,11.82
2013-07-03,2345,11.79
2013-07-04,2345,11.76
2013-07-05,2345,11.76
2013-07-08,2345,11.76
2013-07-09,2345,11.7
2013-07-10,2345,11.67
2013-07-11,2345,11.67
2013-07-12,2345,11.63
2013-07-15,2345,11.82
2013-07-16,2345,11.79
2013-07-17,2345,11.76
2013-07-18,2345,11.82
2013-07-19,2345,11.72
2013-07-22,2345,11.85
2013-07-23,2345,11.89
2013-07-24,2345,11.85
2013-07-25,2345,11.92
2013-07-26,2345,12.12
2013-07-29,2345,11.85
2013-07-30,2345,11.99
2013-07-31,2345,11.72
2013-07-01,2347,18.55
2013-07-02,2347,18.5
2013-07-03,2347,17.92
2013-07-04,2347,17.47
2013-07-05,2347,17.92
2013-07-08,2347,17.82
2013-07-09,2347,18.31
2013-07-10,2347,17.94
2013-07-11,2347,18.34
2013-07-12,2347,18.48
2013-07-15,2347,18.74
2013-07-16,2347,18.6
2013-07-17,2347,18.69
2013-07-18,2347,18.83
2013-07-19,2347,18.45
2013-07-22,2347,18.71
2013-07-23,2347,19.7
2013-07-24,2347,19.49
2013-07-25,2347,19.24
2013-07-26,2347,19.02
2013-07-29,2347,19.12
2013-07-30,2347,18.92
2013-07-31,2347,18.58
2013-07-01,2348,21.27
2013-07-05,2348,21.23
2013-07-10,2348,19.9
2013-07-24,2348,21.23
2013-07-25,2348,20.27
2013-07-01,2349,21.59
2013-07-02,2349,23.1
2013-07-03,2349,22.23
2013-07-04,2349,22.72
2013-07-05,2349,22.42
2013-07-08,2349,21.82
2013-07-09,2349,21.89
2013-07-10,2349,21.25
2013-07-11,2349,20.95
2013-07-12,2349,21.1
2013-07-15,2349,21.89
2013-07-16,2349,21.71
2013-07-17,2349,21.86
2013-07-18,2349,21.22
2013-07-19,2349,21.71
2013-07-22,2349,21.48
2013-07-23,2349,21.93
2013-07-24,2349,23.44
2013-07-25,2349,22.38
2013-07-26,2349,22.04
2013-07-29,2349,21.71
2013-07-30,2349,22.04
2013-07-31,2349,21.52
2013-07-01,2351,20.63
2013-07-02,2351,20.53
2013-07-03,2351,20.86
2013-07-04,2351,20.79
2013-07-05,2351,21.02
2013-07-08,2351,20.63
2013-07-09,2351,20.76
2013-07-10,2351,20.36
2013-07-11,2351,21.02
2013-07-12,2351,21.22
2013-07-15,2351,21.35
2013-07-16,2351,20.76
2013-07-17,2351,20.73
2013-07-18,2351,20.43
2013-07-19,2351,20.03
2013-07-22,2351,20.2
2013-07-23,2351,20.73
2013-07-24,2351,21.16
2013-07-25,2351,22.61
2013-07-26,2351,22.71
2013-07-29,2351,22.35
2013-07-30,2351,22.18
2013-07-31,2351,22.28
2013-07-01,2352,4.28
2013-07-02,2352,4.21
2013-07-03,2352,4.14
2013-07-04,2352,4.16
2013-07-05,2352,4.19
2013-07-08,2352,4.17
2013-07-09,2352,4.18
2013-07-10,2352,4.19
2013-07-11,2352,4.19
2013-07-12,2352,4.31
2013-07-15,2352,4.38
2013-07-16,2352,4.38
2013-07-17,2352,4.34
2013-07-18,2352,4.23
2013-07-19,2352,4.23
2013-07-22,2352,4.25
2013-07-23,2352,4.29
2013-07-24,2352,4.28
2013-07-25,2352,4.26
2013-07-26,2352,4.24
2013-07-29,2352,4.23
2013-07-30,2352,4.24
2013-07-31,2352,4.35
2013-07-01,2353,14.39
2013-07-02,2353,14.21
2013-07-03,2353,14.14
2013-07-04,2353,13.8
2013-07-05,2353,14.02
2013-07-08,2353,14.02
2013-07-09,2353,14.02
2013-07-10,2353,14.21
2013-07-11,2353,14.64
2013-07-12,2353,14.55
2013-07-15,2353,14.3
2013-07-16,2353,14.36
2013-07-17,2353,14.02
2013-07-18,2353,14.08
2013-07-19,2353,13.8
2013-07-22,2353,13.86
2013-07-23,2353,14.14
2013-07-24,2353,14.02
2013-07-25,2353,14.05
2013-07-26,2353,14.02
2013-07-29,2353,14.11
2013-07-30,2353,14.36
2013-07-31,2353,13.86
2013-07-01,2354,44.48
2013-07-02,2354,44.17
2013-07-03,2354,43.51
2013-07-04,2354,43.39
2013-07-05,2354,44.05
2013-07-08,2354,43.27
2013-07-09,2354,43.57
2013-07-10,2354,43.69
2013-07-11,2354,45.14
2013-07-12,2354,45.32
2013-07-15,2354,45.75
2013-07-16,2354,45.93
2013-07-17,2354,45.69
2013-07-18,2354,45.45
2013-07-19,2354,44.84
2013-07-22,2354,45.38
2013-07-23,2354,46.17
2013-07-24,2354,46.35
2013-07-25,2354,46.17
2013-07-26,2354,45.99
2013-07-29,2354,45.81
2013-07-30,2354,46.11
2013-07-31,2354,45.08
2013-07-01,2355,28.81
2013-07-02,2355,29.2
2013-07-03,2355,29.2
2013-07-04,2355,29.2
2013-07-05,2355,30.17
2013-07-08,2355,30.23
2013-07-09,2355,30.4
2013-07-10,2355,30.4
2013-07-11,2355,29.71
2013-07-12,2355,29.88
2013-07-15,2355,31.08
2013-07-16,2355,32.63
2013-07-17,2355,34.91
2013-07-18,2355,34.19
2013-07-19,2355,32.76
2013-07-22,2355,34.26
2013-07-23,2355,36.4
2013-07-24,2355,35.94
2013-07-25,2355,36.98
2013-07-26,2355,35.55
2013-07-29,2355,35.1
2013-07-30,2355,36.85
2013-07-31,2355,36.98
2013-07-01,2356,8.98
2013-07-02,2356,9.16
2013-07-03,2356,9.34
2013-07-04,2356,9.31
2013-07-05,2356,9.21
2013-07-08,2356,9.49
2013-07-09,2356,9.54
2013-07-10,2356,10.01
2013-07-11,2356,10.06
2013-07-12,2356,9.7
2013-07-15,2356,10.13
2013-07-16,2356,10.56
2013-07-17,2356,10.62
2013-07-18,2356,10.48
2013-07-19,2356,9.76
2013-07-22,2356,10.19
2013-07-23,2356,10.59
2013-07-24,2356,11.31
2013-07-25,2356,11.79
2013-07-26,2356,11.77
2013-07-29,2356,11.34
2013-07-30,2356,12.09
2013-07-31,2356,12.09
2013-07-01,2357,112.29
2013-07-02,2357,109.55
2013-07-03,2357,107.65
2013-07-04,2357,108.28
2013-07-05,2357,111.45
2013-07-08,2357,109.34
2013-07-09,2357,110.18
2013-07-10,2357,110.61
2013-07-11,2357,110.82
2013-07-12,2357,113.56
2013-07-15,2357,115.25
2013-07-16,2357,117.15
2013-07-17,2357,115.04
2013-07-18,2357,111.45
2013-07-19,2357,113.35
2013-07-22,2357,112.93
2013-07-23,2357,116.09
2013-07-24,2357,116.09
2013-07-25,2357,116.31
2013-07-26,2357,116.09
2013-07-29,2357,112.72
2013-07-30,2357,113.56
2013-07-31,2357,110.61
2013-07-01,2358,17.08
2013-07-02,2358,16.78
2013-07-03,2358,16.41
2013-07-04,2358,16.41
2013-07-05,2358,17.0
2013-07-08,2358,17.08
2013-07-09,2358,17.0
2013-07-10,2358,16.71
2013-07-11,2358,16.33
2013-07-12,2358,16.48
2013-07-15,2358,16.63
2013-07-16,2358,16.71
2013-07-17,2358,16.56
2013-07-18,2358,16.48
2013-07-19,2358,16.56
2013-07-22,2358,16.33
2013-07-23,2358,16.27
2013-07-24,2358,16.27
2013-07-25,2358,16.11
2013-07-26,2358,16.11
2013-07-29,2358,16.04
2013-07-30,2358,16.11
2013-07-31,2358,15.52
2013-07-01,2359,8.74
2013-07-02,2359,8.84
2013-07-03,2359,8.84
2013-07-04,2359,8.81
2013-07-05,2359,8.77
2013-07-08,2359,8.77
2013-07-09,2359,8.81
2013-07-10,2359,8.77
2013-07-11,2359,8.81
2013-07-12,2359,8.81
2013-07-15,2359,8.81
2013-07-16,2359,8.74
2013-07-17,2359,8.94
2013-07-18,2359,8.84
2013-07-19,2359,8.77
2013-07-22,2359,8.74
2013-07-23,2359,8.81
2013-07-24,2359,8.77
2013-07-25,2359,8.74
2013-07-26,2359,8.74
2013-07-29,2359,8.71
2013-07-30,2359,8.64
2013-07-31,2359,8.61
2013-07-01,2360,36.76
2013-07-02,2360,37.51
2013-07-03,2360,37.64
2013-07-04,2360,37.3
2013-07-05,2360,37.71
2013-07-08,2360,37.78
2013-07-09,2360,40.25
2013-07-10,2360,39.9
2013-07-11,2360,40.25
2013-07-12,2360,40.39
2013-07-15,2360,40.89
2013-07-16,2360,40.75
2013-07-17,2360,41.45
2013-07-18,2360,41.59
2013-07-19,2360,39.55
2013-07-22,2360,40.32
2013-07-23,2360,40.68
2013-07-24,2360,42.65
2013-07-25,2360,42.65
2013-07-26,2360,42.37
2013-07-29,2360,43.57
2013-07-30,2360,43.71
2013-07-31,2360,44.28
2013-07-01,2361,2.2
2013-07-02,2361,2.33
2013-07-03,2361,2.4
2013-07-04,2361,2.25
2013-07-05,2361,2.28
2013-07-08,2361,2.19
2013-07-09,2361,2.05
2013-07-10,2361,2.17
2013-07-11,2361,2.02
2013-07-12,2361,2.14
2013-07-17,2361,2.14
2013-07-18,2361,2.1
2013-07-19,2361,2.09
2013-07-22,2361,2.07
2013-07-23,2361,1.93
2013-07-24,2361,1.8
2013-07-25,2361,1.68
2013-07-26,2361,1.59
2013-07-29,2361,1.53
2013-07-30,2361,1.51
2013-07-31,2361,1.6
2013-07-01,2362,30.17
2013-07-02,2362,30.05
2013-07-03,2362,29.99
2013-07-04,2362,30.11
2013-07-05,2362,32.18
2013-07-08,2362,32.61
2013-07-09,2362,32.55
2013-07-10,2362,33.35
2013-07-11,2362,34.09
2013-07-12,2362,34.03
2013-07-15,2362,33.35
2013-07-16,2362,35.08
2013-07-17,2362,35.2
2013-07-18,2362,35.2
2013-07-19,2362,34.52
2013-07-22,2362,34.34
2013-07-23,2362,34.71
2013-07-24,2362,35.2
2013-07-25,2362,35.08
2013-07-26,2362,34.03
2013-07-29,2362,34.03
2013-07-30,2362,34.65
2013-07-31,2362,34.46
2013-07-01,2363,12.57
2013-07-02,2363,12.35
2013-07-03,2363,12.11
2013-07-04,2363,11.99
2013-07-05,2363,12.11
2013-07-08,2363,11.76
2013-07-09,2363,11.99
2013-07-10,2363,11.82
2013-07-11,2363,11.82
2013-07-12,2363,11.82
2013-07-15,2363,11.82
2013-07-16,2363,11.88
2013-07-17,2363,11.76
2013-07-18,2363,11.76
2013-07-19,2363,11.61
2013-07-22,2363,11.57
2013-07-23,2363,11.65
2013-07-24,2363,11.7
2013-07-25,2363,11.62
2013-07-26,2363,11.65
2013-07-29,2363,11.63
2013-07-30,2363,11.65
2013-07-31,2363,11.48
2013-07-01,2364,30.57
2013-07-02,2364,30.17
2013-07-03,2364,29.69
2013-07-04,2364,29.5
2013-07-05,2364,29.98
2013-07-08,2364,29.69
2013-07-09,2364,29.78
2013-07-10,2364,29.98
2013-07-11,2364,29.88
2013-07-12,2364,29.88
2013-07-15,2364,29.88
2013-07-16,2364,29.88
2013-07-17,2364,29.98
2013-07-18,2364,29.78
2013-07-19,2364,29.4
2013-07-22,2364,29.69
2013-07-23,2364,29.69
2013-07-24,2364,30.17
2013-07-25,2364,29.98
2013-07-26,2364,29.69
2013-07-29,2364,29.69
2013-07-30,2364,29.88
2013-07-31,2364,29.59
2013-07-01,2365,8.03
2013-07-02,2365,7.99
2013-07-03,2365,7.85
2013-07-04,2365,7.78
2013-07-05,2365,7.85
2013-07-08,2365,7.75
2013-07-09,2365,7.71
2013-07-10,2365,7.93
2013-07-11,2365,7.89
2013-07-12,2365,7.96
2013-07-15,2365,7.96
2013-07-16,2365,7.93
2013-07-17,2365,7.93
2013-07-18,2365,7.93
2013-07-19,2365,7.71
2013-07-22,2365,7.61
2013-07-23,2365,7.68
2013-07-24,2365,7.71
2013-07-25,2365,7.64
2013-07-26,2365,7.71
2013-07-29,2365,7.54
2013-07-30,2365,7.5
2013-07-31,2365,7.43
2013-07-01,2367,8.93
2013-07-02,2367,8.67
2013-07-03,2367,8.45
2013-07-04,2367,8.45
2013-07-05,2367,8.52
2013-07-08,2367,8.3
2013-07-09,2367,8.41
2013-07-10,2367,8.33
2013-07-11,2367,8.22
2013-07-12,2367,8.11
2013-07-15,2367,8.18
2013-07-16,2367,8.41
2013-07-17,2367,8.45
2013-07-18,2367,8.18
2013-07-19,2367,8.22
2013-07-22,2367,8.18
2013-07-23,2367,8.48
2013-07-24,2367,8.56
2013-07-25,2367,8.45
2013-07-26,2367,8.48
2013-07-29,2367,8.37
2013-07-30,2367,8.59
2013-07-31,2367,8.41
2013-07-01,2368,7.17
2013-07-02,2368,7.15
2013-07-03,2368,6.94
2013-07-04,2368,6.83
2013-07-05,2368,6.91
2013-07-08,2368,6.85
2013-07-09,2368,6.81
2013-07-10,2368,6.69
2013-07-11,2368,6.73
2013-07-12,2368,6.73
2013-07-15,2368,6.73
2013-07-16,2368,6.81
2013-07-17,2368,6.81
2013-07-18,2368,6.66
2013-07-19,2368,6.61
2013-07-22,2368,6.54
2013-07-23,2368,6.76
2013-07-24,2368,6.78
2013-07-25,2368,6.74
2013-07-26,2368,6.76
2013-07-29,2368,6.64
2013-07-30,2368,6.65
2013-07-31,2368,6.75
2013-07-01,2369,11.18
2013-07-02,2369,11.14
2013-07-03,2369,10.91
2013-07-04,2369,10.81
2013-07-05,2369,10.94
2013-07-08,2369,10.7
2013-07-09,2369,10.74
2013-07-10,2369,10.7
2013-07-11,2369,10.71
2013-07-12,2369,10.85
2013-07-15,2369,11.24
2013-07-16,2369,11.28
2013-07-17,2369,11.21
2013-07-18,2369,11.21
2013-07-19,2369,11.21
2013-07-22,2369,11.1
2013-07-23,2369,11.17
2013-07-24,2369,11.38
2013-07-25,2369,11.35
2013-07-26,2369,11.31
2013-07-29,2369,11.1
2013-07-30,2369,11.17
2013-07-31,2369,11.14
2013-07-01,2371,8.17
2013-07-02,2371,8.25
2013-07-03,2371,8.16
2013-07-04,2371,8.2
2013-07-05,2371,8.23
2013-07-08,2371,7.93
2013-07-09,2371,7.99
2013-07-10,2371,8.0
2013-07-11,2371,8.1
2013-07-12,2371,8.08
2013-07-15,2371,8.07
2013-07-16,2371,8.1
2013-07-17,2371,8.05
2013-07-18,2371,7.99
2013-07-19,2371,7.99
2013-07-22,2371,8.02
2013-07-23,2371,8.06
2013-07-24,2371,8.02
2013-07-25,2371,7.98
2013-07-26,2371,7.97
2013-07-29,2371,7.91
2013-07-30,2371,7.95
2013-07-31,2371,8.08
2013-07-01,2373,41.6
2013-07-02,2373,41.68
2013-07-03,2373,41.68
2013-07-04,2373,41.68
2013-07-05,2373,42.12
2013-07-08,2373,42.04
2013-07-09,2373,42.41
2013-07-10,2373,42.19
2013-07-11,2373,42.85
2013-07-12,2373,42.92
2013-07-15,2373,43.0
2013-07-16,2373,43.0
2013-07-17,2373,43.0
2013-07-18,2373,42.85
2013-07-19,2373,42.56
2013-07-22,2373,42.78
2013-07-23,2373,43.29
2013-07-24,2373,43.29
2013-07-25,2373,43.29
2013-07-26,2373,43.29
2013-07-29,2373,43.36
2013-07-30,2373,43.36
2013-07-31,2373,43.14
2013-07-01,2374,21.37
2013-07-02,2374,21.09
2013-07-03,2374,21.09
2013-07-04,2374,21.21
2013-07-05,2374,21.21
2013-07-08,2374,21.26
2013-07-09,2374,20.97
2013-07-10,2374,20.97
2013-07-11,2374,20.93
2013-07-12,2374,21.01
2013-07-15,2374,21.33
2013-07-16,2374,21.26
2013-07-17,2374,21.37
2013-07-18,2374,21.45
2013-07-19,2374,21.41
2013-07-22,2374,21.41
2013-07-23,2374,21.41
2013-07-24,2374,21.26
2013-07-25,2374,21.29
2013-07-26,2374,21.33
2013-07-29,2374,21.45
2013-07-30,2374,20.84
2013-07-31,2374,20.54
2013-07-01,2375,13.49
2013-07-02,2375,14.41
2013-07-03,2375,13.77
2013-07-04,2375,13.72
2013-07-05,2375,13.85
2013-07-08,2375,13.85
2013-07-09,2375,13.87
2013-07-10,2375,13.72
2013-07-11,2375,13.66
2013-07-12,2375,13.57
2013-07-15,2375,13.47
2013-07-16,2375,13.49
2013-07-17,2375,13.55
2013-07-18,2375,13.55
2013-07-19,2375,13.63
2013-07-22,2375,13.53
2013-07-23,2375,13.59
2013-07-24,2375,13.98
2013-07-25,2375,14.95
2013-07-26,2375,15.19
2013-07-29,2375,14.84
2013-07-30,2375,15.88
2013-07-31,2375,15.38
2013-07-01,2376,13.63
2013-07-02,2376,13.65
2013-07-03,2376,13.51
2013-07-04,2376,13.48
2013-07-05,2376,13.56
2013-07-08,2376,13.65
2013-07-09,2376,13.75
2013-07-10,2376,13.75
2013-07-11,2376,13.85
2013-07-12,2376,13.72
2013-07-15,2376,13.78
2013-07-16,2376,14.09
2013-07-17,2376,14.19
2013-07-18,2376,14.19
2013-07-19,2376,13.98
2013-07-22,2376,13.98
2013-07-23,2376,13.98
2013-07-24,2376,13.96
2013-07-25,2376,14.06
2013-07-26,2376,14.06
2013-07-29,2376,13.98
2013-07-30,2376,14.06
2013-07-31,2376,14.04
2013-07-01,2377,8.1
2013-07-02,2377,8.15
2013-07-03,2377,8.08
2013-07-04,2377,8.02
2013-07-05,2377,8.05
2013-07-08,2377,8.05
2013-07-09,2377,8.1
2013-07-10,2377,8.15
2013-07-11,2377,8.13
2013-07-12,2377,8.15
2013-07-15,2377,8.23
2013-07-16,2377,8.51
2013-07-17,2377,8.64
2013-07-18,2377,8.61
2013-07-19,2377,8.53
2013-07-22,2377,8.66
2013-07-23,2377,8.69
2013-07-24,2377,8.97
2013-07-25,2377,8.92
2013-07-26,2377,9.07
2013-07-29,2377,9.09
2013-07-30,2377,9.12
2013-07-31,2377,9.07
2013-07-01,2379,39.18
2013-07-02,2379,38.23
2013-07-03,2379,38.9
2013-07-04,2379,38.12
2013-07-05,2379,38.51
2013-07-08,2379,38.95
2013-07-09,2379,39.84
2013-07-10,2379,39.95
2013-07-11,2379,39.89
2013-07-12,2379,40.12
2013-07-15,2379,40.61
2013-07-16,2379,40.78
2013-07-17,2379,40.95
2013-07-18,2379,39.95
2013-07-19,2379,38.9
2013-07-22,2379,39.62
2013-07-23,2379,40.95
2013-07-24,2379,40.95
2013-07-25,2379,40.45
2013-07-26,2379,39.84
2013-07-29,2379,39.34
2013-07-30,2379,40.06
2013-07-31,2379,39.73
2013-07-01,2380,10.38
2013-07-02,2380,10.38
2013-07-03,2380,10.3
2013-07-04,2380,10.31
2013-07-05,2380,10.32
2013-07-08,2380,10.26
2013-07-09,2380,10.21
2013-07-10,2380,10.18
2013-07-11,2380,10.18
2013-07-12,2380,10.25
2013-07-15,2380,10.25
2013-07-16,2380,10.3
2013-07-17,2380,10.34
2013-07-18,2380,10.22
2013-07-19,2380,10.12
2013-07-22,2380,10.2
2013-07-23,2380,10.2
2013-07-24,2380,10.2
2013-07-25,2380,10.25
2013-07-26,2380,10.2
2013-07-29,2380,10.09
2013-07-30,2380,10.12
2013-07-31,2380,10.07
2013-07-01,2382,32.49
2013-07-02,2382,32.7
2013-07-03,2382,31.94
2013-07-04,2382,32.7
2013-07-05,2382,33.2
2013-07-08,2382,33.1
2013-07-09,2382,32.75
2013-07-10,2382,33.6
2013-07-11,2382,35.06
2013-07-12,2382,34.71
2013-07-15,2382,34.46
2013-07-16,2382,34.81
2013-07-17,2382,34.46
2013-07-18,2382,34.46
2013-07-19,2382,34.05
2013-07-22,2382,34.05
2013-07-23,2382,35.56
2013-07-24,2382,34.91
2013-07-25,2382,35.41
2013-07-26,2382,35.71
2013-07-29,2382,35.01
2013-07-30,2382,35.26
2013-07-31,2382,35.11
2013-07-01,2383,16.47
2013-07-02,2383,16.62
2013-07-03,2383,16.59
2013-07-04,2383,16.38
2013-07-05,2383,16.38
2013-07-08,2383,16.26
2013-07-09,2383,16.19
2013-07-10,2383,16.19
2013-07-11,2383,16.29
2013-07-12,2383,16.29
2013-07-15,2383,16.26
2013-07-16,2383,16.29
2013-07-17,2383,16.65
2013-07-18,2383,16.47
2013-07-19,2383,16.35
2013-07-22,2383,16.56
2013-07-23,2383,16.75
2013-07-24,2383,16.81
2013-07-25,2383,16.87
2013-07-26,2383,16.78
2013-07-29,2383,16.72
2013-07-30,2383,16.87
2013-07-31,2383,16.59
2013-07-01,2384,13.7
2013-07-02,2384,13.3
2013-07-03,2384,12.8
2013-07-04,2384,12.2
2013-07-05,2384,12.6
2013-07-08,2384,12.2
2013-07-09,2384,12.5
2013-07-10,2384,12.55
2013-07-11,2384,12.6
2013-07-12,2384,12.5
2013-07-15,2384,12.9
2013-07-16,2384,13.15
2013-07-17,2384,12.9
2013-07-18,2384,12.75
2013-07-19,2384,12.7
2013-07-22,2384,12.6
2013-07-23,2384,12.7
2013-07-24,2384,12.5
2013-07-25,2384,12.7
2013-07-26,2384,12.75
2013-07-29,2384,12.6
2013-07-30,2384,12.6
2013-07-31,2384,12.2
2013-07-01,2385,36.56
2013-07-02,2385,35.76
2013-07-03,2385,35.76
2013-07-04,2385,35.9
2013-07-05,2385,36.37
2013-07-08,2385,35.95
2013-07-09,2385,35.76
2013-07-10,2385,35.76
2013-07-11,2385,36.51
2013-07-12,2385,37.11
2013-07-15,2385,37.35
2013-07-16,2385,36.64
2013-07-17,2385,36.45
2013-07-18,2385,35.79
2013-07-19,2385,35.55
2013-07-22,2385,35.08
2013-07-23,2385,35.31
2013-07-24,2385,34.6
2013-07-25,2385,32.56
2013-07-26,2385,33.65
2013-07-29,2385,33.65
2013-07-30,2385,34.32
2013-07-31,2385,34.03
2013-07-01,2387,10.83
2013-07-02,2387,10.88
2013-07-03,2387,10.55
2013-07-04,2387,10.67
2013-07-05,2387,10.71
2013-07-08,2387,10.63
2013-07-09,2387,10.6
2013-07-10,2387,10.88
2013-07-11,2387,11.04
2013-07-12,2387,10.83
2013-07-15,2387,11.0
2013-07-16,2387,11.0
2013-07-17,2387,11.04
2013-07-18,2387,10.75
2013-07-19,2387,10.67
2013-07-22,2387,10.63
2013-07-23,2387,10.91
2013-07-24,2387,10.96
2013-07-25,2387,10.96
2013-07-26,2387,10.88
2013-07-29,2387,10.88
2013-07-30,2387,10.88
2013-07-31,2387,10.8
2013-07-01,2388,18.29
2013-07-02,2388,19.54
2013-07-03,2388,19.54
2013-07-04,2388,19.11
2013-07-05,2388,19.25
2013-07-08,2388,19.16
2013-07-09,2388,18.96
2013-07-10,2388,19.16
2013-07-11,2388,19.16
2013-07-12,2388,18.96
2013-07-15,2388,19.25
2013-07-16,2388,19.54
2013-07-17,2388,19.16
2013-07-18,2388,18.53
2013-07-19,2388,18.48
2013-07-22,2388,18.48
2013-07-23,2388,18.87
2013-07-24,2388,18.82
2013-07-25,2388,18.87
2013-07-26,2388,18.63
2013-07-29,2388,18.39
2013-07-30,2388,18.19
2013-07-31,2388,17.33
2013-07-01,2390,17.51
2013-07-02,2390,17.24
2013-07-03,2390,17.37
2013-07-04,2390,17.0
2013-07-05,2390,17.09
2013-07-08,2390,16.73
2013-07-09,2390,16.86
2013-07-10,2390,16.73
2013-07-11,2390,16.59
2013-07-12,2390,17.0
2013-07-15,2390,18.16
2013-07-16,2390,17.83
2013-07-17,2390,17.51
2013-07-18,2390,17.51
2013-07-19,2390,18.34
2013-07-22,2390,18.06
2013-07-23,2390,18.12
2013-07-24,2390,17.83
2013-07-25,2390,17.6
2013-07-26,2390,17.56
2013-07-29,2390,17.47
2013-07-30,2390,17.92
2013-07-31,2390,17.6
2013-07-01,2392,33.78
2013-07-02,2392,33.39
2013-07-03,2392,33.5
2013-07-04,2392,33.22
2013-07-05,2392,33.78
2013-07-08,2392,33.33
2013-07-09,2392,32.99
2013-07-10,2392,32.82
2013-07-11,2392,33.22
2013-07-12,2392,33.93
2013-07-15,2392,33.99
2013-07-16,2392,33.81
2013-07-17,2392,33.87
2013-07-18,2392,33.93
2013-07-19,2392,33.87
2013-07-22,2392,33.75
2013-07-23,2392,34.4
2013-07-24,2392,36.76
2013-07-25,2392,36.76
2013-07-26,2392,36.05
2013-07-29,2392,36.17
2013-07-30,2392,35.94
2013-07-31,2392,35.94
2013-07-01,2393,26.61
2013-07-02,2393,26.19
2013-07-03,2393,25.94
2013-07-04,2393,25.58
2013-07-05,2393,24.34
2013-07-08,2393,24.6
2013-07-09,2393,25.34
2013-07-10,2393,25.16
2013-07-11,2393,25.88
2013-07-12,2393,25.52
2013-07-15,2393,25.68
2013-07-16,2393,25.21
2013-07-17,2393,25.16
2013-07-18,2393,24.75
2013-07-19,2393,24.6
2013-07-22,2393,25.01
2013-07-23,2393,25.42
2013-07-24,2393,25.52
2013-07-25,2393,25.76
2013-07-26,2393,25.7
2013-07-29,2393,25.52
2013-07-30,2393,25.21
2013-07-31,2393,24.36
2013-07-01,2395,73.84
2013-07-02,2395,71.58
2013-07-03,2395,68.33
2013-07-04,2395,69.33
2013-07-05,2395,70.08
2013-07-08,2395,69.08
2013-07-09,2395,70.58
2013-07-10,2395,71.58
2013-07-11,2395,75.59
2013-07-12,2395,78.59
2013-07-15,2395,77.76
2013-07-16,2395,76.21
2013-07-17,2395,80.6
2013-07-18,2395,75.18
2013-07-19,2395,74.92
2013-07-22,2395,74.92
2013-07-23,2395,76.21
2013-07-24,2395,76.73
2013-07-25,2395,76.98
2013-07-26,2395,77.24
2013-07-29,2395,76.21
2013-07-30,2395,77.24
2013-07-31,2395,74.92
2013-07-01,2397,14.18
2013-07-02,2397,14.03
2013-07-03,2397,13.77
2013-07-04,2397,13.55
2013-07-05,2397,13.65
2013-07-08,2397,13.6
2013-07-09,2397,13.58
2013-07-10,2397,13.67
2013-07-11,2397,13.99
2013-07-12,2397,14.11
2013-07-15,2397,14.13
2013-07-16,2397,14.2
2013-07-17,2397,14.15
2013-07-18,2397,14.25
2013-07-19,2397,14.23
2013-07-22,2397,14.32
2013-07-23,2397,14.42
2013-07-24,2397,15.07
2013-07-25,2397,14.9
2013-07-26,2397,14.75
2013-07-29,2397,14.68
2013-07-30,2397,14.63
2013-07-31,2397,14.78
2013-07-01,2399,9.01
2013-07-02,2399,9.01
2013-07-03,2399,8.93
2013-07-04,2399,8.85
2013-07-05,2399,8.97
2013-07-08,2399,8.93
2013-07-09,2399,8.89
2013-07-10,2399,8.97
2013-07-11,2399,8.81
2013-07-12,2399,8.81
2013-07-15,2399,8.7
2013-07-16,2399,8.77
2013-07-17,2399,8.74
2013-07-18,2399,8.74
2013-07-19,2399,8.66
2013-07-22,2399,8.7
2013-07-23,2399,8.77
2013-07-24,2399,8.74
2013-07-25,2399,8.81
2013-07-26,2399,8.77
2013-07-29,2399,8.81
2013-07-30,2399,8.85
2013-07-31,2399,8.81
2013-07-01,2401,7.7
2013-07-02,2401,7.7
2013-07-03,2401,7.53
2013-07-04,2401,7.42
2013-07-05,2401,7.49
2013-07-08,2401,7.6
2013-07-09,2401,7.56
2013-07-10,2401,7.32
2013-07-11,2401,7.32
2013-07-12,2401,7.46
2013-07-15,2401,7.49
2013-07-16,2401,8.01
2013-07-17,2401,7.94
2013-07-18,2401,7.56
2013-07-19,2401,7.53
2013-07-22,2401,7.35
2013-07-23,2401,7.42
2013-07-24,2401,7.53
2013-07-25,2401,7.42
2013-07-26,2401,7.46
2013-07-29,2401,7.39
2013-07-30,2401,7.39
2013-07-31,2401,7.21
2013-07-01,2402,10.59
2013-07-02,2402,10.62
2013-07-03,2402,10.55
2013-07-04,2402,10.41
2013-07-05,2402,10.41
2013-07-08,2402,10.34
2013-07-09,2402,10.34
2013-07-10,2402,11.05
2013-07-11,2402,11.09
2013-07-12,2402,11.02
2013-07-15,2402,11.09
2013-07-16,2402,11.02
2013-07-17,2402,11.02
2013-07-18,2402,10.98
2013-07-19,2402,11.09
2013-07-22,2402,11.05
2013-07-23,2402,11.05
2013-07-24,2402,11.26
2013-07-25,2402,11.26
2013-07-26,2402,11.09
2013-07-29,2402,10.91
2013-07-30,2402,10.94
2013-07-31,2402,10.62
2013-07-01,2404,16.04
2013-07-02,2404,16.12
2013-07-03,2404,16.43
2013-07-04,2404,16.26
2013-07-05,2404,16.48
2013-07-08,2404,16.4
2013-07-09,2404,16.45
2013-07-10,2404,16.37
2013-07-11,2404,16.31
2013-07-12,2404,16.45
2013-07-15,2404,16.54
2013-07-16,2404,16.68
2013-07-17,2404,16.71
2013-07-18,2404,16.51
2013-07-19,2404,16.15
2013-07-22,2404,16.23
2013-07-23,2404,16.34
2013-07-24,2404,16.29
2013-07-25,2404,16.37
2013-07-26,2404,16.4
2013-07-29,2404,16.34
2013-07-30,2404,16.51
2013-07-31,2404,16.51
2013-07-01,2405,12.39
2013-07-02,2405,12.34
2013-07-03,2405,12.13
2013-07-04,2405,11.74
2013-07-05,2405,11.78
2013-07-08,2405,11.87
2013-07-09,2405,12.04
2013-07-10,2405,11.83
2013-07-11,2405,12.09
2013-07-12,2405,12.04
2013-07-15,2405,12.09
2013-07-16,2405,12.89
2013-07-17,2405,13.2
2013-07-18,2405,13.43
2013-07-19,2405,12.89
2013-07-22,2405,12.89
2013-07-23,2405,12.13
2013-07-24,2405,11.37
2013-07-25,2405,10.61
2013-07-26,2405,10.29
2013-07-29,2405,10.52
2013-07-30,2405,10.61
2013-07-31,2405,10.34
2013-07-01,2406,32.53
2013-07-02,2406,32.07
2013-07-03,2406,31.59
2013-07-04,2406,31.75
2013-07-05,2406,31.28
2013-07-08,2406,30.66
2013-07-09,2406,30.18
2013-07-10,2406,29.4
2013-07-11,2406,29.32
2013-07-12,2406,29.87
2013-07-15,2406,30.5
2013-07-16,2406,30.26
2013-07-17,2406,29.95
2013-07-18,2406,29.09
2013-07-19,2406,29.32
2013-07-22,2406,29.4
2013-07-23,2406,29.87
2013-07-24,2406,29.87
2013-07-25,2406,30.11
2013-07-26,2406,30.42
2013-07-29,2406,30.5
2013-07-30,2406,30.11
2013-07-31,2406,28.7
2013-07-01,2408,38.29
2013-07-02,2408,37.86
2013-07-03,2408,37.05
2013-07-04,2408,34.69
2013-07-05,2408,34.69
2013-07-08,2408,33.45
2013-07-09,2408,32.22
2013-07-10,2408,29.99
2013-07-11,2408,30.85
2013-07-12,2408,28.75
2013-07-15,2408,26.95
2013-07-16,2408,28.81
2013-07-17,2408,30.79
2013-07-18,2408,30.98
2013-07-19,2408,30.67
2013-07-22,2408,30.98
2013-07-23,2408,30.67
2013-07-24,2408,28.56
2013-07-25,2408,26.58
2013-07-26,2408,25.65
2013-07-29,2408,23.92
2013-07-30,2408,25.58
2013-07-31,2408,23.85
2013-07-01,2409,7.75
2013-07-02,2409,7.58
2013-07-03,2409,7.26
2013-07-04,2409,7.23
2013-07-05,2409,7.4
2013-07-08,2409,7.19
2013-07-09,2409,7.3
2013-07-10,2409,7.4
2013-07-11,2409,7.54
2013-07-12,2409,7.54
2013-07-15,2409,7.65
2013-07-16,2409,7.78
2013-07-17,2409,7.58
2013-07-18,2409,7.23
2013-07-19,2409,7.26
2013-07-22,2409,7.4
2013-07-23,2409,7.51
2013-07-24,2409,7.4
2013-07-25,2409,7.4
2013-07-26,2409,7.44
2013-07-29,2409,7.44
2013-07-30,2409,7.61
2013-07-31,2409,7.37
2013-07-01,2412,58.25
2013-07-02,2412,58.2
2013-07-03,2412,58.14
2013-07-04,2412,58.31
2013-07-05,2412,58.97
2013-07-08,2412,58.67
2013-07-09,2412,59.09
2013-07-10,2412,59.09
2013-07-11,2412,59.32
2013-07-12,2412,59.44
2013-07-15,2412,59.38
2013-07-16,2412,59.32
2013-07-17,2412,59.92
2013-07-18,2412,60.11
2013-07-19,2412,59.98
2013-07-22,2412,60.61
2013-07-23,2412,60.74
2013-07-24,2412,60.17
2013-07-25,2412,60.05
2013-07-26,2412,60.05
2013-07-29,2412,60.11
2013-07-30,2412,59.98
2013-07-31,2412,60.24
2013-07-01,2413,7.56
2013-07-02,2413,7.67
2013-07-03,2413,7.58
2013-07-04,2413,7.47
2013-07-05,2413,7.51
2013-07-08,2413,7.43
2013-07-09,2413,7.48
2013-07-10,2413,7.45
2013-07-11,2413,7.52
2013-07-12,2413,7.61
2013-07-15,2413,7.74
2013-07-16,2413,7.72
2013-07-17,2413,7.57
2013-07-18,2413,7.59
2013-07-19,2413,7.53
2013-07-22,2413,7.48
2013-07-23,2413,7.5
2013-07-24,2413,7.52
2013-07-25,2413,7.57
2013-07-26,2413,7.57
2013-07-29,2413,7.45
2013-07-30,2413,7.47
2013-07-31,2413,7.51
2013-07-01,2414,7.13
2013-07-02,2414,7.11
2013-07-03,2414,7.16
2013-07-04,2414,7.13
2013-07-05,2414,7.16
2013-07-08,2414,7.18
2013-07-09,2414,7.16
2013-07-10,2414,7.18
2013-07-11,2414,7.13
2013-07-12,2414,7.16
2013-07-15,2414,7.18
2013-07-16,2414,7.18
2013-07-17,2414,7.18
2013-07-18,2414,7.18
2013-07-19,2414,7.21
2013-07-22,2414,7.25
2013-07-23,2414,7.28
2013-07-24,2414,7.35
2013-07-25,2414,7.32
2013-07-26,2414,7.3
2013-07-29,2414,7.25
2013-07-30,2414,7.27
2013-07-31,2414,7.27
2013-07-01,2415,7.69
2013-07-02,2415,7.69
2013-07-03,2415,7.69
2013-07-04,2415,7.6
2013-07-05,2415,7.6
2013-07-08,2415,7.66
2013-07-09,2415,7.71
2013-07-10,2415,7.66
2013-07-11,2415,7.69
2013-07-12,2415,7.74
2013-07-15,2415,7.8
2013-07-16,2415,7.8
2013-07-17,2415,7.8
2013-07-18,2415,7.8
2013-07-19,2415,7.8
2013-07-22,2415,7.77
2013-07-23,2415,7.74
2013-07-24,2415,7.77
2013-07-25,2415,8.02
2013-07-26,2415,8.02
2013-07-29,2415,7.94
2013-07-30,2415,8.02
2013-07-31,2415,7.94
2013-07-01,2417,13.35
2013-07-02,2417,13.35
2013-07-03,2417,13.15
2013-07-04,2417,13.1
2013-07-05,2417,13.1
2013-07-08,2417,12.96
2013-07-09,2417,12.96
2013-07-10,2417,12.8
2013-07-11,2417,12.85
2013-07-12,2417,13.0
2013-07-15,2417,12.9
2013-07-16,2417,13.16
2013-07-17,2417,13.05
2013-07-18,2417,12.9
2013-07-19,2417,12.65
2013-07-22,2417,12.59
2013-07-23,2417,12.65
2013-07-24,2417,13.51
2013-07-25,2417,13.51
2013-07-26,2417,13.36
2013-07-29,2417,13.21
2013-07-30,2417,13.16
2013-07-31,2417,13.11
2013-07-01,2419,11.06
2013-07-02,2419,10.93
2013-07-03,2419,11.12
2013-07-04,2419,10.96
2013-07-05,2419,10.93
2013-07-08,2419,11.15
2013-07-09,2419,11.15
2013-07-10,2419,11.12
2013-07-11,2419,11.12
2013-07-12,2419,11.15
2013-07-15,2419,11.28
2013-07-16,2419,11.22
2013-07-17,2419,11.22
2013-07-18,2419,11.25
2013-07-19,2419,11.27
2013-07-22,2419,11.55
2013-07-23,2419,11.52
2013-07-24,2419,11.48
2013-07-25,2419,11.48
2013-07-26,2419,11.55
2013-07-29,2419,11.34
2013-07-30,2419,11.27
2013-07-31,2419,11.17
2013-07-01,2420,13.94
2013-07-02,2420,13.75
2013-07-03,2420,13.59
2013-07-04,2420,13.48
2013-07-05,2420,13.66
2013-07-08,2420,13.57
2013-07-09,2420,13.48
2013-07-10,2420,12.54
2013-07-11,2420,12.3
2013-07-12,2420,12.41
2013-07-15,2420,12.41
2013-07-16,2420,12.57
2013-07-17,2420,12.43
2013-07-18,2420,12.21
2013-07-19,2420,12.32
2013-07-22,2420,12.24
2013-07-23,2420,12.57
2013-07-24,2420,12.57
2013-07-25,2420,12.74
2013-07-26,2420,12.81
2013-07-29,2420,12.41
2013-07-30,2420,12.59
2013-07-31,2420,12.36
2013-07-01,2421,9.93
2013-07-02,2421,9.84
2013-07-03,2421,9.81
2013-07-04,2421,9.81
2013-07-05,2421,9.87
2013-07-08,2421,9.87
2013-07-09,2421,9.81
2013-07-10,2421,9.76
2013-07-11,2421,9.76
2013-07-12,2421,9.79
2013-07-15,2421,9.79
2013-07-16,2421,9.7
2013-07-17,2421,9.76
2013-07-18,2421,9.7
2013-07-19,2421,9.76
2013-07-22,2421,9.67
2013-07-23,2421,9.81
2013-07-24,2421,9.73
2013-07-25,2421,9.81
2013-07-26,2421,9.81
2013-07-29,2421,9.79
2013-07-30,2421,9.73
2013-07-31,2421,9.73
2013-07-01,2423,7.72
2013-07-02,2423,7.72
2013-07-03,2423,7.74
2013-07-04,2423,7.69
2013-07-05,2423,7.69
2013-07-08,2423,7.72
2013-07-09,2423,7.78
2013-07-10,2423,7.74
2013-07-11,2423,7.85
2013-07-12,2423,7.82
2013-07-15,2423,7.93
2013-07-16,2423,7.96
2013-07-17,2423,8.09
2013-07-18,2423,8.02
2013-07-19,2423,8.02
2013-07-22,2423,7.97
2013-07-23,2423,7.95
2013-07-24,2423,7.95
2013-07-25,2423,8.0
2013-07-26,2423,8.02
2013-07-29,2423,7.95
2013-07-30,2423,7.97
2013-07-31,2423,8.0
2013-07-01,2424,53.99
2013-07-02,2424,52.58
2013-07-03,2424,52.91
2013-07-04,2424,52.58
2013-07-05,2424,48.99
2013-07-08,2424,48.08
2013-07-09,2424,49.83
2013-07-10,2424,49.83
2013-07-11,2424,50.08
2013-07-12,2424,48.66
2013-07-15,2424,49.99
2013-07-16,2424,49.41
2013-07-17,2424,49.41
2013-07-18,2424,49.41
2013-07-19,2424,50.83
2013-07-22,2424,50.99
2013-07-23,2424,52.58
2013-07-24,2424,51.66
2013-07-25,2424,51.49
2013-07-26,2424,50.16
2013-07-29,2424,49.83
2013-07-30,2424,51.58
2013-07-31,2424,52.41
2013-07-01,2425,29.61
2013-07-02,2425,29.19
2013-07-03,2425,28.7
2013-07-04,2425,28.74
2013-07-05,2425,28.01
2013-07-08,2425,28.32
2013-07-09,2425,29.99
2013-07-10,2425,28.74
2013-07-11,2425,28.77
2013-07-12,2425,28.95
2013-07-15,2425,29.68
2013-07-16,2425,29.89
2013-07-17,2425,29.89
2013-07-18,2425,29.33
2013-07-19,2425,29.12
2013-07-22,2425,29.64
2013-07-23,2425,29.96
2013-07-24,2425,29.92
2013-07-25,2425,29.75
2013-07-26,2425,29.61
2013-07-29,2425,29.3
2013-07-30,2425,29.89
2013-07-31,2425,29.78
2013-07-01,2426,6.76
2013-07-02,2426,6.68
2013-07-03,2426,6.62
2013-07-04,2426,6.6
2013-07-05,2426,6.54
2013-07-08,2426,6.4
2013-07-09,2426,6.42
2013-07-10,2426,6.22
2013-07-11,2426,6.3
2013-07-12,2426,6.3
2013-07-15,2426,6.36
2013-07-16,2426,6.38
2013-07-17,2426,6.49
2013-07-18,2426,6.38
2013-07-19,2426,6.34
2013-07-22,2426,6.38
2013-07-23,2426,6.4
2013-07-24,2426,6.42
2013-07-25,2426,6.38
2013-07-26,2426,6.32
2013-07-29,2426,6.26
2013-07-30,2426,6.21
2013-07-31,2426,6.03
2013-07-01,2427,6.7
2013-07-02,2427,6.66
2013-07-03,2427,6.59
2013-07-04,2427,6.55
2013-07-05,2427,6.58
2013-07-08,2427,6.53
2013-07-09,2427,6.57
2013-07-10,2427,6.46
2013-07-11,2427,6.5
2013-07-12,2427,6.57
2013-07-15,2427,6.56
2013-07-16,2427,6.65
2013-07-17,2427,6.6
2013-07-18,2427,6.49
2013-07-19,2427,6.42
2013-07-22,2427,6.32
2013-07-23,2427,6.4
2013-07-24,2427,6.42
2013-07-25,2427,6.43
2013-07-26,2427,6.38
2013-07-29,2427,6.35
2013-07-30,2427,6.78
2013-07-31,2427,6.5
2013-07-01,2428,18.88
2013-07-02,2428,18.97
2013-07-03,2428,18.85
2013-07-04,2428,18.79
2013-07-05,2428,18.82
2013-07-08,2428,18.7
2013-07-09,2428,18.73
2013-07-10,2428,18.97
2013-07-11,2428,19.09
2013-07-12,2428,19.19
2013-07-15,2428,19.67
2013-07-16,2428,19.49
2013-07-17,2428,19.83
2013-07-18,2428,19.46
2013-07-19,2428,19.31
2013-07-22,2428,19.43
2013-07-23,2428,19.61
2013-07-24,2428,19.67
2013-07-25,2428,19.92
2013-07-26,2428,19.92
2013-07-29,2428,19.64
2013-07-30,2428,19.64
2013-07-31,2428,19.58
2013-07-02,2429,36.81
2013-07-03,2429,34.26
2013-07-04,2429,34.26
2013-07-05,2429,34.26
2013-07-09,2429,36.56
2013-07-22,2429,34.01
2013-07-23,2429,31.66
2013-07-24,2429,31.66
2013-07-26,2429,29.47
2013-07-01,2430,32.12
2013-07-02,2430,32.09
2013-07-03,2430,31.86
2013-07-04,2430,31.9
2013-07-05,2430,32.31
2013-07-08,2430,32.16
2013-07-09,2430,32.09
2013-07-10,2430,31.94
2013-07-11,2430,32.31
2013-07-12,2430,32.24
2013-07-15,2430,33.5
2013-07-16,2430,34.32
2013-07-17,2430,34.06
2013-07-18,2430,34.06
2013-07-19,2430,33.65
2013-07-22,2430,33.61
2013-07-23,2430,33.42
2013-07-24,2430,33.57
2013-07-25,2430,33.5
2013-07-26,2430,33.42
2013-07-29,2430,32.98
2013-07-30,2430,32.42
2013-07-31,2430,31.94
2013-07-01,2431,8.02
2013-07-02,2431,7.9
2013-07-03,2431,7.7
2013-07-04,2431,7.6
2013-07-05,2431,7.67
2013-07-08,2431,7.62
2013-07-09,2431,7.63
2013-07-10,2431,7.5
2013-07-11,2431,7.58
2013-07-12,2431,7.6
2013-07-15,2431,7.6
2013-07-16,2431,7.75
2013-07-17,2431,7.59
2013-07-18,2431,7.79
2013-07-19,2431,7.75
2013-07-22,2431,7.75
2013-07-23,2431,7.76
2013-07-24,2431,7.75
2013-07-25,2431,7.75
2013-07-26,2431,7.79
2013-07-29,2431,7.84
2013-07-30,2431,7.84
2013-07-31,2431,7.79
2013-07-01,2433,14.83
2013-07-02,2433,14.74
2013-07-03,2433,14.51
2013-07-04,2433,14.46
2013-07-05,2433,14.44
2013-07-08,2433,14.42
2013-07-09,2433,14.36
2013-07-10,2433,14.55
2013-07-11,2433,14.68
2013-07-12,2433,14.96
2013-07-15,2433,15.0
2013-07-16,2433,14.93
2013-07-17,2433,14.89
2013-07-18,2433,14.74
2013-07-19,2433,14.68
2013-07-22,2433,14.64
2013-07-23,2433,14.72
2013-07-24,2433,14.64
2013-07-25,2433,14.66
2013-07-26,2433,14.72
2013-07-29,2433,14.93
2013-07-30,2433,15.57
2013-07-31,2433,15.4
2013-07-01,2434,52.27
2013-07-02,2434,53.23
2013-07-03,2434,52.27
2013-07-04,2434,52.01
2013-07-05,2434,52.27
2013-07-08,2434,52.36
2013-07-09,2434,52.36
2013-07-10,2434,52.79
2013-07-11,2434,52.1
2013-07-12,2434,52.36
2013-07-15,2434,51.84
2013-07-16,2434,51.75
2013-07-17,2434,52.01
2013-07-18,2434,51.67
2013-07-19,2434,51.58
2013-07-22,2434,50.89
2013-07-23,2434,51.15
2013-07-24,2434,51.32
2013-07-25,2434,51.23
2013-07-26,2434,52.62
2013-07-29,2434,52.01
2013-07-30,2434,52.45
2013-07-31,2434,51.06
2013-07-01,2436,13.78
2013-07-02,2436,13.48
2013-07-03,2436,12.97
2013-07-04,2436,12.97
2013-07-05,2436,13.1
2013-07-08,2436,13.01
2013-07-09,2436,13.13
2013-07-10,2436,13.18
2013-07-11,2436,14.0
2013-07-12,2436,14.88
2013-07-15,2436,14.96
2013-07-16,2436,14.79
2013-07-17,2436,15.4
2013-07-18,2436,15.13
2013-07-19,2436,14.88
2013-07-22,2436,14.92
2013-07-23,2436,15.18
2013-07-24,2436,15.13
2013-07-25,2436,15.01
2013-07-26,2436,14.7
2013-07-29,2436,14.92
2013-07-30,2436,15.05
2013-07-31,2436,14.7
2013-07-01,2437,23.85
2013-07-02,2437,23.97
2013-07-03,2437,24.15
2013-07-04,2437,24.23
2013-07-05,2437,24.45
2013-07-08,2437,24.98
2013-07-09,2437,24.98
2013-07-10,2437,24.74
2013-07-11,2437,24.98
2013-07-12,2437,25.29
2013-07-15,2437,25.76
2013-07-16,2437,25.61
2013-07-17,2437,25.65
2013-07-18,2437,25.68
2013-07-19,2437,25.37
2013-07-22,2437,25.53
2013-07-23,2437,25.45
2013-07-24,2437,24.94
2013-07-25,2437,25.1
2013-07-26,2437,25.21
2013-07-29,2437,25.25
2013-07-30,2437,25.57
2013-07-31,2437,25.8
2013-07-01,2438,6.49
2013-07-02,2438,6.9
2013-07-03,2438,7.19
2013-07-04,2438,7.38
2013-07-05,2438,7.77
2013-07-08,2438,7.57
2013-07-09,2438,7.05
2013-07-10,2438,6.9
2013-07-11,2438,7.36
2013-07-16,2438,7.38
2013-07-17,2438,6.91
2013-07-18,2438,6.76
2013-07-19,2438,6.8
2013-07-22,2438,6.88
2013-07-23,2438,6.41
2013-07-24,2438,6.86
2013-07-01,2439,33.93
2013-07-02,2439,34.41
2013-07-03,2439,34.88
2013-07-04,2439,34.57
2013-07-05,2439,34.62
2013-07-08,2439,32.98
2013-07-09,2439,35.15
2013-07-10,2439,35.41
2013-07-11,2439,36.73
2013-07-12,2439,36.47
2013-07-15,2439,36.26
2013-07-16,2439,36.26
2013-07-17,2439,35.41
2013-07-18,2439,35.94
2013-07-19,2439,34.83
2013-07-22,2439,35.94
2013-07-23,2439,37.56
2013-07-24,2439,37.15
2013-07-25,2439,37.33
2013-07-26,2439,36.69
2013-07-29,2439,39.23
2013-07-30,2439,39.29
2013-07-31,2439,37.73
2013-07-01,2440,7.16
2013-07-02,2440,7.2
2013-07-03,2440,7.2
2013-07-04,2440,7.28
2013-07-05,2440,7.3
2013-07-08,2440,7.25
2013-07-09,2440,7.2
2013-07-10,2440,7.47
2013-07-11,2440,7.53
2013-07-12,2440,7.58
2013-07-15,2440,8.11
2013-07-16,2440,8.11
2013-07-17,2440,7.94
2013-07-18,2440,7.95
2013-07-19,2440,8.0
2013-07-22,2440,8.0
2013-07-23,2440,7.96
2013-07-24,2440,7.91
2013-07-25,2440,7.9
2013-07-26,2440,7.9
2013-07-29,2440,7.95
2013-07-30,2440,7.75
2013-07-31,2440,7.89
2013-07-01,2441,12.33
2013-07-02,2441,12.26
2013-07-03,2441,12.28
2013-07-04,2441,12.21
2013-07-05,2441,12.33
2013-07-08,2441,12.24
2013-07-09,2441,12.24
2013-07-10,2441,12.24
2013-07-11,2441,12.41
2013-07-12,2441,12.38
2013-07-15,2441,12.36
2013-07-16,2441,12.38
2013-07-17,2441,12.41
2013-07-18,2441,12.48
2013-07-19,2441,12.24
2013-07-22,2441,12.14
2013-07-23,2441,12.33
2013-07-24,2441,12.41
2013-07-25,2441,12.45
2013-07-26,2441,12.43
2013-07-29,2441,12.38
2013-07-30,2441,12.33
2013-07-31,2441,12.31
2013-07-01,2442,6.29
2013-07-02,2442,6.3
2013-07-03,2442,6.3
2013-07-04,2442,6.26
2013-07-05,2442,6.38
2013-07-08,2442,6.29
2013-07-09,2442,6.32
2013-07-10,2442,6.28
2013-07-11,2442,6.34
2013-07-12,2442,6.46
2013-07-15,2442,6.61
2013-07-16,2442,6.61
2013-07-17,2442,6.61
2013-07-18,2442,6.61
2013-07-19,2442,6.52
2013-07-22,2442,6.45
2013-07-23,2442,6.61
2013-07-24,2442,6.48
2013-07-25,2442,6.4
2013-07-26,2442,6.34
2013-07-29,2442,6.31
2013-07-30,2442,6.36
2013-07-31,2442,6.3
2013-07-01,2443,4.22
2013-07-02,2443,4.27
2013-07-03,2443,4.3
2013-07-04,2443,4.32
2013-07-05,2443,4.39
2013-07-08,2443,4.39
2013-07-09,2443,4.27
2013-07-10,2443,4.34
2013-07-11,2443,4.32
2013-07-12,2443,4.27
2013-07-15,2443,4.17
2013-07-16,2443,4.3
2013-07-17,2443,4.37
2013-07-18,2443,4.32
2013-07-19,2443,4.25
2013-07-22,2443,4.32
2013-07-23,2443,4.3
2013-07-24,2443,4.25
2013-07-25,2443,4.17
2013-07-26,2443,4.17
2013-07-29,2443,4.17
2013-07-30,2443,4.05
2013-07-31,2443,4.15
2013-07-01,2444,9.76
2013-07-02,2444,9.63
2013-07-03,2444,9.75
2013-07-04,2444,9.78
2013-07-05,2444,9.76
2013-07-08,2444,9.58
2013-07-09,2444,9.48
2013-07-10,2444,9.48
2013-07-11,2444,9.53
2013-07-12,2444,9.45
2013-07-15,2444,9.43
2013-07-16,2444,9.38
2013-07-17,2444,9.35
2013-07-18,2444,9.43
2013-07-19,2444,9.37
2013-07-22,2444,9.41
2013-07-23,2444,9.46
2013-07-24,2444,9.45
2013-07-25,2444,9.31
2013-07-26,2444,9.3
2013-07-29,2444,9.25
2013-07-30,2444,9.28
2013-07-31,2444,9.12
2013-07-01,2448,50.43
2013-07-02,2448,49.5
2013-07-03,2448,49.69
2013-07-04,2448,49.6
2013-07-05,2448,48.39
2013-07-08,2448,48.21
2013-07-09,2448,49.04
2013-07-10,2448,48.03
2013-07-11,2448,50.8
2013-07-12,2448,51.72
2013-07-15,2448,50.98
2013-07-16,2448,50.15
2013-07-17,2448,50.15
2013-07-18,2448,48.23
2013-07-19,2448,48.69
2013-07-22,2448,48.51
2013-07-23,2448,49.91
2013-07-24,2448,48.88
2013-07-25,2448,48.97
2013-07-26,2448,48.88
2013-07-29,2448,48.23
2013-07-30,2448,48.88
2013-07-31,2448,46.64
2013-07-01,2449,12.24
2013-07-02,2449,12.29
2013-07-03,2449,12.05
2013-07-04,2449,12.05
2013-07-05,2449,12.19
2013-07-08,2449,12.29
2013-07-09,2449,12.16
2013-07-10,2449,12.27
2013-07-11,2449,12.55
2013-07-12,2449,12.32
2013-07-15,2449,12.07
2013-07-16,2449,11.9
2013-07-17,2449,12.24
2013-07-18,2449,12.18
2013-07-19,2449,11.42
2013-07-22,2449,11.12
2013-07-23,2449,11.62
2013-07-24,2449,11.73
2013-07-25,2449,11.93
2013-07-26,2449,11.93
2013-07-29,2449,11.59
2013-07-30,2449,11.54
2013-07-31,2449,11.23
2013-07-01,2450,50.83
2013-07-02,2450,50.52
2013-07-03,2450,50.52
2013-07-04,2450,50.52
2013-07-05,2450,51.2
2013-07-08,2450,50.52
2013-07-09,2450,50.52
2013-07-10,2450,50.52
2013-07-11,2450,52.28
2013-07-12,2450,51.77
2013-07-15,2450,53.32
2013-07-16,2450,53.84
2013-07-17,2450,52.54
2013-07-18,2450,51.77
2013-07-19,2450,51.61
2013-07-22,2450,52.54
2013-07-23,2450,53.32
2013-07-24,2450,53.58
2013-07-25,2450,53.58
2013-07-26,2450,52.54
2013-07-29,2450,52.03
2013-07-30,2450,52.8
2013-07-31,2450,52.03
2013-07-01,2451,43.41
2013-07-02,2451,44.45
2013-07-03,2451,43.68
2013-07-04,2451,41.98
2013-07-05,2451,41.64
2013-07-08,2451,42.71
2013-07-09,2451,41.93
2013-07-10,2451,42.03
2013-07-11,2451,42.27
2013-07-12,2451,43.1
2013-07-15,2451,43.58
2013-07-16,2451,43.68
2013-07-17,2451,44.21
2013-07-18,2451,43.82
2013-07-19,2451,44.16
2013-07-22,2451,44.06
2013-07-23,2451,44.06
2013-07-24,2451,43.58
2013-07-25,2451,42.32
2013-07-26,2451,42.85
2013-07-29,2451,41.98
2013-07-30,2451,42.47
2013-07-31,2451,42.13
2013-07-01,2453,6.52
2013-07-02,2453,6.52
2013-07-03,2453,6.46
2013-07-04,2453,6.46
2013-07-05,2453,6.43
2013-07-08,2453,6.38
2013-07-09,2453,6.38
2013-07-10,2453,6.46
2013-07-11,2453,6.52
2013-07-12,2453,6.55
2013-07-15,2453,6.49
2013-07-16,2453,6.49
2013-07-17,2453,6.49
2013-07-18,2453,6.49
2013-07-19,2453,6.46
2013-07-22,2453,6.46
2013-07-23,2453,6.49
2013-07-24,2453,6.58
2013-07-25,2453,6.52
2013-07-26,2453,6.52
2013-07-29,2453,6.49
2013-07-30,2453,6.58
2013-07-31,2453,6.58
2013-07-01,2454,192.88
2013-07-02,2454,190.93
2013-07-03,2454,187.57
2013-07-04,2454,184.5
2013-07-05,2454,193.16
2013-07-08,2454,195.12
2013-07-09,2454,197.63
2013-07-10,2454,196.52
2013-07-11,2454,195.68
2013-07-12,2454,201.27
2013-07-15,2454,200.15
2013-07-16,2454,200.44
2013-07-17,2454,194.99
2013-07-18,2454,189.83
2013-07-19,2454,184.95
2013-07-22,2454,189.54
2013-07-23,2454,197.0
2013-07-24,2454,198.72
2013-07-25,2454,203.59
2013-07-26,2454,205.31
2013-07-29,2454,207.03
2013-07-30,2454,203.88
2013-07-31,2454,206.46
2013-07-01,2455,29.33
2013-07-02,2455,29.37
2013-07-03,2455,29.02
2013-07-04,2455,28.29
2013-07-05,2455,28.33
2013-07-08,2455,27.47
2013-07-09,2455,27.47
2013-07-10,2455,27.81
2013-07-11,2455,28.29
2013-07-12,2455,28.42
2013-07-15,2455,28.59
2013-07-16,2455,28.68
2013-07-17,2455,29.28
2013-07-18,2455,29.28
2013-07-19,2455,29.24
2013-07-22,2455,30.19
2013-07-23,2455,30.06
2013-07-24,2455,30.15
2013-07-25,2455,30.84
2013-07-26,2455,30.32
2013-07-29,2455,30.23
2013-07-30,2455,30.06
2013-07-31,2455,29.97
2013-07-01,2456,19.14
2013-07-02,2456,19.08
2013-07-03,2456,18.91
2013-07-04,2456,18.85
2013-07-05,2456,18.91
2013-07-08,2456,18.79
2013-07-09,2456,18.85
2013-07-10,2456,18.85
2013-07-11,2456,19.08
2013-07-12,2456,19.02
2013-07-15,2456,19.19
2013-07-16,2456,19.71
2013-07-17,2456,19.94
2013-07-18,2456,19.48
2013-07-19,2456,19.19
2013-07-22,2456,19.19
2013-07-23,2456,19.42
2013-07-24,2456,19.42
2013-07-25,2456,19.6
2013-07-26,2456,19.42
2013-07-29,2456,19.48
2013-07-30,2456,19.54
2013-07-31,2456,19.31
2013-07-01,2457,17.44
2013-07-02,2457,17.56
2013-07-03,2457,17.27
2013-07-04,2457,17.27
2013-07-05,2457,17.31
2013-07-08,2457,17.01
2013-07-09,2457,17.1
2013-07-10,2457,16.97
2013-07-11,2457,17.14
2013-07-12,2457,17.1
2013-07-15,2457,17.22
2013-07-16,2457,17.39
2013-07-17,2457,17.69
2013-07-18,2457,17.33
2013-07-19,2457,16.98
2013-07-22,2457,16.98
2013-07-23,2457,17.86
2013-07-24,2457,18.0
2013-07-25,2457,17.91
2013-07-26,2457,17.78
2013-07-29,2457,17.56
2013-07-30,2457,17.64
2013-07-31,2457,16.94
2013-07-01,2458,49.57
2013-07-02,2458,48.78
2013-07-03,2458,46.51
2013-07-04,2458,45.66
2013-07-05,2458,43.45
2013-07-08,2458,45.16
2013-07-09,2458,45.23
2013-07-10,2458,44.98
2013-07-11,2458,45.57
2013-07-12,2458,44.76
2013-07-15,2458,45.12
2013-07-16,2458,46.38
2013-07-17,2458,45.64
2013-07-18,2458,43.72
2013-07-19,2458,40.7
2013-07-22,2458,40.85
2013-07-23,2458,42.1
2013-07-24,2458,41.73
2013-07-25,2458,41.88
2013-07-26,2458,43.57
2013-07-29,2458,41.81
2013-07-30,2458,42.4
2013-07-31,2458,41.51
2013-07-01,2459,13.85
2013-07-02,2459,13.85
2013-07-03,2459,13.75
2013-07-04,2459,13.72
2013-07-05,2459,13.75
2013-07-08,2459,13.7
2013-07-09,2459,13.72
2013-07-10,2459,13.75
2013-07-11,2459,13.9
2013-07-12,2459,14.0
2013-07-15,2459,14.0
2013-07-16,2459,14.03
2013-07-17,2459,14.16
2013-07-18,2459,14.13
2013-07-19,2459,14.03
2013-07-22,2459,14.13
2013-07-23,2459,14.49
2013-07-24,2459,14.66
2013-07-25,2459,14.66
2013-07-26,2459,14.56
2013-07-29,2459,14.61
2013-07-30,2459,14.64
2013-07-31,2459,14.64
2013-07-01,2460,10.59
2013-07-02,2460,10.36
2013-07-03,2460,10.31
2013-07-04,2460,10.36
2013-07-05,2460,10.4
2013-07-08,2460,10.31
2013-07-09,2460,10.59
2013-07-10,2460,10.45
2013-07-11,2460,10.45
2013-07-12,2460,10.4
2013-07-15,2460,10.45
2013-07-16,2460,10.54
2013-07-17,2460,10.5
2013-07-18,2460,10.36
2013-07-19,2460,10.36
2013-07-22,2460,10.4
2013-07-23,2460,10.45
2013-07-24,2460,10.5
2013-07-25,2460,11.2
2013-07-26,2460,10.96
2013-07-29,2460,11.43
2013-07-30,2460,11.39
2013-07-31,2460,11.2
2013-07-01,2461,10.73
2013-07-02,2461,10.97
2013-07-03,2461,10.82
2013-07-04,2461,11.11
2013-07-05,2461,11.11
2013-07-08,2461,11.11
2013-07-09,2461,10.85
2013-07-10,2461,10.32
2013-07-11,2461,10.2
2013-07-12,2461,10.23
2013-07-15,2461,10.41
2013-07-16,2461,10.58
2013-07-17,2461,10.74
2013-07-18,2461,10.68
2013-07-19,2461,10.65
2013-07-22,2461,10.68
2013-07-23,2461,10.8
2013-07-24,2461,10.8
2013-07-25,2461,10.74
2013-07-26,2461,10.77
2013-07-29,2461,10.83
2013-07-30,2461,10.83
2013-07-31,2461,10.68
2013-07-01,2462,17.13
2013-07-02,2462,17.07
2013-07-03,2462,17.1
2013-07-04,2462,17.04
2013-07-05,2462,17.1
2013-07-08,2462,17.1
2013-07-09,2462,17.1
2013-07-10,2462,17.04
2013-07-11,2462,16.93
2013-07-12,2462,16.98
2013-07-15,2462,17.13
2013-07-16,2462,17.13
2013-07-17,2462,17.4
2013-07-18,2462,17.4
2013-07-19,2462,17.25
2013-07-22,2462,17.06
2013-07-23,2462,16.89
2013-07-24,2462,16.96
2013-07-25,2462,16.93
2013-07-26,2462,16.89
2013-07-29,2462,16.57
2013-07-30,2462,16.28
2013-07-31,2462,15.73
2013-07-01,2464,11.73
2013-07-02,2464,11.78
2013-07-03,2464,11.78
2013-07-04,2464,12.01
2013-07-05,2464,11.8
2013-07-08,2464,11.75
2013-07-09,2464,11.83
2013-07-10,2464,11.86
2013-07-11,2464,11.83
2013-07-12,2464,11.8
2013-07-15,2464,12.09
2013-07-16,2464,12.58
2013-07-17,2464,12.34
2013-07-18,2464,12.17
2013-07-19,2464,11.9
2013-07-22,2464,12.2
2013-07-23,2464,12.15
2013-07-24,2464,12.26
2013-07-25,2464,12.28
2013-07-26,2464,12.23
2013-07-29,2464,12.12
2013-07-30,2464,12.2
2013-07-31,2464,12.15
2013-07-01,2465,9.29
2013-07-02,2465,9.2
2013-07-03,2465,9.06
2013-07-04,2465,9.08
2013-07-05,2465,9.04
2013-07-08,2465,8.94
2013-07-09,2465,8.99
2013-07-10,2465,8.88
2013-07-11,2465,9.02
2013-07-12,2465,9.06
2013-07-15,2465,9.02
2013-07-16,2465,9.09
2013-07-17,2465,8.99
2013-07-18,2465,9.01
2013-07-19,2465,9.02
2013-07-22,2465,8.92
2013-07-23,2465,8.99
2013-07-24,2465,8.92
2013-07-25,2465,8.94
2013-07-26,2465,9.55
2013-07-29,2465,10.21
2013-07-30,2465,10.21
2013-07-31,2465,9.91
2013-07-01,2466,26.87
2013-07-02,2466,26.91
2013-07-03,2466,26.91
2013-07-04,2466,26.96
2013-07-05,2466,27.09
2013-07-08,2466,27.13
2013-07-09,2466,27.31
2013-07-10,2466,27.4
2013-07-11,2466,27.58
2013-07-12,2466,27.67
2013-07-15,2466,27.8
2013-07-16,2466,27.84
2013-07-17,2466,27.89
2013-07-18,2466,27.98
2013-07-19,2466,27.8
2013-07-22,2466,27.44
2013-07-23,2466,27.49
2013-07-24,2466,27.49
2013-07-25,2466,27.49
2013-07-26,2466,27.53
2013-07-29,2466,27.53
2013-07-30,2466,27.58
2013-07-31,2466,27.53
2013-07-01,2467,10.46
2013-07-02,2467,10.49
2013-07-03,2467,10.44
2013-07-04,2467,10.39
2013-07-05,2467,10.49
2013-07-08,2467,10.51
2013-07-09,2467,10.44
2013-07-10,2467,10.44
2013-07-11,2467,10.46
2013-07-12,2467,10.62
2013-07-15,2467,10.67
2013-07-16,2467,10.8
2013-07-17,2467,10.88
2013-07-18,2467,10.72
2013-07-19,2467,10.67
2013-07-22,2467,10.75
2013-07-23,2467,10.8
2013-07-24,2467,10.83
2013-07-25,2467,10.98
2013-07-26,2467,10.83
2013-07-29,2467,10.78
2013-07-30,2467,10.8
2013-07-31,2467,10.72
2013-07-01,2468,6.73
2013-07-02,2468,6.7
2013-07-03,2468,6.69
2013-07-04,2468,6.71
2013-07-05,2468,6.74
2013-07-08,2468,6.78
2013-07-09,2468,6.72
2013-07-10,2468,6.72
2013-07-11,2468,6.74
2013-07-12,2468,6.76
2013-07-15,2468,6.79
2013-07-16,2468,6.89
2013-07-17,2468,6.83
2013-07-18,2468,6.78
2013-07-19,2468,6.85
2013-07-22,2468,6.76
2013-07-23,2468,6.75
2013-07-24,2468,6.8
2013-07-25,2468,6.85
2013-07-26,2468,6.8
2013-07-29,2468,6.82
2013-07-30,2468,6.84
2013-07-31,2468,6.73
2013-07-01,2471,8.74
2013-07-02,2471,8.86
2013-07-03,2471,8.74
2013-07-04,2471,8.69
2013-07-05,2471,8.74
2013-07-08,2471,8.65
2013-07-09,2471,8.62
2013-07-10,2471,8.81
2013-07-11,2471,8.81
2013-07-12,2471,8.83
2013-07-15,2471,8.81
2013-07-16,2471,8.93
2013-07-17,2471,8.88
2013-07-18,2471,9.0
2013-07-19,2471,8.86
2013-07-22,2471,8.86
2013-07-23,2471,8.83
2013-07-24,2471,8.93
2013-07-25,2471,8.97
2013-07-26,2471,9.13
2013-07-29,2471,9.04
2013-07-30,2471,9.16
2013-07-31,2471,9.09
2013-07-01,2472,9.5
2013-07-02,2472,9.44
2013-07-03,2472,9.34
2013-07-04,2472,9.34
2013-07-05,2472,9.44
2013-07-08,2472,9.34
2013-07-09,2472,9.44
2013-07-10,2472,9.4
2013-07-11,2472,9.38
2013-07-12,2472,9.32
2013-07-15,2472,9.92
2013-07-16,2472,10.17
2013-07-17,2472,10.26
2013-07-18,2472,10.2
2013-07-19,2472,10.59
2013-07-22,2472,10.66
2013-07-23,2472,10.53
2013-07-24,2472,11.26
2013-07-25,2472,11.17
2013-07-26,2472,11.26
2013-07-29,2472,10.84
2013-07-30,2472,10.78
2013-07-31,2472,10.93
2013-07-01,2474,91.84
2013-07-02,2474,88.97
2013-07-03,2474,85.53
2013-07-04,2474,83.23
2013-07-05,2474,87.25
2013-07-08,2474,84.09
2013-07-09,2474,83.52
2013-07-10,2474,84.09
2013-07-11,2474,84.95
2013-07-12,2474,85.82
2013-07-15,2474,84.95
2013-07-16,2474,85.24
2013-07-17,2474,85.53
2013-07-18,2474,83.23
2013-07-19,2474,77.49
2013-07-22,2474,78.07
2013-07-23,2474,78.07
2013-07-24,2474,77.78
2013-07-25,2474,79.21
2013-07-26,2474,79.21
2013-07-29,2474,78.07
2013-07-30,2474,79.5
2013-07-31,2474,74.62
2013-07-01,2475,1.89
2013-07-02,2475,1.89
2013-07-03,2475,1.9
2013-07-04,2475,1.88
2013-07-05,2475,1.84
2013-07-08,2475,1.83
2013-07-09,2475,1.82
2013-07-10,2475,1.78
2013-07-11,2475,1.78
2013-07-12,2475,1.71
2013-07-15,2475,1.74
2013-07-16,2475,1.77
2013-07-17,2475,1.75
2013-07-18,2475,1.66
2013-07-19,2475,1.63
2013-07-22,2475,1.68
2013-07-23,2475,1.64
2013-07-24,2475,1.53
2013-07-25,2475,1.43
2013-07-26,2475,1.43
2013-07-29,2475,1.41
2013-07-30,2475,1.48
2013-07-31,2475,1.56
2013-07-01,2476,10.81
2013-07-02,2476,10.87
2013-07-03,2476,10.71
2013-07-04,2476,10.78
2013-07-05,2476,10.84
2013-07-08,2476,10.78
2013-07-09,2476,10.78
2013-07-10,2476,10.75
2013-07-11,2476,10.91
2013-07-12,2476,10.91
2013-07-15,2476,10.94
2013-07-16,2476,10.87
2013-07-17,2476,10.84
2013-07-18,2476,10.87
2013-07-19,2476,10.81
2013-07-22,2476,10.75
2013-07-23,2476,10.84
2013-07-24,2476,10.84
2013-07-25,2476,10.87
2013-07-26,2476,11.04
2013-07-29,2476,11.47
2013-07-30,2476,11.36
2013-07-31,2476,11.36
2013-07-01,2477,7.95
2013-07-02,2477,7.98
2013-07-03,2477,8.01
2013-07-04,2477,8.11
2013-07-05,2477,7.98
2013-07-08,2477,7.95
2013-07-09,2477,7.98
2013-07-10,2477,7.95
2013-07-11,2477,8.01
2013-07-12,2477,7.89
2013-07-15,2477,7.92
2013-07-16,2477,7.95
2013-07-17,2477,8.01
2013-07-18,2477,7.95
2013-07-19,2477,7.95
2013-07-22,2477,7.95
2013-07-23,2477,8.49
2013-07-24,2477,9.06
2013-07-25,2477,9.66
2013-07-26,2477,10.33
2013-07-29,2477,10.43
2013-07-30,2477,10.55
2013-07-31,2477,10.84
2013-07-01,2478,16.08
2013-07-02,2478,16.08
2013-07-03,2478,15.99
2013-07-04,2478,15.84
2013-07-05,2478,15.78
2013-07-08,2478,15.73
2013-07-09,2478,15.73
2013-07-10,2478,15.63
2013-07-11,2478,15.68
2013-07-12,2478,15.84
2013-07-15,2478,15.93
2013-07-16,2478,16.19
2013-07-17,2478,16.04
2013-07-18,2478,15.99
2013-07-19,2478,15.88
2013-07-22,2478,15.68
2013-07-23,2478,15.73
2013-07-24,2478,15.93
2013-07-25,2478,15.93
2013-07-26,2478,15.93
2013-07-29,2478,15.99
2013-07-30,2478,15.93
2013-07-31,2478,15.78
2013-07-01,2480,13.98
2013-07-02,2480,14.03
2013-07-03,2480,13.98
2013-07-04,2480,13.87
2013-07-05,2480,13.92
2013-07-08,2480,13.87
2013-07-09,2480,13.7
2013-07-10,2480,13.62
2013-07-11,2480,13.65
2013-07-12,2480,13.67
2013-07-15,2480,13.67
2013-07-16,2480,13.82
2013-07-17,2480,13.82
2013-07-18,2480,13.73
2013-07-19,2480,13.67
2013-07-22,2480,13.88
2013-07-23,2480,13.88
2013-07-24,2480,13.76
2013-07-25,2480,13.85
2013-07-26,2480,13.82
2013-07-29,2480,13.79
2013-07-30,2480,13.85
2013-07-31,2480,13.9
2013-07-01,2481,9.06
2013-07-02,2481,8.98
2013-07-03,2481,8.83
2013-07-04,2481,8.87
2013-07-05,2481,9.45
2013-07-08,2481,9.22
2013-07-09,2481,9.34
2013-07-10,2481,9.38
2013-07-11,2481,9.5
2013-07-12,2481,9.45
2013-07-15,2481,9.53
2013-07-16,2481,9.42
2013-07-17,2481,9.34
2013-07-18,2481,9.14
2013-07-19,2481,9.06
2013-07-22,2481,9.1
2013-07-23,2481,9.18
2013-07-24,2481,9.14
2013-07-25,2481,9.62
2013-07-26,2481,9.34
2013-07-29,2481,9.22
2013-07-30,2481,9.14
2013-07-31,2481,8.95
2013-07-01,2482,10.7
2013-07-02,2482,10.7
2013-07-03,2482,10.61
2013-07-04,2482,10.57
2013-07-05,2482,10.61
2013-07-08,2482,10.48
2013-07-09,2482,10.52
2013-07-10,2482,10.43
2013-07-11,2482,10.26
2013-07-12,2482,10.26
2013-07-15,2482,10.26
2013-07-16,2482,10.17
2013-07-17,2482,10.3
2013-07-18,2482,10.21
2013-07-19,2482,10.21
2013-07-22,2482,10.35
2013-07-23,2482,10.39
2013-07-24,2482,10.39
2013-07-25,2482,10.3
2013-07-26,2482,10.39
2013-07-29,2482,10.21
2013-07-30,2482,10.3
2013-07-31,2482,10.26
2013-07-01,2483,6.84
2013-07-02,2483,6.89
2013-07-03,2483,6.89
2013-07-04,2483,6.92
2013-07-05,2483,7.03
2013-07-08,2483,6.81
2013-07-09,2483,6.73
2013-07-10,2483,6.78
2013-07-11,2483,6.86
2013-07-12,2483,6.86
2013-07-15,2483,6.86
2013-07-16,2483,6.89
2013-07-17,2483,6.89
2013-07-18,2483,6.89
2013-07-19,2483,6.86
2013-07-22,2483,6.86
2013-07-23,2483,6.84
2013-07-24,2483,6.86
2013-07-25,2483,6.86
2013-07-26,2483,6.89
2013-07-29,2483,6.86
2013-07-30,2483,6.89
2013-07-31,2483,6.86
2013-07-01,2484,6.85
2013-07-02,2484,6.85
2013-07-03,2484,6.65
2013-07-04,2484,6.54
2013-07-05,2484,6.65
2013-07-08,2484,6.54
2013-07-09,2484,6.54
2013-07-10,2484,6.37
2013-07-11,2484,6.57
2013-07-12,2484,6.85
2013-07-15,2484,6.85
2013-07-16,2484,6.8
2013-07-17,2484,6.8
2013-07-18,2484,6.65
2013-07-19,2484,6.65
2013-07-22,2484,6.88
2013-07-23,2484,7.0
2013-07-24,2484,7.17
2013-07-25,2484,7.14
2013-07-26,2484,7.17
2013-07-29,2484,7.08
2013-07-30,2484,7.49
2013-07-31,2484,7.4
2013-07-01,2485,18.91
2013-07-02,2485,19.02
2013-07-03,2485,18.83
2013-07-04,2485,18.8
2013-07-05,2485,18.95
2013-07-08,2485,18.8
2013-07-09,2485,18.83
2013-07-10,2485,18.83
2013-07-11,2485,18.76
2013-07-12,2485,18.83
2013-07-15,2485,18.99
2013-07-16,2485,19.55
2013-07-17,2485,19.71
2013-07-18,2485,19.51
2013-07-19,2485,19.51
2013-07-22,2485,19.59
2013-07-23,2485,19.91
2013-07-24,2485,19.95
2013-07-25,2485,19.95
2013-07-26,2485,21.35
2013-07-29,2485,21.31
2013-07-30,2485,20.95
2013-07-31,2485,20.71
2013-07-01,2486,15.84
2013-07-02,2486,16.12
2013-07-03,2486,16.12
2013-07-04,2486,15.84
2013-07-05,2486,15.63
2013-07-08,2486,15.67
2013-07-09,2486,15.59
2013-07-10,2486,15.79
2013-07-11,2486,15.75
2013-07-12,2486,15.59
2013-07-15,2486,15.75
2013-07-16,2486,15.67
2013-07-17,2486,15.75
2013-07-18,2486,15.42
2013-07-19,2486,15.18
2013-07-22,2486,15.51
2013-07-23,2486,15.67
2013-07-24,2486,15.55
2013-07-25,2486,15.55
2013-07-26,2486,15.59
2013-07-29,2486,15.42
2013-07-30,2486,15.38
2013-07-31,2486,14.91
2013-07-01,2488,9.03
2013-07-02,2488,9.06
2013-07-03,2488,9.33
2013-07-04,2488,9.28
2013-07-05,2488,9.28
2013-07-08,2488,8.93
2013-07-09,2488,9.03
2013-07-10,2488,8.89
2013-07-11,2488,8.81
2013-07-12,2488,8.96
2013-07-15,2488,9.29
2013-07-16,2488,9.39
2013-07-17,2488,9.24
2013-07-18,2488,9.21
2013-07-19,2488,9.19
2013-07-22,2488,9.29
2013-07-23,2488,9.92
2013-07-24,2488,10.6
2013-07-25,2488,11.08
2013-07-26,2488,11.01
2013-07-29,2488,11.77
2013-07-30,2488,11.74
2013-07-31,2488,11.72
2013-07-01,2489,15.74
2013-07-02,2489,15.71
2013-07-03,2489,15.61
2013-07-04,2489,15.64
2013-07-05,2489,15.64
2013-07-08,2489,15.71
2013-07-09,2489,15.58
2013-07-10,2489,15.55
2013-07-11,2489,15.49
2013-07-12,2489,15.61
2013-07-15,2489,15.71
2013-07-16,2489,15.8
2013-07-17,2489,15.8
2013-07-18,2489,15.8
2013-07-19,2489,15.8
2013-07-22,2489,15.87
2013-07-23,2489,15.9
2013-07-24,2489,15.9
2013-07-25,2489,15.56
2013-07-26,2489,15.36
2013-07-29,2489,15.28
2013-07-30,2489,15.28
2013-07-31,2489,14.65
2013-07-01,2491,2.57
2013-07-02,2491,2.5
2013-07-03,2491,2.49
2013-07-04,2491,2.39
2013-07-08,2491,2.18
2013-07-09,2491,2.22
2013-07-10,2491,2.08
2013-07-11,2491,1.95
2013-07-12,2491,2.08
2013-07-15,2491,2.02
2013-07-16,2491,2.13
2013-07-17,2491,2.04
2013-07-18,2491,2.05
2013-07-19,2491,2.08
2013-07-22,2491,2.13
2013-07-23,2491,2.26
2013-07-24,2491,2.2
2013-07-25,2491,2.07
2013-07-26,2491,2.03
2013-07-29,2491,2.03
2013-07-30,2491,2.0
2013-07-31,2491,2.1
2013-07-01,2492,6.4
2013-07-02,2492,6.4
2013-07-03,2492,6.33
2013-07-04,2492,6.32
2013-07-05,2492,6.35
2013-07-08,2492,6.3
2013-07-09,2492,6.3
2013-07-10,2492,6.29
2013-07-11,2492,6.3
2013-07-12,2492,6.33
2013-07-15,2492,6.4
2013-07-16,2492,6.4
2013-07-17,2492,6.38
2013-07-18,2492,6.31
2013-07-19,2492,6.23
2013-07-22,2492,6.32
2013-07-23,2492,6.36
2013-07-24,2492,6.58
2013-07-25,2492,6.54
2013-07-26,2492,6.49
2013-07-29,2492,6.43
2013-07-30,2492,6.44
2013-07-31,2492,6.4
2013-07-01,2493,11.14
2013-07-02,2493,11.1
2013-07-03,2493,11.08
2013-07-04,2493,11.04
2013-07-05,2493,11.1
2013-07-08,2493,11.1
2013-07-09,2493,11.08
2013-07-10,2493,11.02
2013-07-11,2493,11.12
2013-07-12,2493,11.23
2013-07-15,2493,11.23
2013-07-16,2493,11.21
2013-07-17,2493,11.12
2013-07-18,2493,11.1
2013-07-19,2493,10.91
2013-07-22,2493,10.91
2013-07-23,2493,11.04
2013-07-24,2493,11.17
2013-07-25,2493,11.26
2013-07-26,2493,11.21
2013-07-29,2493,10.97
2013-07-30,2493,10.91
2013-07-31,2493,10.88
2013-07-01,2495,10.44
2013-07-02,2495,10.4
2013-07-03,2495,10.26
2013-07-04,2495,10.19
2013-07-05,2495,10.26
2013-07-08,2495,10.16
2013-07-09,2495,10.16
2013-07-10,2495,10.16
2013-07-11,2495,10.06
2013-07-12,2495,10.16
2013-07-15,2495,10.09
2013-07-16,2495,10.23
2013-07-17,2495,10.19
2013-07-18,2495,10.37
2013-07-19,2495,10.16
2013-07-22,2495,10.16
2013-07-23,2495,10.26
2013-07-24,2495,10.23
2013-07-25,2495,10.3
2013-07-26,2495,10.48
2013-07-29,2495,10.76
2013-07-30,2495,10.62
2013-07-31,2495,10.51
2013-07-01,2496,29.43
2013-07-08,2496,27.39
2013-07-09,2496,27.51
2013-07-10,2496,28.79
2013-07-11,2496,30.39
2013-07-12,2496,31.99
2013-07-15,2496,32.31
2013-07-16,2496,31.99
2013-07-17,2496,30.39
2013-07-18,2496,31.67
2013-07-19,2496,31.99
2013-07-22,2496,31.99
2013-07-24,2496,31.99
2013-07-25,2496,31.96
2013-07-30,2496,31.67
2013-07-31,2496,31.99
2013-07-01,2497,24.34
2013-07-02,2497,24.58
2013-07-03,2497,24.1
2013-07-04,2497,24.3
2013-07-05,2497,26.0
2013-07-08,2497,27.62
2013-07-09,2497,27.82
2013-07-10,2497,28.22
2013-07-11,2497,28.1
2013-07-12,2497,28.14
2013-07-15,2497,30.08
2013-07-16,2497,30.73
2013-07-17,2497,30.65
2013-07-18,2497,30.16
2013-07-19,2497,28.91
2013-07-22,2497,30.69
2013-07-23,2497,30.45
2013-07-24,2497,30.77
2013-07-25,2497,30.24
2013-07-26,2497,30.65
2013-07-29,2497,30.32
2013-07-30,2497,29.91
2013-07-31,2497,29.95
2013-07-01,2498,224.23
2013-07-02,2498,212.1
2013-07-03,2498,201.42
2013-07-04,2498,195.11
2013-07-05,2498,197.05
2013-07-08,2498,183.46
2013-07-09,2498,182.98
2013-07-10,2498,185.4
2013-07-11,2498,187.83
2013-07-12,2498,185.89
2013-07-15,2498,186.37
2013-07-16,2498,186.86
2013-07-17,2498,187.83
2013-07-18,2498,175.7
2013-07-19,2498,163.56
2013-07-22,2498,163.56
2013-07-23,2498,172.4
2013-07-24,2498,167.49
2013-07-25,2498,173.39
2013-07-26,2498,171.91
2013-07-29,2498,165.53
2013-07-30,2498,167.98
2013-07-31,2498,156.69
2013-07-01,2499,23.78
2013-07-02,2499,23.87
2013-07-03,2499,23.42
2013-07-04,2499,23.42
2013-07-05,2499,23.15
2013-07-08,2499,22.67
2013-07-09,2499,22.62
2013-07-10,2499,22.49
2013-07-11,2499,22.75
2013-07-12,2499,22.8
2013-07-15,2499,23.07
2013-07-16,2499,23.51
2013-07-17,2499,23.47
2013-07-18,2499,22.8
2013-07-19,2499,22.62
2013-07-22,2499,22.71
2013-07-23,2499,22.71
2013-07-24,2499,22.62
2013-07-25,2499,22.58
2013-07-26,2499,22.22
2013-07-29,2499,21.33
2013-07-30,2499,21.15
2013-07-31,2499,20.75
2013-07-01,2501,12.12
2013-07-02,2501,12.07
2013-07-03,2501,12.17
2013-07-04,2501,12.07
2013-07-05,2501,12.0
2013-07-08,2501,11.7
2013-07-09,2501,12.5
2013-07-10,2501,12.6
2013-07-11,2501,13.24
2013-07-12,2501,13.47
2013-07-15,2501,13.27
2013-07-16,2501,14.04
2013-07-17,2501,14.61
2013-07-18,2501,14.91
2013-07-19,2501,14.31
2013-07-22,2501,14.34
2013-07-23,2501,14.44
2013-07-24,2501,14.34
2013-07-25,2501,14.24
2013-07-26,2501,14.24
2013-07-29,2501,13.64
2013-07-30,2501,13.74
2013-07-31,2501,14.34
2013-07-01,2504,8.15
2013-07-02,2504,8.08
2013-07-03,2504,8.05
2013-07-04,2504,8.08
2013-07-05,2504,8.08
2013-07-08,2504,8.05
2013-07-09,2504,8.12
2013-07-10,2504,8.31
2013-07-11,2504,8.35
2013-07-12,2504,8.31
2013-07-15,2504,8.31
2013-07-16,2504,8.35
2013-07-17,2504,8.52
2013-07-18,2504,8.42
2013-07-19,2504,8.42
2013-07-22,2504,8.35
2013-07-23,2504,8.35
2013-07-24,2504,8.31
2013-07-25,2504,8.28
2013-07-26,2504,8.24
2013-07-29,2504,8.14
2013-07-30,2504,8.18
2013-07-31,2504,8.21
2013-07-01,2505,23.33
2013-07-02,2505,23.38
2013-07-03,2505,23.16
2013-07-04,2505,23.11
2013-07-05,2505,23.0
2013-07-08,2505,22.78
2013-07-09,2505,22.89
2013-07-10,2505,22.89
2013-07-11,2505,23.27
2013-07-12,2505,23.44
2013-07-15,2505,23.44
2013-07-16,2505,24.11
2013-07-17,2505,24.56
2013-07-18,2505,24.06
2013-07-19,2505,23.84
2013-07-22,2505,24.0
2013-07-23,2505,24.0
2013-07-24,2505,24.0
2013-07-25,2505,24.0
2013-07-26,2505,23.56
2013-07-29,2505,22.89
2013-07-30,2505,23.0
2013-07-31,2505,23.0
2013-07-01,2506,7.16
2013-07-02,2506,7.19
2013-07-03,2506,7.09
2013-07-04,2506,7.07
2013-07-05,2506,7.16
2013-07-08,2506,7.05
2013-07-09,2506,7.06
2013-07-10,2506,7.06
2013-07-11,2506,7.3
2013-07-12,2506,7.2
2013-07-15,2506,7.25
2013-07-16,2506,7.47
2013-07-17,2506,7.6
2013-07-18,2506,7.55
2013-07-19,2506,7.51
2013-07-22,2506,7.51
2013-07-23,2506,7.51
2013-07-24,2506,7.47
2013-07-25,2506,7.39
2013-07-26,2506,7.37
2013-07-29,2506,7.28
2013-07-30,2506,7.27
2013-07-31,2506,7.25
2013-07-01,2509,9.78
2013-07-02,2509,9.8
2013-07-03,2509,9.8
2013-07-04,2509,9.83
2013-07-05,2509,9.76
2013-07-08,2509,9.69
2013-07-09,2509,9.76
2013-07-10,2509,9.74
2013-07-11,2509,9.85
2013-07-12,2509,9.85
2013-07-15,2509,9.85
2013-07-16,2509,10.47
2013-07-17,2509,10.29
2013-07-18,2509,10.22
2013-07-19,2509,10.27
2013-07-22,2509,10.2
2013-07-23,2509,10.18
2013-07-24,2509,10.27
2013-07-25,2509,10.29
2013-07-26,2509,10.2
2013-07-29,2509,10.16
2013-07-30,2509,10.22
2013-07-31,2509,10.2
2013-07-01,2511,9.6
2013-07-02,2511,9.69
2013-07-03,2511,9.74
2013-07-04,2511,9.57
2013-07-05,2511,9.69
2013-07-08,2511,9.57
2013-07-09,2511,9.79
2013-07-10,2511,9.69
2013-07-11,2511,9.83
2013-07-12,2511,9.83
2013-07-15,2511,9.98
2013-07-16,2511,10.0
2013-07-17,2511,10.03
2013-07-18,2511,9.98
2013-07-19,2511,9.86
2013-07-22,2511,10.03
2013-07-23,2511,9.93
2013-07-24,2511,9.88
2013-07-25,2511,9.88
2013-07-26,2511,9.86
2013-07-29,2511,9.83
2013-07-30,2511,9.83
2013-07-31,2511,9.88
2013-07-01,2514,19.64
2013-07-02,2514,19.74
2013-07-03,2514,19.74
2013-07-04,2514,19.4
2013-07-05,2514,19.4
2013-07-08,2514,19.4
2013-07-09,2514,19.4
2013-07-10,2514,19.54
2013-07-11,2514,20.03
2013-07-12,2514,19.69
2013-07-15,2514,19.64
2013-07-16,2514,19.54
2013-07-17,2514,19.45
2013-07-18,2514,19.45
2013-07-19,2514,19.5
2013-07-22,2514,19.64
2013-07-23,2514,19.54
2013-07-24,2514,19.45
2013-07-25,2514,19.4
2013-07-26,2514,19.4
2013-07-29,2514,19.4
2013-07-30,2514,19.2
2013-07-31,2514,19.4
2013-07-01,2515,5.65
2013-07-02,2515,5.63
2013-07-03,2515,5.57
2013-07-04,2515,5.56
2013-07-05,2515,5.56
2013-07-08,2515,5.54
2013-07-09,2515,5.56
2013-07-10,2515,5.56
2013-07-11,2515,5.67
2013-07-12,2515,5.66
2013-07-15,2515,5.67
2013-07-16,2515,5.68
2013-07-17,2515,5.74
2013-07-18,2515,5.67
2013-07-19,2515,5.61
2013-07-22,2515,5.61
2013-07-23,2515,5.65
2013-07-24,2515,5.66
2013-07-25,2515,5.65
2013-07-26,2515,5.65
2013-07-29,2515,5.69
2013-07-30,2515,5.67
2013-07-31,2515,5.75
2013-07-01,2516,7.28
2013-07-02,2516,7.28
2013-07-03,2516,7.32
2013-07-04,2516,7.32
2013-07-05,2516,7.32
2013-07-08,2516,7.27
2013-07-09,2516,7.26
2013-07-10,2516,7.27
2013-07-11,2516,7.36
2013-07-12,2516,7.34
2013-07-15,2516,7.34
2013-07-16,2516,7.34
2013-07-17,2516,7.34
2013-07-18,2516,7.34
2013-07-19,2516,7.54
2013-07-22,2516,7.43
2013-07-23,2516,7.4
2013-07-24,2516,7.39
2013-07-25,2516,7.37
2013-07-26,2516,7.39
2013-07-29,2516,7.31
2013-07-30,2516,7.31
2013-07-31,2516,7.31
2013-07-01,2520,18.38
2013-07-02,2520,18.14
2013-07-03,2520,18.33
2013-07-04,2520,18.3
2013-07-05,2520,17.7
2013-07-08,2520,17.92
2013-07-09,2520,19.05
2013-07-10,2520,18.79
2013-07-11,2520,19.83
2013-07-12,2520,20.46
2013-07-15,2520,20.17
2013-07-16,2520,21.04
2013-07-17,2520,21.35
2013-07-18,2520,21.64
2013-07-19,2520,21.52
2013-07-22,2520,21.52
2013-07-23,2520,23.0
2013-07-24,2520,24.41
2013-07-25,2520,24.14
2013-07-26,2520,23.03
2013-07-29,2520,22.26
2013-07-30,2520,22.48
2013-07-31,2520,22.76
2013-07-01,2524,24.66
2013-07-02,2524,24.61
2013-07-03,2524,24.18
2013-07-04,2524,24.1
2013-07-05,2524,23.97
2013-07-08,2524,23.76
2013-07-09,2524,24.44
2013-07-10,2524,24.57
2013-07-11,2524,24.91
2013-07-12,2524,24.7
2013-07-15,2524,24.87
2013-07-16,2524,25.26
2013-07-17,2524,25.17
2013-07-18,2524,24.79
2013-07-19,2524,25.13
2013-07-22,2524,24.96
2013-07-23,2524,24.96
2013-07-24,2524,24.79
2013-07-25,2524,24.96
2013-07-26,2524,24.91
2013-07-29,2524,24.79
2013-07-30,2524,24.87
2013-07-31,2524,24.87
2013-07-01,2527,6.65
2013-07-02,2527,6.62
2013-07-03,2527,6.62
2013-07-04,2527,6.62
2013-07-05,2527,6.62
2013-07-08,2527,6.6
2013-07-09,2527,6.62
2013-07-10,2527,6.62
2013-07-11,2527,6.62
2013-07-12,2527,6.92
2013-07-15,2527,6.84
2013-07-16,2527,6.87
2013-07-17,2527,7.02
2013-07-18,2527,6.94
2013-07-19,2527,6.92
2013-07-22,2527,7.02
2013-07-23,2527,7.07
2013-07-24,2527,7.07
2013-07-25,2527,7.09
2013-07-26,2527,7.04
2013-07-29,2527,6.92
2013-07-30,2527,7.0
2013-07-31,2527,6.94
2013-07-01,2528,9.21
2013-07-02,2528,9.85
2013-07-03,2528,9.57
2013-07-04,2528,9.41
2013-07-05,2528,9.37
2013-07-08,2528,9.17
2013-07-09,2528,8.77
2013-07-10,2528,8.93
2013-07-11,2528,9.21
2013-07-12,2528,9.13
2013-07-15,2528,9.33
2013-07-16,2528,9.33
2013-07-17,2528,9.41
2013-07-18,2528,9.49
2013-07-19,2528,9.45
2013-07-22,2528,9.25
2013-07-23,2528,9.45
2013-07-24,2528,9.41
2013-07-25,2528,9.17
2013-07-26,2528,9.09
2013-07-29,2528,8.77
2013-07-30,2528,8.97
2013-07-31,2528,8.81
2013-07-01,2530,8.02
2013-07-02,2530,7.95
2013-07-03,2530,7.88
2013-07-04,2530,7.88
2013-07-05,2530,7.88
2013-07-08,2530,7.81
2013-07-09,2530,7.99
2013-07-10,2530,8.09
2013-07-11,2530,8.65
2013-07-12,2530,8.54
2013-07-15,2530,8.37
2013-07-16,2530,8.41
2013-07-17,2530,8.37
2013-07-18,2530,8.34
2013-07-19,2530,8.27
2013-07-22,2530,8.27
2013-07-23,2530,8.27
2013-07-24,2530,8.41
2013-07-25,2530,8.37
2013-07-26,2530,8.34
2013-07-29,2530,8.37
2013-07-30,2530,8.34
2013-07-31,2530,8.27
2013-07-01,2534,17.74
2013-07-02,2534,18.21
2013-07-03,2534,18.24
2013-07-04,2534,18.28
2013-07-05,2534,18.31
2013-07-08,2534,18.03
2013-07-09,2534,18.39
2013-07-10,2534,18.24
2013-07-11,2534,18.21
2013-07-12,2534,18.57
2013-07-15,2534,18.6
2013-07-16,2534,19.89
2013-07-17,2534,20.75
2013-07-18,2534,20.96
2013-07-19,2534,20.85
2013-07-22,2534,20.5
2013-07-23,2534,20.82
2013-07-24,2534,20.82
2013-07-25,2534,21.03
2013-07-26,2534,20.71
2013-07-29,2534,20.32
2013-07-30,2534,20.39
2013-07-31,2534,20.57
2013-07-01,2535,15.13
2013-07-02,2535,14.91
2013-07-03,2535,15.11
2013-07-04,2535,15.16
2013-07-05,2535,15.11
2013-07-08,2535,15.02
2013-07-09,2535,15.18
2013-07-10,2535,15.46
2013-07-11,2535,15.52
2013-07-12,2535,15.82
2013-07-15,2535,15.73
2013-07-16,2535,15.85
2013-07-17,2535,15.85
2013-07-18,2535,15.79
2013-07-19,2535,15.68
2013-07-22,2535,15.57
2013-07-23,2535,15.68
2013-07-24,2535,15.57
2013-07-25,2535,15.65
2013-07-26,2535,15.54
2013-07-29,2535,15.46
2013-07-30,2535,15.63
2013-07-31,2535,15.57
2013-07-01,2536,15.47
2013-07-02,2536,15.6
2013-07-03,2536,15.26
2013-07-04,2536,15.05
2013-07-05,2536,15.31
2013-07-08,2536,15.31
2013-07-09,2536,15.36
2013-07-10,2536,15.47
2013-07-11,2536,15.73
2013-07-12,2536,15.73
2013-07-15,2536,16.14
2013-07-16,2536,16.25
2013-07-17,2536,16.3
2013-07-18,2536,16.35
2013-07-19,2536,16.14
2013-07-22,2536,16.14
2013-07-23,2536,16.35
2013-07-24,2536,16.33
2013-07-25,2536,16.57
2013-07-26,2536,16.46
2013-07-29,2536,16.24
2013-07-30,2536,16.24
2013-07-31,2536,16.27
2013-07-01,2537,9.94
2013-07-02,2537,10.03
2013-07-03,2537,9.8
2013-07-04,2537,9.89
2013-07-05,2537,9.86
2013-07-08,2537,9.75
2013-07-09,2537,9.94
2013-07-10,2537,9.89
2013-07-11,2537,9.97
2013-07-12,2537,10.03
2013-07-15,2537,9.94
2013-07-16,2537,10.06
2013-07-17,2537,10.17
2013-07-18,2537,10.17
2013-07-19,2537,10.06
2013-07-22,2537,10.0
2013-07-23,2537,9.94
2013-07-24,2537,9.94
2013-07-25,2537,9.97
2013-07-26,2537,10.25
2013-07-29,2537,10.06
2013-07-30,2537,10.08
2013-07-31,2537,9.89
2013-07-01,2538,10.25
2013-07-02,2538,10.21
2013-07-03,2538,9.93
2013-07-04,2538,9.72
2013-07-05,2538,9.76
2013-07-08,2538,9.5
2013-07-09,2538,9.6
2013-07-10,2538,9.72
2013-07-11,2538,9.81
2013-07-12,2538,9.97
2013-07-15,2538,10.04
2013-07-16,2538,10.16
2013-07-17,2538,10.47
2013-07-18,2538,10.3
2013-07-19,2538,10.32
2013-07-22,2538,10.47
2013-07-23,2538,10.37
2013-07-24,2538,10.62
2013-07-25,2538,10.88
2013-07-26,2538,10.95
2013-07-29,2538,10.93
2013-07-30,2538,10.98
2013-07-31,2538,10.83
2013-07-01,2539,4.01
2013-07-02,2539,4.01
2013-07-03,2539,3.98
2013-07-04,2539,3.98
2013-07-05,2539,3.98
2013-07-08,2539,3.93
2013-07-09,2539,3.89
2013-07-10,2539,3.93
2013-07-11,2539,3.95
2013-07-12,2539,3.95
2013-07-15,2539,3.94
2013-07-16,2539,4.0
2013-07-17,2539,3.99
2013-07-18,2539,3.98
2013-07-19,2539,4.01
2013-07-22,2539,4.05
2013-07-23,2539,4.05
2013-07-24,2539,4.01
2013-07-25,2539,4.01
2013-07-26,2539,4.05
2013-07-29,2539,4.09
2013-07-30,2539,4.06
2013-07-31,2539,4.13
2013-07-01,2540,8.27
2013-07-02,2540,8.27
2013-07-03,2540,8.84
2013-07-04,2540,8.84
2013-07-05,2540,8.56
2013-07-08,2540,7.97
2013-07-09,2540,7.42
2013-07-12,2540,6.92
2013-07-15,2540,6.46
2013-07-16,2540,6.07
2013-07-17,2540,6.07
2013-07-18,2540,5.87
2013-07-19,2540,5.87
2013-07-22,2540,5.89
2013-07-25,2540,6.36
2013-07-26,2540,6.8
2013-07-29,2540,6.33
2013-07-01,2542,10.5
2013-07-02,2542,10.38
2013-07-03,2542,10.38
2013-07-04,2542,10.45
2013-07-05,2542,10.5
2013-07-08,2542,10.43
2013-07-09,2542,10.58
2013-07-10,2542,10.67
2013-07-11,2542,11.0
2013-07-12,2542,11.0
2013-07-15,2542,11.09
2013-07-16,2542,11.35
2013-07-17,2542,11.47
2013-07-18,2542,11.6
2013-07-19,2542,11.42
2013-07-22,2542,11.3
2013-07-23,2542,11.44
2013-07-24,2542,11.3
2013-07-25,2542,11.38
2013-07-26,2542,11.35
2013-07-29,2542,11.3
2013-07-30,2542,11.44
2013-07-31,2542,11.75
2013-07-01,2543,4.67
2013-07-02,2543,4.59
2013-07-03,2543,4.47
2013-07-04,2543,4.5
2013-07-05,2543,4.52
2013-07-08,2543,4.47
2013-07-09,2543,4.54
2013-07-10,2543,4.58
2013-07-11,2543,4.59
2013-07-12,2543,4.64
2013-07-15,2543,4.53
2013-07-16,2543,4.68
2013-07-17,2543,4.64
2013-07-18,2543,4.58
2013-07-19,2543,4.58
2013-07-22,2543,4.68
2013-07-23,2543,4.67
2013-07-24,2543,4.58
2013-07-25,2543,4.53
2013-07-26,2543,4.53
2013-07-30,2543,4.49
2013-07-31,2543,4.53
2013-07-01,2545,25.8
2013-07-02,2545,25.84
2013-07-03,2545,25.62
2013-07-04,2545,25.44
2013-07-05,2545,25.44
2013-07-08,2545,24.96
2013-07-09,2545,25.07
2013-07-10,2545,25.0
2013-07-11,2545,25.4
2013-07-12,2545,25.51
2013-07-15,2545,25.91
2013-07-16,2545,26.76
2013-07-17,2545,26.76
2013-07-18,2545,26.54
2013-07-19,2545,26.21
2013-07-22,2545,26.21
2013-07-23,2545,26.5
2013-07-24,2545,26.54
2013-07-25,2545,26.65
2013-07-26,2545,26.54
2013-07-29,2545,26.21
2013-07-30,2545,26.17
2013-07-31,2545,26.17
2013-07-01,2546,6.26
2013-07-02,2546,6.3
2013-07-03,2546,6.36
2013-07-04,2546,6.32
2013-07-05,2546,6.42
2013-07-08,2546,6.38
2013-07-09,2546,6.42
2013-07-10,2546,6.45
2013-07-11,2546,6.55
2013-07-12,2546,6.72
2013-07-15,2546,7.08
2013-07-16,2546,6.97
2013-07-17,2546,7.08
2013-07-18,2546,6.74
2013-07-19,2546,6.58
2013-07-22,2546,6.56
2013-07-23,2546,6.64
2013-07-24,2546,6.7
2013-07-25,2546,6.66
2013-07-26,2546,6.58
2013-07-29,2546,6.48
2013-07-30,2546,6.44
2013-07-31,2546,6.44
2013-07-01,2547,13.49
2013-07-02,2547,13.3
2013-07-03,2547,12.87
2013-07-04,2547,13.15
2013-07-05,2547,13.3
2013-07-08,2547,14.21
2013-07-09,2547,15.17
2013-07-10,2547,14.98
2013-07-11,2547,15.51
2013-07-12,2547,15.23
2013-07-15,2547,15.57
2013-07-16,2547,15.73
2013-07-17,2547,16.16
2013-07-18,2547,15.7
2013-07-19,2547,15.85
2013-07-22,2547,15.98
2013-07-23,2547,15.82
2013-07-24,2547,15.73
2013-07-25,2547,15.85
2013-07-26,2547,16.6
2013-07-29,2547,16.32
2013-07-30,2547,16.38
2013-07-31,2547,16.75
2013-07-01,2548,34.11
2013-07-02,2548,34.31
2013-07-03,2548,35.06
2013-07-04,2548,34.7
2013-07-05,2548,34.35
2013-07-08,2548,34.03
2013-07-09,2548,34.31
2013-07-10,2548,34.58
2013-07-11,2548,35.65
2013-07-12,2548,35.85
2013-07-15,2548,36.87
2013-07-16,2548,37.86
2013-07-17,2548,37.5
2013-07-18,2548,38.96
2013-07-19,2548,39.63
2013-07-22,2548,41.41
2013-07-23,2548,42.39
2013-07-24,2548,42.98
2013-07-25,2548,41.6
2013-07-26,2548,40.22
2013-07-29,2548,38.72
2013-07-30,2548,38.25
2013-07-31,2548,38.17
2013-07-01,2596,8.99
2013-07-02,2596,8.99
2013-07-03,2596,8.97
2013-07-04,2596,8.9
2013-07-05,2596,8.95
2013-07-08,2596,8.95
2013-07-09,2596,8.9
2013-07-10,2596,8.95
2013-07-11,2596,9.05
2013-07-12,2596,9.05
2013-07-15,2596,9.05
2013-07-16,2596,9.17
2013-07-17,2596,9.21
2013-07-18,2596,9.11
2013-07-19,2596,8.99
2013-07-22,2596,9.01
2013-07-23,2596,9.01
2013-07-24,2596,9.09
2013-07-25,2596,9.03
2013-07-26,2596,9.03
2013-07-29,2596,8.99
2013-07-30,2596,8.97
2013-07-31,2596,8.97
2013-07-01,2597,9.36
2013-07-02,2597,9.4
2013-07-03,2597,9.47
2013-07-04,2597,9.55
2013-07-05,2597,9.71
2013-07-08,2597,9.75
2013-07-09,2597,9.75
2013-07-10,2597,9.78
2013-07-11,2597,9.81
2013-07-12,2597,9.75
2013-07-15,2597,9.71
2013-07-16,2597,9.76
2013-07-17,2597,9.73
2013-07-18,2597,9.77
2013-07-19,2597,9.71
2013-07-22,2597,9.68
2013-07-23,2597,9.62
2013-07-24,2597,9.54
2013-07-25,2597,9.51
2013-07-26,2597,9.55
2013-07-29,2597,9.58
2013-07-30,2597,9.84
2013-07-31,2597,10.53
2013-07-01,2601,16.8
2013-07-02,2601,16.64
2013-07-03,2601,16.27
2013-07-04,2601,16.19
2013-07-05,2601,16.27
2013-07-08,2601,16.15
2013-07-09,2601,15.71
2013-07-10,2601,15.5
2013-07-11,2601,15.71
2013-07-12,2601,15.66
2013-07-15,2601,15.99
2013-07-16,2601,15.91
2013-07-17,2601,15.95
2013-07-18,2601,15.83
2013-07-19,2601,15.54
2013-07-22,2601,15.71
2013-07-23,2601,15.75
2013-07-24,2601,16.56
2013-07-25,2601,16.31
2013-07-26,2601,16.51
2013-07-29,2601,16.19
2013-07-30,2601,16.23
2013-07-31,2601,16.15
2013-07-01,2603,15.0
2013-07-02,2603,15.09
2013-07-03,2603,14.86
2013-07-04,2603,14.82
2013-07-05,2603,15.0
2013-07-08,2603,14.91
2013-07-09,2603,14.82
2013-07-10,2603,14.82
2013-07-11,2603,15.19
2013-07-12,2603,15.28
2013-07-15,2603,15.23
2013-07-16,2603,15.64
2013-07-17,2603,15.87
2013-07-18,2603,15.92
2013-07-19,2603,15.83
2013-07-22,2603,15.74
2013-07-23,2603,15.74
2013-07-24,2603,15.69
2013-07-25,2603,15.64
2013-07-26,2603,15.51
2013-07-29,2603,15.42
2013-07-30,2603,15.28
2013-07-31,2603,15.46
2013-07-01,2605,17.44
2013-07-02,2605,17.47
2013-07-03,2605,16.98
2013-07-04,2605,16.92
2013-07-05,2605,17.18
2013-07-08,2605,16.95
2013-07-09,2605,17.08
2013-07-10,2605,16.89
2013-07-11,2605,17.02
2013-07-12,2605,17.02
2013-07-15,2605,17.24
2013-07-16,2605,17.15
2013-07-17,2605,17.24
2013-07-18,2605,17.28
2013-07-19,2605,17.5
2013-07-22,2605,17.41
2013-07-23,2605,17.37
2013-07-24,2605,17.34
2013-07-25,2605,17.47
2013-07-26,2605,17.37
2013-07-29,2605,17.28
2013-07-30,2605,17.15
2013-07-31,2605,17.08
2013-07-01,2606,25.29
2013-07-02,2606,25.1
2013-07-03,2606,25.05
2013-07-04,2606,25.21
2013-07-05,2606,25.37
2013-07-08,2606,24.94
2013-07-09,2606,25.19
2013-07-10,2606,25.1
2013-07-11,2606,25.35
2013-07-12,2606,25.43
2013-07-15,2606,26.11
2013-07-16,2606,26.65
2013-07-17,2606,26.74
2013-07-18,2606,26.79
2013-07-19,2606,26.91
2013-07-22,2606,26.96
2013-07-23,2606,26.93
2013-07-24,2606,26.74
2013-07-25,2606,26.65
2013-07-26,2606,26.62
2013-07-29,2606,26.37
2013-07-30,2606,26.74
2013-07-31,2606,25.83
2013-07-01,2607,13.56
2013-07-02,2607,13.56
2013-07-03,2607,13.3
2013-07-04,2607,13.38
2013-07-05,2607,13.41
2013-07-08,2607,13.2
2013-07-09,2607,13.34
2013-07-10,2607,13.34
2013-07-11,2607,13.56
2013-07-12,2607,13.52
2013-07-15,2607,13.52
2013-07-16,2607,13.56
2013-07-17,2607,13.56
2013-07-18,2607,13.56
2013-07-19,2607,13.56
2013-07-22,2607,13.63
2013-07-23,2607,13.85
2013-07-24,2607,14.13
2013-07-25,2607,14.06
2013-07-26,2607,13.85
2013-07-29,2607,13.74
2013-07-30,2607,13.85
2013-07-31,2607,13.81
2013-07-01,2608,21.3
2013-07-02,2608,21.22
2013-07-03,2608,20.77
2013-07-04,2608,20.77
2013-07-05,2608,20.77
2013-07-08,2608,20.77
2013-07-09,2608,20.83
2013-07-10,2608,22.22
2013-07-11,2608,21.83
2013-07-12,2608,22.22
2013-07-15,2608,22.51
2013-07-16,2608,22.39
2013-07-17,2608,22.21
2013-07-18,2608,22.15
2013-07-19,2608,22.24
2013-07-22,2608,22.21
2013-07-23,2608,22.18
2013-07-24,2608,22.15
2013-07-25,2608,22.27
2013-07-26,2608,22.03
2013-07-29,2608,22.91
2013-07-30,2608,22.63
2013-07-31,2608,22.45
2013-07-01,2609,14.28
2013-07-02,2609,14.16
2013-07-03,2609,14.11
2013-07-04,2609,14.05
2013-07-05,2609,14.11
2013-07-08,2609,13.88
2013-07-09,2609,14.05
2013-07-10,2609,13.93
2013-07-11,2609,14.51
2013-07-12,2609,14.51
2013-07-15,2609,14.57
2013-07-16,2609,14.85
2013-07-17,2609,14.91
2013-07-18,2609,14.8
2013-07-19,2609,14.63
2013-07-22,2609,14.68
2013-07-23,2609,14.8
2013-07-24,2609,14.8
2013-07-25,2609,14.63
2013-07-26,2609,14.63
2013-07-29,2609,14.34
2013-07-30,2609,14.34
2013-07-31,2609,14.68
2013-07-01,2610,9.57
2013-07-02,2610,9.48
2013-07-03,2610,9.44
2013-07-04,2610,9.31
2013-07-05,2610,9.52
2013-07-08,2610,9.31
2013-07-09,2610,9.4
2013-07-10,2610,9.36
2013-07-11,2610,9.48
2013-07-12,2610,9.4
2013-07-15,2610,9.52
2013-07-16,2610,9.61
2013-07-17,2610,9.65
2013-07-18,2610,9.65
2013-07-19,2610,9.57
2013-07-22,2610,9.48
2013-07-23,2610,9.65
2013-07-24,2610,9.52
2013-07-25,2610,9.48
2013-07-26,2610,9.44
2013-07-29,2610,9.36
2013-07-30,2610,9.44
2013-07-31,2610,9.31
2013-07-01,2611,8.12
2013-07-02,2611,7.93
2013-07-03,2611,8.01
2013-07-04,2611,7.87
2013-07-05,2611,7.9
2013-07-08,2611,7.93
2013-07-09,2611,7.84
2013-07-10,2611,7.87
2013-07-11,2611,7.98
2013-07-12,2611,8.07
2013-07-15,2611,8.1
2013-07-16,2611,8.12
2013-07-17,2611,8.15
2013-07-18,2611,8.1
2013-07-19,2611,8.01
2013-07-22,2611,8.01
2013-07-23,2611,7.98
2013-07-24,2611,7.95
2013-07-25,2611,7.98
2013-07-26,2611,7.98
2013-07-29,2611,7.98
2013-07-30,2611,8.07
2013-07-31,2611,7.98
2013-07-01,2612,24.6
2013-07-02,2612,24.42
2013-07-03,2612,24.07
2013-07-04,2612,23.92
2013-07-05,2612,23.4
2013-07-08,2612,23.2
2013-07-09,2612,23.28
2013-07-10,2612,23.28
2013-07-11,2612,23.28
2013-07-12,2612,23.17
2013-07-15,2612,23.58
2013-07-16,2612,24.34
2013-07-17,2612,24.94
2013-07-18,2612,24.72
2013-07-19,2612,24.57
2013-07-22,2612,24.29
2013-07-23,2612,24.49
2013-07-24,2612,24.88
2013-07-25,2612,24.76
2013-07-26,2612,24.76
2013-07-29,2612,24.45
2013-07-30,2612,24.45
2013-07-31,2612,24.84
2013-07-01,2613,11.19
2013-07-02,2613,11.03
2013-07-03,2613,11.06
2013-07-04,2613,10.9
2013-07-05,2613,10.96
2013-07-08,2613,10.58
2013-07-09,2613,10.9
2013-07-10,2613,11.0
2013-07-11,2613,11.16
2013-07-12,2613,11.16
2013-07-15,2613,11.09
2013-07-16,2613,11.28
2013-07-17,2613,11.19
2013-07-18,2613,11.12
2013-07-19,2613,11.03
2013-07-22,2613,11.12
2013-07-23,2613,11.22
2013-07-24,2613,11.99
2013-07-25,2613,11.86
2013-07-26,2613,11.6
2013-07-29,2613,11.51
2013-07-30,2613,11.67
2013-07-31,2613,11.48
2013-07-01,2614,11.39
2013-07-02,2614,11.51
2013-07-03,2614,11.39
2013-07-04,2614,11.39
2013-07-05,2614,11.34
2013-07-08,2614,11.21
2013-07-09,2614,11.34
2013-07-10,2614,11.34
2013-07-11,2614,11.39
2013-07-12,2614,11.42
2013-07-15,2614,11.89
2013-07-16,2614,12.45
2013-07-17,2614,12.3
2013-07-18,2614,12.13
2013-07-19,2614,12.19
2013-07-22,2614,12.25
2013-07-23,2614,12.69
2013-07-24,2614,12.93
2013-07-25,2614,12.6
2013-07-26,2614,12.54
2013-07-29,2614,12.54
2013-07-30,2614,13.39
2013-07-31,2614,14.31
2013-07-01,2615,6.89
2013-07-02,2615,6.93
2013-07-03,2615,6.89
2013-07-04,2615,6.89
2013-07-05,2615,6.91
2013-07-08,2615,6.96
2013-07-09,2615,7.14
2013-07-10,2615,7.19
2013-07-11,2615,7.39
2013-07-12,2615,7.49
2013-07-15,2615,7.6
2013-07-16,2615,7.69
2013-07-17,2615,7.76
2013-07-18,2615,7.83
2013-07-19,2615,7.74
2013-07-22,2615,7.81
2013-07-23,2615,7.83
2013-07-24,2615,7.76
2013-07-25,2615,7.76
2013-07-26,2615,7.72
2013-07-29,2615,7.76
2013-07-30,2615,7.76
2013-07-31,2615,7.39
2013-07-01,2616,11.86
2013-07-02,2616,11.86
2013-07-03,2616,11.86
2013-07-04,2616,11.86
2013-07-05,2616,11.91
2013-07-08,2616,11.89
2013-07-09,2616,11.91
2013-07-10,2616,12.06
2013-07-11,2616,12.13
2013-07-12,2616,12.2
2013-07-15,2616,12.25
2013-07-16,2616,12.23
2013-07-17,2616,12.28
2013-07-18,2616,12.25
2013-07-19,2616,12.11
2013-07-22,2616,12.2
2013-07-23,2616,12.3
2013-07-24,2616,12.25
2013-07-25,2616,12.3
2013-07-26,2616,12.35
2013-07-29,2616,12.4
2013-07-30,2616,12.47
2013-07-31,2616,12.5
2013-07-01,2617,13.47
2013-07-02,2617,13.44
2013-07-03,2617,12.8
2013-07-04,2617,12.95
2013-07-05,2617,13.14
2013-07-08,2617,13.02
2013-07-09,2617,13.02
2013-07-10,2617,13.02
2013-07-11,2617,13.14
2013-07-12,2617,13.14
2013-07-15,2617,13.38
2013-07-16,2617,13.75
2013-07-17,2617,14.05
2013-07-18,2617,14.05
2013-07-19,2617,14.09
2013-07-22,2617,14.09
2013-07-23,2617,14.09
2013-07-24,2617,14.12
2013-07-25,2617,14.15
2013-07-26,2617,14.12
2013-07-29,2617,13.99
2013-07-30,2617,13.99
2013-07-31,2617,14.12
2013-07-01,2618,11.42
2013-07-02,2618,11.42
2013-07-03,2618,11.19
2013-07-04,2618,11.19
2013-07-05,2618,11.39
2013-07-08,2618,11.05
2013-07-09,2618,11.26
2013-07-10,2618,11.15
2013-07-11,2618,11.29
2013-07-12,2618,11.32
2013-07-15,2618,11.32
2013-07-16,2618,11.42
2013-07-17,2618,11.49
2013-07-18,2618,11.42
2013-07-19,2618,11.46
2013-07-22,2618,11.32
2013-07-23,2618,11.46
2013-07-24,2618,11.46
2013-07-25,2618,11.36
2013-07-26,2618,11.32
2013-07-29,2618,11.32
2013-07-30,2618,11.36
2013-07-31,2618,11.19
2013-07-01,2633,3.97
2013-07-02,2633,3.97
2013-07-03,2633,3.97
2013-07-04,2633,3.97
2013-07-05,2633,3.97
2013-07-08,2633,3.98
2013-07-09,2633,3.97
2013-07-10,2633,3.98
2013-07-11,2633,4.05
2013-07-12,2633,4.06
2013-07-15,2633,4.04
2013-07-16,2633,4.03
2013-07-17,2633,4.01
2013-07-18,2633,4.02
2013-07-19,2633,4.01
2013-07-22,2633,4.22
2013-07-23,2633,4.28
2013-07-24,2633,4.2
2013-07-25,2633,4.36
2013-07-26,2633,4.3
2013-07-29,2633,4.35
2013-07-30,2633,4.31
2013-07-31,2633,4.28
2013-07-01,2636,7.05
2013-07-02,2636,7.05
2013-07-03,2636,7.02
2013-07-04,2636,7.02
2013-07-05,2636,7.05
2013-07-08,2636,7.02
2013-07-09,2636,7.0
2013-07-10,2636,6.98
2013-07-11,2636,6.98
2013-07-12,2636,7.02
2013-07-15,2636,6.91
2013-07-16,2636,7.02
2013-07-17,2636,6.94
2013-07-18,2636,6.94
2013-07-19,2636,6.89
2013-07-22,2636,6.91
2013-07-23,2636,6.91
2013-07-24,2636,6.92
2013-07-25,2636,6.94
2013-07-26,2636,7.02
2013-07-29,2636,7.04
2013-07-30,2636,7.02
2013-07-31,2636,7.0
2013-07-01,2637,16.21
2013-07-02,2637,16.21
2013-07-03,2637,16.04
2013-07-04,2637,16.08
2013-07-05,2637,16.08
2013-07-08,2637,16.04
2013-07-09,2637,16.08
2013-07-10,2637,16.54
2013-07-11,2637,16.5
2013-07-12,2637,16.5
2013-07-15,2637,16.5
2013-07-16,2637,16.46
2013-07-17,2637,16.36
2013-07-18,2637,16.36
2013-07-19,2637,16.36
2013-07-22,2637,16.36
2013-07-23,2637,16.33
2013-07-24,2637,16.42
2013-07-25,2637,16.46
2013-07-26,2637,16.44
2013-07-29,2637,16.38
2013-07-30,2637,16.48
2013-07-31,2637,16.46
2013-07-01,2640,32.73
2013-07-02,2640,33.6
2013-07-03,2640,35.95
2013-07-04,2640,38.41
2013-07-05,2640,41.06
2013-07-08,2640,43.14
2013-07-09,2640,43.14
2013-07-10,2640,45.97
2013-07-11,2640,48.06
2013-07-12,2640,46.92
2013-07-15,2640,45.41
2013-07-16,2640,45.79
2013-07-17,2640,46.54
2013-07-18,2640,45.03
2013-07-19,2640,44.84
2013-07-22,2640,45.97
2013-07-23,2640,49.19
2013-07-24,2640,49.19
2013-07-25,2640,49.19
2013-07-26,2640,46.16
2013-07-29,2640,46.92
2013-07-30,2640,47.87
2013-07-31,2640,46.54
2013-07-02,2641,7.53
2013-07-03,2641,7.68
2013-07-04,2641,7.77
2013-07-05,2641,8.03
2013-07-08,2641,7.61
2013-07-09,2641,7.49
2013-07-15,2641,7.66
2013-07-16,2641,7.73
2013-07-17,2641,7.66
2013-07-22,2641,7.74
2013-07-23,2641,7.75
2013-07-24,2641,7.7
2013-07-25,2641,7.81
2013-07-26,2641,7.81
2013-07-29,2641,7.93
2013-07-30,2641,7.86
2013-07-31,2641,8.1
2013-07-01,2642,24.75
2013-07-02,2642,24.89
2013-07-03,2642,24.58
2013-07-04,2642,24.43
2013-07-05,2642,24.39
2013-07-08,2642,24.22
2013-07-09,2642,24.39
2013-07-10,2642,24.32
2013-07-11,2642,24.42
2013-07-12,2642,24.39
2013-07-15,2642,24.25
2013-07-16,2642,24.39
2013-07-17,2642,24.32
2013-07-18,2642,24.29
2013-07-19,2642,24.25
2013-07-22,2642,24.25
2013-07-23,2642,24.21
2013-07-24,2642,24.21
2013-07-25,2642,24.18
2013-07-26,2642,24.27
2013-07-29,2642,24.35
2013-07-30,2642,24.21
2013-07-31,2642,24.11
2013-07-01,2701,8.8
2013-07-02,2701,8.7
2013-07-03,2701,8.73
2013-07-04,2701,8.8
2013-07-05,2701,8.73
2013-07-08,2701,8.73
2013-07-09,2701,8.76
2013-07-10,2701,8.86
2013-07-11,2701,8.86
2013-07-12,2701,8.8
2013-07-15,2701,8.8
2013-07-16,2701,8.89
2013-07-17,2701,8.86
2013-07-18,2701,8.86
2013-07-19,2701,8.86
2013-07-22,2701,8.86
2013-07-23,2701,8.86
2013-07-24,2701,8.86
2013-07-25,2701,8.83
2013-07-26,2701,8.92
2013-07-29,2701,8.98
2013-07-30,2701,9.02
2013-07-31,2701,9.08
2013-07-01,2702,9.27
2013-07-02,2702,9.22
2013-07-03,2702,9.18
2013-07-04,2702,9.22
2013-07-05,2702,9.22
2013-07-08,2702,9.25
2013-07-09,2702,9.25
2013-07-10,2702,9.18
2013-07-11,2702,9.2
2013-07-12,2702,9.25
2013-07-15,2702,9.13
2013-07-16,2702,9.75
2013-07-17,2702,9.97
2013-07-18,2702,9.85
2013-07-19,2702,9.78
2013-07-22,2702,9.87
2013-07-23,2702,9.78
2013-07-24,2702,9.92
2013-07-25,2702,9.87
2013-07-26,2702,9.85
2013-07-29,2702,9.61
2013-07-30,2702,9.75
2013-07-31,2702,9.61
2013-07-01,2704,24.86
2013-07-02,2704,24.86
2013-07-03,2704,24.56
2013-07-04,2704,24.77
2013-07-05,2704,24.81
2013-07-08,2704,24.56
2013-07-09,2704,24.44
2013-07-10,2704,24.44
2013-07-11,2704,24.81
2013-07-12,2704,24.73
2013-07-15,2704,24.73
2013-07-16,2704,24.6
2013-07-17,2704,24.73
2013-07-18,2704,24.56
2013-07-19,2704,24.48
2013-07-22,2704,24.52
2013-07-23,2704,24.44
2013-07-24,2704,24.14
2013-07-25,2704,23.81
2013-07-26,2704,23.77
2013-07-29,2704,23.51
2013-07-30,2704,23.64
2013-07-31,2704,23.39
2013-07-01,2705,25.26
2013-07-02,2705,24.89
2013-07-03,2705,24.72
2013-07-04,2705,24.81
2013-07-05,2705,24.89
2013-07-08,2705,24.72
2013-07-09,2705,24.63
2013-07-10,2705,24.54
2013-07-11,2705,24.63
2013-07-12,2705,24.54
2013-07-15,2705,24.89
2013-07-16,2705,24.98
2013-07-17,2705,24.81
2013-07-18,2705,24.54
2013-07-19,2705,24.46
2013-07-22,2705,24.46
2013-07-23,2705,24.54
2013-07-24,2705,24.54
2013-07-25,2705,24.98
2013-07-26,2705,24.81
2013-07-29,2705,24.46
2013-07-30,2705,24.63
2013-07-31,2705,24.28
2013-07-01,2706,11.17
2013-07-02,2706,11.17
2013-07-03,2706,11.08
2013-07-04,2706,11.14
2013-07-05,2706,11.17
2013-07-08,2706,11.14
2013-07-09,2706,11.17
2013-07-10,2706,11.2
2013-07-11,2706,11.2
2013-07-12,2706,11.2
2013-07-15,2706,11.22
2013-07-16,2706,11.4
2013-07-17,2706,11.46
2013-07-18,2706,11.48
2013-07-19,2706,11.48
2013-07-22,2706,11.57
2013-07-23,2706,11.51
2013-07-24,2706,11.43
2013-07-25,2706,11.48
2013-07-26,2706,11.48
2013-07-29,2706,11.43
2013-07-30,2706,11.43
2013-07-31,2706,11.43
2013-07-01,2707,149.64
2013-07-02,2707,151.7
2013-07-03,2707,150.88
2013-07-04,2707,149.64
2013-07-05,2707,151.91
2013-07-08,2707,150.47
2013-07-09,2707,151.7
2013-07-10,2707,153.97
2013-07-11,2707,156.03
2013-07-12,2707,156.03
2013-07-15,2707,156.03
2013-07-16,2707,154.8
2013-07-17,2707,157.03
2013-07-18,2707,158.3
2013-07-19,2707,159.98
2013-07-22,2707,167.16
2013-07-23,2707,169.48
2013-07-24,2707,165.68
2013-07-25,2707,165.05
2013-07-26,2707,166.32
2013-07-29,2707,163.15
2013-07-30,2707,162.52
2013-07-31,2707,162.52
2013-07-04,2712,17.12
2013-07-08,2712,16.69
2013-07-11,2712,16.52
2013-07-12,2712,17.16
2013-07-15,2712,17.21
2013-07-16,2712,17.12
2013-07-17,2712,17.21
2013-07-19,2712,17.21
2013-07-22,2712,17.01
2013-07-24,2712,17.21
2013-07-26,2712,17.12
2013-07-29,2712,17.84
2013-07-30,2712,17.81
2013-07-31,2712,18.15
2013-07-02,2718,32.36
2013-07-03,2718,32.58
2013-07-09,2718,32.58
2013-07-11,2718,32.58
2013-07-12,2718,31.73
2013-07-15,2718,31.84
2013-07-16,2718,32.88
2013-07-23,2718,33.17
2013-07-24,2718,35.47
2013-07-25,2718,36.47
2013-07-30,2718,34.28
2013-07-31,2718,34.69
2013-07-01,2719,110.27
2013-07-02,2719,108.97
2013-07-03,2719,104.64
2013-07-04,2719,103.56
2013-07-05,2719,102.91
2013-07-08,2719,101.4
2013-07-09,2719,101.19
2013-07-10,2719,107.02
2013-07-11,2719,107.66
2013-07-12,2719,106.37
2013-07-15,2719,105.5
2013-07-16,2719,105.94
2013-07-17,2719,107.02
2013-07-18,2719,110.7
2013-07-19,2719,112.42
2013-07-22,2719,112.65
2013-07-23,2719,110.27
2013-07-24,2719,110.48
2013-07-25,2719,110.48
2013-07-26,2719,110.48
2013-07-29,2719,107.23
2013-07-30,2719,110.27
2013-07-31,2719,109.4
2013-07-01,2722,24.69
2013-07-02,2722,24.54
2013-07-03,2722,24.54
2013-07-04,2722,24.54
2013-07-05,2722,24.28
2013-07-08,2722,24.28
2013-07-09,2722,24.37
2013-07-10,2722,24.02
2013-07-11,2722,24.43
2013-07-12,2722,24.02
2013-07-15,2722,24.48
2013-07-16,2722,24.54
2013-07-17,2722,24.51
2013-07-18,2722,24.66
2013-07-19,2722,24.72
2013-07-22,2722,24.84
2013-07-23,2722,25.04
2013-07-24,2722,25.04
2013-07-25,2722,25.08
2013-07-26,2722,25.2
2013-07-29,2722,24.77
2013-07-30,2722,25.3
2013-07-31,2722,25.33
2013-07-01,2723,99.49
2013-07-02,2723,98.0
2013-07-03,2723,95.03
2013-07-04,2723,95.62
2013-07-05,2723,95.33
2013-07-08,2723,97.41
2013-07-09,2723,98.59
2013-07-10,2723,98.59
2013-07-11,2723,101.56
2013-07-12,2723,108.39
2013-07-15,2723,109.58
2013-07-16,2723,110.77
2013-07-17,2723,107.21
2013-07-18,2723,103.35
2013-07-19,2723,102.46
2013-07-22,2723,103.64
2013-07-23,2723,104.83
2013-07-24,2723,106.32
2013-07-25,2723,105.42
2013-07-26,2723,105.13
2013-07-29,2723,103.05
2013-07-30,2723,104.83
2013-07-31,2723,103.64
2013-07-01,2724,116.8
2013-07-02,2724,116.05
2013-07-03,2724,116.43
2013-07-04,2724,119.06
2013-07-05,2724,120.95
2013-07-08,2724,122.46
2013-07-09,2724,122.64
2013-07-10,2724,123.21
2013-07-11,2724,124.72
2013-07-12,2724,122.46
2013-07-15,2724,119.63
2013-07-16,2724,119.63
2013-07-17,2724,118.5
2013-07-18,2724,118.5
2013-07-19,2724,120.01
2013-07-22,2724,118.88
2013-07-23,2724,119.82
2013-07-24,2724,116.99
2013-07-25,2724,116.99
2013-07-26,2724,117.18
2013-07-29,2724,115.86
2013-07-30,2724,117.37
2013-07-31,2724,117.37
2013-07-01,2727,250.39
2013-07-02,2727,248.23
2013-07-03,2727,248.54
2013-07-04,2727,247.61
2013-07-05,2727,246.69
2013-07-08,2727,246.69
2013-07-09,2727,246.69
2013-07-10,2727,246.99
2013-07-11,2727,248.54
2013-07-12,2727,247.92
2013-07-15,2727,256.55
2013-07-16,2727,258.1
2013-07-17,2727,254.09
2013-07-18,2727,252.85
2013-07-19,2727,253.47
2013-07-22,2727,255.63
2013-07-23,2727,258.1
2013-07-24,2727,257.17
2013-07-25,2727,255.63
2013-07-26,2727,254.09
2013-07-29,2727,253.47
2013-07-30,2727,255.63
2013-07-31,2727,254.39
2013-07-01,2729,86.33
2013-07-02,2729,86.33
2013-07-03,2729,86.52
2013-07-04,2729,86.33
2013-07-05,2729,86.14
2013-07-08,2729,85.94
2013-07-09,2729,86.33
2013-07-10,2729,86.77
2013-07-11,2729,87.17
2013-07-12,2729,85.97
2013-07-15,2729,86.77
2013-07-16,2729,87.17
2013-07-17,2729,87.17
2013-07-18,2729,87.17
2013-07-19,2729,87.17
2013-07-22,2729,87.77
2013-07-23,2729,92.37
2013-07-24,2729,91.97
2013-07-25,2729,91.97
2013-07-26,2729,93.17
2013-07-29,2729,95.97
2013-07-30,2729,102.56
2013-07-31,2729,107.16
2013-07-01,2731,49.51
2013-07-02,2731,49.84
2013-07-03,2731,49.84
2013-07-04,2731,51.2
2013-07-05,2731,52.22
2013-07-08,2731,54.92
2013-07-09,2731,56.62
2013-07-10,2731,55.41
2013-07-12,2731,58.32
2013-07-15,2731,58.33
2013-07-16,2731,61.17
2013-07-17,2731,62.39
2013-07-18,2731,60.76
2013-07-19,2731,59.54
2013-07-23,2731,61.03
2013-07-24,2731,60.36
2013-07-25,2731,60.36
2013-07-26,2731,60.49
2013-07-29,2731,61.03
2013-07-30,2731,62.05
2013-07-31,2731,62.99
2013-07-01,2732,80.93
2013-07-02,2732,81.67
2013-07-03,2732,80.43
2013-07-04,2732,81.67
2013-07-05,2732,80.93
2013-07-08,2732,83.66
2013-07-09,2732,85.4
2013-07-10,2732,85.64
2013-07-11,2732,91.01
2013-07-12,2732,95.82
2013-07-15,2732,97.81
2013-07-16,2732,96.79
2013-07-17,2732,96.81
2013-07-18,2732,97.81
2013-07-19,2732,96.86
2013-07-22,2732,100.19
2013-07-23,2732,102.23
2013-07-24,2732,102.28
2013-07-25,2732,84.25
2013-07-26,2732,80.18
2013-07-29,2732,76.71
2013-07-30,2732,75.42
2013-07-31,2732,74.72
2013-07-01,2734,23.01
2013-07-02,2734,23.01
2013-07-03,2734,23.29
2013-07-04,2734,25.06
2013-07-05,2734,25.8
2013-07-08,2734,25.81
2013-07-09,2734,25.18
2013-07-10,2734,25.49
2013-07-11,2734,25.43
2013-07-12,2734,25.43
2013-07-16,2734,25.25
2013-07-17,2734,26.57
2013-07-18,2734,27.33
2013-07-19,2734,25.68
2013-07-22,2734,26.11
2013-07-23,2734,26.74
2013-07-24,2734,27.05
2013-07-26,2734,26.61
2013-07-29,2734,27.05
2013-07-30,2734,30.47
2013-07-31,2734,30.47
2013-07-01,2801,8.74
2013-07-02,2801,8.74
2013-07-03,2801,8.69
2013-07-04,2801,8.71
2013-07-05,2801,8.79
2013-07-08,2801,8.87
2013-07-09,2801,8.92
2013-07-10,2801,9.0
2013-07-11,2801,9.16
2013-07-12,2801,9.16
2013-07-15,2801,9.13
2013-07-16,2801,9.08
2013-07-17,2801,9.16
2013-07-18,2801,9.16
2013-07-19,2801,9.11
2013-07-22,2801,9.13
2013-07-23,2801,9.19
2013-07-24,2801,9.16
2013-07-25,2801,9.16
2013-07-26,2801,9.11
2013-07-29,2801,9.0
2013-07-30,2801,9.05
2013-07-31,2801,9.05
2013-07-01,2809,15.35
2013-07-02,2809,15.23
2013-07-03,2809,14.68
2013-07-04,2809,14.59
2013-07-05,2809,14.74
2013-07-08,2809,14.44
2013-07-09,2809,14.5
2013-07-10,2809,14.71
2013-07-11,2809,15.0
2013-07-12,2809,14.94
2013-07-15,2809,14.94
2013-07-16,2809,14.97
2013-07-17,2809,15.49
2013-07-18,2809,15.55
2013-07-19,2809,15.29
2013-07-22,2809,15.64
2013-07-23,2809,15.99
2013-07-24,2809,15.74
2013-07-25,2809,15.71
2013-07-26,2809,15.77
2013-07-29,2809,15.74
2013-07-30,2809,16.02
2013-07-31,2809,15.99
2013-07-01,2812,4.53
2013-07-02,2812,4.51
2013-07-03,2812,4.45
2013-07-04,2812,4.47
2013-07-05,2812,4.51
2013-07-08,2812,4.47
2013-07-09,2812,4.51
2013-07-10,2812,4.51
2013-07-11,2812,4.55
2013-07-12,2812,4.58
2013-07-15,2812,4.58
2013-07-16,2812,4.6
2013-07-17,2812,4.6
2013-07-18,2812,4.6
2013-07-19,2812,4.53
2013-07-22,2812,4.62
2013-07-23,2812,4.62
2013-07-24,2812,4.58
2013-07-25,2812,4.58
2013-07-26,2812,4.58
2013-07-29,2812,4.55
2013-07-30,2812,4.58
2013-07-31,2812,4.55
2013-07-01,2816,10.0
2013-07-02,2816,10.03
2013-07-03,2816,9.84
2013-07-04,2816,9.78
2013-07-05,2816,9.84
2013-07-08,2816,9.75
2013-07-09,2816,9.84
2013-07-10,2816,9.87
2013-07-11,2816,10.16
2013-07-12,2816,10.09
2013-07-15,2816,10.0
2013-07-16,2816,9.9
2013-07-17,2816,10.25
2013-07-18,2816,10.19
2013-07-19,2816,10.63
2013-07-22,2816,11.35
2013-07-23,2816,11.54
2013-07-24,2816,11.51
2013-07-25,2816,11.29
2013-07-26,2816,11.23
2013-07-29,2816,11.29
2013-07-30,2816,11.32
2013-07-31,2816,11.13
2013-07-01,2820,6.16
2013-07-02,2820,6.19
2013-07-03,2820,6.14
2013-07-04,2820,6.19
2013-07-05,2820,6.22
2013-07-08,2820,6.16
2013-07-09,2820,6.16
2013-07-10,2820,6.19
2013-07-11,2820,6.16
2013-07-12,2820,6.19
2013-07-15,2820,6.16
2013-07-16,2820,6.19
2013-07-17,2820,6.19
2013-07-18,2820,6.22
2013-07-19,2820,6.19
2013-07-22,2820,6.25
2013-07-23,2820,6.22
2013-07-24,2820,6.22
2013-07-25,2820,6.27
2013-07-26,2820,6.33
2013-07-29,2820,6.3
2013-07-30,2820,6.3
2013-07-31,2820,6.33
2013-07-01,2823,13.8
2013-07-02,2823,13.73
2013-07-03,2823,12.8
2013-07-04,2823,12.96
2013-07-05,2823,13.5
2013-07-08,2823,13.19
2013-07-09,2823,13.5
2013-07-10,2823,13.59
2013-07-11,2823,14.1
2013-07-12,2823,14.13
2013-07-15,2823,14.24
2013-07-16,2823,14.06
2013-07-17,2823,14.38
2013-07-18,2823,14.34
2013-07-19,2823,14.45
2013-07-22,2823,14.36
2013-07-23,2823,14.71
2013-07-24,2823,14.55
2013-07-25,2823,14.24
2013-07-26,2823,14.38
2013-07-29,2823,14.24
2013-07-30,2823,14.36
2013-07-31,2823,14.41
2013-07-01,2832,11.66
2013-07-02,2832,11.69
2013-07-03,2832,11.66
2013-07-04,2832,11.63
2013-07-05,2832,11.69
2013-07-08,2832,11.66
2013-07-09,2832,11.77
2013-07-10,2832,11.85
2013-07-11,2832,11.8
2013-07-12,2832,11.83
2013-07-15,2832,11.85
2013-07-16,2832,11.88
2013-07-17,2832,11.94
2013-07-18,2832,11.91
2013-07-19,2832,11.97
2013-07-22,2832,11.91
2013-07-23,2832,11.85
2013-07-24,2832,11.83
2013-07-25,2832,11.88
2013-07-26,2832,11.91
2013-07-29,2832,11.91
2013-07-30,2832,11.99
2013-07-31,2832,11.97
2013-07-01,2833,21.7
2013-07-02,2833,21.51
2013-07-03,2833,21.04
2013-07-04,2833,21.04
2013-07-05,2833,21.13
2013-07-08,2833,20.9
2013-07-09,2833,21.18
2013-07-10,2833,21.18
2013-07-11,2833,21.74
2013-07-12,2833,21.84
2013-07-15,2833,21.84
2013-07-16,2833,21.84
2013-07-17,2833,21.98
2013-07-18,2833,21.89
2013-07-19,2833,21.37
2013-07-22,2833,21.98
2013-07-23,2833,21.98
2013-07-24,2833,21.7
2013-07-25,2833,21.6
2013-07-26,2833,21.51
2013-07-29,2833,21.51
2013-07-30,2833,21.65
2013-07-31,2833,21.56
2013-07-01,2833A,35.55
2013-07-02,2833A,35.55
2013-07-04,2833A,35.37
2013-07-05,2833A,35.41
2013-07-08,2833A,35.46
2013-07-09,2833A,35.55
2013-07-11,2833A,35.6
2013-07-12,2833A,35.7
2013-07-22,2833A,36.1
2013-07-23,2833A,36.0
2013-07-29,2833A,36.1
2013-07-31,2833A,36.15
2013-07-01,2834,4.48
2013-07-02,2834,4.49
2013-07-03,2834,4.42
2013-07-04,2834,4.42
2013-07-05,2834,4.49
2013-07-08,2834,4.45
2013-07-09,2834,4.48
2013-07-10,2834,4.48
2013-07-11,2834,4.53
2013-07-12,2834,4.56
2013-07-15,2834,4.58
2013-07-16,2834,4.57
2013-07-17,2834,4.61
2013-07-18,2834,4.6
2013-07-19,2834,4.55
2013-07-22,2834,4.59
2013-07-23,2834,4.61
2013-07-24,2834,4.61
2013-07-25,2834,4.59
2013-07-26,2834,4.61
2013-07-29,2834,4.59
2013-07-30,2834,4.6
2013-07-31,2834,4.57
2013-07-01,2836,5.21
2013-07-02,2836,5.21
2013-07-03,2836,5.21
2013-07-04,2836,5.21
2013-07-05,2836,5.21
2013-07-08,2836,5.22
2013-07-09,2836,5.25
2013-07-10,2836,5.27
2013-07-11,2836,5.31
2013-07-12,2836,5.34
2013-07-15,2836,5.33
2013-07-16,2836,5.32
2013-07-17,2836,5.34
2013-07-18,2836,5.35
2013-07-19,2836,5.34
2013-07-22,2836,5.34
2013-07-23,2836,5.37
2013-07-24,2836,5.35
2013-07-25,2836,5.34
2013-07-26,2836,5.34
2013-07-29,2836,5.32
2013-07-30,2836,5.35
2013-07-31,2836,5.33
2013-07-01,2837,15.35
2013-07-02,2837,15.15
2013-07-03,2837,15.2
2013-07-04,2837,15.0
2013-07-05,2837,15.05
2013-07-08,2837,15.1
2013-07-09,2837,15.3
2013-07-10,2837,15.3
2013-07-11,2837,15.25
2013-07-12,2837,15.1
2013-07-15,2837,15.05
2013-07-16,2837,15.0
2013-07-17,2837,16.05
2013-07-18,2837,15.7
2013-07-19,2837,15.35
2013-07-22,2837,15.4
2013-07-23,2837,15.5
2013-07-24,2837,15.3
2013-07-25,2837,15.15
2013-07-26,2837,15.2
2013-07-29,2837,15.1
2013-07-30,2837,15.3
2013-07-31,2837,15.25
2013-07-01,2838,5.36
2013-07-02,2838,5.34
2013-07-03,2838,5.27
2013-07-04,2838,5.29
2013-07-05,2838,5.29
2013-07-08,2838,5.24
2013-07-09,2838,5.29
2013-07-10,2838,5.31
2013-07-11,2838,5.39
2013-07-12,2838,5.41
2013-07-15,2838,5.43
2013-07-16,2838,5.41
2013-07-17,2838,5.43
2013-07-18,2838,5.43
2013-07-19,2838,5.41
2013-07-22,2838,5.5
2013-07-23,2838,5.53
2013-07-24,2838,5.53
2013-07-25,2838,5.5
2013-07-26,2838,5.53
2013-07-29,2838,5.5
2013-07-30,2838,5.5
2013-07-31,2838,5.48
2013-07-01,2841,8.51
2013-07-02,2841,8.47
2013-07-03,2841,8.35
2013-07-04,2841,8.35
2013-07-05,2841,8.43
2013-07-08,2841,8.35
2013-07-09,2841,8.39
2013-07-10,2841,8.43
2013-07-11,2841,8.55
2013-07-12,2841,8.59
2013-07-15,2841,8.63
2013-07-16,2841,8.63
2013-07-17,2841,8.55
2013-07-18,2841,8.59
2013-07-19,2841,8.59
2013-07-22,2841,8.51
2013-07-23,2841,8.51
2013-07-24,2841,8.71
2013-07-25,2841,8.71
2013-07-26,2841,8.59
2013-07-29,2841,8.47
2013-07-30,2841,8.55
2013-07-31,2841,8.55
2013-07-01,2845,5.52
2013-07-02,2845,5.48
2013-07-03,2845,5.41
2013-07-04,2845,5.41
2013-07-05,2845,5.45
2013-07-08,2845,5.41
2013-07-09,2845,5.43
2013-07-10,2845,5.5
2013-07-11,2845,5.66
2013-07-12,2845,5.64
2013-07-15,2845,5.66
2013-07-16,2845,5.61
2013-07-17,2845,5.68
2013-07-18,2845,5.61
2013-07-19,2845,5.59
2013-07-22,2845,5.64
2013-07-23,2845,5.66
2013-07-24,2845,5.61
2013-07-25,2845,5.64
2013-07-26,2845,5.64
2013-07-29,2845,5.75
2013-07-30,2845,5.7
2013-07-31,2845,5.66
2013-07-01,2847,8.05
2013-07-02,2847,8.01
2013-07-03,2847,7.89
2013-07-04,2847,7.85
2013-07-05,2847,7.85
2013-07-08,2847,7.77
2013-07-09,2847,7.79
2013-07-10,2847,7.94
2013-07-11,2847,8.09
2013-07-12,2847,8.13
2013-07-15,2847,8.17
2013-07-16,2847,8.25
2013-07-17,2847,8.29
2013-07-18,2847,8.25
2013-07-19,2847,8.13
2013-07-22,2847,8.21
2013-07-23,2847,8.29
2013-07-24,2847,8.29
2013-07-25,2847,8.29
2013-07-26,2847,8.25
2013-07-29,2847,8.21
2013-07-30,2847,8.25
2013-07-31,2847,8.21
2013-07-01,2849,9.95
2013-07-02,2849,9.98
2013-07-03,2849,9.85
2013-07-04,2849,9.91
2013-07-05,2849,9.91
2013-07-08,2849,9.78
2013-07-09,2849,9.88
2013-07-10,2849,9.85
2013-07-11,2849,10.4
2013-07-12,2849,10.14
2013-07-15,2849,10.4
2013-07-16,2849,10.27
2013-07-17,2849,10.82
2013-07-18,2849,10.5
2013-07-19,2849,10.33
2013-07-22,2849,10.43
2013-07-23,2849,10.5
2013-07-24,2849,10.5
2013-07-25,2849,10.3
2013-07-26,2849,10.46
2013-07-29,2849,10.24
2013-07-30,2849,10.24
2013-07-31,2849,10.11
2013-07-01,2850,11.05
2013-07-02,2850,11.03
2013-07-03,2850,10.95
2013-07-04,2850,10.88
2013-07-05,2850,10.93
2013-07-08,2850,10.86
2013-07-09,2850,10.98
2013-07-10,2850,11.03
2013-07-11,2850,11.07
2013-07-12,2850,11.07
2013-07-15,2850,11.1
2013-07-16,2850,11.12
2013-07-17,2850,11.25
2013-07-18,2850,11.22
2013-07-19,2850,11.2
2013-07-22,2850,11.17
2013-07-23,2850,11.2
2013-07-24,2850,11.2
2013-07-25,2850,11.2
2013-07-26,2850,11.17
2013-07-29,2850,11.09
2013-07-30,2850,11.12
2013-07-31,2850,11.09
2013-07-01,2851,6.29
2013-07-02,2851,6.29
2013-07-03,2851,6.29
2013-07-04,2851,6.29
2013-07-05,2851,6.25
2013-07-08,2851,6.22
2013-07-09,2851,6.37
2013-07-10,2851,6.41
2013-07-11,2851,6.39
2013-07-12,2851,6.34
2013-07-15,2851,6.41
2013-07-16,2851,6.46
2013-07-17,2851,6.48
2013-07-18,2851,6.51
2013-07-19,2851,6.48
2013-07-22,2851,6.48
2013-07-23,2851,6.46
2013-07-24,2851,6.49
2013-07-25,2851,6.51
2013-07-26,2851,6.56
2013-07-29,2851,6.51
2013-07-30,2851,6.54
2013-07-31,2851,6.54
2013-07-01,2852,11.23
2013-07-02,2852,11.26
2013-07-03,2852,11.15
2013-07-04,2852,11.2
2013-07-05,2852,11.2
2013-07-08,2852,11.2
2013-07-09,2852,11.2
2013-07-10,2852,11.15
2013-07-11,2852,11.2
2013-07-12,2852,11.2
2013-07-15,2852,11.2
2013-07-16,2852,11.71
2013-07-17,2852,11.96
2013-07-18,2852,11.96
2013-07-19,2852,11.87
2013-07-22,2852,12.01
2013-07-23,2852,12.07
2013-07-24,2852,12.01
2013-07-25,2852,12.01
2013-07-26,2852,12.01
2013-07-29,2852,11.71
2013-07-30,2852,11.59
2013-07-31,2852,11.32
2013-07-01,2855,8.58
2013-07-02,2855,8.53
2013-07-03,2855,8.48
2013-07-04,2855,8.48
2013-07-05,2855,8.51
2013-07-08,2855,8.39
2013-07-09,2855,8.48
2013-07-10,2855,8.51
2013-07-11,2855,8.58
2013-07-12,2855,8.73
2013-07-15,2855,8.71
2013-07-16,2855,8.69
2013-07-17,2855,8.82
2013-07-18,2855,8.79
2013-07-19,2855,8.74
2013-07-22,2855,8.79
2013-07-23,2855,8.79
2013-07-24,2855,8.82
2013-07-25,2855,8.82
2013-07-26,2855,8.82
2013-07-29,2855,8.74
2013-07-30,2855,8.79
2013-07-31,2855,8.79
2013-07-01,2856,7.7
2013-07-02,2856,7.67
2013-07-03,2856,7.54
2013-07-04,2856,7.47
2013-07-05,2856,7.51
2013-07-08,2856,7.47
2013-07-09,2856,7.47
2013-07-10,2856,7.51
2013-07-11,2856,7.68
2013-07-12,2856,7.66
2013-07-15,2856,7.74
2013-07-16,2856,7.74
2013-07-17,2856,7.7
2013-07-18,2856,7.68
2013-07-19,2856,7.67
2013-07-22,2856,7.66
2013-07-23,2856,7.7
2013-07-24,2856,7.7
2013-07-25,2856,7.69
2013-07-26,2856,7.69
2013-07-29,2856,7.69
2013-07-30,2856,7.7
2013-07-31,2856,7.7
2013-07-01,2867,8.63
2013-07-02,2867,8.66
2013-07-03,2867,8.47
2013-07-04,2867,8.39
2013-07-05,2867,8.42
2013-07-08,2867,8.39
2013-07-09,2867,8.44
2013-07-10,2867,8.52
2013-07-11,2867,9.1
2013-07-12,2867,9.31
2013-07-15,2867,9.31
2013-07-16,2867,9.94
2013-07-17,2867,9.91
2013-07-18,2867,10.21
2013-07-19,2867,10.21
2013-07-22,2867,10.38
2013-07-23,2867,10.24
2013-07-24,2867,10.19
2013-07-25,2867,10.24
2013-07-26,2867,10.13
2013-07-29,2867,10.08
2013-07-30,2867,10.13
2013-07-31,2867,9.91
2013-07-01,2880,7.16
2013-07-02,2880,7.12
2013-07-03,2880,7.12
2013-07-04,2880,7.08
2013-07-05,2880,7.1
2013-07-08,2880,7.12
2013-07-09,2880,7.14
2013-07-10,2880,7.2
2013-07-11,2880,7.35
2013-07-12,2880,7.38
2013-07-15,2880,7.42
2013-07-16,2880,7.46
2013-07-17,2880,7.5
2013-07-18,2880,7.5
2013-07-19,2880,7.44
2013-07-22,2880,7.46
2013-07-23,2880,7.53
2013-07-24,2880,7.5
2013-07-25,2880,7.46
2013-07-26,2880,7.5
2013-07-29,2880,7.5
2013-07-30,2880,7.53
2013-07-31,2880,7.48
2013-07-01,2881,19.44
2013-07-02,2881,19.1
2013-07-03,2881,18.12
2013-07-04,2881,18.17
2013-07-05,2881,18.44
2013-07-08,2881,18.29
2013-07-09,2881,18.73
2013-07-10,2881,19.05
2013-07-11,2881,19.54
2013-07-12,2881,20.15
2013-07-15,2881,19.63
2013-07-16,2881,19.56
2013-07-17,2881,19.71
2013-07-18,2881,19.83
2013-07-19,2881,19.73
2013-07-22,2881,19.95
2013-07-23,2881,20.2
2013-07-24,2881,19.93
2013-07-25,2881,19.93
2013-07-26,2881,19.93
2013-07-29,2881,19.95
2013-07-30,2881,20.27
2013-07-31,2881,20.59
2013-07-01,2882,21.66
2013-07-02,2882,21.53
2013-07-03,2882,20.89
2013-07-04,2882,21.21
2013-07-05,2882,21.43
2013-07-08,2882,21.32
2013-07-09,2882,22.17
2013-07-10,2882,22.25
2013-07-11,2882,22.86
2013-07-12,2882,23.16
2013-07-15,2882,22.97
2013-07-16,2882,23.18
2013-07-17,2882,23.69
2013-07-18,2882,23.69
2013-07-19,2882,23.28
2013-07-22,2882,23.96
2013-07-23,2882,23.83
2013-07-24,2882,23.58
2013-07-25,2882,23.2
2013-07-26,2882,23.23
2013-07-29,2882,23.42
2013-07-30,2882,23.91
2013-07-31,2882,23.74
2013-07-01,2883,5.1
2013-07-02,2883,5.02
2013-07-03,2883,4.9
2013-07-04,2883,4.9
2013-07-05,2883,4.95
2013-07-08,2883,4.86
2013-07-09,2883,4.9
2013-07-10,2883,4.94
2013-07-11,2883,5.04
2013-07-12,2883,5.1
2013-07-15,2883,5.13
2013-07-16,2883,5.08
2013-07-17,2883,5.14
2013-07-18,2883,5.12
2013-07-19,2883,5.04
2013-07-22,2883,5.09
2013-07-23,2883,5.11
2013-07-24,2883,5.1
2013-07-25,2883,5.12
2013-07-26,2883,5.15
2013-07-29,2883,5.13
2013-07-30,2883,5.14
2013-07-31,2883,5.1
2013-07-01,2884,6.22
2013-07-02,2884,6.16
2013-07-03,2884,6.11
2013-07-04,2884,6.04
2013-07-05,2884,6.05
2013-07-08,2884,6.11
2013-07-09,2884,6.16
2013-07-10,2884,6.45
2013-07-11,2884,6.58
2013-07-12,2884,6.58
2013-07-15,2884,6.7
2013-07-16,2884,6.68
2013-07-17,2884,6.84
2013-07-18,2884,6.87
2013-07-19,2884,6.8
2013-07-22,2884,6.82
2013-07-23,2884,6.97
2013-07-24,2884,6.92
2013-07-25,2884,6.92
2013-07-26,2884,6.84
2013-07-29,2884,6.87
2013-07-30,2884,6.9
2013-07-31,2884,6.8
2013-07-01,2885,8.25
2013-07-02,2885,8.27
2013-07-03,2885,8.01
2013-07-04,2885,8.04
2013-07-05,2885,8.22
2013-07-08,2885,7.98
2013-07-09,2885,8.09
2013-07-10,2885,8.17
2013-07-11,2885,8.43
2013-07-12,2885,8.48
2013-07-15,2885,8.54
2013-07-16,2885,8.56
2013-07-17,2885,8.56
2013-07-18,2885,8.51
2013-07-19,2885,8.38
2013-07-22,2885,8.51
2013-07-23,2885,8.67
2013-07-24,2885,8.73
2013-07-25,2885,8.73
2013-07-26,2885,8.65
2013-07-29,2885,8.7
2013-07-30,2885,8.67
2013-07-31,2885,8.54
2013-07-01,2886,12.38
2013-07-02,2886,12.38
2013-07-03,2886,12.38
2013-07-04,2886,12.59
2013-07-05,2886,12.54
2013-07-08,2886,12.46
2013-07-09,2886,12.73
2013-07-10,2886,13.08
2013-07-11,2886,13.32
2013-07-12,2886,13.37
2013-07-15,2886,13.37
2013-07-16,2886,13.32
2013-07-17,2886,13.51
2013-07-18,2886,13.45
2013-07-19,2886,13.43
2013-07-22,2886,13.45
2013-07-23,2886,13.53
2013-07-24,2886,13.53
2013-07-25,2886,13.43
2013-07-26,2886,13.45
2013-07-29,2886,13.45
2013-07-30,2886,13.7
2013-07-31,2886,13.48
2013-07-01,2887,5.28
2013-07-02,2887,5.2
2013-07-03,2887,5.16
2013-07-04,2887,5.16
2013-07-05,2887,5.14
2013-07-08,2887,5.22
2013-07-09,2887,5.26
2013-07-10,2887,5.26
2013-07-11,2887,5.32
2013-07-12,2887,5.34
2013-07-15,2887,5.38
2013-07-16,2887,5.38
2013-07-17,2887,5.4
2013-07-18,2887,5.42
2013-07-19,2887,5.4
2013-07-22,2887,5.4
2013-07-23,2887,5.46
2013-07-24,2887,5.4
2013-07-25,2887,5.42
2013-07-26,2887,5.46
2013-07-29,2887,5.4
2013-07-30,2887,5.48
2013-07-31,2887,5.52
2013-07-01,2888,6.72
2013-07-02,2888,6.72
2013-07-03,2888,6.68
2013-07-04,2888,6.68
2013-07-05,2888,6.68
2013-07-08,2888,6.68
2013-07-09,2888,6.68
2013-07-10,2888,6.62
2013-07-11,2888,6.68
2013-07-12,2888,6.75
2013-07-15,2888,6.75
2013-07-16,2888,6.78
2013-07-17,2888,6.82
2013-07-18,2888,6.88
2013-07-19,2888,6.82
2013-07-22,2888,6.85
2013-07-23,2888,6.92
2013-07-24,2888,6.92
2013-07-25,2888,6.92
2013-07-26,2888,6.88
2013-07-29,2888,6.82
2013-07-30,2888,6.82
2013-07-31,2888,6.78
2013-07-01,2889,4.86
2013-07-02,2889,4.82
2013-07-03,2889,4.81
2013-07-04,2889,4.81
2013-07-05,2889,4.86
2013-07-08,2889,4.82
2013-07-09,2889,4.84
2013-07-10,2889,4.81
2013-07-11,2889,4.81
2013-07-12,2889,4.8
2013-07-15,2889,4.81
2013-07-16,2889,4.78
2013-07-17,2889,4.82
2013-07-18,2889,4.84
2013-07-19,2889,4.81
2013-07-22,2889,4.81
2013-07-23,2889,4.82
2013-07-24,2889,4.81
2013-07-25,2889,4.81
2013-07-26,2889,4.81
2013-07-29,2889,4.81
2013-07-30,2889,4.84
2013-07-31,2889,4.84
2013-07-01,2890,5.93
2013-07-02,2890,5.87
2013-07-03,2890,5.77
2013-07-04,2890,5.77
2013-07-05,2890,5.83
2013-07-08,2890,5.83
2013-07-09,2890,5.87
2013-07-10,2890,6.14
2013-07-11,2890,6.16
2013-07-12,2890,6.18
2013-07-15,2890,6.25
2013-07-16,2890,6.27
2013-07-17,2890,6.31
2013-07-18,2890,6.29
2013-07-19,2890,6.18
2013-07-22,2890,6.23
2013-07-23,2890,6.33
2013-07-24,2890,6.33
2013-07-25,2890,6.27
2013-07-26,2890,6.29
2013-07-29,2890,6.29
2013-07-30,2890,6.35
2013-07-31,2890,6.31
2013-07-01,2891,8.54
2013-07-02,2891,8.49
2013-07-03,2891,8.31
2013-07-04,2891,8.22
2013-07-05,2891,8.31
2013-07-08,2891,8.29
2013-07-09,2891,8.54
2013-07-10,2891,8.7
2013-07-11,2891,8.86
2013-07-12,2891,8.79
2013-07-15,2891,8.84
2013-07-16,2891,8.84
2013-07-17,2891,9.06
2013-07-18,2891,9.06
2013-07-19,2891,9.11
2013-07-22,2891,9.22
2013-07-23,2891,9.44
2013-07-24,2891,9.46
2013-07-25,2891,9.27
2013-07-26,2891,9.41
2013-07-29,2891,9.39
2013-07-30,2891,9.46
2013-07-31,2891,9.44
2013-07-01,2892,7.68
2013-07-02,2892,7.73
2013-07-03,2892,7.68
2013-07-04,2892,7.62
2013-07-05,2892,7.64
2013-07-08,2892,7.57
2013-07-09,2892,7.7
2013-07-10,2892,7.75
2013-07-11,2892,7.88
2013-07-12,2892,7.92
2013-07-15,2892,7.97
2013-07-16,2892,7.97
2013-07-17,2892,8.01
2013-07-18,2892,8.03
2013-07-19,2892,7.99
2013-07-22,2892,8.03
2013-07-23,2892,8.1
2013-07-24,2892,8.12
2013-07-25,2892,8.12
2013-07-26,2892,8.14
2013-07-29,2892,8.1
2013-07-30,2892,8.1
2013-07-31,2892,8.1
2013-07-01,2897,4.68
2013-07-02,2897,4.67
2013-07-03,2897,4.68
2013-07-04,2897,4.76
2013-07-05,2897,4.78
2013-07-08,2897,4.77
2013-07-09,2897,4.76
2013-07-10,2897,4.77
2013-07-11,2897,4.8
2013-07-12,2897,4.82
2013-07-15,2897,4.96
2013-07-16,2897,5.02
2013-07-17,2897,5.09
2013-07-18,2897,5.13
2013-07-19,2897,5.08
2013-07-22,2897,5.08
2013-07-23,2897,5.15
2013-07-24,2897,5.26
2013-07-25,2897,5.31
2013-07-26,2897,5.3
2013-07-29,2897,5.29
2013-07-30,2897,5.29
2013-07-31,2897,5.29
2013-07-01,2901,33.9
2013-07-02,2901,32.38
2013-07-03,2901,33.12
2013-07-04,2901,33.08
2013-07-05,2901,33.55
2013-07-08,2901,33.12
2013-07-09,2901,33.21
2013-07-10,2901,33.47
2013-07-11,2901,33.99
2013-07-12,2901,34.25
2013-07-15,2901,33.86
2013-07-16,2901,34.16
2013-07-17,2901,33.81
2013-07-18,2901,33.81
2013-07-19,2901,33.81
2013-07-22,2901,34.1
2013-07-23,2901,34.54
2013-07-24,2901,34.28
2013-07-25,2901,34.06
2013-07-26,2901,34.28
2013-07-29,2901,34.02
2013-07-30,2901,33.93
2013-07-31,2901,33.53
2013-07-01,2903,14.67
2013-07-02,2903,14.54
2013-07-03,2903,14.38
2013-07-04,2903,14.48
2013-07-05,2903,14.67
2013-07-08,2903,14.51
2013-07-09,2903,14.48
2013-07-10,2903,14.56
2013-07-11,2903,14.77
2013-07-12,2903,14.82
2013-07-15,2903,14.88
2013-07-16,2903,15.01
2013-07-17,2903,15.32
2013-07-18,2903,15.24
2013-07-19,2903,15.03
2013-07-22,2903,15.03
2013-07-23,2903,15.27
2013-07-24,2903,15.19
2013-07-25,2903,15.08
2013-07-26,2903,15.08
2013-07-29,2903,14.82
2013-07-30,2903,15.08
2013-07-31,2903,14.93
2013-07-01,2904,12.13
2013-07-02,2904,12.16
2013-07-03,2904,12.11
2013-07-04,2904,12.13
2013-07-05,2904,12.13
2013-07-08,2904,12.18
2013-07-09,2904,12.24
2013-07-10,2904,12.28
2013-07-11,2904,12.33
2013-07-12,2904,12.28
2013-07-15,2904,12.28
2013-07-16,2904,12.33
2013-07-17,2904,12.37
2013-07-18,2904,12.93
2013-07-19,2904,12.84
2013-07-22,2904,12.75
2013-07-23,2904,12.84
2013-07-24,2904,12.84
2013-07-25,2904,12.86
2013-07-26,2904,12.95
2013-07-29,2904,12.93
2013-07-30,2904,12.75
2013-07-31,2904,12.8
2013-07-01,2905,10.97
2013-07-02,2905,10.97
2013-07-03,2905,10.81
2013-07-04,2905,10.88
2013-07-05,2905,10.88
2013-07-08,2905,10.88
2013-07-09,2905,10.88
2013-07-10,2905,10.9
2013-07-11,2905,10.9
2013-07-12,2905,10.97
2013-07-15,2905,11.11
2013-07-16,2905,11.46
2013-07-17,2905,11.34
2013-07-18,2905,11.41
2013-07-19,2905,11.37
2013-07-22,2905,11.41
2013-07-23,2905,11.39
2013-07-24,2905,11.39
2013-07-25,2905,11.58
2013-07-26,2905,11.6
2013-07-29,2905,11.58
2013-07-30,2905,11.55
2013-07-31,2905,11.18
2013-07-01,2906,7.72
2013-07-02,2906,7.69
2013-07-03,2906,7.62
2013-07-04,2906,7.62
2013-07-05,2906,7.72
2013-07-08,2906,7.62
2013-07-09,2906,7.62
2013-07-10,2906,7.59
2013-07-11,2906,7.62
2013-07-12,2906,7.66
2013-07-15,2906,7.62
2013-07-16,2906,7.66
2013-07-17,2906,7.72
2013-07-18,2906,7.66
2013-07-19,2906,7.66
2013-07-22,2906,7.69
2013-07-23,2906,7.69
2013-07-24,2906,7.83
2013-07-25,2906,7.83
2013-07-26,2906,7.79
2013-07-29,2906,7.69
2013-07-30,2906,7.62
2013-07-31,2906,7.62
2013-07-01,2908,12.62
2013-07-02,2908,12.7
2013-07-03,2908,12.67
2013-07-04,2908,12.64
2013-07-05,2908,12.59
2013-07-08,2908,12.62
2013-07-09,2908,12.64
2013-07-10,2908,12.8
2013-07-11,2908,13.14
2013-07-12,2908,13.25
2013-07-15,2908,13.11
2013-07-16,2908,13.3
2013-07-17,2908,13.28
2013-07-18,2908,13.14
2013-07-19,2908,13.08
2013-07-22,2908,13.22
2013-07-23,2908,13.11
2013-07-24,2908,12.91
2013-07-25,2908,13.11
2013-07-26,2908,13.22
2013-07-29,2908,13.28
2013-07-30,2908,13.36
2013-07-31,2908,13.47
2013-07-02,2910,24.11
2013-07-03,2910,24.02
2013-07-04,2910,24.36
2013-07-05,2910,24.62
2013-07-08,2910,24.83
2013-07-09,2910,24.7
2013-07-10,2910,24.7
2013-07-11,2910,24.7
2013-07-15,2910,24.79
2013-07-16,2910,24.96
2013-07-17,2910,25.89
2013-07-18,2910,25.25
2013-07-19,2910,24.91
2013-07-24,2910,25.38
2013-07-29,2910,25.12
2013-07-30,2910,24.96
2013-07-31,2910,25.0
2013-07-01,2911,31.93
2013-07-02,2911,31.93
2013-07-03,2911,31.75
2013-07-04,2911,31.4
2013-07-05,2911,31.4
2013-07-08,2911,31.57
2013-07-09,2911,31.66
2013-07-10,2911,31.66
2013-07-11,2911,32.46
2013-07-12,2911,32.28
2013-07-15,2911,33.09
2013-07-16,2911,32.82
2013-07-17,2911,32.9
2013-07-18,2911,32.64
2013-07-19,2911,32.11
2013-07-22,2911,32.28
2013-07-23,2911,32.38
2013-07-24,2911,32.55
2013-07-25,2911,32.11
2013-07-26,2911,32.28
2013-07-29,2911,31.93
2013-07-30,2911,32.02
2013-07-31,2911,32.11
2013-07-01,2912,135.18
2013-07-02,2912,136.21
2013-07-03,2912,136.9
2013-07-04,2912,136.56
2013-07-05,2912,138.62
2013-07-08,2912,143.08
2013-07-09,2912,143.08
2013-07-10,2912,142.73
2013-07-11,2912,146.85
2013-07-12,2912,146.51
2013-07-15,2912,149.59
2013-07-16,2912,149.94
2013-07-17,2912,146.16
2013-07-18,2912,147.54
2013-07-19,2912,149.25
2013-07-22,2912,153.03
2013-07-23,2912,152.0
2013-07-24,2912,150.97
2013-07-25,2912,144.45
2013-07-26,2912,143.08
2013-07-29,2912,142.73
2013-07-30,2912,147.54
2013-07-31,2912,153.37
2013-07-01,2913,14.6
2013-07-02,2913,14.64
2013-07-03,2913,14.55
2013-07-04,2913,14.55
2013-07-05,2913,14.51
2013-07-08,2913,14.47
2013-07-09,2913,14.64
2013-07-10,2913,14.64
2013-07-11,2913,15.14
2013-07-12,2913,15.06
2013-07-15,2913,15.1
2013-07-16,2913,15.06
2013-07-17,2913,15.01
2013-07-18,2913,14.97
2013-07-19,2913,14.97
2013-07-22,2913,15.22
2013-07-23,2913,15.47
2013-07-24,2913,15.6
2013-07-25,2913,15.89
2013-07-26,2913,15.89
2013-07-29,2913,15.64
2013-07-30,2913,15.68
2013-07-31,2913,15.89
2013-07-01,2915,45.68
2013-07-02,2915,44.8
2013-07-03,2915,44.53
2013-07-04,2915,44.6
2013-07-05,2915,44.8
2013-07-08,2915,44.06
2013-07-09,2915,43.65
2013-07-10,2915,45.07
2013-07-11,2915,46.29
2013-07-12,2915,46.87
2013-07-15,2915,46.74
2013-07-16,2915,47.09
2013-07-17,2915,47.23
2013-07-18,2915,47.71
2013-07-19,2915,48.06
2013-07-22,2915,48.41
2013-07-23,2915,48.69
2013-07-24,2915,48.06
2013-07-25,2915,47.92
2013-07-26,2915,47.71
2013-07-29,2915,47.71
2013-07-30,2915,47.92
2013-07-31,2915,47.85
2013-07-01,2916,6.94
2013-07-02,2916,6.94
2013-07-03,2916,6.9
2013-07-04,2916,6.9
2013-07-05,2916,6.9
2013-07-08,2916,6.86
2013-07-09,2916,6.75
2013-07-10,2916,6.77
2013-07-11,2916,6.79
2013-07-12,2916,6.77
2013-07-15,2916,6.77
2013-07-16,2916,6.77
2013-07-17,2916,6.82
2013-07-18,2916,6.77
2013-07-19,2916,6.84
2013-07-22,2916,6.75
2013-07-23,2916,6.82
2013-07-24,2916,6.84
2013-07-25,2916,6.82
2013-07-26,2916,6.77
2013-07-29,2916,6.67
2013-07-30,2916,6.56
2013-07-31,2916,6.63
2013-07-01,2923,16.99
2013-07-02,2923,16.71
2013-07-03,2923,17.81
2013-07-04,2923,17.7
2013-07-05,2923,18.06
2013-07-08,2923,18.03
2013-07-09,2923,17.7
2013-07-10,2923,17.31
2013-07-11,2923,17.78
2013-07-12,2923,17.78
2013-07-15,2923,17.56
2013-07-16,2923,17.42
2013-07-17,2923,17.85
2013-07-18,2923,18.81
2013-07-19,2923,18.74
2013-07-22,2923,18.31
2013-07-23,2923,18.67
2013-07-24,2923,18.67
2013-07-25,2923,18.63
2013-07-26,2923,18.45
2013-07-29,2923,18.31
2013-07-30,2923,18.56
2013-07-31,2923,18.24
2013-07-01,2924,45.28
2013-07-02,2924,45.11
2013-07-03,2924,45.28
2013-07-04,2924,45.53
2013-07-05,2924,46.53
2013-07-08,2924,46.61
2013-07-09,2924,47.02
2013-07-10,2924,47.36
2013-07-11,2924,47.69
2013-07-12,2924,47.61
2013-07-15,2924,47.77
2013-07-16,2924,47.36
2013-07-17,2924,47.7
2013-07-18,2924,47.88
2013-07-19,2924,47.51
2013-07-22,2924,48.34
2013-07-23,2924,48.43
2013-07-24,2924,48.07
2013-07-25,2924,48.34
2013-07-26,2924,48.34
2013-07-29,2924,48.34
2013-07-30,2924,48.53
2013-07-31,2924,48.53
2013-07-01,2926,107.27
2013-07-02,2926,108.26
2013-07-03,2926,105.95
2013-07-04,2926,105.95
2013-07-05,2926,106.28
2013-07-08,2926,111.55
2013-07-09,2926,110.56
2013-07-10,2926,112.33
2013-07-11,2926,113.69
2013-07-12,2926,116.07
2013-07-15,2926,119.14
2013-07-16,2926,127.31
2013-07-17,2926,132.41
2013-07-18,2926,127.99
2013-07-19,2926,124.92
2013-07-22,2926,130.03
2013-07-23,2926,129.35
2013-07-24,2926,127.31
2013-07-25,2926,125.61
2013-07-26,2926,123.22
2013-07-29,2926,123.9
2013-07-30,2926,127.65
2013-07-31,2926,126.63
2013-07-01,3002,7.1
2013-07-02,3002,7.06
2013-07-03,3002,6.99
2013-07-04,3002,7.03
2013-07-05,3002,7.06
2013-07-08,3002,7.06
2013-07-09,3002,7.06
2013-07-10,3002,7.06
2013-07-11,3002,7.13
2013-07-12,3002,7.06
2013-07-15,3002,7.03
2013-07-16,3002,7.1
2013-07-17,3002,7.13
2013-07-18,3002,7.1
2013-07-19,3002,7.06
2013-07-22,3002,7.03
2013-07-23,3002,7.03
2013-07-24,3002,7.03
2013-07-25,3002,7.13
2013-07-26,3002,7.13
2013-07-29,3002,7.16
2013-07-30,3002,7.16
2013-07-31,3002,7.13
2013-07-01,3003,13.85
2013-07-02,3003,13.88
2013-07-03,3003,13.92
2013-07-04,3003,13.92
2013-07-05,3003,13.92
2013-07-08,3003,13.98
2013-07-09,3003,13.98
2013-07-10,3003,13.98
2013-07-11,3003,14.09
2013-07-12,3003,14.15
2013-07-15,3003,14.67
2013-07-16,3003,15.14
2013-07-17,3003,15.42
2013-07-18,3003,15.28
2013-07-19,3003,15.35
2013-07-22,3003,15.35
2013-07-23,3003,15.31
2013-07-24,3003,15.45
2013-07-25,3003,16.51
2013-07-26,3003,16.23
2013-07-29,3003,17.36
2013-07-30,3003,16.99
2013-07-31,3003,16.51
2013-07-01,3004,27.64
2013-07-02,3004,27.64
2013-07-03,3004,27.57
2013-07-04,3004,27.46
2013-07-05,3004,27.57
2013-07-08,3004,27.5
2013-07-09,3004,27.46
2013-07-10,3004,27.12
2013-07-11,3004,27.12
2013-07-12,3004,27.43
2013-07-15,3004,27.43
2013-07-16,3004,27.5
2013-07-17,3004,27.39
2013-07-18,3004,27.29
2013-07-19,3004,27.25
2013-07-22,3004,27.22
2013-07-23,3004,27.15
2013-07-24,3004,27.08
2013-07-25,3004,27.18
2013-07-26,3004,27.15
2013-07-29,3004,27.15
2013-07-30,3004,27.29
2013-07-31,3004,27.18
2013-07-01,3005,7.1
2013-07-02,3005,7.35
2013-07-03,3005,7.17
2013-07-04,3005,7.01
2013-07-05,3005,7.12
2013-07-08,3005,6.94
2013-07-09,3005,6.94
2013-07-10,3005,6.8
2013-07-11,3005,6.87
2013-07-12,3005,7.05
2013-07-15,3005,7.12
2013-07-16,3005,7.35
2013-07-17,3005,7.21
2013-07-18,3005,7.21
2013-07-19,3005,7.05
2013-07-22,3005,7.03
2013-07-23,3005,7.12
2013-07-24,3005,7.05
2013-07-25,3005,7.05
2013-07-26,3005,7.1
2013-07-29,3005,7.12
2013-07-30,3005,7.19
2013-07-31,3005,7.15
2013-07-01,3006,27.58
2013-07-02,3006,27.08
2013-07-03,3006,26.67
2013-07-04,3006,24.81
2013-07-05,3006,23.08
2013-07-08,3006,23.33
2013-07-09,3006,23.23
2013-07-10,3006,21.76
2013-07-11,3006,23.27
2013-07-12,3006,24.23
2013-07-15,3006,24.23
2013-07-16,3006,24.07
2013-07-17,3006,24.13
2013-07-18,3006,23.43
2013-07-19,3006,22.79
2013-07-22,3006,23.39
2013-07-23,3006,23.39
2013-07-24,3006,23.52
2013-07-25,3006,21.89
2013-07-26,3006,22.05
2013-07-29,3006,20.51
2013-07-30,3006,20.87
2013-07-31,3006,20.19
2013-07-01,3008,730.14
2013-07-02,3008,724.21
2013-07-03,3008,707.14
2013-07-04,3008,680.43
2013-07-05,3008,701.2
2013-07-08,3008,682.65
2013-07-09,3008,689.33
2013-07-10,3008,704.91
2013-07-11,3008,734.59
2013-07-12,3008,719.75
2013-07-15,3008,724.21
2013-07-16,3008,729.4
2013-07-17,3008,716.79
2013-07-18,3008,691.56
2013-07-19,3008,643.33
2013-07-22,3008,647.78
2013-07-23,3008,649.26
2013-07-24,3008,660.39
2013-07-25,3008,693.78
2013-07-26,3008,742.01
2013-07-29,3008,767.98
2013-07-30,3008,797.66
2013-07-31,3008,771.69
2013-07-01,3010,21.25
2013-07-02,3010,21.25
2013-07-03,3010,21.09
2013-07-04,3010,21.04
2013-07-05,3010,21.25
2013-07-08,3010,21.22
2013-07-09,3010,21.4
2013-07-10,3010,21.45
2013-07-11,3010,21.45
2013-07-12,3010,21.3
2013-07-15,3010,21.42
2013-07-16,3010,21.75
2013-07-17,3010,21.8
2013-07-18,3010,22.01
2013-07-19,3010,21.6
2013-07-22,3010,21.4
2013-07-23,3010,21.65
2013-07-24,3010,21.6
2013-07-25,3010,21.6
2013-07-26,3010,21.58
2013-07-29,3010,21.25
2013-07-30,3010,21.25
2013-07-31,3010,21.04
2013-07-01,3011,7.6
2013-07-02,3011,7.6
2013-07-03,3011,7.51
2013-07-04,3011,7.38
2013-07-05,3011,7.48
2013-07-08,3011,7.35
2013-07-09,3011,7.38
2013-07-10,3011,7.27
2013-07-11,3011,7.35
2013-07-12,3011,7.43
2013-07-15,3011,7.42
2013-07-16,3011,7.5
2013-07-17,3011,7.8
2013-07-18,3011,7.6
2013-07-19,3011,7.55
2013-07-22,3011,7.58
2013-07-23,3011,7.7
2013-07-24,3011,7.63
2013-07-25,3011,7.6
2013-07-26,3011,7.63
2013-07-29,3011,7.63
2013-07-30,3011,7.6
2013-07-31,3011,7.4
2013-07-01,3013,18.31
2013-07-02,3013,18.02
2013-07-03,3013,17.84
2013-07-04,3013,17.8
2013-07-05,3013,17.72
2013-07-08,3013,17.76
2013-07-09,3013,17.76
2013-07-10,3013,17.63
2013-07-11,3013,17.84
2013-07-12,3013,17.8
2013-07-15,3013,17.84
2013-07-16,3013,17.72
2013-07-17,3013,17.63
2013-07-18,3013,17.59
2013-07-19,3013,17.72
2013-07-22,3013,17.46
2013-07-23,3013,17.54
2013-07-24,3013,17.5
2013-07-25,3013,17.42
2013-07-26,3013,17.16
2013-07-29,3013,17.67
2013-07-30,3013,17.76
2013-07-31,3013,17.76
2013-07-01,3014,11.98
2013-07-02,3014,11.84
2013-07-03,3014,11.61
2013-07-04,3014,11.54
2013-07-05,3014,11.71
2013-07-08,3014,11.44
2013-07-09,3014,11.64
2013-07-10,3014,11.54
2013-07-11,3014,11.66
2013-07-12,3014,11.66
2013-07-15,3014,11.81
2013-07-16,3014,11.79
2013-07-17,3014,11.81
2013-07-18,3014,11.64
2013-07-19,3014,11.44
2013-07-22,3014,11.49
2013-07-23,3014,11.69
2013-07-24,3014,11.91
2013-07-25,3014,11.71
2013-07-26,3014,11.79
2013-07-29,3014,11.64
2013-07-30,3014,11.79
2013-07-31,3014,11.47
2013-07-01,3015,14.28
2013-07-02,3015,14.07
2013-07-03,3015,13.85
2013-07-04,3015,13.85
2013-07-05,3015,13.96
2013-07-08,3015,13.9
2013-07-09,3015,13.85
2013-07-10,3015,13.93
2013-07-11,3015,13.9
2013-07-12,3015,13.99
2013-07-15,3015,14.1
2013-07-16,3015,14.1
2013-07-17,3015,13.99
2013-07-18,3015,13.88
2013-07-19,3015,13.74
2013-07-22,3015,13.74
2013-07-23,3015,13.93
2013-07-24,3015,13.96
2013-07-25,3015,13.93
2013-07-26,3015,14.37
2013-07-29,3015,14.37
2013-07-30,3015,14.34
2013-07-31,3015,14.32
2013-07-01,3016,11.1
2013-07-02,3016,11.01
2013-07-03,3016,10.92
2013-07-04,3016,11.01
2013-07-05,3016,11.05
2013-07-08,3016,10.87
2013-07-09,3016,10.92
2013-07-10,3016,10.74
2013-07-11,3016,10.83
2013-07-12,3016,10.74
2013-07-15,3016,10.96
2013-07-16,3016,10.87
2013-07-17,3016,10.87
2013-07-18,3016,10.78
2013-07-19,3016,10.65
2013-07-22,3016,10.69
2013-07-23,3016,10.87
2013-07-24,3016,10.87
2013-07-25,3016,10.87
2013-07-26,3016,10.83
2013-07-29,3016,10.56
2013-07-30,3016,10.56
2013-07-31,3016,10.42
2013-07-01,3017,10.3
2013-07-02,3017,10.2
2013-07-03,3017,10.3
2013-07-04,3017,10.13
2013-07-05,3017,10.17
2013-07-08,3017,10.13
2013-07-09,3017,10.1
2013-07-10,3017,10.06
2013-07-11,3017,10.1
2013-07-12,3017,10.13
2013-07-15,3017,10.3
2013-07-16,3017,10.27
2013-07-17,3017,10.3
2013-07-18,3017,10.17
2013-07-19,3017,9.96
2013-07-22,3017,9.96
2013-07-23,3017,10.37
2013-07-24,3017,10.62
2013-07-25,3017,10.62
2013-07-26,3017,10.62
2013-07-29,3017,10.58
2013-07-30,3017,10.69
2013-07-31,3017,10.48
2013-07-01,3018,25.86
2013-07-02,3018,25.49
2013-07-03,3018,25.68
2013-07-04,3018,25.31
2013-07-05,3018,24.94
2013-07-08,3018,24.94
2013-07-09,3018,25.13
2013-07-10,3018,25.4
2013-07-11,3018,25.49
2013-07-12,3018,25.31
2013-07-15,3018,25.13
2013-07-16,3018,24.94
2013-07-17,3018,24.76
2013-07-18,3018,24.21
2013-07-19,3018,23.93
2013-07-22,3018,24.12
2013-07-23,3018,24.76
2013-07-24,3018,24.02
2013-07-25,3018,24.02
2013-07-26,3018,24.02
2013-07-29,3018,23.75
2013-07-30,3018,24.67
2013-07-31,3018,23.84
2013-07-01,3019,24.88
2013-07-02,3019,25.34
2013-07-03,3019,25.34
2013-07-04,3019,24.95
2013-07-05,3019,24.68
2013-07-08,3019,24.34
2013-07-09,3019,24.65
2013-07-10,3019,24.68
2013-07-11,3019,24.61
2013-07-12,3019,24.8
2013-07-15,3019,25.26
2013-07-16,3019,24.84
2013-07-17,3019,25.03
2013-07-18,3019,25.69
2013-07-19,3019,25.19
2013-07-22,3019,24.76
2013-07-23,3019,25.61
2013-07-24,3019,25.46
2013-07-25,3019,25.46
2013-07-26,3019,25.61
2013-07-29,3019,25.34
2013-07-30,3019,25.96
2013-07-31,3019,25.46
2013-07-01,3021,7.75
2013-07-02,3021,7.72
2013-07-03,3021,7.65
2013-07-04,3021,7.68
2013-07-05,3021,7.68
2013-07-08,3021,7.54
2013-07-09,3021,7.47
2013-07-10,3021,7.4
2013-07-11,3021,7.58
2013-07-12,3021,7.44
2013-07-15,3021,7.3
2013-07-16,3021,7.4
2013-07-17,3021,7.47
2013-07-18,3021,7.47
2013-07-19,3021,7.4
2013-07-22,3021,7.33
2013-07-23,3021,7.37
2013-07-24,3021,7.37
2013-07-25,3021,7.33
2013-07-26,3021,7.3
2013-07-29,3021,7.5
2013-07-30,3021,7.5
2013-07-31,3021,7.54
2013-07-01,3022,33.84
2013-07-02,3022,33.84
2013-07-03,3022,33.45
2013-07-04,3022,33.21
2013-07-05,3022,33.79
2013-07-08,3022,33.16
2013-07-09,3022,33.35
2013-07-10,3022,34.52
2013-07-11,3022,34.61
2013-07-12,3022,35.29
2013-07-15,3022,35.19
2013-07-16,3022,35.48
2013-07-17,3022,35.29
2013-07-18,3022,34.81
2013-07-19,3022,34.42
2013-07-22,3022,34.95
2013-07-23,3022,35.44
2013-07-24,3022,35.05
2013-07-25,3022,35.05
2013-07-26,3022,34.95
2013-07-29,3022,34.71
2013-07-30,3022,34.9
2013-07-31,3022,34.52
2013-07-01,3023,15.92
2013-07-02,3023,15.92
2013-07-03,3023,15.89
2013-07-04,3023,15.8
2013-07-05,3023,15.89
2013-07-08,3023,15.77
2013-07-09,3023,15.89
2013-07-10,3023,15.92
2013-07-11,3023,16.01
2013-07-12,3023,16.04
2013-07-15,3023,16.24
2013-07-16,3023,16.3
2013-07-17,3023,16.33
2013-07-18,3023,16.24
2013-07-19,3023,16.09
2013-07-22,3023,16.15
2013-07-23,3023,16.35
2013-07-24,3023,16.76
2013-07-25,3023,16.76
2013-07-26,3023,16.56
2013-07-29,3023,16.5
2013-07-30,3023,16.59
2013-07-31,3023,16.47
2013-07-01,3024,5.8
2013-07-02,3024,5.78
2013-07-03,3024,5.72
2013-07-04,3024,5.72
2013-07-05,3024,5.72
2013-07-08,3024,5.52
2013-07-09,3024,5.54
2013-07-10,3024,5.57
2013-07-11,3024,5.57
2013-07-12,3024,5.55
2013-07-15,3024,5.56
2013-07-16,3024,5.57
2013-07-17,3024,5.69
2013-07-18,3024,5.63
2013-07-19,3024,5.56
2013-07-22,3024,5.6
2013-07-23,3024,5.58
2013-07-24,3024,5.63
2013-07-25,3024,5.63
2013-07-26,3024,5.61
2013-07-29,3024,5.57
2013-07-30,3024,5.61
2013-07-31,3024,5.56
2013-07-01,3025,10.27
2013-07-02,3025,10.98
2013-07-03,3025,10.98
2013-07-04,3025,10.65
2013-07-05,3025,10.65
2013-07-08,3025,10.51
2013-07-09,3025,10.51
2013-07-10,3025,10.08
2013-07-11,3025,10.13
2013-07-12,3025,10.13
2013-07-15,3025,10.23
2013-07-16,3025,10.37
2013-07-17,3025,10.41
2013-07-18,3025,10.23
2013-07-19,3025,10.13
2013-07-22,3025,10.23
2013-07-23,3025,10.32
2013-07-24,3025,10.32
2013-07-25,3025,10.51
2013-07-26,3025,10.65
2013-07-29,3025,10.37
2013-07-30,3025,10.37
2013-07-31,3025,10.32
2013-07-01,3026,23.2
2013-07-02,3026,23.28
2013-07-03,3026,23.23
2013-07-04,3026,23.12
2013-07-05,3026,23.12
2013-07-08,3026,23.2
2013-07-09,3026,23.23
2013-07-10,3026,23.2
2013-07-11,3026,23.28
2013-07-12,3026,23.28
2013-07-15,3026,23.39
2013-07-16,3026,23.55
2013-07-17,3026,23.58
2013-07-18,3026,23.63
2013-07-19,3026,23.55
2013-07-22,3026,23.63
2013-07-23,3026,23.51
2013-07-24,3026,24.21
2013-07-25,3026,24.28
2013-07-26,3026,23.97
2013-07-29,3026,24.01
2013-07-30,3026,24.09
2013-07-31,3026,24.05
2013-07-01,3027,10.98
2013-07-02,3027,11.03
2013-07-03,3027,10.85
2013-07-04,3027,10.72
2013-07-05,3027,10.68
2013-07-08,3027,10.68
2013-07-09,3027,10.59
2013-07-10,3027,10.55
2013-07-11,3027,10.68
2013-07-12,3027,10.94
2013-07-15,3027,10.81
2013-07-16,3027,11.03
2013-07-17,3027,10.81
2013-07-18,3027,10.55
2013-07-19,3027,10.5
2013-07-22,3027,10.55
2013-07-23,3027,10.55
2013-07-24,3027,10.72
2013-07-25,3027,10.68
2013-07-26,3027,10.59
2013-07-29,3027,10.33
2013-07-30,3027,10.46
2013-07-31,3027,10.11
2013-07-01,3028,7.34
2013-07-02,3028,7.42
2013-07-03,3028,7.4
2013-07-04,3028,7.38
2013-07-05,3028,7.45
2013-07-08,3028,7.37
2013-07-09,3028,7.33
2013-07-10,3028,7.29
2013-07-11,3028,7.31
2013-07-12,3028,7.35
2013-07-15,3028,7.33
2013-07-16,3028,7.37
2013-07-17,3028,7.35
2013-07-18,3028,7.59
2013-07-19,3028,7.51
2013-07-22,3028,7.41
2013-07-23,3028,7.43
2013-07-24,3028,7.41
2013-07-25,3028,7.41
2013-07-26,3028,7.43
2013-07-29,3028,7.41
2013-07-30,3028,7.41
2013-07-31,3028,7.49
2013-07-01,3029,6.53
2013-07-02,3029,6.45
2013-07-03,3029,6.43
2013-07-04,3029,6.38
2013-07-05,3029,6.38
2013-07-08,3029,6.43
2013-07-09,3029,6.4
2013-07-10,3029,6.38
2013-07-11,3029,6.77
2013-07-12,3029,6.8
2013-07-15,3029,6.7
2013-07-16,3029,6.72
2013-07-17,3029,6.72
2013-07-18,3029,6.65
2013-07-19,3029,6.58
2013-07-22,3029,6.55
2013-07-23,3029,6.63
2013-07-24,3029,6.58
2013-07-25,3029,6.55
2013-07-26,3029,6.58
2013-07-29,3029,6.55
2013-07-30,3029,6.63
2013-07-31,3029,6.65
2013-07-01,3030,18.42
2013-07-02,3030,18.83
2013-07-03,3030,18.77
2013-07-04,3030,18.4
2013-07-05,3030,18.53
2013-07-08,3030,18.27
2013-07-09,3030,18.51
2013-07-10,3030,18.62
2013-07-11,3030,18.79
2013-07-12,3030,18.98
2013-07-15,3030,19.71
2013-07-16,3030,19.71
2013-07-17,3030,19.86
2013-07-18,3030,19.76
2013-07-19,3030,19.56
2013-07-22,3030,19.78
2013-07-23,3030,20.02
2013-07-24,3030,20.04
2013-07-25,3030,20.42
2013-07-26,3030,20.17
2013-07-29,3030,20.04
2013-07-30,3030,20.22
2013-07-31,3030,19.87
2013-07-01,3031,8.87
2013-07-02,3031,8.75
2013-07-03,3031,8.68
2013-07-04,3031,8.59
2013-07-05,3031,8.59
2013-07-08,3031,8.38
2013-07-09,3031,8.44
2013-07-10,3031,8.41
2013-07-11,3031,8.59
2013-07-12,3031,8.44
2013-07-15,3031,8.62
2013-07-16,3031,8.71
2013-07-17,3031,8.71
2013-07-18,3031,8.56
2013-07-19,3031,8.59
2013-07-22,3031,8.56
2013-07-23,3031,8.68
2013-07-24,3031,8.68
2013-07-25,3031,8.62
2013-07-26,3031,8.62
2013-07-29,3031,8.44
2013-07-30,3031,8.44
2013-07-31,3031,8.23
2013-07-01,3032,7.53
2013-07-02,3032,7.35
2013-07-03,3032,7.2
2013-07-04,3032,7.18
2013-07-05,3032,7.28
2013-07-08,3032,7.0
2013-07-09,3032,7.05
2013-07-10,3032,6.97
2013-07-11,3032,6.92
2013-07-12,3032,6.97
2013-07-15,3032,7.0
2013-07-16,3032,6.89
2013-07-17,3032,6.97
2013-07-18,3032,6.51
2013-07-19,3032,6.26
2013-07-22,3032,6.2
2013-07-23,3032,6.33
2013-07-24,3032,6.33
2013-07-25,3032,6.08
2013-07-26,3032,6.15
2013-07-29,3032,6.33
2013-07-30,3032,6.31
2013-07-31,3032,6.28
2013-07-01,3033,8.17
2013-07-02,3033,8.17
2013-07-03,3033,8.15
2013-07-04,3033,8.11
2013-07-05,3033,8.11
2013-07-08,3033,8.13
2013-07-09,3033,8.15
2013-07-10,3033,8.24
2013-07-11,3033,8.24
2013-07-12,3033,8.28
2013-07-15,3033,8.34
2013-07-16,3033,8.34
2013-07-17,3033,8.45
2013-07-18,3033,8.4
2013-07-19,3033,8.36
2013-07-22,3033,8.38
2013-07-23,3033,8.4
2013-07-24,3033,8.4
2013-07-25,3033,8.4
2013-07-26,3033,8.48
2013-07-29,3033,8.44
2013-07-30,3033,8.42
2013-07-31,3033,8.38
2013-07-01,3034,65.52
2013-07-02,3034,65.07
2013-07-03,3034,64.16
2013-07-04,3034,62.36
2013-07-05,3034,65.29
2013-07-08,3034,63.49
2013-07-09,3034,60.1
2013-07-10,3034,58.97
2013-07-11,3034,60.32
2013-07-12,3034,59.65
2013-07-15,3034,59.65
2013-07-16,3034,59.19
2013-07-17,3034,55.81
2013-07-18,3034,55.13
2013-07-19,3034,55.35
2013-07-22,3034,55.58
2013-07-23,3034,57.61
2013-07-24,3034,57.39
2013-07-25,3034,58.74
2013-07-26,3034,58.97
2013-07-29,3034,59.19
2013-07-30,3034,59.19
2013-07-31,3034,59.87
2013-07-01,3035,31.52
2013-07-02,3035,32.12
2013-07-03,3035,31.82
2013-07-04,3035,31.23
2013-07-05,3035,32.9
2013-07-08,3035,32.56
2013-07-09,3035,32.21
2013-07-10,3035,31.58
2013-07-11,3035,31.72
2013-07-12,3035,31.72
2013-07-15,3035,32.06
2013-07-16,3035,32.06
2013-07-17,3035,31.77
2013-07-18,3035,31.09
2013-07-19,3035,30.64
2013-07-22,3035,30.98
2013-07-23,3035,31.63
2013-07-24,3035,33.83
2013-07-25,3035,33.59
2013-07-26,3035,33.39
2013-07-29,3035,34.37
2013-07-30,3035,34.37
2013-07-31,3035,33.69
2013-07-01,3036,13.37
2013-07-02,3036,13.39
2013-07-03,3036,13.19
2013-07-04,3036,13.19
2013-07-05,3036,13.18
2013-07-08,3036,13.19
2013-07-09,3036,13.21
2013-07-10,3036,13.18
2013-07-11,3036,13.31
2013-07-12,3036,13.33
2013-07-15,3036,13.43
2013-07-16,3036,13.41
2013-07-17,3036,13.43
2013-07-18,3036,13.45
2013-07-19,3036,13.56
2013-07-22,3036,13.58
2013-07-23,3036,13.67
2013-07-24,3036,13.58
2013-07-25,3036,13.48
2013-07-26,3036,13.58
2013-07-29,3036,13.58
2013-07-30,3036,13.58
2013-07-31,3036,13.44
2013-07-01,3037,21.69
2013-07-02,3037,21.43
2013-07-03,3037,21.54
2013-07-04,3037,21.02
2013-07-05,3037,21.39
2013-07-08,3037,21.39
2013-07-09,3037,21.09
2013-07-10,3037,21.17
2013-07-11,3037,21.65
2013-07-12,3037,21.84
2013-07-15,3037,22.21
2013-07-16,3037,22.43
2013-07-17,3037,22.28
2013-07-18,3037,22.21
2013-07-19,3037,22.06
2013-07-22,3037,22.1
2013-07-23,3037,22.65
2013-07-24,3037,22.21
2013-07-25,3037,22.21
2013-07-26,3037,22.09
2013-07-29,3037,22.01
2013-07-30,3037,22.17
2013-07-31,3037,21.24
2013-07-01,3038,3.61
2013-07-02,3038,3.75
2013-07-03,3038,3.78
2013-07-04,3038,3.68
2013-07-05,3038,3.7
2013-07-08,3038,3.61
2013-07-09,3038,3.53
2013-07-10,3038,3.52
2013-07-11,3038,3.52
2013-07-12,3038,3.6
2013-07-15,3038,3.61
2013-07-16,3038,3.71
2013-07-17,3038,3.68
2013-07-18,3038,3.61
2013-07-19,3038,3.54
2013-07-22,3038,3.57
2013-07-23,3038,3.57
2013-07-24,3038,3.55
2013-07-25,3038,3.55
2013-07-26,3038,3.48
2013-07-29,3038,3.4
2013-07-30,3038,3.36
2013-07-31,3038,3.37
2013-07-01,3040,9.1
2013-07-02,3040,9.02
2013-07-03,3040,9.02
2013-07-04,3040,8.94
2013-07-05,3040,9.21
2013-07-08,3040,9.16
2013-07-09,3040,9.02
2013-07-10,3040,9.07
2013-07-11,3040,9.24
2013-07-12,3040,9.55
2013-07-15,3040,9.19
2013-07-16,3040,9.19
2013-07-17,3040,9.27
2013-07-18,3040,9.16
2013-07-19,3040,9.19
2013-07-22,3040,9.13
2013-07-23,3040,9.07
2013-07-24,3040,9.27
2013-07-25,3040,9.16
2013-07-26,3040,9.13
2013-07-29,3040,9.04
2013-07-30,3040,9.04
2013-07-31,3040,9.1
2013-07-01,3041,74.94
2013-07-02,3041,74.2
2013-07-03,3041,73.23
2013-07-04,3041,72.62
2013-07-05,3041,73.23
2013-07-08,3041,72.62
2013-07-09,3041,72.98
2013-07-10,3041,71.9
2013-07-11,3041,70.68
2013-07-12,3041,71.4
2013-07-15,3041,72.02
2013-07-16,3041,72.26
2013-07-17,3041,72.62
2013-07-18,3041,71.9
2013-07-19,3041,71.52
2013-07-22,3041,71.77
2013-07-23,3041,73.72
2013-07-24,3041,74.32
2013-07-25,3041,73.72
2013-07-26,3041,73.72
2013-07-29,3041,73.6
2013-07-30,3041,73.6
2013-07-31,3041,71.39
2013-07-01,3042,19.57
2013-07-02,3042,19.4
2013-07-03,3042,18.94
2013-07-04,3042,18.77
2013-07-05,3042,18.65
2013-07-08,3042,18.63
2013-07-09,3042,18.84
2013-07-10,3042,18.91
2013-07-11,3042,19.62
2013-07-12,3042,19.47
2013-07-15,3042,19.24
2013-07-16,3042,19.19
2013-07-17,3042,19.01
2013-07-18,3042,18.82
2013-07-19,3042,18.77
2013-07-22,3042,18.82
2013-07-23,3042,19.08
2013-07-24,3042,19.01
2013-07-25,3042,19.19
2013-07-26,3042,19.12
2013-07-29,3042,18.96
2013-07-30,3042,19.05
2013-07-31,3042,18.89
2013-07-01,3043,26.0
2013-07-02,3043,26.1
2013-07-03,3043,25.75
2013-07-04,3043,25.9
2013-07-05,3043,25.65
2013-07-08,3043,25.4
2013-07-09,3043,25.65
2013-07-10,3043,25.25
2013-07-11,3043,25.75
2013-07-12,3043,24.9
2013-07-15,3043,24.65
2013-07-16,3043,24.45
2013-07-17,3043,24.4
2013-07-18,3043,24.75
2013-07-19,3043,24.3
2013-07-22,3043,22.85
2013-07-23,3043,21.3
2013-07-24,3043,20.25
2013-07-25,3043,21.65
2013-07-26,3043,23.15
2013-07-29,3043,24.75
2013-07-30,3043,26.25
2013-07-31,3043,25.5
2013-07-01,3044,35.11
2013-07-02,3044,35.16
2013-07-03,3044,35.38
2013-07-04,3044,35.05
2013-07-05,3044,36.14
2013-07-08,3044,35.0
2013-07-09,3044,35.05
2013-07-10,3044,35.97
2013-07-11,3044,35.54
2013-07-12,3044,35.81
2013-07-15,3044,36.25
2013-07-16,3044,35.81
2013-07-17,3044,36.08
2013-07-18,3044,37.38
2013-07-19,3044,36.57
2013-07-22,3044,36.14
2013-07-23,3044,36.3
2013-07-24,3044,35.76
2013-07-25,3044,36.25
2013-07-26,3044,35.74
2013-07-29,3044,35.79
2013-07-30,3044,36.02
2013-07-31,3044,35.18
2013-07-01,3045,64.4
2013-07-02,3045,65.25
2013-07-03,3045,64.97
2013-07-04,3045,64.97
2013-07-05,3045,66.39
2013-07-08,3045,66.09
2013-07-09,3045,65.2
2013-07-10,3045,65.2
2013-07-11,3045,66.09
2013-07-12,3045,65.79
2013-07-15,3045,66.09
2013-07-16,3045,66.09
2013-07-17,3045,65.79
2013-07-18,3045,66.09
2013-07-19,3045,65.79
2013-07-22,3045,66.69
2013-07-23,3045,69.07
2013-07-24,3045,66.69
2013-07-25,3045,64.9
2013-07-26,3045,65.5
2013-07-29,3045,64.6
2013-07-30,3045,65.2
2013-07-31,3045,64.9
2013-07-01,3046,25.4
2013-07-02,3046,25.27
2013-07-03,3046,25.06
2013-07-04,3046,25.03
2013-07-05,3046,25.11
2013-07-08,3046,25.03
2013-07-09,3046,25.03
2013-07-10,3046,24.86
2013-07-11,3046,24.69
2013-07-12,3046,24.69
2013-07-15,3046,24.44
2013-07-16,3046,24.1
2013-07-17,3046,23.77
2013-07-18,3046,23.4
2013-07-19,3046,24.02
2013-07-22,3046,23.94
2013-07-23,3046,23.94
2013-07-24,3046,24.15
2013-07-25,3046,24.24
2013-07-26,3046,24.36
2013-07-29,3046,24.19
2013-07-30,3046,24.24
2013-07-31,3046,24.19
2013-07-01,3047,9.11
2013-07-02,3047,9.28
2013-07-03,3047,9.11
2013-07-04,3047,9.32
2013-07-05,3047,9.32
2013-07-08,3047,9.25
2013-07-09,3047,9.32
2013-07-10,3047,9.18
2013-07-11,3047,9.07
2013-07-12,3047,9.11
2013-07-15,3047,9.18
2013-07-16,3047,9.21
2013-07-17,3047,9.25
2013-07-18,3047,9.21
2013-07-19,3047,9.11
2013-07-22,3047,9.42
2013-07-23,3047,9.7
2013-07-24,3047,9.7
2013-07-25,3047,9.88
2013-07-26,3047,9.84
2013-07-29,3047,9.67
2013-07-30,3047,9.74
2013-07-31,3047,9.67
2013-07-01,3048,4.21
2013-07-02,3048,4.2
2013-07-03,3048,4.21
2013-07-04,3048,4.21
2013-07-05,3048,4.2
2013-07-08,3048,4.16
2013-07-09,3048,4.2
2013-07-10,3048,4.2
2013-07-11,3048,4.21
2013-07-12,3048,4.21
2013-07-15,3048,4.23
2013-07-16,3048,4.21
2013-07-17,3048,4.23
2013-07-18,3048,4.2
2013-07-19,3048,4.2
2013-07-22,3048,4.16
2013-07-23,3048,4.2
2013-07-24,3048,4.18
2013-07-25,3048,4.2
2013-07-26,3048,4.2
2013-07-29,3048,4.2
2013-07-30,3048,4.18
2013-07-31,3048,4.18
2013-07-01,3049,16.46
2013-07-02,3049,15.97
2013-07-03,3049,16.04
2013-07-04,3049,15.68
2013-07-05,3049,15.62
2013-07-08,3049,15.19
2013-07-09,3049,15.19
2013-07-10,3049,15.04
2013-07-11,3049,15.47
2013-07-12,3049,15.33
2013-07-15,3049,15.55
2013-07-16,3049,16.04
2013-07-17,3049,15.75
2013-07-18,3049,15.19
2013-07-19,3049,15.33
2013-07-22,3049,15.33
2013-07-23,3049,15.68
2013-07-24,3049,15.55
2013-07-25,3049,15.33
2013-07-26,3049,15.33
2013-07-29,3049,15.26
2013-07-30,3049,15.26
2013-07-31,3049,14.62
2013-07-01,3050,4.76
2013-07-02,3050,4.99
2013-07-03,3050,4.92
2013-07-04,3050,5.01
2013-07-05,3050,4.94
2013-07-08,3050,4.94
2013-07-09,3050,4.94
2013-07-10,3050,4.9
2013-07-11,3050,4.91
2013-07-12,3050,4.88
2013-07-15,3050,4.94
2013-07-16,3050,4.91
2013-07-17,3050,4.91
2013-07-18,3050,4.87
2013-07-19,3050,4.81
2013-07-22,3050,4.83
2013-07-23,3050,4.9
2013-07-24,3050,5.11
2013-07-25,3050,5.06
2013-07-26,3050,5.06
2013-07-29,3050,5.06
2013-07-30,3050,5.04
2013-07-31,3050,4.93
2013-07-01,3051,12.66
2013-07-02,3051,12.3
2013-07-03,3051,12.37
2013-07-04,3051,12.16
2013-07-05,3051,11.72
2013-07-08,3051,11.95
2013-07-09,3051,11.83
2013-07-10,3051,12.16
2013-07-11,3051,11.81
2013-07-12,3051,11.81
2013-07-15,3051,11.77
2013-07-16,3051,11.99
2013-07-17,3051,11.81
2013-07-18,3051,11.46
2013-07-19,3051,11.31
2013-07-22,3051,11.23
2013-07-23,3051,11.28
2013-07-24,3051,11.14
2013-07-25,3051,10.93
2013-07-26,3051,10.75
2013-07-29,3051,10.58
2013-07-30,3051,10.58
2013-07-31,3051,9.84
2013-07-01,3052,7.0
2013-07-02,3052,6.95
2013-07-03,3052,6.83
2013-07-04,3052,6.63
2013-07-05,3052,6.58
2013-07-08,3052,6.61
2013-07-09,3052,6.58
2013-07-10,3052,6.56
2013-07-11,3052,6.53
2013-07-12,3052,6.97
2013-07-15,3052,7.46
2013-07-16,3052,7.58
2013-07-17,3052,8.09
2013-07-18,3052,8.41
2013-07-19,3052,8.17
2013-07-22,3052,8.19
2013-07-23,3052,8.24
2013-07-24,3052,8.09
2013-07-25,3052,8.63
2013-07-26,3052,8.39
2013-07-29,3052,8.19
2013-07-30,3052,8.24
2013-07-31,3052,8.24
2013-07-01,3054,22.7
2013-07-02,3054,22.38
2013-07-03,3054,22.38
2013-07-04,3054,21.39
2013-07-05,3054,21.86
2013-07-08,3054,21.65
2013-07-09,3054,21.17
2013-07-10,3054,20.75
2013-07-11,3054,21.28
2013-07-12,3054,21.65
2013-07-15,3054,21.48
2013-07-16,3054,22.49
2013-07-17,3054,22.49
2013-07-18,3054,21.28
2013-07-19,3054,21.54
2013-07-22,3054,21.75
2013-07-23,3054,21.86
2013-07-24,3054,23.34
2013-07-25,3054,22.81
2013-07-26,3054,22.76
2013-07-29,3054,21.43
2013-07-30,3054,21.91
2013-07-31,3054,21.01
2013-07-01,3055,8.31
2013-07-02,3055,8.41
2013-07-03,3055,8.24
2013-07-04,3055,8.24
2013-07-05,3055,8.24
2013-07-08,3055,8.55
2013-07-09,3055,8.41
2013-07-10,3055,8.34
2013-07-11,3055,8.34
2013-07-12,3055,8.34
2013-07-15,3055,8.34
2013-07-16,3055,8.34
2013-07-17,3055,8.38
2013-07-18,3055,8.34
2013-07-19,3055,8.31
2013-07-22,3055,8.28
2013-07-23,3055,8.45
2013-07-24,3055,8.38
2013-07-25,3055,8.31
2013-07-26,3055,8.38
2013-07-29,3055,8.34
2013-07-30,3055,8.31
2013-07-31,3055,8.27
2013-07-01,3056,6.57
2013-07-02,3056,6.56
2013-07-03,3056,6.46
2013-07-04,3056,6.57
2013-07-05,3056,6.79
2013-07-08,3056,6.79
2013-07-09,3056,6.91
2013-07-10,3056,6.74
2013-07-11,3056,6.75
2013-07-12,3056,6.72
2013-07-15,3056,6.81
2013-07-16,3056,6.88
2013-07-17,3056,7.22
2013-07-18,3056,7.11
2013-07-19,3056,7.23
2013-07-22,3056,7.24
2013-07-23,3056,7.27
2013-07-24,3056,7.36
2013-07-25,3056,7.48
2013-07-26,3056,7.47
2013-07-29,3056,7.33
2013-07-30,3056,7.42
2013-07-31,3056,7.47
2013-07-01,3057,32.44
2013-07-02,3057,32.35
2013-07-03,3057,32.35
2013-07-04,3057,32.17
2013-07-05,3057,32.17
2013-07-08,3057,31.48
2013-07-09,3057,31.73
2013-07-10,3057,32.88
2013-07-11,3057,33.05
2013-07-12,3057,32.44
2013-07-15,3057,33.93
2013-07-16,3057,33.93
2013-07-17,3057,35.7
2013-07-18,3057,35.87
2013-07-19,3057,35.87
2013-07-22,3057,35.87
2013-07-23,3057,37.37
2013-07-24,3057,37.37
2013-07-25,3057,38.7
2013-07-26,3057,39.05
2013-07-29,3057,37.55
2013-07-30,3057,37.47
2013-07-31,3057,38.35
2013-07-01,3058,11.84
2013-07-02,3058,11.77
2013-07-03,3058,11.63
2013-07-04,3058,11.53
2013-07-05,3058,11.47
2013-07-08,3058,11.27
2013-07-09,3058,11.37
2013-07-10,3058,11.37
2013-07-11,3058,11.43
2013-07-12,3058,11.57
2013-07-15,3058,11.74
2013-07-16,3058,11.87
2013-07-17,3058,12.04
2013-07-18,3058,12.0
2013-07-19,3058,11.84
2013-07-22,3058,11.9
2013-07-23,3058,11.9
2013-07-24,3058,11.97
2013-07-25,3058,12.04
2013-07-26,3058,12.07
2013-07-29,3058,12.0
2013-07-30,3058,11.94
2013-07-31,3058,11.8
2013-07-01,3059,15.95
2013-07-02,3059,15.9
2013-07-03,3059,15.72
2013-07-04,3059,15.63
2013-07-05,3059,15.72
2013-07-08,3059,15.54
2013-07-09,3059,15.54
2013-07-10,3059,15.32
2013-07-11,3059,15.36
2013-07-12,3059,15.36
2013-07-15,3059,15.54
2013-07-16,3059,15.58
2013-07-17,3059,15.68
2013-07-18,3059,15.77
2013-07-19,3059,15.54
2013-07-22,3059,15.54
2013-07-23,3059,15.63
2013-07-24,3059,15.58
2013-07-25,3059,15.54
2013-07-26,3059,15.58
2013-07-29,3059,15.54
2013-07-30,3059,15.67
2013-07-31,3059,15.43
2013-07-01,3060,73.95
2013-07-02,3060,74.3
2013-07-03,3060,73.77
2013-07-04,3060,72.8
2013-07-05,3060,73.06
2013-07-08,3060,72.8
2013-07-09,3060,71.73
2013-07-10,3060,71.55
2013-07-11,3060,71.82
2013-07-12,3060,74.04
2013-07-15,3060,74.04
2013-07-16,3060,73.77
2013-07-17,3060,72.71
2013-07-18,3060,71.65
2013-07-19,3060,72.44
2013-07-22,3060,72.27
2013-07-23,3060,72.27
2013-07-24,3060,72.27
2013-07-25,3060,74.13
2013-07-26,3060,76.08
2013-07-29,3060,74.21
2013-07-30,3060,74.13
2013-07-31,3060,75.28
2013-07-01,3061,19.75
2013-07-02,3061,19.35
2013-07-03,3061,19.1
2013-07-04,3061,19.15
2013-07-05,3061,19.2
2013-07-08,3061,19.1
2013-07-09,3061,19.4
2013-07-10,3061,19.15
2013-07-11,3061,19.4
2013-07-12,3061,19.6
2013-07-15,3061,19.55
2013-07-16,3061,19.5
2013-07-17,3061,20.1
2013-07-18,3061,20.0
2013-07-19,3061,20.2
2013-07-22,3061,20.15
2013-07-23,3061,20.3
2013-07-24,3061,20.2
2013-07-25,3061,20.1
2013-07-26,3061,20.15
2013-07-29,3061,19.75
2013-07-30,3061,19.6
2013-07-31,3061,19.2
2013-07-01,3062,19.96
2013-07-02,3062,20.69
2013-07-03,3062,20.2
2013-07-04,3062,19.71
2013-07-05,3062,19.88
2013-07-08,3062,19.92
2013-07-09,3062,20.16
2013-07-10,3062,20.08
2013-07-11,3062,20.69
2013-07-12,3062,20.81
2013-07-15,3062,22.23
2013-07-16,3062,23.77
2013-07-17,3062,24.01
2013-07-18,3062,24.17
2013-07-19,3062,25.84
2013-07-22,3062,27.62
2013-07-23,3062,27.58
2013-07-24,3062,27.99
2013-07-25,3062,26.93
2013-07-26,3062,26.85
2013-07-29,3062,26.77
2013-07-30,3062,27.54
2013-07-31,3062,25.64
2013-07-01,3064,380.45
2013-07-02,3064,380.98
2013-07-03,3064,377.31
2013-07-04,3064,374.16
2013-07-05,3064,372.07
2013-07-08,3064,372.07
2013-07-09,3064,368.4
2013-07-10,3064,367.87
2013-07-11,3064,373.12
2013-07-12,3064,371.02
2013-07-15,3064,365.25
2013-07-16,3064,382.03
2013-07-17,3064,379.41
2013-07-18,3064,377.31
2013-07-19,3064,376.26
2013-07-22,3064,373.12
2013-07-23,3064,369.97
2013-07-24,3064,376.89
2013-07-25,3064,398.38
2013-07-26,3064,384.75
2013-07-29,3064,384.22
2013-07-30,3064,376.36
2013-07-31,3064,392.09
2013-07-01,3066,11.8
2013-07-02,3066,11.64
2013-07-03,3066,11.8
2013-07-04,3066,11.77
2013-07-05,3066,11.59
2013-07-08,3066,11.55
2013-07-09,3066,11.68
2013-07-10,3066,11.7
2013-07-11,3066,11.7
2013-07-12,3066,11.86
2013-07-15,3066,11.86
2013-07-16,3066,11.86
2013-07-17,3066,11.9
2013-07-18,3066,11.73
2013-07-19,3066,11.75
2013-07-22,3066,11.59
2013-07-23,3066,11.75
2013-07-24,3066,11.75
2013-07-25,3066,11.68
2013-07-26,3066,11.79
2013-07-29,3066,11.77
2013-07-30,3066,11.77
2013-07-31,3066,11.77
2013-07-01,3067,16.55
2013-07-02,3067,17.2
2013-07-03,3067,16.7
2013-07-04,3067,16.5
2013-07-08,3067,16.4
2013-07-09,3067,17.15
2013-07-12,3067,17.2
2013-07-16,3067,16.75
2013-07-17,3067,16.85
2013-07-19,3067,16.75
2013-07-23,3067,16.35
2013-07-26,3067,16.2
2013-07-29,3067,17.05
2013-07-30,3067,16.75
2013-07-31,3067,16.3
2013-07-01,3071,5.37
2013-07-02,3071,5.39
2013-07-03,3071,5.32
2013-07-04,3071,5.27
2013-07-05,3071,5.38
2013-07-08,3071,5.21
2013-07-09,3071,5.3
2013-07-10,3071,5.19
2013-07-11,3071,5.21
2013-07-12,3071,5.2
2013-07-15,3071,5.2
2013-07-16,3071,5.29
2013-07-17,3071,5.22
2013-07-18,3071,5.29
2013-07-19,3071,5.19
2013-07-22,3071,5.25
2013-07-23,3071,5.18
2013-07-24,3071,5.19
2013-07-25,3071,5.16
2013-07-26,3071,5.17
2013-07-29,3071,5.14
2013-07-30,3071,5.2
2013-07-31,3071,5.25
2013-07-01,3073,28.89
2013-07-02,3073,28.4
2013-07-03,3073,26.42
2013-07-04,3073,26.6
2013-07-05,3073,26.74
2013-07-08,3073,26.56
2013-07-09,3073,26.38
2013-07-10,3073,26.34
2013-07-11,3073,25.98
2013-07-12,3073,27.1
2013-07-15,3073,26.42
2013-07-16,3073,26.07
2013-07-17,3073,26.42
2013-07-18,3073,26.34
2013-07-19,3073,26.88
2013-07-22,3073,26.88
2013-07-23,3073,27.1
2013-07-24,3073,27.27
2013-07-25,3073,27.27
2013-07-26,3073,27.27
2013-07-29,3073,27.55
2013-07-30,3073,27.5
2013-07-31,3073,27.27
2013-07-01,3078,5.82
2013-07-02,3078,5.8
2013-07-03,3078,5.75
2013-07-04,3078,5.7
2013-07-05,3078,5.8
2013-07-08,3078,5.78
2013-07-09,3078,5.87
2013-07-10,3078,5.92
2013-07-11,3078,5.82
2013-07-12,3078,5.82
2013-07-15,3078,5.8
2013-07-16,3078,5.8
2013-07-17,3078,5.94
2013-07-18,3078,5.82
2013-07-19,3078,5.8
2013-07-22,3078,5.8
2013-07-23,3078,5.75
2013-07-24,3078,5.73
2013-07-25,3078,5.8
2013-07-26,3078,5.75
2013-07-29,3078,5.82
2013-07-30,3078,5.8
2013-07-31,3078,5.73
2013-07-01,3083,53.4
2013-07-02,3083,53.3
2013-07-03,3083,51.82
2013-07-04,3083,50.44
2013-07-05,3083,50.63
2013-07-08,3083,49.65
2013-07-09,3083,49.84
2013-07-10,3083,51.33
2013-07-11,3083,54.89
2013-07-12,3083,55.28
2013-07-15,3083,54.39
2013-07-16,3083,55.18
2013-07-17,3083,54.29
2013-07-18,3083,52.91
2013-07-19,3083,51.62
2013-07-22,3083,51.92
2013-07-23,3083,53.01
2013-07-24,3083,53.3
2013-07-25,3083,52.81
2013-07-26,3083,52.71
2013-07-29,3083,53.5
2013-07-30,3083,53.6
2013-07-31,3083,52.02
2013-07-01,3085,91.27
2013-07-02,3085,90.89
2013-07-03,3085,87.47
2013-07-04,3085,87.47
2013-07-05,3085,88.23
2013-07-08,3085,89.75
2013-07-09,3085,92.03
2013-07-10,3085,98.12
2013-07-11,3085,104.2
2013-07-12,3085,103.06
2013-07-15,3085,104.58
2013-07-16,3085,103.44
2013-07-17,3085,101.54
2013-07-18,3085,98.88
2013-07-19,3085,97.36
2013-07-22,3085,103.82
2013-07-23,3085,105.72
2013-07-24,3085,102.3
2013-07-25,3085,101.92
2013-07-26,3085,102.68
2013-07-29,3085,100.4
2013-07-30,3085,103.82
2013-07-31,3085,101.92
2013-07-01,3086,104.07
2013-07-02,3086,103.66
2013-07-03,3086,102.84
2013-07-04,3086,101.6
2013-07-05,3086,101.18
2013-07-08,3086,99.12
2013-07-09,3086,97.88
2013-07-10,3086,99.12
2013-07-11,3086,100.36
2013-07-12,3086,97.47
2013-07-15,3086,96.64
2013-07-16,3086,97.88
2013-07-17,3086,99.12
2013-07-18,3086,97.47
2013-07-19,3086,94.99
2013-07-22,3086,96.23
2013-07-23,3086,96.64
2013-07-24,3086,96.64
2013-07-25,3086,94.99
2013-07-26,3086,96.23
2013-07-29,3086,95.82
2013-07-30,3086,94.58
2013-07-31,3086,94.16
2013-07-01,3088,14.55
2013-07-02,3088,14.64
2013-07-03,3088,15.0
2013-07-04,3088,15.02
2013-07-05,3088,15.82
2013-07-08,3088,15.93
2013-07-09,3088,15.91
2013-07-10,3088,15.73
2013-07-11,3088,15.93
2013-07-12,3088,16.43
2013-07-15,3088,17.41
2013-07-16,3088,17.23
2013-07-17,3088,16.96
2013-07-18,3088,17.11
2013-07-19,3088,16.82
2013-07-22,3088,17.5
2013-07-23,3088,17.82
2013-07-24,3088,17.73
2013-07-25,3088,17.55
2013-07-26,3088,17.57
2013-07-29,3088,17.05
2013-07-30,3088,17.27
2013-07-31,3088,17.73
2013-07-01,3089,52.93
2013-07-02,3089,52.71
2013-07-03,3089,51.77
2013-07-04,3089,52.47
2013-07-05,3089,52.01
2013-07-08,3089,54.76
2013-07-09,3089,58.51
2013-07-10,3089,58.27
2013-07-11,3089,58.63
2013-07-12,3089,59.09
2013-07-15,3089,58.51
2013-07-16,3089,56.75
2013-07-17,3089,56.87
2013-07-18,3089,58.86
2013-07-19,3089,59.68
2013-07-22,3089,60.61
2013-07-23,3089,60.15
2013-07-24,3089,64.24
2013-07-25,3089,59.8
2013-07-26,3089,57.1
2013-07-29,3089,57.57
2013-07-30,3089,58.27
2013-07-31,3089,60.15
2013-07-01,3090,7.8
2013-07-02,3090,7.84
2013-07-03,3090,7.81
2013-07-04,3090,7.83
2013-07-05,3090,7.86
2013-07-08,3090,7.84
2013-07-09,3090,7.86
2013-07-10,3090,8.13
2013-07-11,3090,8.22
2013-07-12,3090,8.16
2013-07-15,3090,8.22
2013-07-16,3090,8.38
2013-07-17,3090,8.63
2013-07-18,3090,8.69
2013-07-19,3090,8.49
2013-07-22,3090,8.53
2013-07-23,3090,8.55
2013-07-24,3090,8.46
2013-07-25,3090,8.53
2013-07-26,3090,8.47
2013-07-29,3090,8.49
2013-07-30,3090,8.47
2013-07-31,3090,8.51
2013-07-01,3092,5.39
2013-07-02,3092,5.46
2013-07-03,3092,5.46
2013-07-04,3092,5.41
2013-07-05,3092,5.36
2013-07-08,3092,5.36
2013-07-09,3092,5.36
2013-07-10,3092,5.31
2013-07-11,3092,5.34
2013-07-12,3092,5.31
2013-07-15,3092,5.29
2013-07-16,3092,5.31
2013-07-17,3092,5.34
2013-07-18,3092,5.34
2013-07-19,3092,5.36
2013-07-22,3092,5.39
2013-07-23,3092,5.46
2013-07-24,3092,5.44
2013-07-25,3092,5.31
2013-07-26,3092,5.29
2013-07-29,3092,5.29
2013-07-30,3092,5.36
2013-07-31,3092,5.36
2013-07-01,3093,21.43
2013-07-02,3093,21.06
2013-07-03,3093,21.08
2013-07-04,3093,21.08
2013-07-05,3093,20.99
2013-07-08,3093,21.33
2013-07-09,3093,21.08
2013-07-10,3093,21.3
2013-07-11,3093,21.4
2013-07-12,3093,21.95
2013-07-15,3093,21.56
2013-07-16,3093,21.56
2013-07-17,3093,21.58
2013-07-18,3093,21.43
2013-07-19,3093,21.4
2013-07-22,3093,22.13
2013-07-23,3093,21.43
2013-07-24,3093,21.45
2013-07-25,3093,21.53
2013-07-29,3093,21.22
2013-07-30,3093,21.56
2013-07-31,3093,21.3
2013-07-01,3094,11.76
2013-07-02,3094,11.7
2013-07-03,3094,11.67
2013-07-04,3094,11.67
2013-07-05,3094,11.9
2013-07-08,3094,11.74
2013-07-09,3094,11.74
2013-07-10,3094,11.6
2013-07-11,3094,11.77
2013-07-12,3094,11.8
2013-07-15,3094,11.9
2013-07-16,3094,11.97
2013-07-17,3094,11.87
2013-07-18,3094,11.6
2013-07-19,3094,11.47
2013-07-22,3094,11.57
2013-07-23,3094,11.64
2013-07-24,3094,12.07
2013-07-25,3094,11.9
2013-07-26,3094,11.84
2013-07-29,3094,11.9
2013-07-30,3094,11.84
2013-07-31,3094,11.7
2013-07-01,3095,149.48
2013-07-02,3095,149.48
2013-07-03,3095,145.84
2013-07-04,3095,146.06
2013-07-05,3095,144.93
2013-07-08,3095,144.24
2013-07-09,3095,143.33
2013-07-10,3095,139.01
2013-07-11,3095,140.83
2013-07-12,3095,140.6
2013-07-15,3095,140.6
2013-07-16,3095,142.2
2013-07-17,3095,145.38
2013-07-18,3095,147.88
2013-07-19,3095,145.38
2013-07-22,3095,145.84
2013-07-23,3095,146.52
2013-07-24,3095,146.29
2013-07-25,3095,143.33
2013-07-26,3095,143.33
2013-07-29,3095,139.47
2013-07-30,3095,138.78
2013-07-31,3095,136.74
2013-07-01,3105,38.68
2013-07-02,3105,39.21
2013-07-03,3105,38.98
2013-07-04,3105,37.9
2013-07-05,3105,37.9
2013-07-08,3105,38.2
2013-07-09,3105,38.2
2013-07-10,3105,38.5
2013-07-11,3105,39.98
2013-07-12,3105,39.92
2013-07-15,3105,39.92
2013-07-16,3105,40.58
2013-07-17,3105,40.1
2013-07-18,3105,39.04
2013-07-19,3105,38.26
2013-07-22,3105,38.32
2013-07-23,3105,38.86
2013-07-24,3105,38.86
2013-07-25,3105,40.52
2013-07-26,3105,39.92
2013-07-29,3105,38.92
2013-07-30,3105,38.92
2013-07-31,3105,38.56
2013-07-01,3114,5.48
2013-07-02,3114,5.42
2013-07-03,3114,5.44
2013-07-04,3114,5.46
2013-07-05,3114,5.48
2013-07-08,3114,5.46
2013-07-09,3114,5.51
2013-07-10,3114,5.51
2013-07-11,3114,5.57
2013-07-12,3114,5.55
2013-07-15,3114,5.68
2013-07-16,3114,5.68
2013-07-17,3114,5.62
2013-07-18,3114,5.62
2013-07-19,3114,5.59
2013-07-22,3114,5.62
2013-07-23,3114,5.64
2013-07-24,3114,5.55
2013-07-25,3114,5.62
2013-07-26,3114,5.57
2013-07-29,3114,5.59
2013-07-30,3114,5.62
2013-07-31,3114,5.55
2013-07-03,3115,13.27
2013-07-04,3115,13.43
2013-07-08,3115,13.43
2013-07-09,3115,13.57
2013-07-10,3115,13.57
2013-07-11,3115,13.43
2013-07-15,3115,13.57
2013-07-16,3115,13.57
2013-07-18,3115,13.57
2013-07-19,3115,13.3
2013-07-22,3115,13.7
2013-07-23,3115,13.57
2013-07-24,3115,13.7
2013-07-25,3115,13.57
2013-07-26,3115,13.3
2013-07-29,3115,13.7
2013-07-30,3115,13.7
2013-07-01,3118,18.69
2013-07-02,3118,18.51
2013-07-03,3118,18.51
2013-07-04,3118,18.35
2013-07-05,3118,18.19
2013-07-08,3118,17.95
2013-07-09,3118,17.95
2013-07-10,3118,18.21
2013-07-11,3118,18.11
2013-07-12,3118,18.85
2013-07-15,3118,19.44
2013-07-16,3118,19.17
2013-07-17,3118,19.15
2013-07-18,3118,19.04
2013-07-19,3118,18.61
2013-07-22,3118,18.64
2013-07-23,3118,18.53
2013-07-24,3118,18.37
2013-07-25,3118,18.48
2013-07-26,3118,18.37
2013-07-29,3118,19.17
2013-07-30,3118,19.28
2013-07-31,3118,18.91
2013-07-01,3122,6.96
2013-07-02,3122,7.24
2013-07-03,3122,7.24
2013-07-05,3122,7.54
2013-07-08,3122,7.25
2013-07-09,3122,7.09
2013-07-10,3122,7.24
2013-07-11,3122,6.89
2013-07-12,3122,6.89
2013-07-16,3122,6.95
2013-07-17,3122,6.96
2013-07-18,3122,6.96
2013-07-19,3122,6.92
2013-07-22,3122,6.44
2013-07-24,3122,6.42
2013-07-26,3122,6.56
2013-07-01,3128,8.24
2013-07-02,3128,8.04
2013-07-03,3128,8.08
2013-07-04,3128,8.0
2013-07-05,3128,8.0
2013-07-08,3128,7.9
2013-07-09,3128,7.69
2013-07-10,3128,7.92
2013-07-11,3128,7.92
2013-07-12,3128,7.98
2013-07-15,3128,8.0
2013-07-16,3128,7.96
2013-07-17,3128,7.96
2013-07-18,3128,7.89
2013-07-19,3128,7.89
2013-07-22,3128,7.92
2013-07-23,3128,8.44
2013-07-24,3128,8.28
2013-07-25,3128,8.08
2013-07-26,3128,8.12
2013-07-29,3128,8.0
2013-07-30,3128,8.56
2013-07-31,3128,9.12
2013-07-01,3130,40.29
2013-07-02,3130,40.29
2013-07-03,3130,41.06
2013-07-04,3130,41.01
2013-07-08,3130,41.01
2013-07-09,3130,40.53
2013-07-11,3130,39.95
2013-07-12,3130,39.81
2013-07-15,3130,40.86
2013-07-16,3130,42.19
2013-07-17,3130,43.51
2013-07-18,3130,44.33
2013-07-19,3130,43.31
2013-07-22,3130,42.44
2013-07-23,3130,43.31
2013-07-24,3130,42.95
2013-07-25,3130,42.39
2013-07-26,3130,42.39
2013-07-29,3130,44.18
2013-07-30,3130,43.41
2013-07-31,3130,44.38
2013-07-01,3131,138.57
2013-07-02,3131,139.44
2013-07-03,3131,134.52
2013-07-04,3131,133.65
2013-07-05,3131,135.39
2013-07-08,3131,137.99
2013-07-09,3131,138.28
2013-07-10,3131,147.94
2013-07-11,3131,146.13
2013-07-12,3131,147.03
2013-07-15,3131,153.98
2013-07-16,3131,151.56
2013-07-17,3131,157.0
2013-07-18,3131,155.19
2013-07-19,3131,144.62
2013-07-22,3131,147.94
2013-07-23,3131,149.75
2013-07-24,3131,146.13
2013-07-25,3131,146.13
2013-07-26,3131,152.17
2013-07-29,3131,148.85
2013-07-30,3131,149.75
2013-07-31,3131,146.73
2013-07-01,3138,8.58
2013-07-05,3138,8.58
2013-07-09,3138,8.64
2013-07-11,3138,8.69
2013-07-16,3138,8.63
2013-07-19,3138,8.63
2013-07-24,3138,8.69
2013-07-26,3138,8.27
2013-07-29,3138,8.12
2013-07-30,3138,8.03
2013-07-31,3138,8.41
2013-07-01,3141,12.06
2013-07-02,3141,11.95
2013-07-03,3141,11.7
2013-07-04,3141,11.31
2013-07-05,3141,10.66
2013-07-08,3141,10.3
2013-07-09,3141,10.0
2013-07-10,3141,10.38
2013-07-11,3141,10.59
2013-07-12,3141,10.97
2013-07-15,3141,11.84
2013-07-16,3141,12.52
2013-07-17,3141,12.0
2013-07-18,3141,12.26
2013-07-19,3141,11.8
2013-07-22,3141,11.8
2013-07-23,3141,11.8
2013-07-24,3141,11.8
2013-07-25,3141,11.7
2013-07-26,3141,11.7
2013-07-29,3141,12.32
2013-07-30,3141,12.0
2013-07-31,3141,11.95
2013-07-01,3144,17.04
2013-07-02,3144,17.11
2013-07-03,3144,17.5
2013-07-04,3144,17.27
2013-07-05,3144,17.34
2013-07-08,3144,17.14
2013-07-09,3144,17.47
2013-07-10,3144,17.32
2013-07-11,3144,17.18
2013-07-12,3144,17.18
2013-07-15,3144,17.22
2013-07-16,3144,17.32
2013-07-17,3144,17.18
2013-07-18,3144,17.18
2013-07-19,3144,17.11
2013-07-22,3144,16.94
2013-07-23,3144,17.01
2013-07-24,3144,17.43
2013-07-25,3144,17.57
2013-07-26,3144,17.64
2013-07-29,3144,18.07
2013-07-30,3144,18.63
2013-07-31,3144,18.35
2013-07-01,3149,116.21
2013-07-02,3149,115.54
2013-07-03,3149,113.76
2013-07-04,3149,114.2
2013-07-05,3149,113.53
2013-07-08,3149,113.32
2013-07-09,3149,114.88
2013-07-10,3149,116.43
2013-07-11,3149,120.88
2013-07-12,3149,126.89
2013-07-15,3149,130.23
2013-07-16,3149,132.23
2013-07-17,3149,132.23
2013-07-18,3149,130.01
2013-07-19,3149,128.45
2013-07-22,3149,134.91
2013-07-23,3149,134.91
2013-07-24,3149,136.69
2013-07-25,3149,136.69
2013-07-26,3149,134.68
2013-07-29,3149,131.35
2013-07-30,3149,129.57
2013-07-31,3149,128.23
2013-07-01,3150,7.65
2013-07-02,3150,7.42
2013-07-03,3150,7.46
2013-07-10,3150,7.27
2013-07-11,3150,7.27
2013-07-15,3150,7.23
2013-07-18,3150,7.45
2013-07-22,3150,7.42
2013-07-30,3150,7.46
2013-07-01,3152,61.5
2013-07-02,3152,62.73
2013-07-03,3152,61.17
2013-07-04,3152,60.65
2013-07-05,3152,62.08
2013-07-08,3152,63.19
2013-07-09,3152,62.15
2013-07-10,3152,62.02
2013-07-11,3152,62.47
2013-07-12,3152,62.93
2013-07-15,3152,64.36
2013-07-16,3152,65.98
2013-07-17,3152,64.62
2013-07-18,3152,64.49
2013-07-19,3152,63.71
2013-07-22,3152,64.36
2013-07-23,3152,64.94
2013-07-24,3152,64.03
2013-07-25,3152,64.36
2013-07-26,3152,64.62
2013-07-29,3152,65.01
2013-07-30,3152,65.01
2013-07-31,3152,65.01
2013-07-01,3162,12.58
2013-07-02,3162,12.6
2013-07-03,3162,12.24
2013-07-04,3162,12.51
2013-07-05,3162,12.47
2013-07-08,3162,12.4
2013-07-09,3162,12.59
2013-07-10,3162,12.59
2013-07-11,3162,12.43
2013-07-12,3162,12.59
2013-07-15,3162,12.59
2013-07-16,3162,12.36
2013-07-17,3162,12.37
2013-07-18,3162,12.37
2013-07-19,3162,12.38
2013-07-22,3162,12.38
2013-07-23,3162,12.45
2013-07-24,3162,12.28
2013-07-25,3162,12.37
2013-07-26,3162,12.41
2013-07-29,3162,12.37
2013-07-30,3162,12.28
2013-07-31,3162,12.25
2013-07-01,3163,31.44
2013-07-02,3163,30.44
2013-07-03,3163,30.92
2013-07-04,3163,29.92
2013-07-05,3163,30.23
2013-07-08,3163,32.33
2013-07-09,3163,32.54
2013-07-10,3163,32.44
2013-07-11,3163,32.09
2013-07-12,3163,33.78
2013-07-15,3163,34.75
2013-07-16,3163,34.2
2013-07-17,3163,34.23
2013-07-18,3163,34.23
2013-07-19,3163,32.82
2013-07-22,3163,34.27
2013-07-23,3163,35.02
2013-07-24,3163,34.82
2013-07-25,3163,34.61
2013-07-26,3163,33.71
2013-07-29,3163,33.95
2013-07-30,3163,36.26
2013-07-31,3163,36.95
2013-07-01,3164,35.4
2013-07-02,3164,35.02
2013-07-03,3164,35.1
2013-07-04,3164,34.07
2013-07-05,3164,36.44
2013-07-08,3164,37.24
2013-07-09,3164,37.47
2013-07-10,3164,37.51
2013-07-11,3164,37.51
2013-07-12,3164,37.55
2013-07-15,3164,37.58
2013-07-16,3164,37.01
2013-07-17,3164,36.86
2013-07-18,3164,35.79
2013-07-19,3164,35.29
2013-07-22,3164,35.33
2013-07-23,3164,36.09
2013-07-24,3164,35.94
2013-07-25,3164,35.63
2013-07-26,3164,35.25
2013-07-29,3164,35.25
2013-07-30,3164,36.09
2013-07-31,3164,35.6
2013-07-01,3167,15.85
2013-07-02,3167,16.44
2013-07-03,3167,16.78
2013-07-04,3167,18.05
2013-07-05,3167,17.61
2013-07-08,3167,17.08
2013-07-09,3167,17.07
2013-07-10,3167,16.83
2013-07-11,3167,16.97
2013-07-12,3167,16.58
2013-07-15,3167,16.58
2013-07-17,3167,16.83
2013-07-18,3167,16.88
2013-07-19,3167,16.54
2013-07-22,3167,16.63
2013-07-23,3167,16.58
2013-07-24,3167,16.54
2013-07-25,3167,16.64
2013-07-26,3167,16.61
2013-07-29,3167,16.58
2013-07-31,3167,16.58
2013-07-04,3168,3.15
2013-07-12,3168,3.02
2013-07-15,3168,2.89
2013-07-16,3168,2.76
2013-07-17,3168,2.76
2013-07-19,3168,2.76
2013-07-01,3169,17.31
2013-07-02,3169,17.25
2013-07-03,3169,17.18
2013-07-04,3169,17.11
2013-07-05,3169,17.25
2013-07-08,3169,17.11
2013-07-09,3169,16.66
2013-07-10,3169,16.29
2013-07-11,3169,16.29
2013-07-12,3169,16.59
2013-07-15,3169,16.56
2013-07-16,3169,16.73
2013-07-17,3169,16.59
2013-07-18,3169,16.46
2013-07-19,3169,16.66
2013-07-22,3169,16.46
2013-07-23,3169,16.52
2013-07-24,3169,16.49
2013-07-25,3169,16.49
2013-07-26,3169,16.59
2013-07-29,3169,17.72
2013-07-30,3169,17.93
2013-07-31,3169,17.65
2013-07-01,3171,19.76
2013-07-02,3171,19.54
2013-07-03,3171,18.53
2013-07-04,3171,18.7
2013-07-05,3171,19.1
2013-07-08,3171,19.03
2013-07-09,3171,18.7
2013-07-10,3171,19.03
2013-07-11,3171,19.03
2013-07-12,3171,18.81
2013-07-15,3171,18.81
2013-07-16,3171,19.03
2013-07-17,3171,19.03
2013-07-18,3171,19.1
2013-07-19,3171,19.1
2013-07-22,3171,19.15
2013-07-23,3171,19.1
2013-07-24,3171,19.03
2013-07-25,3171,20.32
2013-07-26,3171,21.72
2013-07-29,3171,23.24
2013-07-30,3171,21.61
2013-07-31,3171,21.56
2013-07-01,3176,175.0
2013-07-02,3176,171.0
2013-07-03,3176,173.5
2013-07-04,3176,174.0
2013-07-05,3176,174.0
2013-07-08,3176,170.0
2013-07-09,3176,170.5
2013-07-10,3176,171.5
2013-07-11,3176,170.0
2013-07-12,3176,174.5
2013-07-15,3176,186.5
2013-07-16,3176,182.0
2013-07-17,3176,179.5
2013-07-18,3176,181.0
2013-07-19,3176,191.0
2013-07-22,3176,187.0
2013-07-23,3176,190.0
2013-07-24,3176,187.5
2013-07-25,3176,178.5
2013-07-26,3176,179.0
2013-07-29,3176,178.0
2013-07-30,3176,184.5
2013-07-31,3176,184.0
2013-07-01,3178,7.87
2013-07-03,3178,6.99
2013-07-05,3178,7.02
2013-07-08,3178,7.08
2013-07-09,3178,6.94
2013-07-10,3178,6.99
2013-07-11,3178,6.99
2013-07-12,3178,7.08
2013-07-15,3178,7.08
2013-07-16,3178,7.05
2013-07-17,3178,7.06
2013-07-18,3178,6.99
2013-07-22,3178,6.91
2013-07-23,3178,6.69
2013-07-24,3178,7.12
2013-07-25,3178,7.82
2013-07-26,3178,8.13
2013-07-29,3178,7.95
2013-07-30,3178,7.56
2013-07-31,3178,7.78
2013-07-01,3188,9.07
2013-07-02,3188,8.81
2013-07-03,3188,8.59
2013-07-04,3188,8.48
2013-07-05,3188,8.55
2013-07-08,3188,8.4
2013-07-09,3188,8.44
2013-07-10,3188,8.48
2013-07-11,3188,8.89
2013-07-12,3188,9.04
2013-07-15,3188,8.78
2013-07-16,3188,8.78
2013-07-17,3188,8.52
2013-07-18,3188,8.7
2013-07-19,3188,8.59
2013-07-22,3188,8.59
2013-07-23,3188,8.55
2013-07-24,3188,8.59
2013-07-25,3188,8.55
2013-07-26,3188,8.48
2013-07-30,3188,8.29
2013-07-31,3188,8.22
2013-07-01,3189,78.06
2013-07-02,3189,77.38
2013-07-03,3189,78.73
2013-07-04,3189,77.05
2013-07-05,3189,77.05
2013-07-08,3189,75.7
2013-07-09,3189,74.36
2013-07-10,3189,75.03
2013-07-11,3189,75.7
2013-07-12,3189,74.02
2013-07-15,3189,74.36
2013-07-16,3189,74.36
2013-07-17,3189,72.0
2013-07-18,3189,69.98
2013-07-19,3189,68.64
2013-07-22,3189,70.65
2013-07-23,3189,71.66
2013-07-24,3189,71.66
2013-07-25,3189,72.0
2013-07-26,3189,73.68
2013-07-29,3189,71.33
2013-07-30,3189,72.0
2013-07-31,3189,72.0
2013-07-01,3191,25.8
2013-07-02,3191,27.6
2013-07-03,3191,28.4
2013-07-04,3191,28.1
2013-07-05,3191,30.0
2013-07-08,3191,32.1
2013-07-09,3191,34.3
2013-07-10,3191,35.4
2013-07-11,3191,35.0
2013-07-12,3191,37.1
2013-07-15,3191,36.0
2013-07-16,3191,38.0
2013-07-17,3191,38.2
2013-07-18,3191,37.8
2013-07-19,3191,36.2
2013-07-22,3191,36.9
2013-07-23,3191,36.9
2013-07-24,3191,37.6
2013-07-25,3191,38.9
2013-07-26,3191,36.2
2013-07-29,3191,34.0
2013-07-30,3191,34.2
2013-07-31,3191,34.8
2013-07-01,3202,6.3
2013-07-02,3202,6.21
2013-07-03,3202,6.14
2013-07-04,3202,6.17
2013-07-05,3202,6.17
2013-07-08,3202,6.1
2013-07-09,3202,6.05
2013-07-10,3202,6.18
2013-07-11,3202,6.2
2013-07-12,3202,6.25
2013-07-15,3202,6.22
2013-07-16,3202,6.3
2013-07-17,3202,6.28
2013-07-18,3202,6.34
2013-07-19,3202,6.28
2013-07-22,3202,6.28
2013-07-23,3202,6.28
2013-07-24,3202,6.21
2013-07-25,3202,6.06
2013-07-26,3202,5.98
2013-07-29,3202,5.99
2013-07-30,3202,6.09
2013-07-31,3202,6.05
2013-07-01,3205,23.49
2013-07-02,3205,23.32
2013-07-03,3205,23.15
2013-07-04,3205,22.2
2013-07-05,3205,22.2
2013-07-08,3205,20.75
2013-07-09,3205,20.45
2013-07-10,3205,20.15
2013-07-11,3205,20.4
2013-07-12,3205,21.82
2013-07-15,3205,23.23
2013-07-16,3205,22.68
2013-07-17,3205,22.33
2013-07-18,3205,22.03
2013-07-19,3205,21.35
2013-07-22,3205,21.65
2013-07-23,3205,21.09
2013-07-24,3205,21.0
2013-07-25,3205,20.62
2013-07-26,3205,21.09
2013-07-29,3205,20.66
2013-07-30,3205,20.7
2013-07-31,3205,20.53
2013-07-01,3206,7.51
2013-07-02,3206,7.39
2013-07-03,3206,7.23
2013-07-04,3206,7.16
2013-07-05,3206,7.14
2013-07-08,3206,7.16
2013-07-09,3206,7.14
2013-07-10,3206,7.16
2013-07-11,3206,7.14
2013-07-12,3206,7.12
2013-07-15,3206,7.0
2013-07-16,3206,7.07
2013-07-17,3206,7.05
2013-07-18,3206,7.0
2013-07-19,3206,6.98
2013-07-22,3206,7.07
2013-07-23,3206,7.16
2013-07-24,3206,7.07
2013-07-25,3206,7.09
2013-07-26,3206,7.05
2013-07-29,3206,7.0
2013-07-30,3206,7.12
2013-07-31,3206,6.99
2013-07-01,3207,13.23
2013-07-02,3207,12.97
2013-07-03,3207,13.07
2013-07-04,3207,13.76
2013-07-05,3207,13.6
2013-07-08,3207,13.13
2013-07-09,3207,12.97
2013-07-10,3207,13.07
2013-07-11,3207,13.07
2013-07-12,3207,12.81
2013-07-15,3207,12.76
2013-07-16,3207,12.71
2013-07-17,3207,12.87
2013-07-18,3207,12.87
2013-07-19,3207,12.87
2013-07-22,3207,12.97
2013-07-23,3207,12.55
2013-07-24,3207,12.55
2013-07-25,3207,12.65
2013-07-26,3207,12.18
2013-07-29,3207,12.18
2013-07-30,3207,12.13
2013-07-31,3207,12.18
2013-07-01,3209,6.94
2013-07-02,3209,6.91
2013-07-03,3209,6.8
2013-07-04,3209,6.66
2013-07-05,3209,6.79
2013-07-08,3209,6.8
2013-07-09,3209,6.66
2013-07-10,3209,6.48
2013-07-11,3209,6.57
2013-07-12,3209,6.54
2013-07-15,3209,6.63
2013-07-16,3209,6.79
2013-07-17,3209,6.71
2013-07-18,3209,6.65
2013-07-19,3209,6.6
2013-07-22,3209,6.57
2013-07-23,3209,6.63
2013-07-24,3209,6.59
2013-07-25,3209,6.65
2013-07-26,3209,7.02
2013-07-29,3209,6.8
2013-07-30,3209,6.91
2013-07-31,3209,6.82
2013-07-01,3211,35.35
2013-07-02,3211,35.08
2013-07-03,3211,34.86
2013-07-04,3211,34.4
2013-07-05,3211,34.32
2013-07-08,3211,33.18
2013-07-09,3211,33.14
2013-07-10,3211,33.6
2013-07-11,3211,34.89
2013-07-12,3211,34.7
2013-07-15,3211,35.24
2013-07-16,3211,34.97
2013-07-17,3211,35.63
2013-07-18,3211,35.42
2013-07-19,3211,34.93
2013-07-22,3211,34.07
2013-07-23,3211,34.07
2013-07-24,3211,34.85
2013-07-25,3211,36.12
2013-07-26,3211,35.87
2013-07-29,3211,35.3
2013-07-30,3211,35.55
2013-07-31,3211,34.85
2013-07-01,3213,13.12
2013-07-02,3213,13.22
2013-07-03,3213,13.26
2013-07-04,3213,13.2
2013-07-05,3213,13.91
2013-07-08,3213,13.97
2013-07-09,3213,14.13
2013-07-10,3213,14.05
2013-07-11,3213,14.07
2013-07-12,3213,13.93
2013-07-15,3213,14.07
2013-07-16,3213,15.04
2013-07-17,3213,14.92
2013-07-18,3213,15.25
2013-07-19,3213,14.98
2013-07-22,3213,15.04
2013-07-23,3213,15.04
2013-07-24,3213,15.17
2013-07-25,3213,15.25
2013-07-26,3213,14.84
2013-07-29,3213,14.65
2013-07-30,3213,14.67
2013-07-31,3213,14.65
2013-07-01,3217,5.56
2013-07-02,3217,5.56
2013-07-03,3217,5.52
2013-07-04,3217,5.45
2013-07-05,3217,5.45
2013-07-08,3217,5.45
2013-07-09,3217,5.45
2013-07-10,3217,5.47
2013-07-11,3217,5.49
2013-07-12,3217,5.49
2013-07-15,3217,5.54
2013-07-16,3217,5.6
2013-07-17,3217,5.6
2013-07-18,3217,5.49
2013-07-19,3217,5.42
2013-07-22,3217,5.37
2013-07-23,3217,5.44
2013-07-24,3217,5.39
2013-07-25,3217,5.39
2013-07-26,3217,5.67
2013-07-29,3217,5.72
2013-07-30,3217,5.74
2013-07-31,3217,5.72
2013-07-01,3218,16.73
2013-07-02,3218,16.49
2013-07-03,3218,16.37
2013-07-04,3218,15.52
2013-07-05,3218,15.58
2013-07-08,3218,16.43
2013-07-09,3218,17.03
2013-07-10,3218,16.37
2013-07-11,3218,16.31
2013-07-12,3218,17.12
2013-07-15,3218,17.51
2013-07-16,3218,17.09
2013-07-17,3218,17.15
2013-07-18,3218,16.97
2013-07-19,3218,16.73
2013-07-22,3218,17.57
2013-07-23,3218,17.45
2013-07-24,3218,17.45
2013-07-25,3218,16.97
2013-07-26,3218,16.85
2013-07-29,3218,16.18
2013-07-30,3218,16.12
2013-07-31,3218,15.7
2013-07-01,3219,6.04
2013-07-15,3219,6.46
2013-07-16,3219,6.01
2013-07-17,3219,6.42
2013-07-25,3219,5.97
2013-07-26,3219,5.57
2013-07-30,3219,5.19
2013-07-31,3219,5.05
2013-07-01,3221,6.77
2013-07-02,3221,6.74
2013-07-03,3221,6.68
2013-07-04,3221,6.74
2013-07-05,3221,6.77
2013-07-08,3221,6.56
2013-07-09,3221,6.56
2013-07-10,3221,6.5
2013-07-11,3221,6.5
2013-07-12,3221,6.5
2013-07-15,3221,6.5
2013-07-16,3221,6.65
2013-07-17,3221,6.68
2013-07-18,3221,6.65
2013-07-19,3221,6.65
2013-07-22,3221,6.59
2013-07-23,3221,6.65
2013-07-24,3221,6.79
2013-07-25,3221,6.74
2013-07-26,3221,6.68
2013-07-29,3221,6.65
2013-07-30,3221,6.68
2013-07-31,3221,6.74
2013-07-01,3224,11.69
2013-07-02,3224,11.69
2013-07-03,3224,11.81
2013-07-04,3224,11.81
2013-07-05,3224,11.81
2013-07-08,3224,11.57
2013-07-09,3224,11.93
2013-07-10,3224,11.87
2013-07-11,3224,12.65
2013-07-12,3224,13.48
2013-07-15,3224,14.38
2013-07-16,3224,15.33
2013-07-17,3224,14.92
2013-07-18,3224,15.93
2013-07-19,3224,15.27
2013-07-22,3224,15.39
2013-07-23,3224,15.51
2013-07-24,3224,16.11
2013-07-25,3224,16.94
2013-07-26,3224,18.02
2013-07-29,3224,19.21
2013-07-30,3224,18.97
2013-07-31,3224,18.73
2013-07-01,3226,28.02
2013-07-02,3226,28.09
2013-07-03,3226,27.74
2013-07-04,3226,27.74
2013-07-05,3226,28.09
2013-07-08,3226,28.09
2013-07-09,3226,28.09
2013-07-10,3226,28.23
2013-07-11,3226,27.95
2013-07-12,3226,28.02
2013-07-15,3226,27.74
2013-07-16,3226,27.95
2013-07-17,3226,27.14
2013-07-18,3226,27.38
2013-07-19,3226,27.31
2013-07-22,3226,27.24
2013-07-23,3226,27.38
2013-07-24,3226,27.38
2013-07-25,3226,27.38
2013-07-26,3226,27.38
2013-07-29,3226,27.24
2013-07-30,3226,27.38
2013-07-31,3226,27.52
2013-07-01,3227,37.66
2013-07-02,3227,37.3
2013-07-03,3227,36.93
2013-07-04,3227,36.81
2013-07-05,3227,37.54
2013-07-08,3227,37.84
2013-07-09,3227,37.54
2013-07-10,3227,37.48
2013-07-11,3227,37.36
2013-07-12,3227,37.54
2013-07-15,3227,37.12
2013-07-16,3227,37.3
2013-07-17,3227,37.18
2013-07-18,3227,37.06
2013-07-19,3227,36.45
2013-07-22,3227,36.51
2013-07-23,3227,36.81
2013-07-24,3227,36.81
2013-07-25,3227,37.18
2013-07-26,3227,37.24
2013-07-29,3227,36.81
2013-07-30,3227,36.69
2013-07-31,3227,35.12
2013-07-01,3228,26.27
2013-07-02,3228,25.64
2013-07-03,3228,25.35
2013-07-04,3228,25.45
2013-07-05,3228,26.22
2013-07-08,3228,26.32
2013-07-09,3228,26.41
2013-07-10,3228,26.37
2013-07-11,3228,26.41
2013-07-12,3228,26.03
2013-07-15,3228,25.55
2013-07-16,3228,25.06
2013-07-17,3228,26.03
2013-07-18,3228,25.16
2013-07-19,3228,25.11
2013-07-22,3228,25.11
2013-07-23,3228,25.11
2013-07-24,3228,25.11
2013-07-25,3228,24.87
2013-07-26,3228,25.21
2013-07-29,3228,26.94
2013-07-30,3228,27.04
2013-07-31,3228,26.56
2013-07-01,3229,51.59
2013-07-02,3229,55.07
2013-07-03,3229,55.65
2013-07-04,3229,56.52
2013-07-05,3229,54.2
2013-07-08,3229,50.72
2013-07-09,3229,49.27
2013-07-10,3229,50.14
2013-07-11,3229,53.62
2013-07-12,3229,53.91
2013-07-15,3229,53.91
2013-07-16,3229,53.33
2013-07-17,3229,51.3
2013-07-18,3229,51.3
2013-07-19,3229,52.75
2013-07-22,3229,53.33
2013-07-23,3229,52.9
2013-07-24,3229,52.9
2013-07-25,3229,52.9
2013-07-26,3229,53.04
2013-07-29,3229,52.75
2013-07-30,3229,51.88
2013-07-31,3229,48.98
2013-07-01,3230,11.05
2013-07-02,3230,11.07
2013-07-03,3230,11.11
2013-07-04,3230,11.14
2013-07-05,3230,11.07
2013-07-08,3230,11.02
2013-07-09,3230,11.07
2013-07-10,3230,11.05
2013-07-11,3230,11.05
2013-07-12,3230,11.05
2013-07-15,3230,11.07
2013-07-16,3230,11.09
2013-07-17,3230,11.16
2013-07-18,3230,11.05
2013-07-19,3230,11.03
2013-07-22,3230,11.13
2013-07-23,3230,11.09
2013-07-24,3230,11.07
2013-07-25,3230,11.14
2013-07-26,3230,11.14
2013-07-29,3230,11.21
2013-07-30,3230,11.21
2013-07-31,3230,10.98
2013-07-01,3231,12.41
2013-07-02,3231,12.15
2013-07-03,3231,11.8
2013-07-04,3231,11.75
2013-07-05,3231,11.86
2013-07-08,3231,11.8
2013-07-09,3231,11.71
2013-07-10,3231,11.63
2013-07-11,3231,11.71
2013-07-12,3231,12.01
2013-07-15,3231,12.03
2013-07-16,3231,12.07
2013-07-17,3231,12.15
2013-07-18,3231,11.92
2013-07-19,3231,11.63
2013-07-22,3231,11.82
2013-07-23,3231,11.99
2013-07-24,3231,12.11
2013-07-25,3231,12.07
2013-07-26,3231,12.07
2013-07-29,3231,12.09
2013-07-30,3231,12.13
2013-07-31,3231,12.05
2013-07-01,3232,8.06
2013-07-02,3232,8.61
2013-07-03,3232,8.47
2013-07-04,3232,8.28
2013-07-05,3232,8.24
2013-07-08,3232,8.06
2013-07-09,3232,7.94
2013-07-10,3232,7.98
2013-07-11,3232,8.06
2013-07-12,3232,8.06
2013-07-15,3232,7.91
2013-07-16,3232,7.87
2013-07-17,3232,8.13
2013-07-18,3232,7.83
2013-07-19,3232,8.02
2013-07-22,3232,7.76
2013-07-23,3232,7.76
2013-07-24,3232,7.83
2013-07-25,3232,7.87
2013-07-26,3232,7.83
2013-07-29,3232,7.72
2013-07-30,3232,8.06
2013-07-31,3232,7.87
2013-07-01,3234,25.91
2013-07-02,3234,25.58
2013-07-03,3234,24.53
2013-07-04,3234,24.14
2013-07-05,3234,24.86
2013-07-08,3234,24.86
2013-07-09,3234,24.59
2013-07-10,3234,24.09
2013-07-11,3234,24.2
2013-07-12,3234,24.09
2013-07-15,3234,25.75
2013-07-16,3234,25.91
2013-07-17,3234,25.63
2013-07-18,3234,25.3
2013-07-19,3234,25.03
2013-07-22,3234,25.3
2013-07-23,3234,25.8
2013-07-24,3234,25.85
2013-07-25,3234,25.91
2013-07-26,3234,25.91
2013-07-29,3234,25.08
2013-07-30,3234,25.08
2013-07-31,3234,24.14
2013-07-01,3236,6.54
2013-07-02,3236,6.64
2013-07-03,3236,6.54
2013-07-04,3236,6.51
2013-07-05,3236,6.56
2013-07-08,3236,6.38
2013-07-09,3236,6.41
2013-07-10,3236,6.44
2013-07-11,3236,6.38
2013-07-12,3236,6.33
2013-07-15,3236,6.44
2013-07-16,3236,6.41
2013-07-17,3236,6.33
2013-07-18,3236,6.54
2013-07-19,3236,6.84
2013-07-22,3236,6.95
2013-07-23,3236,6.95
2013-07-24,3236,6.92
2013-07-25,3236,7.05
2013-07-26,3236,7.02
2013-07-29,3236,6.92
2013-07-30,3236,6.87
2013-07-31,3236,6.69
2013-07-01,3252,21.36
2013-07-05,3252,21.68
2013-07-10,3252,21.95
2013-07-11,3252,23.45
2013-07-12,3252,22.95
2013-07-15,3252,22.13
2013-07-16,3252,20.96
2013-07-17,3252,20.86
2013-07-18,3252,21.32
2013-07-19,3252,20.5
2013-07-22,3252,20.41
2013-07-23,3252,20.77
2013-07-25,3252,20.86
2013-07-26,3252,20.86
2013-07-29,3252,20.86
2013-07-31,3252,21.45
2013-07-01,3257,16.71
2013-07-02,3257,16.57
2013-07-03,3257,16.57
2013-07-04,3257,16.32
2013-07-05,3257,16.2
2013-07-08,3257,16.46
2013-07-09,3257,16.5
2013-07-10,3257,16.61
2013-07-11,3257,16.82
2013-07-12,3257,16.92
2013-07-15,3257,16.89
2013-07-16,3257,16.91
2013-07-17,3257,18.06
2013-07-18,3257,18.29
2013-07-19,3257,17.67
2013-07-22,3257,17.96
2013-07-23,3257,19.22
2013-07-24,3257,20.11
2013-07-25,3257,20.26
2013-07-26,3257,20.22
2013-07-29,3257,20.07
2013-07-30,3257,21.46
2013-07-31,3257,21.54
2013-07-01,3259,37.64
2013-07-02,3259,37.01
2013-07-03,3259,36.83
2013-07-04,3259,36.47
2013-07-05,3259,38.64
2013-07-08,3259,38.1
2013-07-09,3259,38.37
2013-07-10,3259,37.36
2013-07-11,3259,38.1
2013-07-12,3259,37.91
2013-07-15,3259,37.91
2013-07-16,3259,40.53
2013-07-17,3259,43.33
2013-07-18,3259,43.6
2013-07-19,3259,44.14
2013-07-22,3259,43.15
2013-07-23,3259,45.04
2013-07-24,3259,45.85
2013-07-25,3259,45.5
2013-07-26,3259,44.95
2013-07-29,3259,44.77
2013-07-30,3259,44.77
2013-07-31,3259,44.77
2013-07-01,3260,35.22
2013-07-02,3260,34.96
2013-07-03,3260,35.06
2013-07-04,3260,33.11
2013-07-05,3260,33.21
2013-07-08,3260,32.39
2013-07-09,3260,31.67
2013-07-10,3260,30.69
2013-07-11,3260,31.88
2013-07-12,3260,33.13
2013-07-15,3260,33.34
2013-07-16,3260,34.2
2013-07-17,3260,33.93
2013-07-18,3260,33.24
2013-07-19,3260,33.29
2013-07-22,3260,33.4
2013-07-23,3260,32.76
2013-07-24,3260,34.31
2013-07-25,3260,32.86
2013-07-26,3260,32.7
2013-07-29,3260,30.51
2013-07-30,3260,30.73
2013-07-31,3260,29.92
2013-07-01,3264,9.47
2013-07-02,3264,9.56
2013-07-03,3264,9.37
2013-07-04,3264,9.39
2013-07-05,3264,9.39
2013-07-08,3264,9.34
2013-07-09,3264,9.34
2013-07-10,3264,9.32
2013-07-11,3264,9.42
2013-07-12,3264,9.39
2013-07-15,3264,9.47
2013-07-16,3264,9.44
2013-07-17,3264,9.44
2013-07-18,3264,9.39
2013-07-19,3264,9.32
2013-07-22,3264,9.37
2013-07-23,3264,9.42
2013-07-24,3264,9.44
2013-07-25,3264,9.61
2013-07-26,3264,9.61
2013-07-29,3264,9.49
2013-07-30,3264,9.52
2013-07-31,3264,9.49
2013-07-01,3265,20.7
2013-07-02,3265,20.3
2013-07-03,3265,20.22
2013-07-04,3265,20.3
2013-07-05,3265,20.46
2013-07-08,3265,20.14
2013-07-09,3265,20.22
2013-07-10,3265,19.87
2013-07-11,3265,20.51
2013-07-12,3265,21.03
2013-07-15,3265,21.08
2013-07-16,3265,20.92
2013-07-17,3265,20.97
2013-07-18,3265,20.68
2013-07-19,3265,19.79
2013-07-22,3265,19.62
2013-07-23,3265,20.0
2013-07-24,3265,20.06
2013-07-25,3265,20.11
2013-07-26,3265,20.14
2013-07-29,3265,19.89
2013-07-30,3265,20.0
2013-07-31,3265,19.92
2013-07-01,3266,23.65
2013-07-02,3266,23.86
2013-07-03,3266,23.57
2013-07-04,3266,23.48
2013-07-05,3266,23.65
2013-07-08,3266,23.4
2013-07-09,3266,23.57
2013-07-10,3266,23.48
2013-07-11,3266,23.9
2013-07-12,3266,23.48
2013-07-15,3266,23.57
2013-07-16,3266,23.73
2013-07-17,3266,24.77
2013-07-18,3266,24.27
2013-07-19,3266,24.11
2013-07-22,3266,23.82
2013-07-23,3266,23.82
2013-07-24,3266,23.69
2013-07-25,3266,23.77
2013-07-26,3266,23.77
2013-07-29,3266,23.77
2013-07-30,3266,23.77
2013-07-31,3266,23.53
2013-07-01,3268,7.26
2013-07-02,3268,7.43
2013-07-03,3268,7.32
2013-07-04,3268,6.99
2013-07-05,3268,7.12
2013-07-08,3268,7.13
2013-07-09,3268,7.0
2013-07-10,3268,6.76
2013-07-11,3268,6.93
2013-07-12,3268,7.04
2013-07-15,3268,7.17
2013-07-16,3268,7.0
2013-07-17,3268,7.01
2013-07-18,3268,6.96
2013-07-19,3268,6.87
2013-07-22,3268,7.0
2013-07-23,3268,6.98
2013-07-24,3268,7.06
2013-07-25,3268,7.0
2013-07-26,3268,6.92
2013-07-29,3268,6.96
2013-07-30,3268,7.0
2013-07-31,3268,6.83
2013-07-01,3272,15.33
2013-07-02,3272,15.33
2013-07-03,3272,15.28
2013-07-04,3272,15.69
2013-07-05,3272,16.53
2013-07-08,3272,16.62
2013-07-09,3272,17.45
2013-07-10,3272,17.68
2013-07-11,3272,17.17
2013-07-12,3272,17.16
2013-07-15,3272,17.08
2013-07-16,3272,16.85
2013-07-17,3272,16.66
2013-07-18,3272,16.66
2013-07-19,3272,16.76
2013-07-22,3272,15.6
2013-07-23,3272,14.54
2013-07-24,3272,14.15
2013-07-25,3272,14.4
2013-07-26,3272,14.73
2013-07-29,3272,14.55
2013-07-30,3272,15.29
2013-07-31,3272,14.77
2013-07-01,3276,8.23
2013-07-02,3276,8.25
2013-07-03,3276,8.32
2013-07-04,3276,8.32
2013-07-05,3276,8.46
2013-07-08,3276,8.32
2013-07-09,3276,8.31
2013-07-10,3276,8.35
2013-07-11,3276,8.51
2013-07-12,3276,8.24
2013-07-15,3276,8.2
2013-07-16,3276,8.37
2013-07-17,3276,8.32
2013-07-18,3276,8.32
2013-07-19,3276,8.48
2013-07-22,3276,8.18
2013-07-23,3276,8.35
2013-07-24,3276,8.16
2013-07-25,3276,8.11
2013-07-26,3276,7.98
2013-07-29,3276,7.96
2013-07-30,3276,8.1
2013-07-31,3276,8.11
2013-07-01,3284,8.36
2013-07-02,3284,8.26
2013-07-03,3284,8.22
2013-07-04,3284,8.29
2013-07-05,3284,8.33
2013-07-08,3284,8.19
2013-07-09,3284,8.26
2013-07-10,3284,8.29
2013-07-11,3284,8.26
2013-07-12,3284,8.26
2013-07-15,3284,8.19
2013-07-16,3284,8.19
2013-07-17,3284,8.26
2013-07-18,3284,8.26
2013-07-19,3284,8.19
2013-07-22,3284,8.26
2013-07-23,3284,8.29
2013-07-24,3284,8.19
2013-07-25,3284,8.15
2013-07-26,3284,8.19
2013-07-29,3284,8.19
2013-07-30,3284,8.19
2013-07-31,3284,8.11
2013-07-01,3285,14.91
2013-07-02,3285,15.15
2013-07-03,3285,15.05
2013-07-04,3285,15.01
2013-07-05,3285,14.31
2013-07-08,3285,14.35
2013-07-09,3285,13.98
2013-07-10,3285,14.2
2013-07-11,3285,14.2
2013-07-12,3285,14.49
2013-07-15,3285,14.57
2013-07-16,3285,15.57
2013-07-17,3285,16.34
2013-07-18,3285,15.82
2013-07-19,3285,15.45
2013-07-22,3285,15.68
2013-07-23,3285,15.38
2013-07-24,3285,16.45
2013-07-25,3285,17.01
2013-07-26,3285,16.27
2013-07-29,3285,16.27
2013-07-30,3285,17.38
2013-07-31,3285,17.41
2013-07-01,3287,8.66
2013-07-02,3287,8.54
2013-07-03,3287,8.55
2013-07-04,3287,8.69
2013-07-05,3287,8.66
2013-07-08,3287,8.78
2013-07-09,3287,8.46
2013-07-10,3287,8.46
2013-07-11,3287,8.44
2013-07-12,3287,8.18
2013-07-15,3287,8.14
2013-07-16,3287,8.16
2013-07-17,3287,8.17
2013-07-18,3287,8.1
2013-07-19,3287,7.99
2013-07-22,3287,7.94
2013-07-23,3287,7.95
2013-07-24,3287,7.98
2013-07-25,3287,8.11
2013-07-30,3287,8.02
2013-07-31,3287,7.99
2013-07-01,3288,49.29
2013-07-02,3288,49.85
2013-07-03,3288,49.47
2013-07-04,3288,49.85
2013-07-05,3288,50.04
2013-07-08,3288,49.29
2013-07-09,3288,49.66
2013-07-10,3288,50.04
2013-07-11,3288,49.85
2013-07-12,3288,50.23
2013-07-15,3288,50.23
2013-07-16,3288,50.61
2013-07-17,3288,50.42
2013-07-18,3288,49.66
2013-07-19,3288,48.91
2013-07-22,3288,49.1
2013-07-23,3288,48.91
2013-07-24,3288,48.15
2013-07-25,3288,47.4
2013-07-26,3288,47.59
2013-07-29,3288,48.15
2013-07-30,3288,47.02
2013-07-31,3288,46.83
2013-07-01,3289,14.43
2013-07-02,3289,14.46
2013-07-03,3289,14.27
2013-07-04,3289,14.27
2013-07-05,3289,14.3
2013-07-08,3289,14.3
2013-07-09,3289,14.27
2013-07-10,3289,14.4
2013-07-11,3289,14.49
2013-07-12,3289,15.38
2013-07-15,3289,15.38
2013-07-16,3289,15.38
2013-07-17,3289,15.44
2013-07-18,3289,15.32
2013-07-19,3289,15.19
2013-07-22,3289,15.26
2013-07-23,3289,15.26
2013-07-24,3289,15.29
2013-07-25,3289,15.32
2013-07-26,3289,15.38
2013-07-29,3289,15.32
2013-07-30,3289,15.32
2013-07-31,3289,15.57
2013-07-01,3290,15.47
2013-07-02,3290,15.47
2013-07-03,3290,15.15
2013-07-04,3290,14.9
2013-07-05,3290,14.77
2013-07-08,3290,14.74
2013-07-09,3290,14.38
2013-07-10,3290,14.13
2013-07-11,3290,14.13
2013-07-12,3290,14.35
2013-07-15,3290,14.96
2013-07-16,3290,15.03
2013-07-17,3290,15.19
2013-07-18,3290,14.8
2013-07-19,3290,14.67
2013-07-22,3290,14.22
2013-07-23,3290,14.42
2013-07-24,3290,14.29
2013-07-25,3290,14.35
2013-07-26,3290,14.16
2013-07-29,3290,14.38
2013-07-30,3290,14.7
2013-07-31,3290,14.61
2013-07-01,3293,22.39
2013-07-02,3293,22.64
2013-07-03,3293,22.42
2013-07-04,3293,22.11
2013-07-05,3293,21.88
2013-07-08,3293,20.78
2013-07-09,3293,20.41
2013-07-10,3293,20.87
2013-07-11,3293,20.81
2013-07-12,3293,20.81
2013-07-15,3293,20.55
2013-07-16,3293,20.55
2013-07-17,3293,19.96
2013-07-18,3293,19.74
2013-07-19,3293,19.74
2013-07-22,3293,19.4
2013-07-23,3293,19.28
2013-07-24,3293,20.3
2013-07-25,3293,20.53
2013-07-26,3293,20.44
2013-07-29,3293,20.67
2013-07-30,3293,20.47
2013-07-31,3293,19.99
2013-07-01,3294,11.76
2013-07-02,3294,11.76
2013-07-03,3294,11.55
2013-07-04,3294,11.59
2013-07-05,3294,11.26
2013-07-08,3294,10.49
2013-07-09,3294,10.62
2013-07-10,3294,10.49
2013-07-11,3294,10.24
2013-07-12,3294,10.24
2013-07-15,3294,10.16
2013-07-16,3294,9.94
2013-07-17,3294,10.2
2013-07-18,3294,10.03
2013-07-19,3294,10.07
2013-07-22,3294,9.9
2013-07-23,3294,9.94
2013-07-24,3294,10.03
2013-07-25,3294,9.86
2013-07-26,3294,9.86
2013-07-29,3294,10.07
2013-07-30,3294,10.07
2013-07-31,3294,9.86
2013-07-01,3296,18.57
2013-07-02,3296,18.33
2013-07-03,3296,18.57
2013-07-04,3296,18.73
2013-07-05,3296,18.49
2013-07-08,3296,18.57
2013-07-09,3296,18.65
2013-07-10,3296,18.97
2013-07-11,3296,18.53
2013-07-12,3296,17.45
2013-07-15,3296,17.45
2013-07-16,3296,17.65
2013-07-17,3296,18.05
2013-07-18,3296,17.88
2013-07-19,3296,17.13
2013-07-22,3296,17.3
2013-07-23,3296,17.17
2013-07-24,3296,17.26
2013-07-25,3296,16.76
2013-07-26,3296,16.72
2013-07-29,3296,17.71
2013-07-30,3296,17.46
2013-07-31,3296,17.05
2013-07-01,3297,24.32
2013-07-02,3297,24.32
2013-07-03,3297,23.83
2013-07-04,3297,24.04
2013-07-05,3297,24.57
2013-07-08,3297,25.54
2013-07-09,3297,26.46
2013-07-10,3297,24.65
2013-07-11,3297,23.61
2013-07-12,3297,24.75
2013-07-15,3297,25.68
2013-07-16,3297,25.68
2013-07-17,3297,25.61
2013-07-18,3297,26.25
2013-07-19,3297,26.75
2013-07-22,3297,26.75
2013-07-23,3297,27.39
2013-07-24,3297,27.39
2013-07-25,3297,26.68
2013-07-26,3297,26.96
2013-07-29,3297,26.68
2013-07-30,3297,27.82
2013-07-31,3297,27.82
2013-07-01,3303,10.47
2013-07-02,3303,10.36
2013-07-03,3303,10.26
2013-07-04,3303,9.95
2013-07-05,3303,9.8
2013-07-08,3303,9.49
2013-07-09,3303,9.39
2013-07-10,3303,9.8
2013-07-11,3303,9.75
2013-07-12,3303,9.57
2013-07-15,3303,9.75
2013-07-16,3303,9.77
2013-07-17,3303,9.85
2013-07-18,3303,9.75
2013-07-19,3303,9.51
2013-07-22,3303,9.59
2013-07-23,3303,9.62
2013-07-24,3303,9.56
2013-07-25,3303,9.56
2013-07-26,3303,9.62
2013-07-29,3303,9.48
2013-07-30,3303,9.7
2013-07-31,3303,9.75
2013-07-01,3305,17.66
2013-07-02,3305,17.42
2013-07-03,3305,17.32
2013-07-04,3305,17.24
2013-07-05,3305,17.37
2013-07-08,3305,17.93
2013-07-09,3305,17.93
2013-07-10,3305,17.82
2013-07-11,3305,17.85
2013-07-12,3305,17.77
2013-07-15,3305,18.09
2013-07-16,3305,17.96
2013-07-17,3305,17.82
2013-07-18,3305,17.72
2013-07-19,3305,17.72
2013-07-22,3305,17.56
2013-07-23,3305,17.93
2013-07-24,3305,17.98
2013-07-25,3305,18.19
2013-07-26,3305,18.09
2013-07-29,3305,17.85
2013-07-30,3305,17.8
2013-07-31,3305,17.66
2013-07-01,3306,13.71
2013-07-02,3306,13.92
2013-07-03,3306,13.75
2013-07-04,3306,13.75
2013-07-05,3306,13.71
2013-07-08,3306,13.75
2013-07-09,3306,13.78
2013-07-10,3306,13.85
2013-07-11,3306,13.85
2013-07-12,3306,13.78
2013-07-15,3306,14.02
2013-07-16,3306,14.06
2013-07-17,3306,13.98
2013-07-18,3306,13.87
2013-07-19,3306,13.87
2013-07-22,3306,14.02
2013-07-23,3306,14.02
2013-07-24,3306,14.02
2013-07-25,3306,14.13
2013-07-26,3306,14.13
2013-07-29,3306,13.87
2013-07-30,3306,13.91
2013-07-31,3306,13.87
2013-07-01,3308,11.88
2013-07-02,3308,11.55
2013-07-03,3308,11.65
2013-07-04,3308,11.61
2013-07-05,3308,11.41
2013-07-08,3308,11.43
2013-07-09,3308,11.4
2013-07-10,3308,11.67
2013-07-11,3308,11.59
2013-07-12,3308,11.64
2013-07-15,3308,11.49
2013-07-16,3308,11.55
2013-07-17,3308,11.55
2013-07-18,3308,12.09
2013-07-19,3308,12.23
2013-07-22,3308,11.83
2013-07-23,3308,11.95
2013-07-24,3308,11.94
2013-07-25,3308,12.35
2013-07-26,3308,11.88
2013-07-29,3308,11.94
2013-07-30,3308,12.09
2013-07-31,3308,12.09
2013-07-01,3310,24.15
2013-07-02,3310,23.76
2013-07-03,3310,22.87
2013-07-04,3310,22.17
2013-07-05,3310,22.17
2013-07-08,3310,21.91
2013-07-09,3310,22.34
2013-07-10,3310,22.34
2013-07-11,3310,22.61
2013-07-12,3310,24.15
2013-07-15,3310,24.54
2013-07-16,3310,23.58
2013-07-17,3310,24.01
2013-07-18,3310,24.72
2013-07-19,3310,22.99
2013-07-22,3310,22.61
2013-07-23,3310,22.66
2013-07-24,3310,22.32
2013-07-25,3310,22.23
2013-07-26,3310,23.75
2013-07-29,3310,23.8
2013-07-30,3310,23.66
2013-07-31,3310,22.56
2013-07-01,3311,62.07
2013-07-02,3311,62.19
2013-07-03,3311,62.07
2013-07-04,3311,62.31
2013-07-05,3311,61.57
2013-07-08,3311,61.01
2013-07-09,3311,61.01
2013-07-10,3311,60.71
2013-07-11,3311,61.08
2013-07-12,3311,60.95
2013-07-15,3311,61.57
2013-07-16,3311,62.07
2013-07-17,3311,61.82
2013-07-18,3311,61.51
2013-07-19,3311,61.51
2013-07-22,3311,61.33
2013-07-23,3311,61.69
2013-07-24,3311,61.69
2013-07-25,3311,63.42
2013-07-26,3311,63.05
2013-07-29,3311,62.19
2013-07-30,3311,61.94
2013-07-31,3311,58.24
2013-07-01,3312,7.83
2013-07-02,3312,7.77
2013-07-03,3312,7.77
2013-07-04,3312,7.77
2013-07-05,3312,7.8
2013-07-08,3312,7.61
2013-07-09,3312,7.7
2013-07-10,3312,7.73
2013-07-11,3312,7.83
2013-07-12,3312,7.8
2013-07-15,3312,7.92
2013-07-16,3312,7.92
2013-07-17,3312,7.86
2013-07-18,3312,7.8
2013-07-19,3312,7.77
2013-07-22,3312,7.64
2013-07-23,3312,7.77
2013-07-24,3312,7.73
2013-07-25,3312,7.57
2013-07-26,3312,7.61
2013-07-29,3312,7.48
2013-07-30,3312,7.67
2013-07-31,3312,7.61
2013-07-01,3313,9.98
2013-07-02,3313,10.12
2013-07-03,3313,10.12
2013-07-04,3313,10.22
2013-07-05,3313,10.22
2013-07-08,3313,9.93
2013-07-09,3313,9.98
2013-07-10,3313,10.03
2013-07-11,3313,9.98
2013-07-12,3313,9.98
2013-07-15,3313,9.84
2013-07-16,3313,9.98
2013-07-17,3313,9.93
2013-07-18,3313,9.65
2013-07-19,3313,9.89
2013-07-22,3313,9.84
2013-07-23,3313,10.03
2013-07-24,3313,9.98
2013-07-25,3313,9.98
2013-07-26,3313,9.89
2013-07-29,3313,10.22
2013-07-30,3313,9.89
2013-07-31,3313,9.98
2013-07-01,3315,14.91
2013-07-02,3315,14.98
2013-07-03,3315,14.98
2013-07-04,3315,14.98
2013-07-05,3315,14.87
2013-07-08,3315,14.8
2013-07-09,3315,14.98
2013-07-10,3315,15.02
2013-07-11,3315,15.09
2013-07-12,3315,14.94
2013-07-15,3315,14.98
2013-07-16,3315,15.13
2013-07-17,3315,15.06
2013-07-18,3315,15.02
2013-07-19,3315,15.02
2013-07-22,3315,15.21
2013-07-23,3315,15.16
2013-07-24,3315,14.92
2013-07-25,3315,14.96
2013-07-26,3315,15.12
2013-07-29,3315,15.08
2013-07-30,3315,15.0
2013-07-31,3315,14.6
2013-07-01,3317,9.75
2013-07-02,3317,9.78
2013-07-03,3317,9.88
2013-07-04,3317,9.95
2013-07-05,3317,10.15
2013-07-08,3317,9.98
2013-07-09,3317,10.22
2013-07-10,3317,10.15
2013-07-11,3317,10.77
2013-07-12,3317,10.77
2013-07-15,3317,10.77
2013-07-16,3317,10.7
2013-07-17,3317,10.77
2013-07-18,3317,10.63
2013-07-19,3317,10.33
2013-07-22,3317,10.56
2013-07-23,3317,10.56
2013-07-24,3317,10.7
2013-07-25,3317,11.04
2013-07-26,3317,11.25
2013-07-29,3317,11.21
2013-07-30,3317,11.99
2013-07-31,3317,11.99
2013-07-01,3322,7.93
2013-07-02,3322,7.91
2013-07-03,3322,7.79
2013-07-04,3322,7.91
2013-07-05,3322,7.96
2013-07-08,3322,7.93
2013-07-09,3322,7.83
2013-07-10,3322,7.84
2013-07-11,3322,8.03
2013-07-12,3322,8.09
2013-07-15,3322,8.16
2013-07-16,3322,8.37
2013-07-17,3322,8.37
2013-07-18,3322,8.21
2013-07-19,3322,8.2
2013-07-22,3322,8.21
2013-07-23,3322,8.27
2013-07-24,3322,8.27
2013-07-25,3322,8.28
2013-07-26,3322,8.24
2013-07-29,3322,8.16
2013-07-30,3322,8.17
2013-07-31,3322,8.14
2013-07-01,3323,10.72
2013-07-02,3323,10.8
2013-07-03,3323,10.75
2013-07-04,3323,10.66
2013-07-05,3323,10.72
2013-07-08,3323,10.92
2013-07-09,3323,10.95
2013-07-10,3323,10.98
2013-07-11,3323,11.18
2013-07-12,3323,11.23
2013-07-15,3323,11.41
2013-07-16,3323,11.58
2013-07-17,3323,11.04
2013-07-18,3323,10.95
2013-07-19,3323,10.55
2013-07-22,3323,10.55
2013-07-23,3323,10.61
2013-07-24,3323,10.55
2013-07-25,3323,10.61
2013-07-26,3323,10.73
2013-07-29,3323,10.52
2013-07-30,3323,10.49
2013-07-31,3323,10.46
2013-07-01,3324,14.68
2013-07-02,3324,15.69
2013-07-03,3324,15.76
2013-07-04,3324,15.2
2013-07-05,3324,15.2
2013-07-08,3324,14.79
2013-07-09,3324,14.86
2013-07-10,3324,14.61
2013-07-11,3324,15.03
2013-07-12,3324,15.2
2013-07-15,3324,15.03
2013-07-16,3324,15.31
2013-07-17,3324,15.06
2013-07-18,3324,14.72
2013-07-19,3324,14.61
2013-07-22,3324,14.44
2013-07-23,3324,14.99
2013-07-24,3324,14.89
2013-07-25,3324,15.2
2013-07-26,3324,14.92
2013-07-29,3324,14.75
2013-07-30,3324,14.68
2013-07-31,3324,13.92
2013-07-01,3325,11.45
2013-07-02,3325,12.23
2013-07-03,3325,12.23
2013-07-04,3325,11.65
2013-07-05,3325,11.78
2013-07-08,3325,11.49
2013-07-09,3325,11.57
2013-07-10,3325,11.53
2013-07-11,3325,11.61
2013-07-12,3325,11.57
2013-07-15,3325,11.69
2013-07-16,3325,11.82
2013-07-17,3325,11.73
2013-07-18,3325,11.61
2013-07-19,3325,11.61
2013-07-22,3325,11.69
2013-07-23,3325,11.73
2013-07-24,3325,11.9
2013-07-25,3325,12.23
2013-07-26,3325,12.31
2013-07-29,3325,12.52
2013-07-30,3325,12.81
2013-07-31,3325,12.56
2013-07-02,3332,22.09
2013-07-03,3332,22.06
2013-07-05,3332,21.47
2013-07-08,3332,21.42
2013-07-09,3332,21.87
2013-07-11,3332,21.42
2013-07-12,3332,22.4
2013-07-15,3332,22.82
2013-07-16,3332,22.01
2013-07-17,3332,22.82
2013-07-18,3332,22.37
2013-07-19,3332,22.37
2013-07-22,3332,22.37
2013-07-23,3332,22.65
2013-07-24,3332,22.77
2013-07-25,3332,22.77
2013-07-26,3332,22.65
2013-07-29,3332,22.77
2013-07-31,3332,22.36
2013-07-01,3338,14.44
2013-07-02,3338,14.09
2013-07-03,3338,14.03
2013-07-04,3338,14.09
2013-07-05,3338,14.33
2013-07-08,3338,13.26
2013-07-09,3338,13.46
2013-07-10,3338,13.42
2013-07-11,3338,13.47
2013-07-12,3338,13.42
2013-07-15,3338,13.39
2013-07-16,3338,13.42
2013-07-17,3338,13.35
2013-07-18,3338,13.13
2013-07-19,3338,13.11
2013-07-22,3338,13.25
2013-07-23,3338,13.57
2013-07-24,3338,13.31
2013-07-25,3338,13.22
2013-07-26,3338,13.19
2013-07-29,3338,13.41
2013-07-30,3338,13.3
2013-07-31,3338,13.28
2013-07-01,3339,67.63
2013-07-02,3339,67.94
2013-07-03,3339,67.34
2013-07-04,3339,67.03
2013-07-05,3339,65.51
2013-07-08,3339,64.89
2013-07-09,3339,64.89
2013-07-10,3339,65.51
2013-07-11,3339,65.81
2013-07-12,3339,66.11
2013-07-15,3339,67.63
2013-07-16,3339,68.25
2013-07-17,3339,67.34
2013-07-18,3339,67.03
2013-07-19,3339,66.72
2013-07-22,3339,67.63
2013-07-23,3339,67.34
2013-07-24,3339,67.34
2013-07-25,3339,66.42
2013-07-26,3339,66.72
2013-07-29,3339,67.03
2013-07-30,3339,67.03
2013-07-31,3339,65.81
2013-07-01,3346,14.62
2013-07-02,3346,14.54
2013-07-03,3346,14.65
2013-07-04,3346,14.61
2013-07-05,3346,14.68
2013-07-08,3346,14.46
2013-07-09,3346,14.38
2013-07-10,3346,14.61
2013-07-11,3346,14.46
2013-07-12,3346,14.5
2013-07-15,3346,14.38
2013-07-16,3346,14.41
2013-07-17,3346,14.46
2013-07-18,3346,14.3
2013-07-19,3346,14.34
2013-07-22,3346,14.22
2013-07-23,3346,14.22
2013-07-24,3346,14.29
2013-07-25,3346,14.24
2013-07-26,3346,14.38
2013-07-29,3346,14.34
2013-07-31,3346,14.34
2013-07-02,3349,14.22
2013-07-04,3349,13.85
2013-07-12,3349,14.22
2013-07-01,3354,8.57
2013-07-02,3354,8.54
2013-07-03,3354,8.5
2013-07-04,3354,8.43
2013-07-05,3354,8.36
2013-07-08,3354,8.54
2013-07-09,3354,8.47
2013-07-10,3354,8.47
2013-07-11,3354,8.57
2013-07-12,3354,8.54
2013-07-15,3354,8.54
2013-07-16,3354,8.75
2013-07-17,3354,8.82
2013-07-18,3354,8.75
2013-07-19,3354,8.75
2013-07-22,3354,8.71
2013-07-23,3354,8.56
2013-07-24,3354,8.67
2013-07-25,3354,8.67
2013-07-26,3354,8.56
2013-07-29,3354,8.4
2013-07-30,3354,8.44
2013-07-01,3356,70.31
2013-07-02,3356,70.81
2013-07-03,3356,70.31
2013-07-04,3356,70.81
2013-07-05,3356,74.36
2013-07-08,3356,72.84
2013-07-09,3356,72.33
2013-07-10,3356,72.33
2013-07-11,3356,73.09
2013-07-12,3356,75.37
2013-07-15,3356,78.4
2013-07-16,3356,76.78
2013-07-17,3356,76.21
2013-07-18,3356,77.07
2013-07-19,3356,78.51
2013-07-22,3356,84.0
2013-07-23,3356,86.02
2013-07-24,3356,88.62
2013-07-25,3356,87.75
2013-07-26,3356,86.6
2013-07-29,3356,85.15
2013-07-30,3356,90.93
2013-07-31,3356,94.97
2013-07-01,3357,17.35
2013-07-02,3357,17.51
2013-07-04,3357,17.59
2013-07-05,3357,17.51
2013-07-08,3357,16.89
2013-07-09,3357,16.73
2013-07-10,3357,16.95
2013-07-11,3357,16.96
2013-07-12,3357,16.96
2013-07-16,3357,17.04
2013-07-17,3357,17.04
2013-07-18,3357,17.04
2013-07-19,3357,16.89
2013-07-22,3357,16.89
2013-07-23,3357,16.81
2013-07-24,3357,16.81
2013-07-25,3357,16.65
2013-07-26,3357,16.34
2013-07-29,3357,17.11
2013-07-30,3357,17.2
2013-07-31,3357,16.73
2013-07-01,3360,4.42
2013-07-02,3360,4.35
2013-07-03,3360,4.35
2013-07-04,3360,4.35
2013-07-05,3360,4.34
2013-07-08,3360,4.32
2013-07-09,3360,4.28
2013-07-10,3360,4.29
2013-07-11,3360,4.3
2013-07-12,3360,4.33
2013-07-15,3360,4.32
2013-07-16,3360,4.38
2013-07-17,3360,4.39
2013-07-18,3360,4.38
2013-07-19,3360,4.25
2013-07-22,3360,4.3
2013-07-23,3360,4.27
2013-07-24,3360,4.23
2013-07-25,3360,4.28
2013-07-26,3360,4.29
2013-07-29,3360,4.33
2013-07-30,3360,4.3
2013-07-31,3360,4.24
2013-07-01,3362,32.96
2013-07-02,3362,34.0
2013-07-03,3362,34.04
2013-07-04,3362,33.5
2013-07-05,3362,34.16
2013-07-08,3362,33.5
2013-07-09,3362,34.58
2013-07-10,3362,33.87
2013-07-11,3362,34.12
2013-07-12,3362,36.16
2013-07-15,3362,35.66
2013-07-16,3362,35.66
2013-07-17,3362,35.21
2013-07-18,3362,35.0
2013-07-19,3362,33.62
2013-07-22,3362,34.25
2013-07-23,3362,36.5
2013-07-24,3362,36.21
2013-07-25,3362,35.41
2013-07-26,3362,37.25
2013-07-29,3362,35.91
2013-07-30,3362,35.91
2013-07-31,3362,35.66
2013-07-01,3363,16.24
2013-07-02,3363,16.21
2013-07-03,3363,15.87
2013-07-04,3363,15.63
2013-07-05,3363,15.94
2013-07-08,3363,16.04
2013-07-09,3363,16.04
2013-07-10,3363,15.74
2013-07-11,3363,15.9
2013-07-12,3363,15.8
2013-07-15,3363,16.88
2013-07-16,3363,17.67
2013-07-17,3363,17.67
2013-07-18,3363,17.56
2013-07-19,3363,18.06
2013-07-22,3363,18.06
2013-07-23,3363,18.28
2013-07-24,3363,18.02
2013-07-25,3363,17.77
2013-07-26,3363,17.88
2013-07-29,3363,17.77
2013-07-30,3363,18.28
2013-07-31,3363,18.06
2013-07-01,3372,14.75
2013-07-02,3372,14.75
2013-07-03,3372,14.48
2013-07-04,3372,14.36
2013-07-05,3372,14.27
2013-07-08,3372,14.04
2013-07-09,3372,13.61
2013-07-10,3372,13.23
2013-07-11,3372,13.19
2013-07-12,3372,13.29
2013-07-15,3372,13.32
2013-07-16,3372,13.93
2013-07-17,3372,13.52
2013-07-18,3372,13.21
2013-07-19,3372,13.15
2013-07-22,3372,13.25
2013-07-23,3372,13.21
2013-07-24,3372,13.44
2013-07-25,3372,13.27
2013-07-26,3372,13.32
2013-07-29,3372,13.27
2013-07-30,3372,13.27
2013-07-31,3372,13.25
2013-07-01,3373,22.98
2013-07-02,3373,22.48
2013-07-03,3373,22.54
2013-07-04,3373,21.93
2013-07-05,3373,21.17
2013-07-08,3373,19.82
2013-07-09,3373,18.45
2013-07-10,3373,17.71
2013-07-11,3373,17.71
2013-07-12,3373,17.27
2013-07-15,3373,18.12
2013-07-16,3373,17.71
2013-07-17,3373,18.95
2013-07-18,3373,19.52
2013-07-19,3373,19.19
2013-07-22,3373,19.03
2013-07-23,3373,19.22
2013-07-24,3373,19.52
2013-07-25,3373,19.22
2013-07-26,3373,19.0
2013-07-29,3373,19.47
2013-07-30,3373,19.38
2013-07-31,3373,19.38
2013-07-01,3374,26.16
2013-07-02,3374,26.53
2013-07-03,3374,29.01
2013-07-04,3374,29.55
2013-07-05,3374,29.05
2013-07-08,3374,28.93
2013-07-09,3374,28.62
2013-07-10,3374,28.69
2013-07-11,3374,28.61
2013-07-12,3374,28.6
2013-07-15,3374,28.19
2013-07-16,3374,28.22
2013-07-17,3374,28.31
2013-07-18,3374,27.91
2013-07-19,3374,27.4
2013-07-22,3374,27.05
2013-07-23,3374,27.83
2013-07-24,3374,28.09
2013-07-25,3374,28.09
2013-07-26,3374,28.18
2013-07-29,3374,28.18
2013-07-30,3374,27.93
2013-07-31,3374,27.92
2013-07-01,3376,41.62
2013-07-02,3376,41.8
2013-07-03,3376,41.33
2013-07-04,3376,41.16
2013-07-05,3376,41.16
2013-07-08,3376,40.93
2013-07-09,3376,40.7
2013-07-10,3376,41.22
2013-07-11,3376,42.2
2013-07-12,3376,42.09
2013-07-15,3376,42.67
2013-07-16,3376,43.77
2013-07-17,3376,43.6
2013-07-18,3376,43.52
2013-07-19,3376,42.84
2013-07-22,3376,42.65
2013-07-23,3376,42.78
2013-07-24,3376,43.15
2013-07-25,3376,43.45
2013-07-26,3376,43.15
2013-07-29,3376,42.71
2013-07-30,3376,42.9
2013-07-31,3376,41.6
2013-07-01,3379,29.12
2013-07-02,3379,29.12
2013-07-03,3379,28.76
2013-07-04,3379,28.76
2013-07-05,3379,29.26
2013-07-08,3379,29.95
2013-07-09,3379,29.98
2013-07-10,3379,29.55
2013-07-11,3379,29.33
2013-07-12,3379,29.33
2013-07-15,3379,29.77
2013-07-16,3379,29.84
2013-07-17,3379,29.8
2013-07-18,3379,28.9
2013-07-19,3379,28.9
2013-07-22,3379,29.04
2013-07-23,3379,28.9
2013-07-24,3379,29.08
2013-07-25,3379,29.33
2013-07-26,3379,28.97
2013-07-29,3379,28.9
2013-07-30,3379,28.83
2013-07-31,3379,28.61
2013-07-01,3380,11.9
2013-07-02,3380,11.78
2013-07-03,3380,11.66
2013-07-04,3380,11.72
2013-07-05,3380,11.84
2013-07-08,3380,11.57
2013-07-09,3380,11.48
2013-07-10,3380,11.51
2013-07-11,3380,11.51
2013-07-12,3380,11.6
2013-07-15,3380,11.9
2013-07-16,3380,11.87
2013-07-17,3380,11.72
2013-07-18,3380,11.54
2013-07-19,3380,11.6
2013-07-22,3380,11.58
2013-07-23,3380,11.86
2013-07-24,3380,11.67
2013-07-25,3380,11.58
2013-07-26,3380,11.45
2013-07-29,3380,11.32
2013-07-30,3380,11.42
2013-07-31,3380,11.32
2013-07-01,3383,84.84
2013-07-02,3383,83.97
2013-07-03,3383,81.78
2013-07-04,3383,81.34
2013-07-05,3383,81.12
2013-07-08,3383,79.6
2013-07-09,3383,79.38
2013-07-10,3383,79.38
2013-07-11,3383,80.25
2013-07-12,3383,79.6
2013-07-15,3383,79.6
2013-07-16,3383,79.82
2013-07-17,3383,79.82
2013-07-18,3383,78.06
2013-07-19,3383,77.84
2013-07-22,3383,76.75
2013-07-23,3383,77.41
2013-07-24,3383,79.16
2013-07-25,3383,79.16
2013-07-26,3383,79.6
2013-07-29,3383,78.94
2013-07-30,3383,79.16
2013-07-31,3383,78.94
2013-07-01,3388,30.07
2013-07-02,3388,30.29
2013-07-03,3388,30.11
2013-07-04,3388,29.72
2013-07-05,3388,29.59
2013-07-08,3388,30.01
2013-07-09,3388,30.48
2013-07-10,3388,30.11
2013-07-11,3388,29.92
2013-07-12,3388,30.11
2013-07-15,3388,30.15
2013-07-16,3388,30.57
2013-07-17,3388,30.57
2013-07-18,3388,30.62
2013-07-19,3388,30.8
2013-07-22,3388,30.8
2013-07-23,3388,30.99
2013-07-24,3388,31.18
2013-07-25,3388,31.18
2013-07-26,3388,30.94
2013-07-29,3388,30.48
2013-07-30,3388,30.57
2013-07-31,3388,30.94
2013-07-01,3390,27.24
2013-07-02,3390,27.24
2013-07-03,3390,26.91
2013-07-04,3390,26.91
2013-07-05,3390,27.3
2013-07-08,3390,27.08
2013-07-09,3390,27.02
2013-07-10,3390,25.16
2013-07-11,3390,24.84
2013-07-12,3390,24.66
2013-07-15,3390,24.21
2013-07-16,3390,24.48
2013-07-17,3390,24.33
2013-07-18,3390,24.12
2013-07-19,3390,24.0
2013-07-22,3390,24.12
2013-07-23,3390,24.39
2013-07-24,3390,24.21
2013-07-25,3390,24.24
2013-07-26,3390,24.42
2013-07-29,3390,24.48
2013-07-30,3390,24.24
2013-07-31,3390,24.0
2013-07-01,3402,6.76
2013-07-02,3402,6.84
2013-07-03,3402,6.86
2013-07-04,3402,6.86
2013-07-05,3402,6.84
2013-07-08,3402,6.84
2013-07-09,3402,6.81
2013-07-10,3402,6.79
2013-07-11,3402,6.74
2013-07-12,3402,6.76
2013-07-15,3402,6.81
2013-07-16,3402,6.75
2013-07-17,3402,6.75
2013-07-18,3402,6.73
2013-07-19,3402,6.73
2013-07-22,3402,6.7
2013-07-23,3402,6.62
2013-07-24,3402,6.7
2013-07-25,3402,6.67
2013-07-26,3402,6.73
2013-07-29,3402,6.7
2013-07-30,3402,6.7
2013-07-31,3402,6.73
2013-07-01,3406,152.29
2013-07-02,3406,149.7
2013-07-03,3406,149.7
2013-07-04,3406,147.11
2013-07-05,3406,150.13
2013-07-08,3406,148.84
2013-07-09,3406,159.19
2013-07-10,3406,153.58
2013-07-11,3406,151.43
2013-07-12,3406,152.29
2013-07-15,3406,154.04
2013-07-16,3406,154.47
2013-07-17,3406,150.98
2013-07-18,3406,150.98
2013-07-19,3406,147.49
2013-07-22,3406,145.75
2013-07-23,3406,145.75
2013-07-24,3406,146.18
2013-07-25,3406,148.36
2013-07-26,3406,150.55
2013-07-29,3406,149.67
2013-07-30,3406,147.49
2013-07-31,3406,138.33
2013-07-01,3413,6.19
2013-07-02,3413,6.31
2013-07-03,3413,6.08
2013-07-04,3413,6.25
2013-07-05,3413,6.28
2013-07-08,3413,6.34
2013-07-09,3413,6.29
2013-07-10,3413,6.22
2013-07-11,3413,6.65
2013-07-12,3413,6.63
2013-07-15,3413,6.58
2013-07-16,3413,6.83
2013-07-17,3413,6.6
2013-07-18,3413,6.59
2013-07-19,3413,6.9
2013-07-22,3413,7.05
2013-07-23,3413,6.99
2013-07-24,3413,6.98
2013-07-25,3413,6.93
2013-07-26,3413,6.87
2013-07-29,3413,6.78
2013-07-30,3413,6.87
2013-07-31,3413,6.75
2013-07-01,3416,20.56
2013-07-02,3416,20.65
2013-07-03,3416,20.7
2013-07-04,3416,20.61
2013-07-05,3416,20.54
2013-07-08,3416,20.43
2013-07-09,3416,20.56
2013-07-10,3416,20.52
2013-07-11,3416,20.52
2013-07-12,3416,20.7
2013-07-15,3416,20.83
2013-07-16,3416,21.44
2013-07-17,3416,22.63
2013-07-18,3416,22.8
2013-07-19,3416,22.36
2013-07-22,3416,22.63
2013-07-23,3416,23.52
2013-07-24,3416,23.37
2013-07-25,3416,23.37
2013-07-26,3416,23.47
2013-07-29,3416,23.25
2013-07-30,3416,24.24
2013-07-31,3416,25.94
2013-07-01,3419,16.35
2013-07-02,3419,16.79
2013-07-03,3419,16.22
2013-07-04,3419,16.0
2013-07-05,3419,16.61
2013-07-08,3419,16.61
2013-07-09,3419,16.26
2013-07-10,3419,15.96
2013-07-11,3419,15.91
2013-07-12,3419,15.96
2013-07-15,3419,16.75
2013-07-16,3419,16.75
2013-07-17,3419,16.48
2013-07-18,3419,16.66
2013-07-19,3419,16.44
2013-07-22,3419,16.7
2013-07-23,3419,16.57
2013-07-24,3419,16.31
2013-07-25,3419,16.26
2013-07-26,3419,16.04
2013-07-29,3419,16.13
2013-07-30,3419,16.04
2013-07-31,3419,16.04
2013-07-04,3430,17.36
2013-07-09,3430,17.36
2013-07-15,3430,17.62
2013-07-16,3430,17.62
2013-07-18,3430,17.53
2013-07-19,3430,17.62
2013-07-22,3430,17.62
2013-07-23,3430,17.53
2013-07-24,3430,17.62
2013-07-25,3430,17.7
2013-07-26,3430,17.7
2013-07-29,3430,17.7
2013-07-30,3430,17.62
2013-07-31,3430,17.7
2013-07-01,3432,19.33
2013-07-02,3432,18.85
2013-07-03,3432,19.25
2013-07-04,3432,19.01
2013-07-05,3432,19.17
2013-07-08,3432,18.85
2013-07-09,3432,18.69
2013-07-10,3432,18.46
2013-07-11,3432,18.93
2013-07-12,3432,18.46
2013-07-15,3432,18.46
2013-07-16,3432,18.54
2013-07-17,3432,18.61
2013-07-18,3432,18.61
2013-07-19,3432,18.29
2013-07-22,3432,18.22
2013-07-23,3432,18.22
2013-07-24,3432,18.54
2013-07-25,3432,18.46
2013-07-26,3432,18.78
2013-07-29,3432,18.61
2013-07-30,3432,19.89
2013-07-31,3432,19.89
2013-07-01,3434,10.03
2013-07-02,3434,9.89
2013-07-03,3434,9.94
2013-07-04,3434,10.21
2013-07-05,3434,10.28
2013-07-08,3434,10.11
2013-07-09,3434,10.34
2013-07-10,3434,10.17
2013-07-11,3434,10.65
2013-07-12,3434,10.65
2013-07-15,3434,10.49
2013-07-16,3434,10.39
2013-07-17,3434,10.34
2013-07-19,3434,10.28
2013-07-22,3434,10.19
2013-07-23,3434,10.08
2013-07-25,3434,10.14
2013-07-31,3434,9.96
2013-07-01,3437,42.91
2013-07-02,3437,42.67
2013-07-03,3437,41.29
2013-07-04,3437,41.17
2013-07-05,3437,40.59
2013-07-08,3437,39.4
2013-07-09,3437,39.3
2013-07-10,3437,39.55
2013-07-11,3437,39.96
2013-07-12,3437,40.08
2013-07-15,3437,39.8
2013-07-16,3437,39.03
2013-07-17,3437,39.18
2013-07-18,3437,39.51
2013-07-19,3437,39.67
2013-07-22,3437,40.61
2013-07-23,3437,41.28
2013-07-24,3437,43.05
2013-07-25,3437,45.11
2013-07-26,3437,46.15
2013-07-29,3437,46.47
2013-07-30,3437,46.88
2013-07-31,3437,46.48
2013-07-01,3438,28.24
2013-07-02,3438,28.09
2013-07-03,3438,27.89
2013-07-04,3438,27.89
2013-07-05,3438,27.79
2013-07-08,3438,27.49
2013-07-09,3438,27.33
2013-07-10,3438,27.33
2013-07-11,3438,27.49
2013-07-12,3438,27.68
2013-07-15,3438,27.64
2013-07-16,3438,27.84
2013-07-17,3438,28.34
2013-07-18,3438,28.09
2013-07-19,3438,28.34
2013-07-22,3438,28.48
2013-07-23,3438,28.54
2013-07-24,3438,28.48
2013-07-25,3438,28.64
2013-07-26,3438,28.59
2013-07-29,3438,28.64
2013-07-30,3438,28.73
2013-07-31,3438,28.59
2013-07-01,3441,17.79
2013-07-02,3441,18.21
2013-07-03,3441,17.66
2013-07-04,3441,17.11
2013-07-05,3441,17.17
2013-07-08,3441,16.75
2013-07-09,3441,17.92
2013-07-10,3441,17.92
2013-07-11,3441,17.63
2013-07-12,3441,17.59
2013-07-15,3441,17.66
2013-07-16,3441,17.69
2013-07-17,3441,17.59
2013-07-18,3441,17.4
2013-07-19,3441,17.53
2013-07-22,3441,17.37
2013-07-23,3441,17.66
2013-07-24,3441,17.56
2013-07-25,3441,17.56
2013-07-26,3441,17.82
2013-07-29,3441,17.53
2013-07-30,3441,17.46
2013-07-31,3441,17.2
2013-07-01,3443,73.87
2013-07-02,3443,73.5
2013-07-03,3443,73.79
2013-07-04,3443,74.91
2013-07-05,3443,74.53
2013-07-08,3443,74.91
2013-07-09,3443,73.57
2013-07-10,3443,73.42
2013-07-11,3443,73.05
2013-07-12,3443,73.79
2013-07-15,3443,73.87
2013-07-16,3443,73.87
2013-07-17,3443,74.1
2013-07-18,3443,74.56
2013-07-19,3443,72.49
2013-07-22,3443,72.72
2013-07-23,3443,73.64
2013-07-24,3443,73.71
2013-07-25,3443,75.09
2013-07-26,3443,73.94
2013-07-29,3443,73.1
2013-07-30,3443,73.71
2013-07-31,3443,73.18
2013-07-01,3444,8.09
2013-07-02,3444,8.25
2013-07-03,3444,8.23
2013-07-04,3444,8.09
2013-07-05,3444,8.17
2013-07-08,3444,8.17
2013-07-09,3444,8.31
2013-07-10,3444,8.25
2013-07-11,3444,8.23
2013-07-12,3444,8.23
2013-07-15,3444,8.28
2013-07-16,3444,8.28
2013-07-17,3444,8.31
2013-07-18,3444,8.31
2013-07-19,3444,8.31
2013-07-22,3444,8.31
2013-07-23,3444,8.31
2013-07-24,3444,8.84
2013-07-25,3444,8.6
2013-07-26,3444,8.6
2013-07-29,3444,8.43
2013-07-30,3444,8.66
2013-07-31,3444,8.66
2013-07-01,3450,26.59
2013-07-02,3450,25.9
2013-07-03,3450,25.9
2013-07-04,3450,24.88
2013-07-05,3450,24.51
2013-07-08,3450,24.14
2013-07-09,3450,24.22
2013-07-10,3450,24.03
2013-07-11,3450,24.59
2013-07-12,3450,24.33
2013-07-15,3450,24.14
2013-07-16,3450,24.9
2013-07-17,3450,24.9
2013-07-18,3450,24.71
2013-07-19,3450,24.44
2013-07-22,3450,24.03
2013-07-23,3450,24.25
2013-07-24,3450,24.03
2013-07-25,3450,24.07
2013-07-26,3450,24.14
2013-07-29,3450,24.14
2013-07-30,3450,25.65
2013-07-31,3450,26.44
2013-07-01,3454,67.67
2013-07-02,3454,68.18
2013-07-03,3454,67.67
2013-07-04,3454,67.42
2013-07-05,3454,68.68
2013-07-08,3454,69.44
2013-07-09,3454,66.16
2013-07-10,3454,66.41
2013-07-11,3454,67.67
2013-07-12,3454,68.94
2013-07-15,3454,70.7
2013-07-16,3454,70.96
2013-07-17,3454,69.95
2013-07-18,3454,72.39
2013-07-19,3454,74.31
2013-07-22,3454,76.49
2013-07-23,3454,78.13
2013-07-24,3454,80.59
2013-07-25,3454,79.22
2013-07-26,3454,78.4
2013-07-29,3454,77.31
2013-07-30,3454,82.5
2013-07-31,3454,83.87
2013-07-01,3455,15.11
2013-07-02,3455,14.9
2013-07-03,3455,14.74
2013-07-04,3455,14.76
2013-07-05,3455,14.84
2013-07-08,3455,14.9
2013-07-09,3455,14.63
2013-07-10,3455,14.84
2013-07-11,3455,15.16
2013-07-12,3455,14.95
2013-07-15,3455,14.82
2013-07-16,3455,14.95
2013-07-17,3455,14.95
2013-07-18,3455,14.76
2013-07-19,3455,14.29
2013-07-22,3455,14.39
2013-07-23,3455,14.29
2013-07-24,3455,14.31
2013-07-25,3455,15.3
2013-07-26,3455,15.03
2013-07-29,3455,14.71
2013-07-30,3455,14.79
2013-07-31,3455,14.58
2013-07-01,3465,14.52
2013-07-02,3465,14.83
2013-07-03,3465,14.67
2013-07-04,3465,14.44
2013-07-05,3465,14.58
2013-07-08,3465,14.56
2013-07-09,3465,14.64
2013-07-10,3465,14.44
2013-07-11,3465,14.58
2013-07-12,3465,14.69
2013-07-15,3465,14.47
2013-07-16,3465,14.44
2013-07-17,3465,14.67
2013-07-18,3465,14.72
2013-07-19,3465,14.58
2013-07-22,3465,14.44
2013-07-23,3465,14.98
2013-07-24,3465,14.98
2013-07-25,3465,14.44
2013-07-26,3465,14.81
2013-07-29,3465,14.44
2013-07-30,3465,15.42
2013-07-31,3465,15.11
2013-07-01,3466,13.66
2013-07-02,3466,13.66
2013-07-03,3466,13.66
2013-07-04,3466,13.73
2013-07-05,3466,13.96
2013-07-08,3466,13.81
2013-07-09,3466,13.73
2013-07-10,3466,13.73
2013-07-11,3466,14.0
2013-07-12,3466,14.15
2013-07-15,3466,14.23
2013-07-16,3466,14.07
2013-07-17,3466,14.23
2013-07-18,3466,14.19
2013-07-19,3466,14.15
2013-07-22,3466,14.15
2013-07-23,3466,14.23
2013-07-24,3466,14.3
2013-07-25,3466,14.26
2013-07-26,3466,14.23
2013-07-29,3466,14.19
2013-07-30,3466,14.19
2013-07-31,3466,14.07
2013-07-01,3474,16.55
2013-07-02,3474,16.4
2013-07-03,3474,16.1
2013-07-04,3474,15.0
2013-07-05,3474,14.85
2013-07-08,3474,15.15
2013-07-09,3474,14.6
2013-07-10,3474,13.6
2013-07-11,3474,13.9
2013-07-12,3474,13.6
2013-07-15,3474,13.65
2013-07-16,3474,14.6
2013-07-17,3474,14.75
2013-07-18,3474,14.05
2013-07-19,3474,14.35
2013-07-22,3474,14.6
2013-07-23,3474,14.2
2013-07-24,3474,14.4
2013-07-25,3474,13.4
2013-07-26,3474,12.5
2013-07-29,3474,11.65
2013-07-30,3474,12.05
2013-07-31,3474,11.25
2013-07-01,3479,20.79
2013-07-02,3479,20.81
2013-07-03,3479,20.64
2013-07-04,3479,20.72
2013-07-05,3479,21.02
2013-07-08,3479,20.6
2013-07-09,3479,20.81
2013-07-10,3479,20.81
2013-07-11,3479,20.5
2013-07-12,3479,20.55
2013-07-15,3479,20.62
2013-07-16,3479,20.81
2013-07-17,3479,20.9
2013-07-18,3479,21.13
2013-07-19,3479,20.95
2013-07-22,3479,20.95
2013-07-23,3479,21.95
2013-07-24,3479,22.31
2013-07-25,3479,22.23
2013-07-26,3479,21.87
2013-07-29,3479,22.1
2013-07-30,3479,21.95
2013-07-31,3479,21.72
2013-07-01,3481,11.76
2013-07-02,3481,11.46
2013-07-03,3481,11.02
2013-07-04,3481,10.98
2013-07-05,3481,11.5
2013-07-08,3481,10.94
2013-07-09,3481,11.05
2013-07-10,3481,11.05
2013-07-11,3481,11.24
2013-07-12,3481,11.17
2013-07-15,3481,11.31
2013-07-16,3481,11.42
2013-07-17,3481,11.13
2013-07-18,3481,10.38
2013-07-19,3481,9.94
2013-07-22,3481,10.05
2013-07-23,3481,10.2
2013-07-24,3481,9.94
2013-07-25,3481,9.9
2013-07-26,3481,9.94
2013-07-29,3481,9.83
2013-07-30,3481,9.94
2013-07-31,3481,9.9
2013-07-01,3483,11.87
2013-07-02,3483,11.84
2013-07-03,3483,11.54
2013-07-04,3483,11.4
2013-07-05,3483,11.4
2013-07-08,3483,11.24
2013-07-09,3483,11.21
2013-07-10,3483,11.76
2013-07-11,3483,11.76
2013-07-12,3483,11.92
2013-07-15,3483,12.28
2013-07-16,3483,12.17
2013-07-17,3483,12.19
2013-07-18,3483,12.25
2013-07-19,3483,12.14
2013-07-22,3483,12.19
2013-07-23,3483,12.09
2013-07-24,3483,12.11
2013-07-25,3483,12.33
2013-07-26,3483,12.16
2013-07-29,3483,11.87
2013-07-30,3483,11.99
2013-07-31,3483,11.67
2013-07-01,3484,8.03
2013-07-02,3484,8.16
2013-07-03,3484,8.06
2013-07-04,3484,8.21
2013-07-05,3484,8.06
2013-07-08,3484,8.23
2013-07-09,3484,8.23
2013-07-10,3484,8.21
2013-07-11,3484,8.21
2013-07-12,3484,8.23
2013-07-15,3484,8.31
2013-07-16,3484,8.31
2013-07-17,3484,8.34
2013-07-18,3484,8.34
2013-07-19,3484,8.34
2013-07-22,3484,8.34
2013-07-23,3484,8.34
2013-07-24,3484,8.31
2013-07-25,3484,8.29
2013-07-26,3484,8.34
2013-07-29,3484,8.36
2013-07-30,3484,8.34
2013-07-31,3484,8.36
2013-07-01,3489,16.4
2013-07-02,3489,16.36
2013-07-03,3489,16.01
2013-07-04,3489,15.59
2013-07-05,3489,15.55
2013-07-08,3489,14.93
2013-07-09,3489,14.55
2013-07-10,3489,14.7
2013-07-11,3489,15.43
2013-07-12,3489,15.55
2013-07-15,3489,15.43
2013-07-16,3489,15.55
2013-07-17,3489,15.43
2013-07-18,3489,15.4
2013-07-19,3489,15.36
2013-07-22,3489,15.51
2013-07-23,3489,15.47
2013-07-24,3489,15.36
2013-07-25,3489,15.13
2013-07-26,3489,15.16
2013-07-29,3489,14.78
2013-07-30,3489,14.62
2013-07-31,3489,13.85
2013-07-01,3490,20.56
2013-07-02,3490,20.32
2013-07-03,3490,20.32
2013-07-04,3490,20.28
2013-07-05,3490,19.97
2013-07-08,3490,18.6
2013-07-09,3490,19.01
2013-07-10,3490,18.8
2013-07-11,3490,18.6
2013-07-12,3490,18.52
2013-07-15,3490,18.73
2013-07-16,3490,18.87
2013-07-17,3490,18.73
2013-07-18,3490,18.32
2013-07-19,3490,18.15
2013-07-22,3490,17.42
2013-07-23,3490,17.7
2013-07-24,3490,17.29
2013-07-25,3490,17.42
2013-07-26,3490,17.22
2013-07-29,3490,17.49
2013-07-30,3490,17.63
2013-07-31,3490,17.98
2013-07-01,3491,38.44
2013-07-02,3491,37.87
2013-07-03,3491,36.85
2013-07-04,3491,36.47
2013-07-05,3491,36.85
2013-07-08,3491,38.31
2013-07-09,3491,37.8
2013-07-10,3491,38.69
2013-07-11,3491,38.88
2013-07-12,3491,39.58
2013-07-15,3491,41.94
2013-07-16,3491,41.94
2013-07-17,3491,41.24
2013-07-18,3491,40.92
2013-07-19,3491,41.37
2013-07-22,3491,42.19
2013-07-23,3491,42.91
2013-07-24,3491,42.84
2013-07-25,3491,41.92
2013-07-26,3491,40.86
2013-07-29,3491,38.95
2013-07-30,3491,39.21
2013-07-31,3491,39.47
2013-07-01,3492,17.25
2013-07-02,3492,17.96
2013-07-03,3492,16.93
2013-07-04,3492,17.19
2013-07-05,3492,17.51
2013-07-08,3492,17.38
2013-07-09,3492,17.06
2013-07-10,3492,17.38
2013-07-11,3492,16.89
2013-07-12,3492,16.67
2013-07-15,3492,17.12
2013-07-16,3492,18.48
2013-07-17,3492,17.96
2013-07-18,3492,18.16
2013-07-19,3492,17.7
2013-07-22,3492,17.9
2013-07-23,3492,17.83
2013-07-24,3492,17.77
2013-07-25,3492,17.64
2013-07-26,3492,17.57
2013-07-29,3492,18.03
2013-07-30,3492,17.7
2013-07-31,3492,18.45
2013-07-01,3494,82.44
2013-07-02,3494,85.21
2013-07-03,3494,81.58
2013-07-04,3494,76.03
2013-07-05,3494,78.16
2013-07-08,3494,78.16
2013-07-09,3494,76.03
2013-07-10,3494,76.03
2013-07-11,3494,75.6
2013-07-12,3494,76.03
2013-07-15,3494,75.81
2013-07-16,3494,74.74
2013-07-17,3494,74.74
2013-07-18,3494,75.6
2013-07-19,3494,74.96
2013-07-22,3494,73.46
2013-07-23,3494,73.04
2013-07-24,3494,73.9
2013-07-25,3494,72.4
2013-07-26,3494,71.75
2013-07-29,3494,70.26
2013-07-30,3494,68.78
2013-07-31,3494,64.49
2013-07-01,3498,88.87
2013-07-02,3498,88.87
2013-07-03,3498,88.43
2013-07-04,3498,90.17
2013-07-05,3498,89.41
2013-07-08,3498,88.76
2013-07-09,3498,89.62
2013-07-10,3498,93.65
2013-07-11,3498,97.77
2013-07-12,3498,97.23
2013-07-15,3498,102.12
2013-07-16,3498,101.03
2013-07-17,3498,98.32
2013-07-18,3498,98.75
2013-07-19,3498,93.97
2013-07-22,3498,95.6
2013-07-23,3498,97.01
2013-07-24,3498,99.3
2013-07-25,3498,97.23
2013-07-26,3498,98.53
2013-07-29,3498,101.03
2013-07-30,3498,101.47
2013-07-31,3498,96.58
2013-07-01,3499,8.57
2013-07-02,3499,8.81
2013-07-03,3499,8.57
2013-07-04,3499,8.31
2013-07-05,3499,8.45
2013-07-08,3499,8.33
2013-07-09,3499,8.33
2013-07-10,3499,8.23
2013-07-11,3499,8.29
2013-07-12,3499,8.3
2013-07-15,3499,8.25
2013-07-16,3499,8.3
2013-07-17,3499,8.3
2013-07-18,3499,8.3
2013-07-19,3499,8.24
2013-07-22,3499,8.42
2013-07-23,3499,8.33
2013-07-24,3499,8.29
2013-07-25,3499,8.39
2013-07-26,3499,8.43
2013-07-29,3499,8.43
2013-07-30,3499,8.3
2013-07-31,3499,8.16
2013-07-01,3501,26.94
2013-07-02,3501,26.84
2013-07-03,3501,26.53
2013-07-04,3501,26.38
2013-07-05,3501,26.38
2013-07-08,3501,25.93
2013-07-09,3501,26.33
2013-07-10,3501,25.99
2013-07-11,3501,26.15
2013-07-12,3501,26.15
2013-07-15,3501,26.6
2013-07-16,3501,27.35
2013-07-17,3501,26.92
2013-07-18,3501,26.47
2013-07-19,3501,26.31
2013-07-22,3501,26.09
2013-07-23,3501,27.24
2013-07-24,3501,29.11
2013-07-25,3501,30.07
2013-07-26,3501,29.38
2013-07-29,3501,29.75
2013-07-30,3501,29.7
2013-07-31,3501,29.0
2013-07-01,3504,71.72
2013-07-02,3504,72.88
2013-07-03,3504,69.86
2013-07-04,3504,65.86
2013-07-05,3504,65.86
2013-07-08,3504,66.59
2013-07-09,3504,66.77
2013-07-10,3504,66.31
2013-07-11,3504,64.94
2013-07-12,3504,65.67
2013-07-15,3504,65.67
2013-07-16,3504,66.41
2013-07-17,3504,65.86
2013-07-18,3504,64.39
2013-07-19,3504,61.56
2013-07-22,3504,62.11
2013-07-23,3504,66.41
2013-07-24,3504,66.77
2013-07-25,3504,66.13
2013-07-26,3504,66.13
2013-07-29,3504,64.67
2013-07-30,3504,64.39
2013-07-31,3504,62.84
2013-07-01,3508,62.8
2013-07-02,3508,61.41
2013-07-03,3508,60.85
2013-07-04,3508,60.29
2013-07-05,3508,60.85
2013-07-08,3508,59.36
2013-07-09,3508,60.2
2013-07-10,3508,60.2
2013-07-11,3508,59.36
2013-07-12,3508,59.55
2013-07-15,3508,60.11
2013-07-16,3508,60.2
2013-07-17,3508,60.01
2013-07-18,3508,59.18
2013-07-19,3508,56.94
2013-07-22,3508,57.97
2013-07-23,3508,59.55
2013-07-24,3508,58.8
2013-07-25,3508,59.45
2013-07-26,3508,59.27
2013-07-29,3508,58.06
2013-07-30,3508,57.69
2013-07-31,3508,53.69
2013-07-01,3511,15.99
2013-07-02,3511,15.65
2013-07-03,3511,15.65
2013-07-04,3511,15.21
2013-07-05,3511,15.25
2013-07-08,3511,14.54
2013-07-09,3511,14.76
2013-07-10,3511,14.8
2013-07-11,3511,14.69
2013-07-12,3511,14.76
2013-07-15,3511,14.58
2013-07-16,3511,14.76
2013-07-17,3511,14.95
2013-07-18,3511,14.8
2013-07-19,3511,14.62
2013-07-22,3511,14.54
2013-07-23,3511,14.91
2013-07-24,3511,14.91
2013-07-25,3511,15.02
2013-07-26,3511,14.8
2013-07-29,3511,14.65
2013-07-30,3511,14.69
2013-07-31,3511,14.47
2013-07-01,3512,7.35
2013-07-02,3512,7.26
2013-07-03,3512,7.26
2013-07-04,3512,7.32
2013-07-05,3512,7.26
2013-07-08,3512,6.9
2013-07-09,3512,6.93
2013-07-10,3512,6.96
2013-07-11,3512,7.02
2013-07-12,3512,6.9
2013-07-15,3512,6.77
2013-07-16,3512,6.8
2013-07-17,3512,7.27
2013-07-18,3512,6.99
2013-07-19,3512,6.99
2013-07-22,3512,7.08
2013-07-23,3512,7.08
2013-07-24,3512,7.11
2013-07-25,3512,7.3
2013-07-26,3512,7.3
2013-07-29,3512,7.17
2013-07-30,3512,7.17
2013-07-31,3512,6.93
2013-07-01,3514,28.04
2013-07-02,3514,27.94
2013-07-03,3514,27.75
2013-07-04,3514,27.99
2013-07-05,3514,27.47
2013-07-08,3514,26.89
2013-07-09,3514,26.99
2013-07-10,3514,26.8
2013-07-11,3514,26.89
2013-07-12,3514,26.89
2013-07-15,3514,27.94
2013-07-16,3514,27.94
2013-07-17,3514,27.56
2013-07-18,3514,26.7
2013-07-19,3514,26.7
2013-07-22,3514,27.03
2013-07-23,3514,27.61
2013-07-24,3514,28.33
2013-07-25,3514,28.85
2013-07-26,3514,28.66
2013-07-29,3514,27.75
2013-07-30,3514,27.66
2013-07-31,3514,26.84
2013-07-01,3515,48.89
2013-07-02,3515,49.13
2013-07-03,3515,48.66
2013-07-04,3515,48.89
2013-07-05,3515,48.89
2013-07-08,3515,48.89
2013-07-09,3515,49.36
2013-07-10,3515,49.13
2013-07-11,3515,48.66
2013-07-12,3515,48.66
2013-07-15,3515,49.13
2013-07-16,3515,49.36
2013-07-17,3515,49.6
2013-07-18,3515,49.36
2013-07-19,3515,49.13
2013-07-22,3515,48.66
2013-07-23,3515,49.13
2013-07-24,3515,50.07
2013-07-25,3515,50.07
2013-07-26,3515,49.6
2013-07-29,3515,50.07
2013-07-30,3515,50.77
2013-07-31,3515,50.54
2013-07-01,3516,15.06
2013-07-02,3516,14.88
2013-07-03,3516,14.77
2013-07-04,3516,13.82
2013-07-05,3516,13.99
2013-07-08,3516,13.64
2013-07-09,3516,13.58
2013-07-10,3516,13.58
2013-07-11,3516,14.52
2013-07-12,3516,15.53
2013-07-15,3516,16.37
2013-07-16,3516,16.01
2013-07-17,3516,16.78
2013-07-18,3516,16.48
2013-07-19,3516,16.07
2013-07-22,3516,16.19
2013-07-23,3516,16.24
2013-07-24,3516,15.95
2013-07-25,3516,16.01
2013-07-26,3516,15.83
2013-07-29,3516,15.36
2013-07-30,3516,15.42
2013-07-31,3516,14.77
2013-07-01,3518,32.22
2013-07-02,3518,33.15
2013-07-03,3518,33.27
2013-07-04,3518,32.87
2013-07-05,3518,33.76
2013-07-08,3518,33.76
2013-07-09,3518,33.23
2013-07-10,3518,32.79
2013-07-11,3518,32.71
2013-07-12,3518,32.39
2013-07-15,3518,33.11
2013-07-16,3518,33.03
2013-07-17,3518,33.23
2013-07-18,3518,32.95
2013-07-19,3518,32.79
2013-07-22,3518,32.59
2013-07-23,3518,32.31
2013-07-24,3518,32.31
2013-07-25,3518,32.55
2013-07-26,3518,32.59
2013-07-29,3518,32.22
2013-07-30,3518,32.22
2013-07-31,3518,32.06
2013-07-01,3519,21.6
2013-07-02,3519,21.5
2013-07-03,3519,21.4
2013-07-04,3519,22.85
2013-07-05,3519,22.3
2013-07-08,3519,20.8
2013-07-09,3519,20.95
2013-07-10,3519,20.65
2013-07-11,3519,21.0
2013-07-12,3519,20.95
2013-07-15,3519,21.4
2013-07-16,3519,21.2
2013-07-17,3519,20.9
2013-07-18,3519,20.25
2013-07-19,3519,20.25
2013-07-22,3519,20.05
2013-07-23,3519,20.5
2013-07-24,3519,20.35
2013-07-25,3519,20.45
2013-07-26,3519,20.3
2013-07-29,3519,19.6
2013-07-30,3519,19.75
2013-07-31,3519,19.15
2013-07-01,3520,25.16
2013-07-02,3520,24.89
2013-07-03,3520,24.71
2013-07-04,3520,24.35
2013-07-05,3520,23.65
2013-07-08,3520,24.27
2013-07-09,3520,24.63
2013-07-10,3520,24.35
2013-07-11,3520,24.18
2013-07-12,3520,24.53
2013-07-15,3520,25.6
2013-07-16,3520,27.38
2013-07-17,3520,26.67
2013-07-18,3520,26.49
2013-07-19,3520,27.38
2013-07-22,3520,27.91
2013-07-23,3520,27.73
2013-07-24,3520,27.91
2013-07-25,3520,27.38
2013-07-26,3520,27.2
2013-07-29,3520,27.55
2013-07-30,3520,27.2
2013-07-31,3520,27.2
2013-07-01,3521,14.9
2013-07-02,3521,14.85
2013-07-03,3521,15.1
2013-07-04,3521,14.95
2013-07-05,3521,14.75
2013-07-08,3521,15.05
2013-07-09,3521,15.3
2013-07-10,3521,15.2
2013-07-11,3521,14.8
2013-07-12,3521,14.7
2013-07-15,3521,14.65
2013-07-16,3521,14.65
2013-07-17,3521,14.65
2013-07-18,3521,14.65
2013-07-19,3521,14.3
2013-07-22,3521,14.2
2013-07-23,3521,14.3
2013-07-24,3521,14.2
2013-07-25,3521,14.1
2013-07-26,3521,14.1
2013-07-29,3521,14.1
2013-07-30,3521,14.25
2013-07-31,3521,14.15
2013-07-01,3522,22.24
2013-07-02,3522,21.87
2013-07-03,3522,22.02
2013-07-04,3522,21.94
2013-07-05,3522,21.87
2013-07-08,3522,21.65
2013-07-09,3522,21.65
2013-07-10,3522,21.72
2013-07-11,3522,21.72
2013-07-12,3522,21.72
2013-07-15,3522,21.72
2013-07-16,3522,22.32
2013-07-17,3522,22.32
2013-07-18,3522,22.25
2013-07-19,3522,22.03
2013-07-22,3522,21.72
2013-07-23,3522,21.79
2013-07-24,3522,21.72
2013-07-25,3522,22.17
2013-07-26,3522,22.03
2013-07-29,3522,22.03
2013-07-30,3522,22.25
2013-07-31,3522,21.65
2013-07-01,3523,65.98
2013-07-02,3523,65.82
2013-07-03,3523,65.32
2013-07-04,3523,64.65
2013-07-05,3523,63.65
2013-07-08,3523,64.15
2013-07-09,3523,63.98
2013-07-10,3523,63.98
2013-07-11,3523,64.32
2013-07-12,3523,64.48
2013-07-15,3523,64.32
2013-07-16,3523,63.98
2013-07-17,3523,63.98
2013-07-18,3523,63.65
2013-07-19,3523,62.98
2013-07-22,3523,63.65
2013-07-23,3523,63.98
2013-07-24,3523,63.98
2013-07-25,3523,63.98
2013-07-26,3523,64.32
2013-07-29,3523,65.98
2013-07-30,3523,65.65
2013-07-31,3523,65.32
2013-07-01,3526,21.82
2013-07-02,3526,21.97
2013-07-03,3526,21.68
2013-07-04,3526,21.6
2013-07-05,3526,21.57
2013-07-08,3526,21.42
2013-07-09,3526,21.38
2013-07-10,3526,21.23
2013-07-11,3526,21.27
2013-07-12,3526,21.23
2013-07-15,3526,21.31
2013-07-16,3526,21.53
2013-07-17,3526,21.42
2013-07-18,3526,21.45
2013-07-19,3526,21.12
2013-07-22,3526,21.34
2013-07-23,3526,21.75
2013-07-24,3526,22.04
2013-07-25,3526,21.79
2013-07-26,3526,21.68
2013-07-29,3526,21.53
2013-07-30,3526,21.79
2013-07-31,3526,21.45
2013-07-01,3527,43.39
2013-07-02,3527,43.45
2013-07-03,3527,42.96
2013-07-04,3527,42.53
2013-07-05,3527,42.8
2013-07-08,3527,43.01
2013-07-09,3527,42.53
2013-07-10,3527,43.29
2013-07-11,3527,43.23
2013-07-12,3527,42.96
2013-07-15,3527,42.96
2013-07-16,3527,42.69
2013-07-17,3527,42.31
2013-07-18,3527,42.36
2013-07-19,3527,41.98
2013-07-22,3527,41.71
2013-07-23,3527,41.77
2013-07-24,3527,41.23
2013-07-25,3527,41.61
2013-07-26,3527,41.33
2013-07-29,3527,41.23
2013-07-30,3527,40.79
2013-07-31,3527,39.17
2013-07-01,3528,12.1
2013-07-02,3528,12.22
2013-07-03,3528,12.22
2013-07-04,3528,12.09
2013-07-05,3528,12.09
2013-07-08,3528,12.03
2013-07-09,3528,12.05
2013-07-10,3528,11.89
2013-07-11,3528,11.87
2013-07-12,3528,11.83
2013-07-15,3528,11.6
2013-07-16,3528,11.83
2013-07-17,3528,11.8
2013-07-18,3528,11.78
2013-07-19,3528,11.72
2013-07-22,3528,11.78
2013-07-23,3528,11.87
2013-07-24,3528,11.96
2013-07-25,3528,11.96
2013-07-26,3528,11.96
2013-07-29,3528,11.85
2013-07-30,3528,11.94
2013-07-31,3528,11.94
2013-07-01,3529,67.11
2013-07-02,3529,69.26
2013-07-03,3529,68.35
2013-07-04,3529,68.78
2013-07-05,3529,68.01
2013-07-08,3529,66.39
2013-07-09,3529,66.39
2013-07-10,3529,65.28
2013-07-11,3529,64.85
2013-07-12,3529,66.13
2013-07-15,3529,68.78
2013-07-16,3529,72.1
2013-07-17,3529,71.93
2013-07-18,3529,70.14
2013-07-19,3529,69.12
2013-07-22,3529,70.23
2013-07-23,3529,70.57
2013-07-24,3529,71.34
2013-07-25,3529,70.4
2013-07-26,3529,70.14
2013-07-29,3529,72.53
2013-07-30,3529,72.53
2013-07-31,3529,72.02
2013-07-01,3530,31.07
2013-07-02,3530,31.52
2013-07-03,3530,31.63
2013-07-04,3530,30.62
2013-07-05,3530,27.49
2013-07-08,3530,28.09
2013-07-09,3530,28.09
2013-07-11,3530,29.71
2013-07-12,3530,29.26
2013-07-15,3530,29.71
2013-07-17,3530,30.25
2013-07-18,3530,29.62
2013-07-22,3530,30.17
2013-07-25,3530,30.17
2013-07-26,3530,30.8
2013-07-29,3530,30.8
2013-07-30,3530,31.07
2013-07-31,3530,30.62
2013-07-01,3531,12.21
2013-07-02,3531,12.26
2013-07-03,3531,12.21
2013-07-04,3531,11.97
2013-07-05,3531,12.26
2013-07-08,3531,12.31
2013-07-09,3531,12.18
2013-07-10,3531,12.08
2013-07-11,3531,12.26
2013-07-12,3531,12.39
2013-07-15,3531,12.52
2013-07-16,3531,12.57
2013-07-17,3531,12.57
2013-07-18,3531,12.65
2013-07-19,3531,12.36
2013-07-22,3531,13.21
2013-07-23,3531,13.11
2013-07-24,3531,13.45
2013-07-25,3531,13.29
2013-07-26,3531,14.2
2013-07-29,3531,14.66
2013-07-30,3531,14.43
2013-07-31,3531,13.65
2013-07-01,3532,45.78
2013-07-02,3532,44.96
2013-07-03,3532,45.26
2013-07-04,3532,44.74
2013-07-05,3532,45.56
2013-07-08,3532,44.67
2013-07-09,3532,45.27
2013-07-10,3532,44.96
2013-07-11,3532,45.71
2013-07-12,3532,45.86
2013-07-15,3532,45.49
2013-07-16,3532,45.78
2013-07-17,3532,45.34
2013-07-18,3532,45.04
2013-07-19,3532,45.04
2013-07-22,3532,44.67
2013-07-23,3532,45.11
2013-07-24,3532,44.96
2013-07-25,3532,45.11
2013-07-26,3532,45.11
2013-07-29,3532,45.11
2013-07-30,3532,45.27
2013-07-31,3532,44.82
2013-07-01,3533,49.93
2013-07-02,3533,49.93
2013-07-03,3533,49.26
2013-07-04,3533,48.73
2013-07-05,3533,49.33
2013-07-08,3533,48.86
2013-07-09,3533,48.86
2013-07-10,3533,49.0
2013-07-11,3533,49.53
2013-07-12,3533,49.87
2013-07-15,3533,50.27
2013-07-16,3533,50.87
2013-07-17,3533,50.2
2013-07-18,3533,49.8
2013-07-19,3533,49.67
2013-07-22,3533,50.13
2013-07-23,3533,52.48
2013-07-24,3533,53.08
2013-07-25,3533,52.74
2013-07-26,3533,52.54
2013-07-29,3533,51.87
2013-07-30,3533,52.81
2013-07-31,3533,52.81
2013-07-01,3535,9.55
2013-07-02,3535,9.59
2013-07-03,3535,9.59
2013-07-04,3535,9.55
2013-07-05,3535,9.41
2013-07-08,3535,9.32
2013-07-09,3535,9.37
2013-07-10,3535,9.37
2013-07-11,3535,9.5
2013-07-12,3535,9.46
2013-07-15,3535,9.64
2013-07-16,3535,9.59
2013-07-17,3535,9.5
2013-07-18,3535,9.32
2013-07-19,3535,9.23
2013-07-22,3535,9.28
2013-07-23,3535,9.46
2013-07-24,3535,9.5
2013-07-25,3535,9.46
2013-07-26,3535,9.41
2013-07-29,3535,9.32
2013-07-30,3535,9.41
2013-07-31,3535,9.19
2013-07-01,3536,16.77
2013-07-02,3536,16.49
2013-07-03,3536,16.07
2013-07-04,3536,16.07
2013-07-05,3536,16.09
2013-07-08,3536,15.94
2013-07-09,3536,15.69
2013-07-10,3536,15.88
2013-07-11,3536,16.99
2013-07-12,3536,17.1
2013-07-15,3536,16.37
2013-07-16,3536,16.11
2013-07-17,3536,16.0
2013-07-18,3536,16.0
2013-07-19,3536,15.88
2013-07-22,3536,15.98
2013-07-23,3536,15.9
2013-07-24,3536,15.88
2013-07-25,3536,15.78
2013-07-26,3536,15.78
2013-07-29,3536,15.88
2013-07-30,3536,16.07
2013-07-31,3536,15.78
2013-07-01,3537,12.21
2013-07-02,3537,12.21
2013-07-03,3537,11.99
2013-07-04,3537,11.92
2013-07-05,3537,11.84
2013-07-08,3537,11.76
2013-07-09,3537,12.01
2013-07-10,3537,11.92
2013-07-11,3537,12.05
2013-07-12,3537,12.05
2013-07-15,3537,12.01
2013-07-16,3537,11.96
2013-07-17,3537,12.17
2013-07-18,3537,12.17
2013-07-19,3537,12.05
2013-07-22,3537,11.96
2013-07-23,3537,12.05
2013-07-24,3537,12.09
2013-07-25,3537,12.09
2013-07-26,3537,12.11
2013-07-29,3537,12.25
2013-07-30,3537,12.29
2013-07-31,3537,12.31
2013-07-01,3540,10.38
2013-07-02,3540,11.08
2013-07-03,3540,10.64
2013-07-04,3540,10.67
2013-07-05,3540,10.74
2013-07-08,3540,10.74
2013-07-09,3540,10.67
2013-07-10,3540,10.74
2013-07-11,3540,10.77
2013-07-12,3540,10.9
2013-07-15,3540,11.11
2013-07-16,3540,11.08
2013-07-17,3540,11.0
2013-07-18,3540,10.8
2013-07-19,3540,10.54
2013-07-22,3540,10.59
2013-07-23,3540,10.8
2013-07-24,3540,10.95
2013-07-25,3540,11.21
2013-07-26,3540,11.08
2013-07-29,3540,11.0
2013-07-30,3540,11.05
2013-07-31,3540,11.0
2013-07-01,3541,14.28
2013-07-02,3541,14.05
2013-07-03,3541,13.98
2013-07-04,3541,13.98
2013-07-05,3541,14.05
2013-07-08,3541,14.07
2013-07-09,3541,14.07
2013-07-10,3541,14.01
2013-07-11,3541,14.05
2013-07-12,3541,14.05
2013-07-15,3541,14.12
2013-07-16,3541,14.07
2013-07-17,3541,13.98
2013-07-18,3541,13.94
2013-07-19,3541,13.89
2013-07-22,3541,13.89
2013-07-23,3541,13.89
2013-07-24,3541,13.8
2013-07-25,3541,13.8
2013-07-26,3541,13.8
2013-07-29,3541,13.89
2013-07-30,3541,14.07
2013-07-31,3541,14.01
2013-07-01,3543,8.3
2013-07-02,3543,8.47
2013-07-03,3543,8.23
2013-07-04,3543,8.22
2013-07-05,3543,8.25
2013-07-09,3543,8.21
2013-07-11,3543,8.47
2013-07-15,3543,8.47
2013-07-16,3543,8.45
2013-07-17,3543,8.45
2013-07-18,3543,8.55
2013-07-19,3543,8.55
2013-07-22,3543,8.69
2013-07-23,3543,8.1
2013-07-24,3543,8.12
2013-07-25,3543,8.12
2013-07-26,3543,8.02
2013-07-29,3543,8.13
2013-07-31,3543,8.13
2013-07-01,3545,77.11
2013-07-02,3545,79.12
2013-07-03,3545,79.24
2013-07-04,3545,75.68
2013-07-05,3545,75.09
2013-07-08,3545,76.75
2013-07-09,3545,78.41
2013-07-10,3545,76.4
2013-07-11,3545,76.51
2013-07-12,3545,75.8
2013-07-15,3545,77.11
2013-07-16,3545,76.87
2013-07-17,3545,75.68
2013-07-18,3545,70.46
2013-07-19,3545,65.6
2013-07-22,3545,63.93
2013-07-23,3545,68.32
2013-07-24,3545,66.57
2013-07-25,3545,66.2
2013-07-26,3545,68.83
2013-07-29,3545,71.46
2013-07-30,3545,69.55
2013-07-31,3545,69.31
2013-07-01,3546,23.0
2013-07-02,3546,22.76
2013-07-03,3546,22.96
2013-07-04,3546,22.32
2013-07-05,3546,22.6
2013-07-08,3546,22.2
2013-07-09,3546,21.92
2013-07-10,3546,22.04
2013-07-11,3546,22.04
2013-07-12,3546,22.12
2013-07-15,3546,21.92
2013-07-16,3546,22.11
2013-07-17,3546,22.11
2013-07-18,3546,21.9
2013-07-19,3546,21.44
2013-07-22,3546,21.31
2013-07-23,3546,21.65
2013-07-24,3546,21.65
2013-07-25,3546,21.81
2013-07-26,3546,21.94
2013-07-29,3546,22.07
2013-07-30,3546,22.02
2013-07-31,3546,21.65
2013-07-01,3548,16.67
2013-07-02,3548,16.41
2013-07-03,3548,16.15
2013-07-04,3548,15.74
2013-07-05,3548,15.68
2013-07-08,3548,15.47
2013-07-09,3548,15.45
2013-07-10,3548,15.21
2013-07-11,3548,15.45
2013-07-12,3548,15.74
2013-07-15,3548,15.8
2013-07-16,3548,15.74
2013-07-17,3548,15.68
2013-07-18,3548,15.65
2013-07-19,3548,15.33
2013-07-22,3548,15.39
2013-07-23,3548,15.53
2013-07-24,3548,15.83
2013-07-25,3548,16.29
2013-07-26,3548,16.09
2013-07-29,3548,15.74
2013-07-30,3548,15.56
2013-07-31,3548,16.09
2013-07-01,3550,7.13
2013-07-02,3550,7.11
2013-07-03,3550,7.08
2013-07-04,3550,7.0
2013-07-05,3550,7.08
2013-07-08,3550,6.97
2013-07-09,3550,7.11
2013-07-10,3550,7.11
2013-07-11,3550,7.17
2013-07-12,3550,7.14
2013-07-15,3550,7.14
2013-07-16,3550,7.11
2013-07-17,3550,7.08
2013-07-18,3550,7.11
2013-07-19,3550,7.14
2013-07-22,3550,7.14
2013-07-23,3550,7.28
2013-07-24,3550,7.17
2013-07-25,3550,7.17
2013-07-26,3550,7.22
2013-07-29,3550,7.28
2013-07-30,3550,7.34
2013-07-31,3550,7.28
2013-07-01,3551,27.69
2013-07-02,3551,28.1
2013-07-03,3551,28.28
2013-07-04,3551,27.75
2013-07-05,3551,28.01
2013-07-08,3551,27.54
2013-07-09,3551,27.72
2013-07-10,3551,27.51
2013-07-11,3551,27.69
2013-07-12,3551,28.46
2013-07-15,3551,29.22
2013-07-16,3551,29.17
2013-07-17,3551,30.05
2013-07-18,3551,29.46
2013-07-19,3551,28.58
2013-07-22,3551,29.25
2013-07-23,3551,29.87
2013-07-24,3551,29.97
2013-07-25,3551,29.69
2013-07-26,3551,29.78
2013-07-29,3551,29.81
2013-07-30,3551,29.84
2013-07-31,3551,28.68
2013-07-01,3552,42.37
2013-07-02,3552,41.68
2013-07-03,3552,41.54
2013-07-04,3552,41.4
2013-07-05,3552,43.48
2013-07-08,3552,43.83
2013-07-09,3552,43.62
2013-07-10,3552,42.79
2013-07-11,3552,43.2
2013-07-12,3552,45.0
2013-07-15,3552,45.7
2013-07-16,3552,44.66
2013-07-17,3552,46.25
2013-07-18,3552,45.7
2013-07-19,3552,45.56
2013-07-22,3552,45.63
2013-07-23,3552,46.25
2013-07-24,3552,48.26
2013-07-25,3552,47.64
2013-07-26,3552,48.4
2013-07-29,3552,47.64
2013-07-30,3552,47.22
2013-07-31,3552,46.87
2013-07-01,3555,198.47
2013-07-02,3555,196.72
2013-07-03,3555,193.2
2013-07-04,3555,182.08
2013-07-05,3555,183.83
2013-07-08,3555,179.16
2013-07-09,3555,177.98
2013-07-10,3555,190.28
2013-07-11,3555,190.86
2013-07-12,3555,192.03
2013-07-15,3555,192.03
2013-07-16,3555,194.96
2013-07-17,3555,191.45
2013-07-18,3555,180.91
2013-07-19,3555,170.95
2013-07-22,3555,159.83
2013-07-23,3555,161.58
2013-07-24,3555,163.35
2013-07-25,3555,163.93
2013-07-26,3555,165.68
2013-07-29,3555,158.66
2013-07-30,3555,158.66
2013-07-31,3555,148.12
2013-07-01,3556,37.79
2013-07-02,3556,38.84
2013-07-03,3556,38.14
2013-07-04,3556,36.57
2013-07-05,3556,37.27
2013-07-08,3556,38.49
2013-07-09,3556,39.19
2013-07-10,3556,39.54
2013-07-11,3556,40.24
2013-07-12,3556,39.71
2013-07-15,3556,39.01
2013-07-16,3556,39.01
2013-07-17,3556,39.19
2013-07-18,3556,37.09
2013-07-19,3556,34.5
2013-07-22,3556,34.99
2013-07-23,3556,37.27
2013-07-24,3556,36.92
2013-07-25,3556,36.74
2013-07-26,3556,37.62
2013-07-29,3556,36.57
2013-07-30,3556,36.92
2013-07-31,3556,36.39
2013-07-01,3557,22.1
2013-07-02,3557,21.51
2013-07-03,3557,21.02
2013-07-04,3557,20.72
2013-07-05,3557,20.72
2013-07-08,3557,20.72
2013-07-09,3557,20.44
2013-07-10,3557,20.34
2013-07-11,3557,19.65
2013-07-12,3557,19.85
2013-07-15,3557,20.24
2013-07-16,3557,20.63
2013-07-17,3557,20.14
2013-07-18,3557,19.47
2013-07-19,3557,19.55
2013-07-22,3557,19.28
2013-07-23,3557,19.55
2013-07-24,3557,19.65
2013-07-25,3557,19.75
2013-07-26,3557,19.45
2013-07-29,3557,19.16
2013-07-30,3557,19.24
2013-07-31,3557,18.15
2013-07-01,3558,37.33
2013-07-02,3558,38.29
2013-07-03,3558,36.64
2013-07-04,3558,36.58
2013-07-05,3558,36.12
2013-07-08,3558,36.01
2013-07-09,3558,36.12
2013-07-10,3558,35.27
2013-07-11,3558,36.07
2013-07-12,3558,36.12
2013-07-15,3558,36.16
2013-07-16,3558,36.17
2013-07-17,3558,36.41
2013-07-18,3558,36.13
2013-07-19,3558,36.13
2013-07-22,3558,36.35
2013-07-23,3558,36.12
2013-07-24,3558,36.35
2013-07-25,3558,36.37
2013-07-26,3558,36.74
2013-07-29,3558,36.98
2013-07-30,3558,37.44
2013-07-31,3558,36.81
2013-07-01,3559,13.31
2013-07-02,3559,13.23
2013-07-03,3559,13.15
2013-07-04,3559,13.23
2013-07-05,3559,13.23
2013-07-08,3559,13.23
2013-07-09,3559,13.27
2013-07-10,3559,13.39
2013-07-11,3559,13.35
2013-07-12,3559,13.35
2013-07-15,3559,13.42
2013-07-16,3559,13.39
2013-07-17,3559,13.39
2013-07-18,3559,13.42
2013-07-19,3559,13.46
2013-07-22,3559,13.46
2013-07-23,3559,13.46
2013-07-24,3559,13.58
2013-07-25,3559,13.91
2013-07-26,3559,13.87
2013-07-29,3559,13.62
2013-07-30,3559,13.58
2013-07-31,3559,13.41
2013-07-01,3561,19.42
2013-07-02,3561,19.08
2013-07-03,3561,19.08
2013-07-04,3561,19.13
2013-07-05,3561,18.74
2013-07-08,3561,18.4
2013-07-09,3561,18.4
2013-07-10,3561,18.2
2013-07-11,3561,18.35
2013-07-12,3561,18.35
2013-07-15,3561,18.88
2013-07-16,3561,18.74
2013-07-17,3561,18.44
2013-07-18,3561,17.81
2013-07-19,3561,17.81
2013-07-22,3561,18.05
2013-07-23,3561,18.44
2013-07-24,3561,18.44
2013-07-25,3561,18.59
2013-07-26,3561,18.25
2013-07-29,3561,17.71
2013-07-30,3561,17.86
2013-07-31,3561,17.37
2013-07-01,3563,33.2
2013-07-02,3563,32.92
2013-07-03,3563,33.06
2013-07-04,3563,34.02
2013-07-05,3563,34.93
2013-07-08,3563,36.65
2013-07-09,3563,36.65
2013-07-10,3563,37.32
2013-07-11,3563,38.43
2013-07-12,3563,41.1
2013-07-15,3563,42.19
2013-07-16,3563,41.2
2013-07-17,3563,41.48
2013-07-18,3563,40.66
2013-07-19,3563,38.42
2013-07-22,3563,39.24
2013-07-23,3563,39.89
2013-07-24,3563,39.89
2013-07-25,3563,42.35
2013-07-26,3563,41.04
2013-07-29,3563,40.44
2013-07-30,3563,40.71
2013-07-31,3563,41.04
2013-07-01,3564,41.47
2013-07-02,3564,38.89
2013-07-03,3564,39.19
2013-07-04,3564,39.72
2013-07-05,3564,38.2
2013-07-08,3564,37.74
2013-07-09,3564,38.32
2013-07-10,3564,37.08
2013-07-11,3564,37.98
2013-07-12,3564,37.63
2013-07-15,3564,37.83
2013-07-16,3564,39.03
2013-07-17,3564,38.27
2013-07-18,3564,37.63
2013-07-19,3564,37.98
2013-07-23,3564,41.12
2013-07-24,3564,41.81
2013-07-25,3564,40.77
2013-07-26,3564,41.12
2013-07-29,3564,41.12
2013-07-30,3564,42.78
2013-07-31,3564,41.47
2013-07-02,3567,4.28
2013-07-03,3567,4.24
2013-07-04,3567,4.21
2013-07-05,3567,4.24
2013-07-08,3567,4.19
2013-07-09,3567,4.12
2013-07-10,3567,4.12
2013-07-11,3567,4.14
2013-07-12,3567,4.1
2013-07-15,3567,4.1
2013-07-16,3567,4.16
2013-07-17,3567,4.11
2013-07-18,3567,4.08
2013-07-19,3567,4.01
2013-07-22,3567,4.06
2013-07-23,3567,4.16
2013-07-24,3567,4.15
2013-07-25,3567,4.16
2013-07-26,3567,4.15
2013-07-29,3567,4.08
2013-07-30,3567,4.08
2013-07-31,3567,4.08
2013-07-01,3570,67.0
2013-07-02,3570,71.24
2013-07-03,3570,67.53
2013-07-04,3570,70.44
2013-07-05,3570,75.21
2013-07-08,3570,80.24
2013-07-09,3570,80.51
2013-07-10,3570,79.45
2013-07-11,3570,85.01
2013-07-12,3570,88.98
2013-07-15,3570,83.68
2013-07-16,3570,89.51
2013-07-17,3570,87.39
2013-07-18,3570,90.57
2013-07-19,3570,91.63
2013-07-22,3570,90.31
2013-07-23,3570,86.33
2013-07-24,3570,88.45
2013-07-25,3570,83.16
2013-07-26,3570,84.74
2013-07-29,3570,83.68
2013-07-30,3570,88.19
2013-07-31,3570,84.48
2013-07-01,3573,30.85
2013-07-02,3573,30.7
2013-07-03,3573,29.65
2013-07-04,3573,29.5
2013-07-05,3573,29.05
2013-07-08,3573,28.0
2013-07-09,3573,27.75
2013-07-10,3573,28.1
2013-07-11,3573,28.05
2013-07-12,3573,28.1
2013-07-15,3573,28.45
2013-07-16,3573,28.75
2013-07-17,3573,30.75
2013-07-18,3573,30.7
2013-07-19,3573,30.4
2013-07-22,3573,30.6
2013-07-23,3573,30.65
2013-07-24,3573,30.25
2013-07-25,3573,30.75
2013-07-26,3573,30.65
2013-07-29,3573,29.95
2013-07-30,3573,30.45
2013-07-31,3573,30.4
2013-07-01,3576,38.42
2013-07-02,3576,37.59
2013-07-03,3576,37.76
2013-07-04,3576,38.42
2013-07-05,3576,37.59
2013-07-08,3576,36.35
2013-07-09,3576,37.1
2013-07-10,3576,37.42
2013-07-11,3576,37.92
2013-07-12,3576,37.76
2013-07-15,3576,39.75
2013-07-16,3576,39.25
2013-07-17,3576,38.75
2013-07-18,3576,37.1
2013-07-19,3576,37.51
2013-07-22,3576,37.18
2013-07-23,3576,38.5
2013-07-24,3576,38.09
2013-07-25,3576,38.17
2013-07-26,3576,37.68
2013-07-29,3576,36.43
2013-07-30,3576,36.6
2013-07-31,3576,35.35
2013-07-01,3577,12.97
2013-07-02,3577,12.97
2013-07-03,3577,12.85
2013-07-04,3577,12.87
2013-07-05,3577,12.87
2013-07-08,3577,12.85
2013-07-09,3577,12.78
2013-07-10,3577,13.09
2013-07-11,3577,13.16
2013-07-12,3577,13.11
2013-07-15,3577,13.06
2013-07-16,3577,13.04
2013-07-17,3577,13.04
2013-07-18,3577,13.04
2013-07-19,3577,13.04
2013-07-22,3577,12.99
2013-07-23,3577,13.16
2013-07-24,3577,13.54
2013-07-25,3577,13.57
2013-07-26,3577,13.52
2013-07-29,3577,13.31
2013-07-30,3577,13.41
2013-07-31,3577,13.41
2013-07-01,3579,22.5
2013-07-02,3579,22.45
2013-07-03,3579,23.0
2013-07-04,3579,23.35
2013-07-05,3579,22.75
2013-07-08,3579,22.5
2013-07-09,3579,22.35
2013-07-10,3579,22.25
2013-07-11,3579,22.45
2013-07-12,3579,22.4
2013-07-15,3579,22.8
2013-07-16,3579,22.8
2013-07-17,3579,22.55
2013-07-18,3579,22.1
2013-07-19,3579,21.85
2013-07-22,3579,22.5
2013-07-23,3579,22.85
2013-07-24,3579,22.55
2013-07-25,3579,22.6
2013-07-26,3579,22.45
2013-07-29,3579,22.0
2013-07-30,3579,22.4
2013-07-31,3579,21.95
2013-07-01,3580,8.68
2013-07-02,3580,8.67
2013-07-03,3580,8.7
2013-07-04,3580,8.57
2013-07-05,3580,8.74
2013-07-08,3580,8.7
2013-07-09,3580,8.67
2013-07-10,3580,8.67
2013-07-11,3580,8.79
2013-07-12,3580,8.79
2013-07-15,3580,8.77
2013-07-16,3580,8.73
2013-07-17,3580,8.78
2013-07-18,3580,9.04
2013-07-19,3580,9.37
2013-07-22,3580,9.46
2013-07-23,3580,9.46
2013-07-24,3580,9.19
2013-07-25,3580,9.22
2013-07-26,3580,8.93
2013-07-29,3580,9.41
2013-07-30,3580,9.28
2013-07-31,3580,9.11
2013-07-01,3581,12.6
2013-07-02,3581,12.69
2013-07-03,3581,12.45
2013-07-04,3581,12.38
2013-07-05,3581,12.45
2013-07-08,3581,12.45
2013-07-09,3581,12.7
2013-07-10,3581,12.7
2013-07-11,3581,12.06
2013-07-12,3581,12.46
2013-07-15,3581,12.45
2013-07-16,3581,12.38
2013-07-17,3581,12.76
2013-07-18,3581,12.74
2013-07-19,3581,12.74
2013-07-22,3581,12.73
2013-07-23,3581,12.7
2013-07-24,3581,12.77
2013-07-25,3581,12.7
2013-07-26,3581,12.64
2013-07-29,3581,12.7
2013-07-30,3581,13.21
2013-07-31,3581,13.06
2013-07-01,3583,32.13
2013-07-02,3583,32.13
2013-07-03,3583,31.49
2013-07-04,3583,30.49
2013-07-05,3583,30.77
2013-07-08,3583,28.89
2013-07-09,3583,28.64
2013-07-10,3583,30.63
2013-07-11,3583,32.77
2013-07-12,3583,33.27
2013-07-15,3583,33.52
2013-07-16,3583,33.19
2013-07-17,3583,34.19
2013-07-18,3583,33.34
2013-07-19,3583,31.49
2013-07-22,3583,31.27
2013-07-23,3583,31.56
2013-07-24,3583,31.41
2013-07-25,3583,30.99
2013-07-26,3583,31.34
2013-07-29,3583,32.06
2013-07-30,3583,32.06
2013-07-31,3583,31.56
2013-07-01,3584,34.5
2013-07-02,3584,34.35
2013-07-03,3584,33.7
2013-07-04,3584,33.45
2013-07-05,3584,33.25
2013-07-08,3584,32.0
2013-07-09,3584,31.3
2013-07-10,3584,31.3
2013-07-11,3584,31.2
2013-07-12,3584,30.7
2013-07-15,3584,32.0
2013-07-16,3584,31.35
2013-07-17,3584,30.9
2013-07-18,3584,30.0
2013-07-19,3584,28.7
2013-07-22,3584,28.25
2013-07-23,3584,28.7
2013-07-24,3584,28.85
2013-07-25,3584,28.55
2013-07-26,3584,28.5
2013-07-29,3584,26.65
2013-07-30,3584,26.7
2013-07-31,3584,25.05
2013-07-01,3587,40.5
2013-07-02,3587,39.91
2013-07-03,3587,39.44
2013-07-04,3587,37.91
2013-07-05,3587,40.44
2013-07-08,3587,39.03
2013-07-09,3587,39.03
2013-07-10,3587,40.5
2013-07-11,3587,40.32
2013-07-12,3587,41.02
2013-07-15,3587,41.89
2013-07-16,3587,41.7
2013-07-17,3587,40.9
2013-07-18,3587,39.23
2013-07-19,3587,37.81
2013-07-22,3587,37.75
2013-07-23,3587,38.31
2013-07-24,3587,39.05
2013-07-25,3587,38.8
2013-07-26,3587,39.97
2013-07-29,3587,40.22
2013-07-30,3587,39.11
2013-07-31,3587,38.49
2013-07-01,3588,21.99
2013-07-02,3588,22.09
2013-07-03,3588,21.84
2013-07-04,3588,21.69
2013-07-05,3588,21.91
2013-07-08,3588,21.59
2013-07-09,3588,21.42
2013-07-10,3588,21.84
2013-07-11,3588,21.84
2013-07-12,3588,21.84
2013-07-15,3588,21.54
2013-07-16,3588,21.99
2013-07-17,3588,21.84
2013-07-18,3588,21.69
2013-07-19,3588,21.42
2013-07-22,3588,21.39
2013-07-23,3588,21.54
2013-07-24,3588,21.42
2013-07-25,3588,21.42
2013-07-26,3588,21.42
2013-07-29,3588,21.42
2013-07-30,3588,21.42
2013-07-31,3588,21.37
2013-07-01,3591,27.93
2013-07-02,3591,27.93
2013-07-03,3591,28.01
2013-07-04,3591,28.67
2013-07-05,3591,28.98
2013-07-08,3591,28.98
2013-07-09,3591,28.87
2013-07-10,3591,29.33
2013-07-11,3591,29.53
2013-07-12,3591,29.37
2013-07-15,3591,29.49
2013-07-16,3591,28.9
2013-07-17,3591,28.83
2013-07-18,3591,28.59
2013-07-19,3591,28.24
2013-07-22,3591,28.01
2013-07-23,3591,28.39
2013-07-24,3591,28.47
2013-07-25,3591,28.47
2013-07-26,3591,28.47
2013-07-29,3591,28.23
2013-07-30,3591,28.27
2013-07-31,3591,28.23
2013-07-01,3592,65.62
2013-07-02,3592,65.6
2013-07-03,3592,65.69
2013-07-04,3592,65.0
2013-07-05,3592,64.94
2013-07-08,3592,65.38
2013-07-09,3592,65.51
2013-07-10,3592,66.18
2013-07-11,3592,61.45
2013-07-12,3592,61.31
2013-07-15,3592,61.52
2013-07-16,3592,61.65
2013-07-17,3592,61.53
2013-07-18,3592,60.9
2013-07-19,3592,59.3
2013-07-22,3592,59.25
2013-07-23,3592,59.66
2013-07-24,3592,61.52
2013-07-25,3592,61.64
2013-07-26,3592,63.75
2013-07-29,3592,62.42
2013-07-30,3592,62.5
2013-07-31,3592,61.87
2013-07-01,3593,21.36
2013-07-02,3593,20.64
2013-07-03,3593,20.29
2013-07-04,3593,19.93
2013-07-05,3593,20.73
2013-07-08,3593,19.66
2013-07-09,3593,19.84
2013-07-10,3593,20.11
2013-07-11,3593,20.11
2013-07-12,3593,19.75
2013-07-15,3593,20.91
2013-07-16,3593,20.37
2013-07-17,3593,20.37
2013-07-18,3593,20.64
2013-07-19,3593,20.64
2013-07-22,3593,21.63
2013-07-23,3593,21.63
2013-07-24,3593,21.71
2013-07-25,3593,21.8
2013-07-26,3593,21.63
2013-07-29,3593,20.82
2013-07-30,3593,20.82
2013-07-31,3593,20.29
2013-07-01,3594,15.87
2013-07-02,3594,15.8
2013-07-03,3594,15.55
2013-07-04,3594,14.95
2013-07-05,3594,14.81
2013-07-08,3594,14.67
2013-07-09,3594,14.7
2013-07-10,3594,15.72
2013-07-11,3594,16.81
2013-07-12,3594,16.37
2013-07-15,3594,16.88
2013-07-16,3594,16.59
2013-07-17,3594,16.3
2013-07-18,3594,15.71
2013-07-19,3594,15.49
2013-07-22,3594,16.08
2013-07-23,3594,16.15
2013-07-24,3594,15.89
2013-07-25,3594,15.64
2013-07-26,3594,15.64
2013-07-29,3594,15.56
2013-07-30,3594,15.6
2013-07-31,3594,15.67
2013-07-01,3596,21.89
2013-07-02,3596,21.89
2013-07-03,3596,21.37
2013-07-04,3596,21.49
2013-07-05,3596,21.54
2013-07-08,3596,21.79
2013-07-09,3596,21.69
2013-07-10,3596,20.18
2013-07-11,3596,19.22
2013-07-12,3596,19.29
2013-07-15,3596,19.52
2013-07-16,3596,19.27
2013-07-17,3596,19.22
2013-07-18,3596,19.15
2013-07-19,3596,18.92
2013-07-22,3596,19.37
2013-07-23,3596,19.27
2013-07-24,3596,19.49
2013-07-25,3596,19.27
2013-07-26,3596,19.12
2013-07-29,3596,19.22
2013-07-30,3596,19.37
2013-07-31,3596,19.32
2013-07-01,3597,9.63
2013-07-02,3597,9.64
2013-07-04,3597,9.77
2013-07-09,3597,10.35
2013-07-10,3597,9.98
2013-07-12,3597,9.9
2013-07-30,3597,10.05
2013-07-01,3598,66.03
2013-07-02,3598,64.81
2013-07-03,3598,63.34
2013-07-04,3598,62.28
2013-07-05,3598,62.44
2013-07-08,3598,61.87
2013-07-09,3598,60.97
2013-07-10,3598,62.03
2013-07-11,3598,61.87
2013-07-12,3598,62.36
2013-07-15,3598,63.42
2013-07-16,3598,62.85
2013-07-17,3598,62.28
2013-07-18,3598,61.22
2013-07-19,3598,58.93
2013-07-22,3598,58.2
2013-07-23,3598,60.32
2013-07-24,3598,59.83
2013-07-25,3598,59.75
2013-07-26,3598,59.59
2013-07-29,3598,58.61
2013-07-30,3598,58.77
2013-07-31,3598,55.75
2013-07-01,3605,17.98
2013-07-02,3605,17.98
2013-07-03,3605,17.77
2013-07-04,3605,17.63
2013-07-05,3605,17.55
2013-07-08,3605,16.73
2013-07-09,3605,16.62
2013-07-10,3605,16.3
2013-07-11,3605,16.44
2013-07-12,3605,16.23
2013-07-15,3605,16.34
2013-07-16,3605,17.45
2013-07-17,3605,18.09
2013-07-18,3605,17.73
2013-07-19,3605,17.45
2013-07-22,3605,18.67
2013-07-23,3605,19.45
2013-07-24,3605,19.42
2013-07-25,3605,19.06
2013-07-26,3605,19.56
2013-07-29,3605,18.77
2013-07-30,3605,18.38
2013-07-31,3605,18.2
2013-07-01,3607,36.5
2013-07-02,3607,36.39
2013-07-03,3607,35.9
2013-07-04,3607,35.24
2013-07-05,3607,35.08
2013-07-08,3607,35.03
2013-07-09,3607,33.77
2013-07-10,3607,33.61
2013-07-11,3607,34.05
2013-07-12,3607,33.56
2013-07-15,3607,33.5
2013-07-16,3607,33.56
2013-07-17,3607,33.23
2013-07-18,3607,33.23
2013-07-19,3607,33.12
2013-07-22,3607,32.23
2013-07-23,3607,32.57
2013-07-24,3607,32.86
2013-07-25,3607,32.68
2013-07-26,3607,32.74
2013-07-29,3607,32.17
2013-07-30,3607,32.34
2013-07-31,3607,31.54
2013-07-01,3609,13.76
2013-07-02,3609,13.99
2013-07-03,3609,13.99
2013-07-04,3609,13.99
2013-07-05,3609,13.89
2013-07-08,3609,14.08
2013-07-09,3609,13.89
2013-07-10,3609,13.89
2013-07-11,3609,13.99
2013-07-12,3609,14.96
2013-07-15,3609,15.19
2013-07-16,3609,15.05
2013-07-17,3609,14.91
2013-07-18,3609,14.64
2013-07-19,3609,14.64
2013-07-22,3609,14.82
2013-07-23,3609,14.82
2013-07-24,3609,14.5
2013-07-25,3609,14.45
2013-07-26,3609,14.82
2013-07-29,3609,14.73
2013-07-30,3609,14.73
2013-07-31,3609,14.73
2013-07-01,3611,58.04
2013-07-02,3611,58.25
2013-07-03,3611,57.38
2013-07-04,3611,57.82
2013-07-05,3611,61.75
2013-07-08,3611,64.15
2013-07-09,3611,68.51
2013-07-10,3611,67.85
2013-07-11,3611,72.44
2013-07-12,3611,75.05
2013-07-15,3611,73.53
2013-07-16,3611,72.44
2013-07-17,3611,74.62
2013-07-18,3611,75.05
2013-07-19,3611,69.82
2013-07-22,3611,70.96
2013-07-23,3611,73.23
2013-07-24,3611,71.64
2013-07-25,3611,72.1
2013-07-26,3611,69.82
2013-07-29,3611,67.55
2013-07-30,3611,70.05
2013-07-31,3611,70.05
2013-07-01,3615,49.89
2013-07-02,3615,50.65
2013-07-03,3615,50.23
2013-07-04,3615,49.98
2013-07-05,3615,48.96
2013-07-08,3615,49.21
2013-07-09,3615,49.05
2013-07-10,3615,48.28
2013-07-11,3615,47.77
2013-07-12,3615,48.7
2013-07-15,3615,49.47
2013-07-16,3615,50.32
2013-07-17,3615,49.38
2013-07-18,3615,48.36
2013-07-19,3615,47.86
2013-07-22,3615,47.77
2013-07-23,3615,48.11
2013-07-24,3615,50.91
2013-07-25,3615,49.55
2013-07-26,3615,48.87
2013-07-29,3615,48.2
2013-07-30,3615,48.79
2013-07-31,3615,45.39
2013-07-01,3617,31.29
2013-07-02,3617,31.5
2013-07-03,3617,31.13
2013-07-04,3617,31.02
2013-07-05,3617,30.75
2013-07-08,3617,30.81
2013-07-09,3617,30.97
2013-07-10,3617,30.81
2013-07-11,3617,30.22
2013-07-12,3617,30.59
2013-07-15,3617,30.93
2013-07-16,3617,31.56
2013-07-17,3617,31.39
2013-07-18,3617,30.82
2013-07-19,3617,30.53
2013-07-22,3617,30.82
2013-07-23,3617,30.99
2013-07-24,3617,31.05
2013-07-25,3617,31.28
2013-07-26,3617,31.28
2013-07-29,3617,30.71
2013-07-30,3617,31.05
2013-07-31,3617,30.76
2013-07-01,3622,40.32
2013-07-02,3622,39.93
2013-07-03,3622,38.5
2013-07-04,3622,37.31
2013-07-05,3622,37.79
2013-07-08,3622,36.6
2013-07-09,3622,35.89
2013-07-10,3622,37.07
2013-07-11,3622,37.23
2013-07-12,3622,36.68
2013-07-15,3622,36.48
2013-07-16,3622,39.0
2013-07-17,3622,38.44
2013-07-18,3622,37.92
2013-07-19,3622,36.84
2013-07-22,3622,36.84
2013-07-23,3622,37.4
2013-07-24,3622,38.0
2013-07-25,3622,38.12
2013-07-26,3622,38.08
2013-07-29,3622,37.08
2013-07-30,3622,37.32
2013-07-31,3622,34.76
2013-07-01,3623,19.57
2013-07-02,3623,19.93
2013-07-03,3623,20.12
2013-07-04,3623,19.27
2013-07-05,3623,18.79
2013-07-08,3623,18.67
2013-07-09,3623,18.79
2013-07-10,3623,18.97
2013-07-11,3623,19.81
2013-07-12,3623,19.81
2013-07-15,3623,20.66
2013-07-16,3623,20.6
2013-07-17,3623,20.72
2013-07-18,3623,20.47
2013-07-19,3623,20.12
2013-07-22,3623,20.23
2013-07-23,3623,20.23
2013-07-24,3623,20.41
2013-07-25,3623,20.35
2013-07-26,3623,20.06
2013-07-29,3623,19.75
2013-07-30,3623,20.23
2013-07-31,3623,19.93
2013-07-01,3624,14.27
2013-07-02,3624,14.21
2013-07-03,3624,13.91
2013-07-04,3624,13.91
2013-07-05,3624,14.05
2013-07-08,3624,14.16
2013-07-09,3624,14.08
2013-07-10,3624,13.72
2013-07-11,3624,13.91
2013-07-12,3624,14.05
2013-07-15,3624,14.39
2013-07-16,3624,14.36
2013-07-17,3624,14.39
2013-07-18,3624,14.3
2013-07-19,3624,14.28
2013-07-22,3624,14.5
2013-07-23,3624,14.59
2013-07-24,3624,14.53
2013-07-25,3624,14.48
2013-07-26,3624,14.53
2013-07-29,3624,14.39
2013-07-30,3624,14.33
2013-07-31,3624,14.28
2013-07-01,3625,9.91
2013-07-02,3625,10.09
2013-07-03,3625,9.87
2013-07-04,3625,10.52
2013-07-05,3625,10.61
2013-07-08,3625,10.48
2013-07-09,3625,10.44
2013-07-10,3625,10.48
2013-07-11,3625,10.48
2013-07-12,3625,10.39
2013-07-15,3625,9.78
2013-07-16,3625,9.56
2013-07-17,3625,9.43
2013-07-18,3625,9.48
2013-07-19,3625,9.43
2013-07-22,3625,9.56
2013-07-23,3625,9.61
2013-07-24,3625,9.61
2013-07-25,3625,9.61
2013-07-26,3625,9.43
2013-07-29,3625,9.43
2013-07-30,3625,9.17
2013-07-31,3625,9.13
2013-07-01,3628,23.76
2013-07-02,3628,23.4
2013-07-03,3628,23.1
2013-07-04,3628,23.1
2013-07-05,3628,23.1
2013-07-08,3628,23.12
2013-07-09,3628,23.3
2013-07-10,3628,22.99
2013-07-11,3628,22.97
2013-07-12,3628,22.97
2013-07-15,3628,23.25
2013-07-16,3628,23.38
2013-07-17,3628,23.25
2013-07-18,3628,22.89
2013-07-19,3628,22.58
2013-07-22,3628,22.48
2013-07-23,3628,22.68
2013-07-24,3628,22.84
2013-07-25,3628,23.12
2013-07-26,3628,23.35
2013-07-29,3628,22.74
2013-07-30,3628,22.86
2013-07-31,3628,22.89
2013-07-01,3629,55.24
2013-07-02,3629,55.58
2013-07-03,3629,55.12
2013-07-04,3629,55.64
2013-07-05,3629,54.95
2013-07-08,3629,54.2
2013-07-09,3629,54.55
2013-07-10,3629,54.38
2013-07-11,3629,54.38
2013-07-12,3629,54.32
2013-07-15,3629,54.43
2013-07-16,3629,54.15
2013-07-17,3629,53.8
2013-07-18,3629,54.2
2013-07-19,3629,52.07
2013-07-22,3629,51.79
2013-07-23,3629,52.82
2013-07-24,3629,52.48
2013-07-25,3629,53.51
2013-07-26,3629,52.07
2013-07-29,3629,54.15
2013-07-30,3629,54.38
2013-07-31,3629,53.74
2013-07-01,3630,115.5
2013-07-02,3630,115.04
2013-07-03,3630,112.73
2013-07-04,3630,112.73
2013-07-05,3630,115.04
2013-07-08,3630,114.57
2013-07-09,3630,109.95
2013-07-10,3630,107.18
2013-07-11,3630,109.95
2013-07-12,3630,105.8
2013-07-15,3630,107.18
2013-07-16,3630,109.95
2013-07-17,3630,107.64
2013-07-18,3630,107.64
2013-07-19,3630,107.18
2013-07-22,3630,107.64
2013-07-23,3630,109.95
2013-07-24,3630,107.64
2013-07-25,3630,101.18
2013-07-26,3630,102.1
2013-07-29,3630,102.56
2013-07-30,3630,101.64
2013-07-31,3630,101.64
2013-07-01,3631,24.53
2013-07-02,3631,25.57
2013-07-03,3631,25.48
2013-07-04,3631,24.91
2013-07-05,3631,24.63
2013-07-08,3631,23.87
2013-07-09,3631,23.35
2013-07-10,3631,23.96
2013-07-11,3631,24.75
2013-07-12,3631,25.94
2013-07-15,3631,26.68
2013-07-16,3631,27.51
2013-07-17,3631,27.61
2013-07-18,3631,27.71
2013-07-19,3631,27.12
2013-07-22,3631,28.11
2013-07-23,3631,29.39
2013-07-24,3631,30.32
2013-07-25,3631,31.21
2013-07-26,3631,31.85
2013-07-29,3631,31.8
2013-07-30,3631,32.05
2013-07-31,3631,31.56
2013-07-01,3632,41.03
2013-07-02,3632,39.73
2013-07-03,3632,38.49
2013-07-04,3632,38.01
2013-07-05,3632,39.25
2013-07-08,3632,37.84
2013-07-09,3632,38.26
2013-07-10,3632,37.84
2013-07-11,3632,35.41
2013-07-12,3632,34.64
2013-07-15,3632,35.48
2013-07-16,3632,34.88
2013-07-17,3632,35.0
2013-07-18,3632,34.82
2013-07-19,3632,34.76
2013-07-22,3632,34.64
2013-07-23,3632,34.88
2013-07-24,3632,35.29
2013-07-25,3632,36.47
2013-07-26,3632,35.23
2013-07-29,3632,34.76
2013-07-30,3632,34.76
2013-07-31,3632,34.64
2013-07-01,3638,70.76
2013-07-02,3638,69.71
2013-07-03,3638,68.57
2013-07-04,3638,66.85
2013-07-05,3638,67.23
2013-07-08,3638,65.61
2013-07-09,3638,65.42
2013-07-10,3638,65.7
2013-07-11,3638,65.8
2013-07-12,3638,67.8
2013-07-15,3638,67.8
2013-07-16,3638,67.8
2013-07-17,3638,66.85
2013-07-18,3638,66.37
2013-07-19,3638,64.84
2013-07-22,3638,65.51
2013-07-23,3638,67.71
2013-07-24,3638,68.28
2013-07-25,3638,69.04
2013-07-26,3638,68.57
2013-07-29,3638,69.43
2013-07-30,3638,69.52
2013-07-31,3638,67.13
2013-07-01,3642,15.58
2013-07-02,3642,15.49
2013-07-03,3642,15.22
2013-07-04,3642,15.22
2013-07-05,3642,15.22
2013-07-08,3642,14.95
2013-07-09,3642,15.22
2013-07-10,3642,15.31
2013-07-11,3642,15.45
2013-07-12,3642,15.63
2013-07-15,3642,15.58
2013-07-16,3642,15.58
2013-07-17,3642,15.54
2013-07-18,3642,15.13
2013-07-19,3642,15.22
2013-07-22,3642,15.13
2013-07-23,3642,15.31
2013-07-24,3642,15.36
2013-07-25,3642,15.36
2013-07-26,3642,15.49
2013-07-29,3642,15.36
2013-07-30,3642,15.49
2013-07-31,3642,15.09
2013-07-01,3645,19.97
2013-07-02,3645,20.24
2013-07-03,3645,20.1
2013-07-04,3645,20.21
2013-07-05,3645,19.97
2013-07-08,3645,19.97
2013-07-09,3645,19.39
2013-07-10,3645,19.15
2013-07-11,3645,19.18
2013-07-12,3645,19.53
2013-07-15,3645,19.22
2013-07-16,3645,19.32
2013-07-17,3645,19.18
2013-07-18,3645,19.11
2013-07-19,3645,19.04
2013-07-22,3645,19.01
2013-07-23,3645,19.04
2013-07-24,3645,18.9
2013-07-25,3645,18.73
2013-07-26,3645,19.53
2013-07-29,3645,19.18
2013-07-30,3645,19.81
2013-07-31,3645,19.67
2013-07-01,3646,22.02
2013-07-02,3646,22.12
2013-07-03,3646,21.57
2013-07-04,3646,20.53
2013-07-05,3646,20.83
2013-07-08,3646,21.12
2013-07-09,3646,21.27
2013-07-10,3646,20.78
2013-07-11,3646,21.42
2013-07-12,3646,21.62
2013-07-15,3646,21.12
2013-07-16,3646,21.3
2013-07-17,3646,20.58
2013-07-18,3646,20.83
2013-07-19,3646,20.68
2013-07-22,3646,21.07
2013-07-23,3646,21.32
2013-07-24,3646,21.42
2013-07-25,3646,21.05
2013-07-26,3646,21.22
2013-07-29,3646,20.9
2013-07-30,3646,20.88
2013-07-31,3646,20.68
2013-07-01,3652,11.81
2013-07-04,3652,11.64
2013-07-05,3652,11.57
2013-07-08,3652,11.43
2013-07-09,3652,11.5
2013-07-11,3652,11.57
2013-07-15,3652,11.47
2013-07-16,3652,11.47
2013-07-17,3652,11.5
2013-07-18,3652,11.26
2013-07-19,3652,11.23
2013-07-22,3652,11.26
2013-07-23,3652,11.4
2013-07-24,3652,11.3
2013-07-25,3652,11.4
2013-07-26,3652,11.43
2013-07-29,3652,11.43
2013-07-31,3652,11.43
2013-07-01,3653,38.51
2013-07-02,3653,38.64
2013-07-03,3653,38.39
2013-07-04,3653,37.31
2013-07-05,3653,37.43
2013-07-08,3653,35.65
2013-07-09,3653,36.25
2013-07-10,3653,36.39
2013-07-11,3653,36.91
2013-07-12,3653,36.72
2013-07-15,3653,36.58
2013-07-16,3653,36.78
2013-07-17,3653,36.58
2013-07-18,3653,36.32
2013-07-19,3653,36.39
2013-07-22,3653,36.58
2013-07-23,3653,36.58
2013-07-24,3653,36.72
2013-07-25,3653,36.85
2013-07-26,3653,36.65
2013-07-29,3653,36.32
2013-07-30,3653,36.45
2013-07-31,3653,36.12
2013-07-01,3661,22.81
2013-07-02,3661,24.81
2013-07-03,3661,26.32
2013-07-04,3661,28.3
2013-07-05,3661,29.09
2013-07-08,3661,28.36
2013-07-09,3661,25.29
2013-07-10,3661,26.23
2013-07-11,3661,26.32
2013-07-12,3661,27.09
2013-07-15,3661,26.19
2013-07-16,3661,26.01
2013-07-17,3661,25.92
2013-07-18,3661,25.55
2013-07-25,3661,25.83
2013-07-31,3661,26.19
2013-07-01,3663,21.54
2013-07-02,3663,21.87
2013-07-03,3663,21.69
2013-07-04,3663,21.5
2013-07-05,3663,21.31
2013-07-08,3663,21.2
2013-07-09,3663,20.78
2013-07-10,3663,20.3
2013-07-11,3663,20.37
2013-07-12,3663,20.45
2013-07-15,3663,20.93
2013-07-16,3663,21.01
2013-07-17,3663,21.63
2013-07-18,3663,21.16
2013-07-19,3663,20.62
2013-07-22,3663,20.78
2013-07-23,3663,21.16
2013-07-24,3663,20.78
2013-07-25,3663,20.78
2013-07-26,3663,20.16
2013-07-29,3663,19.61
2013-07-30,3663,20.39
2013-07-31,3663,19.65
2013-07-01,3664,13.37
2013-07-02,3664,13.37
2013-07-03,3664,13.01
2013-07-04,3664,13.01
2013-07-05,3664,13.07
2013-07-08,3664,13.37
2013-07-09,3664,13.37
2013-07-10,3664,13.84
2013-07-11,3664,13.72
2013-07-12,3664,13.43
2013-07-15,3664,13.19
2013-07-16,3664,13.25
2013-07-17,3664,13.31
2013-07-18,3664,13.25
2013-07-19,3664,13.25
2013-07-22,3664,13.01
2013-07-23,3664,13.07
2013-07-24,3664,13.13
2013-07-25,3664,13.25
2013-07-26,3664,13.19
2013-07-29,3664,13.25
2013-07-30,3664,13.25
2013-07-31,3664,13.07
2013-07-01,3665,33.28
2013-07-02,3665,33.96
2013-07-03,3665,34.24
2013-07-04,3665,33.96
2013-07-05,3665,35.15
2013-07-08,3665,37.58
2013-07-09,3665,40.18
2013-07-10,3665,41.26
2013-07-11,3665,41.02
2013-07-12,3665,43.87
2013-07-15,3665,45.42
2013-07-16,3665,48.58
2013-07-17,3665,49.17
2013-07-18,3665,49.77
2013-07-19,3665,47.62
2013-07-22,3665,49.77
2013-07-23,3665,53.22
2013-07-24,3665,56.91
2013-07-25,3665,59.29
2013-07-26,3665,63.4
2013-07-29,3665,67.57
2013-07-30,3665,67.87
2013-07-31,3665,63.4
2013-07-01,3666,25.82
2013-07-02,3666,25.97
2013-07-03,3666,26.11
2013-07-04,3666,26.47
2013-07-05,3666,26.76
2013-07-08,3666,26.57
2013-07-09,3666,26.51
2013-07-10,3666,26.33
2013-07-11,3666,26.04
2013-07-12,3666,26.05
2013-07-15,3666,25.97
2013-07-16,3666,25.61
2013-07-17,3666,25.43
2013-07-18,3666,24.67
2013-07-19,3666,24.67
2013-07-22,3666,24.67
2013-07-23,3666,24.52
2013-07-24,3666,24.6
2013-07-25,3666,24.99
2013-07-26,3666,24.45
2013-07-29,3666,24.89
2013-07-30,3666,24.6
2013-07-31,3666,25.03
2013-07-01,3669,13.39
2013-07-02,3669,13.39
2013-07-03,3669,12.9
2013-07-04,3669,12.79
2013-07-05,3669,13.06
2013-07-08,3669,12.89
2013-07-09,3669,12.92
2013-07-10,3669,12.89
2013-07-11,3669,13.02
2013-07-12,3669,13.06
2013-07-15,3669,13.06
2013-07-16,3669,12.99
2013-07-17,3669,13.06
2013-07-18,3669,13.06
2013-07-19,3669,12.99
2013-07-22,3669,12.95
2013-07-23,3669,12.95
2013-07-24,3669,13.29
2013-07-25,3669,13.26
2013-07-26,3669,13.06
2013-07-29,3669,12.95
2013-07-30,3669,12.99
2013-07-31,3669,12.99
2013-07-01,3673,395.39
2013-07-02,3673,399.49
2013-07-03,3673,376.57
2013-07-04,3673,350.33
2013-07-05,3673,335.75
2013-07-08,3673,313.46
2013-07-09,3673,321.17
2013-07-10,3673,335.75
2013-07-11,3673,343.47
2013-07-12,3673,341.33
2013-07-15,3673,363.63
2013-07-16,3673,353.33
2013-07-17,3673,338.75
2013-07-18,3673,336.18
2013-07-19,3673,327.61
2013-07-22,3673,333.18
2013-07-23,3673,338.75
2013-07-24,3673,324.18
2013-07-25,3673,328.46
2013-07-26,3673,322.46
2013-07-29,3673,325.89
2013-07-30,3673,324.6
2013-07-31,3673,302.31
2013-07-01,3675,12.72
2013-07-02,3675,12.69
2013-07-03,3675,12.59
2013-07-04,3675,12.52
2013-07-05,3675,12.39
2013-07-08,3675,12.75
2013-07-09,3675,12.79
2013-07-10,3675,12.75
2013-07-11,3675,12.55
2013-07-12,3675,12.62
2013-07-15,3675,12.55
2013-07-16,3675,12.59
2013-07-17,3675,12.59
2013-07-18,3675,12.49
2013-07-19,3675,12.52
2013-07-22,3675,12.72
2013-07-23,3675,12.65
2013-07-24,3675,12.59
2013-07-25,3675,12.59
2013-07-26,3675,12.52
2013-07-29,3675,12.75
2013-07-30,3675,12.69
2013-07-31,3675,12.59
2013-07-01,3679,23.76
2013-07-02,3679,23.81
2013-07-03,3679,23.56
2013-07-04,3679,23.35
2013-07-05,3679,23.2
2013-07-08,3679,23.01
2013-07-09,3679,22.64
2013-07-10,3679,22.6
2013-07-11,3679,22.7
2013-07-12,3679,22.5
2013-07-15,3679,22.5
2013-07-16,3679,22.94
2013-07-17,3679,22.7
2013-07-18,3679,22.5
2013-07-19,3679,22.33
2013-07-22,3679,22.36
2013-07-23,3679,22.6
2013-07-24,3679,22.79
2013-07-25,3679,24.38
2013-07-26,3679,24.87
2013-07-29,3679,24.58
2013-07-30,3679,24.34
2013-07-31,3679,23.68
2013-07-01,3680,42.48
2013-07-02,3680,41.92
2013-07-03,3680,42.06
2013-07-04,3680,42.2
2013-07-05,3680,45.14
2013-07-08,3680,46.96
2013-07-09,3680,46.53
2013-07-10,3680,47.18
2013-07-11,3680,47.59
2013-07-12,3680,47.26
2013-07-15,3680,47.1
2013-07-16,3680,49.13
2013-07-17,3680,48.56
2013-07-18,3680,47.83
2013-07-19,3680,46.53
2013-07-22,3680,46.04
2013-07-23,3680,45.96
2013-07-24,3680,45.8
2013-07-25,3680,45.56
2013-07-26,3680,45.96
2013-07-29,3680,46.04
2013-07-30,3680,45.96
2013-07-31,3680,45.07
2013-07-01,3682,20.7
2013-07-02,3682,20.76
2013-07-03,3682,21.1
2013-07-04,3682,20.96
2013-07-05,3682,20.61
2013-07-08,3682,20.7
2013-07-09,3682,20.7
2013-07-10,3682,20.68
2013-07-11,3682,20.76
2013-07-12,3682,21.25
2013-07-15,3682,22.28
2013-07-16,3682,22.42
2013-07-17,3682,22.5
2013-07-18,3682,22.22
2013-07-19,3682,22.22
2013-07-22,3682,22.38
2013-07-23,3682,22.47
2013-07-24,3682,22.33
2013-07-25,3682,22.18
2013-07-26,3682,21.82
2013-07-29,3682,21.3
2013-07-30,3682,21.58
2013-07-31,3682,21.96
2013-07-01,3684,9.62
2013-07-02,3684,9.55
2013-07-04,3684,9.36
2013-07-10,3684,9.23
2013-07-11,3684,7.98
2013-07-12,3684,8.45
2013-07-15,3684,8.37
2013-07-16,3684,8.75
2013-07-23,3684,9.17
2013-07-25,3684,9.09
2013-07-26,3684,8.89
2013-07-29,3684,9.55
2013-07-30,3684,9.25
2013-07-31,3684,9.25
2013-07-01,3685,22.35
2013-07-02,3685,22.18
2013-07-03,3685,22.27
2013-07-04,3685,22.27
2013-07-05,3685,22.18
2013-07-08,3685,22.35
2013-07-09,3685,22.48
2013-07-10,3685,22.27
2013-07-11,3685,22.27
2013-07-12,3685,22.27
2013-07-15,3685,22.61
2013-07-16,3685,22.69
2013-07-17,3685,22.56
2013-07-18,3685,23.03
2013-07-19,3685,23.08
2013-07-22,3685,22.94
2013-07-23,3685,22.81
2013-07-24,3685,22.54
2013-07-25,3685,22.72
2013-07-26,3685,22.58
2013-07-29,3685,22.85
2013-07-30,3685,23.08
2013-07-31,3685,23.21
2013-07-01,3687,75.8
2013-07-02,3687,75.35
2013-07-03,3687,74.01
2013-07-04,3687,70.27
2013-07-05,3687,67.5
2013-07-08,3687,64.92
2013-07-09,3687,64.92
2013-07-10,3687,69.38
2013-07-11,3687,69.55
2013-07-12,3687,70.8
2013-07-15,3687,70.98
2013-07-16,3687,69.64
2013-07-17,3687,68.75
2013-07-18,3687,67.86
2013-07-19,3687,68.04
2013-07-22,3687,68.13
2013-07-23,3687,69.91
2013-07-24,3687,74.73
2013-07-25,3687,79.9
2013-07-26,3687,79.81
2013-07-29,3687,85.34
2013-07-30,3687,89.08
2013-07-31,3687,87.12
2013-07-01,3689,40.34
2013-07-02,3689,40.34
2013-07-03,3689,40.12
2013-07-04,3689,39.56
2013-07-05,3689,39.9
2013-07-08,3689,39.9
2013-07-09,3689,40.25
2013-07-10,3689,39.9
2013-07-11,3689,39.01
2013-07-12,3689,39.07
2013-07-15,3689,40.43
2013-07-16,3689,40.13
2013-07-17,3689,40.25
2013-07-18,3689,41.66
2013-07-19,3689,40.9
2013-07-22,3689,41.96
2013-07-23,3689,42.96
2013-07-24,3689,42.72
2013-07-25,3689,43.72
2013-07-26,3689,43.25
2013-07-29,3689,43.84
2013-07-30,3689,43.78
2013-07-31,3689,43.07
2013-07-01,3691,136.52
2013-07-02,3691,134.32
2013-07-03,3691,132.67
2013-07-04,3691,132.67
2013-07-05,3691,132.12
2013-07-08,3691,132.12
2013-07-09,3691,132.94
2013-07-10,3691,131.29
2013-07-11,3691,134.04
2013-07-12,3691,135.7
2013-07-15,3691,145.04
2013-07-16,3691,146.66
2013-07-17,3691,149.25
2013-07-18,3691,147.63
2013-07-19,3691,147.31
2013-07-22,3691,148.28
2013-07-23,3691,157.02
2013-07-24,3691,155.72
2013-07-25,3691,157.99
2013-07-26,3691,155.72
2013-07-29,3691,150.54
2013-07-30,3691,151.19
2013-07-31,3691,148.28
2013-07-01,3693,62.61
2013-07-02,3693,63.58
2013-07-03,3693,64.47
2013-07-04,3693,68.17
2013-07-05,3693,70.4
2013-07-08,3693,69.14
2013-07-09,3693,70.43
2013-07-10,3693,68.91
2013-07-11,3693,69.32
2013-07-12,3693,70.17
2013-07-15,3693,70.02
2013-07-16,3693,68.92
2013-07-17,3693,70.06
2013-07-18,3693,71.73
2013-07-19,3693,71.14
2013-07-22,3693,72.99
2013-07-23,3693,78.92
2013-07-24,3693,80.29
2013-07-25,3693,81.13
2013-07-26,3693,80.4
2013-07-29,3693,81.14
2013-07-30,3693,80.03
2013-07-31,3693,82.25
2013-07-01,3694,17.72
2013-07-02,3694,17.72
2013-07-03,3694,17.53
2013-07-04,3694,17.24
2013-07-05,3694,17.04
2013-07-08,3694,16.6
2013-07-09,3694,16.6
2013-07-10,3694,16.7
2013-07-11,3694,16.8
2013-07-12,3694,16.7
2013-07-15,3694,16.75
2013-07-16,3694,16.89
2013-07-17,3694,16.89
2013-07-18,3694,16.55
2013-07-19,3694,16.31
2013-07-22,3694,16.21
2013-07-23,3694,17.33
2013-07-24,3694,17.58
2013-07-25,3694,17.43
2013-07-26,3694,18.6
2013-07-29,3694,19.53
2013-07-30,3694,20.65
2013-07-31,3694,20.21
2013-07-01,3697,213.06
2013-07-02,3697,206.72
2013-07-03,3697,204.28
2013-07-04,3697,205.26
2013-07-05,3697,215.01
2013-07-08,3697,211.11
2013-07-09,3697,214.52
2013-07-10,3697,221.35
2013-07-11,3697,224.76
2013-07-12,3697,230.61
2013-07-15,3697,235.0
2013-07-16,3697,236.0
2013-07-17,3697,227.5
2013-07-18,3697,223.0
2013-07-19,3697,218.5
2013-07-22,3697,224.0
2013-07-23,3697,234.0
2013-07-24,3697,238.0
2013-07-25,3697,240.5
2013-07-26,3697,244.0
2013-07-29,3697,247.0
2013-07-30,3697,240.0
2013-07-31,3697,237.5
2013-07-01,3698,23.17
2013-07-02,3698,23.13
2013-07-03,3698,22.96
2013-07-04,3698,22.25
2013-07-05,3698,21.95
2013-07-08,3698,22.21
2013-07-09,3698,22.54
2013-07-10,3698,22.62
2013-07-11,3698,23.42
2013-07-12,3698,23.04
2013-07-15,3698,22.83
2013-07-16,3698,22.16
2013-07-17,3698,22.12
2013-07-18,3698,22.04
2013-07-19,3698,21.85
2013-07-22,3698,21.72
2013-07-23,3698,22.66
2013-07-24,3698,22.53
2013-07-25,3698,22.28
2013-07-26,3698,22.19
2013-07-29,3698,21.72
2013-07-30,3698,22.23
2013-07-31,3698,21.77
2013-07-01,3701,15.05
2013-07-02,3701,14.18
2013-07-03,3701,13.19
2013-07-04,3701,13.15
2013-07-05,3701,14.06
2013-07-08,3701,13.25
2013-07-09,3701,14.16
2013-07-10,3701,13.21
2013-07-11,3701,13.29
2013-07-15,3701,13.73
2013-07-17,3701,13.71
2013-07-18,3701,13.5
2013-07-22,3701,13.54
2013-07-23,3701,12.65
2013-07-01,3702,19.32
2013-07-02,3702,19.1
2013-07-03,3702,19.32
2013-07-04,3702,19.02
2013-07-05,3702,19.24
2013-07-08,3702,19.04
2013-07-09,3702,18.75
2013-07-10,3702,18.97
2013-07-11,3702,19.53
2013-07-12,3702,19.7
2013-07-15,3702,19.94
2013-07-16,3702,19.94
2013-07-17,3702,19.62
2013-07-18,3702,19.78
2013-07-19,3702,19.75
2013-07-22,3702,20.21
2013-07-23,3702,20.68
2013-07-24,3702,20.68
2013-07-25,3702,20.36
2013-07-26,3702,21.17
2013-07-29,3702,21.11
2013-07-30,3702,20.77
2013-07-31,3702,21.6
2013-07-01,3703,5.74
2013-07-02,3703,5.77
2013-07-03,3703,5.74
2013-07-04,3703,5.74
2013-07-05,3703,5.77
2013-07-08,3703,5.74
2013-07-09,3703,5.74
2013-07-10,3703,5.74
2013-07-11,3703,5.79
2013-07-12,3703,5.77
2013-07-15,3703,5.79
2013-07-16,3703,5.79
2013-07-17,3703,5.85
2013-07-18,3703,5.87
2013-07-19,3703,5.82
2013-07-22,3703,5.82
2013-07-23,3703,5.82
2013-07-24,3703,5.85
2013-07-25,3703,5.85
2013-07-26,3703,5.82
2013-07-29,3703,5.82
2013-07-30,3703,5.79
2013-07-31,3703,5.79
2013-07-01,3704,12.39
2013-07-02,3704,12.26
2013-07-03,3704,12.03
2013-07-04,3704,11.84
2013-07-05,3704,11.94
2013-07-08,3704,11.98
2013-07-09,3704,11.98
2013-07-10,3704,12.21
2013-07-11,3704,12.31
2013-07-12,3704,12.45
2013-07-15,3704,12.72
2013-07-16,3704,13.0
2013-07-17,3704,13.08
2013-07-18,3704,13.18
2013-07-19,3704,12.94
2013-07-22,3704,12.9
2013-07-23,3704,12.9
2013-07-24,3704,13.18
2013-07-25,3704,13.0
2013-07-26,3704,13.08
2013-07-29,3704,12.81
2013-07-30,3704,12.63
2013-07-31,3704,12.58
2013-07-01,3705,22.65
2013-07-02,3705,22.59
2013-07-03,3705,22.49
2013-07-04,3705,22.43
2013-07-05,3705,22.57
2013-07-08,3705,22.38
2013-07-09,3705,22.49
2013-07-10,3705,22.8
2013-07-11,3705,23.16
2013-07-12,3705,23.27
2013-07-15,3705,23.55
2013-07-16,3705,23.55
2013-07-17,3705,23.86
2013-07-18,3705,24.44
2013-07-19,3705,23.88
2013-07-22,3705,24.72
2013-07-23,3705,24.69
2013-07-24,3705,25.53
2013-07-25,3705,25.19
2013-07-26,3705,25.61
2013-07-29,3705,25.55
2013-07-30,3705,25.39
2013-07-31,3705,24.63
2013-07-01,4102,26.19
2013-07-02,4102,26.06
2013-07-03,4102,25.71
2013-07-04,4102,25.67
2013-07-05,4102,24.58
2013-07-08,4102,24.58
2013-07-09,4102,24.58
2013-07-10,4102,24.66
2013-07-11,4102,24.1
2013-07-12,4102,24.88
2013-07-15,4102,25.36
2013-07-16,4102,24.97
2013-07-17,4102,25.27
2013-07-18,4102,25.27
2013-07-19,4102,24.75
2013-07-22,4102,24.92
2013-07-23,4102,25.14
2013-07-24,4102,25.1
2013-07-25,4102,25.19
2013-07-26,4102,25.71
2013-07-29,4102,26.37
2013-07-30,4102,26.07
2013-07-31,4102,25.98
2013-07-01,4104,23.32
2013-07-02,4104,22.65
2013-07-03,4104,22.2
2013-07-04,4104,22.2
2013-07-05,4104,22.47
2013-07-08,4104,22.51
2013-07-09,4104,22.6
2013-07-10,4104,22.47
2013-07-11,4104,22.4
2013-07-12,4104,22.74
2013-07-15,4104,23.19
2013-07-16,4104,23.1
2013-07-17,4104,22.96
2013-07-18,4104,22.69
2013-07-19,4104,22.51
2013-07-22,4104,22.51
2013-07-23,4104,22.87
2013-07-24,4104,23.23
2013-07-25,4104,23.19
2013-07-26,4104,23.14
2013-07-29,4104,23.68
2013-07-30,4104,23.55
2013-07-31,4104,23.55
2013-07-01,4105,53.82
2013-07-02,4105,52.56
2013-07-03,4105,52.05
2013-07-04,4105,50.08
2013-07-05,4105,50.79
2013-07-08,4105,50.54
2013-07-09,4105,51.3
2013-07-10,4105,51.55
2013-07-11,4105,51.55
2013-07-12,4105,52.31
2013-07-15,4105,53.32
2013-07-16,4105,52.31
2013-07-17,4105,52.05
2013-07-18,4105,52.81
2013-07-19,4105,52.05
2013-07-22,4105,51.8
2013-07-23,4105,51.8
2013-07-24,4105,53.06
2013-07-25,4105,52.56
2013-07-26,4105,52.31
2013-07-29,4105,52.56
2013-07-30,4105,54.58
2013-07-31,4105,54.08
2013-07-01,4106,26.28
2013-07-02,4106,25.9
2013-07-03,4106,25.56
2013-07-04,4106,25.67
2013-07-05,4106,25.29
2013-07-08,4106,25.1
2013-07-09,4106,25.21
2013-07-10,4106,25.21
2013-07-11,4106,24.91
2013-07-12,4106,25.52
2013-07-15,4106,26.66
2013-07-16,4106,26.66
2013-07-17,4106,26.05
2013-07-18,4106,25.82
2013-07-19,4106,25.82
2013-07-22,4106,26.36
2013-07-23,4106,26.13
2013-07-24,4106,26.09
2013-07-25,4106,26.01
2013-07-26,4106,25.82
2013-07-29,4106,25.78
2013-07-30,4106,26.05
2013-07-31,4106,25.94
2013-07-01,4107,37.62
2013-07-02,4107,38.36
2013-07-03,4107,38.77
2013-07-04,4107,37.86
2013-07-05,4107,37.58
2013-07-08,4107,37.95
2013-07-09,4107,37.62
2013-07-10,4107,37.86
2013-07-11,4107,37.82
2013-07-12,4107,39.68
2013-07-15,4107,39.68
2013-07-16,4107,39.32
2013-07-17,4107,39.85
2013-07-18,4107,39.6
2013-07-19,4107,39.48
2013-07-22,4107,39.73
2013-07-23,4107,39.19
2013-07-24,4107,39.02
2013-07-25,4107,37.13
2013-07-26,4107,37.13
2013-07-29,4107,37.62
2013-07-30,4107,37.7
2013-07-31,4107,37.21
2013-07-01,4108,40.47
2013-07-02,4108,40.08
2013-07-03,4108,40.27
2013-07-04,4108,39.7
2013-07-05,4108,39.65
2013-07-08,4108,39.41
2013-07-09,4108,39.02
2013-07-10,4108,38.93
2013-07-11,4108,38.93
2013-07-12,4108,41.62
2013-07-15,4108,41.91
2013-07-16,4108,41.62
2013-07-17,4108,41.86
2013-07-18,4108,42.39
2013-07-19,4108,41.62
2013-07-22,4108,41.14
2013-07-23,4108,41.33
2013-07-24,4108,41.19
2013-07-25,4108,41.09
2013-07-26,4108,40.13
2013-07-29,4108,40.18
2013-07-30,4108,40.37
2013-07-31,4108,40.23
2013-07-01,4109,22.68
2013-07-02,4109,22.86
2013-07-03,4109,22.23
2013-07-04,4109,21.78
2013-07-05,4109,21.55
2013-07-08,4109,20.56
2013-07-09,4109,20.74
2013-07-10,4109,20.6
2013-07-11,4109,21.05
2013-07-12,4109,22.5
2013-07-15,4109,22.73
2013-07-16,4109,22.27
2013-07-17,4109,22.32
2013-07-18,4109,21.96
2013-07-19,4109,21.78
2013-07-22,4109,21.83
2013-07-23,4109,21.91
2013-07-24,4109,21.73
2013-07-25,4109,21.0
2013-07-26,4109,20.92
2013-07-29,4109,21.24
2013-07-30,4109,21.6
2013-07-31,4109,21.5
2013-07-01,4111,18.42
2013-07-02,4111,18.18
2013-07-03,4111,18.09
2013-07-04,4111,17.66
2013-07-05,4111,17.69
2013-07-08,4111,17.29
2013-07-09,4111,17.44
2013-07-10,4111,17.6
2013-07-11,4111,17.44
2013-07-12,4111,17.99
2013-07-15,4111,19.22
2013-07-16,4111,19.22
2013-07-17,4111,18.73
2013-07-18,4111,18.61
2013-07-19,4111,18.12
2013-07-22,4111,18.24
2013-07-23,4111,18.3
2013-07-24,4111,18.21
2013-07-25,4111,17.81
2013-07-26,4111,17.66
2013-07-29,4111,17.81
2013-07-30,4111,17.93
2013-07-31,4111,18.18
2013-07-01,4113,14.43
2013-07-02,4113,14.35
2013-07-03,4113,14.33
2013-07-04,4113,14.21
2013-07-05,4113,14.26
2013-07-08,4113,14.31
2013-07-09,4113,14.48
2013-07-10,4113,14.33
2013-07-11,4113,14.08
2013-07-12,4113,13.98
2013-07-15,4113,13.98
2013-07-16,4113,14.11
2013-07-17,4113,14.13
2013-07-18,4113,14.18
2013-07-19,4113,14.08
2013-07-22,4113,14.08
2013-07-23,4113,14.16
2013-07-24,4113,14.31
2013-07-25,4113,14.48
2013-07-26,4113,14.38
2013-07-29,4113,14.28
2013-07-30,4113,14.18
2013-07-31,4113,14.21
2013-07-01,4114,9.25
2013-07-02,4114,9.12
2013-07-03,4114,9.14
2013-07-04,4114,9.05
2013-07-05,4114,9.07
2013-07-08,4114,8.98
2013-07-09,4114,8.99
2013-07-10,4114,9.0
2013-07-11,4114,9.14
2013-07-12,4114,9.59
2013-07-15,4114,9.71
2013-07-16,4114,9.79
2013-07-17,4114,10.21
2013-07-18,4114,10.04
2013-07-19,4114,10.13
2013-07-22,4114,10.05
2013-07-23,4114,9.95
2013-07-24,4114,10.08
2013-07-25,4114,10.17
2013-07-26,4114,9.95
2013-07-29,4114,9.92
2013-07-30,4114,9.97
2013-07-31,4114,10.44
2013-07-03,4116,15.66
2013-07-04,4116,15.33
2013-07-05,4116,15.73
2013-07-09,4116,16.0
2013-07-10,4116,15.5
2013-07-11,4116,17.74
2013-07-12,4116,16.0
2013-07-15,4116,16.74
2013-07-16,4116,16.05
2013-07-17,4116,16.22
2013-07-18,4116,16.07
2013-07-19,4116,16.0
2013-07-22,4116,16.1
2013-07-23,4116,16.0
2013-07-24,4116,16.22
2013-07-25,4116,16.26
2013-07-26,4116,16.37
2013-07-29,4116,15.89
2013-07-30,4116,16.0
2013-07-31,4116,16.26
2013-07-01,4119,30.17
2013-07-02,4119,29.74
2013-07-03,4119,29.7
2013-07-04,4119,29.48
2013-07-05,4119,29.66
2013-07-08,4119,29.44
2013-07-09,4119,29.48
2013-07-10,4119,29.23
2013-07-11,4119,29.23
2013-07-12,4119,29.7
2013-07-15,4119,30.12
2013-07-16,4119,29.95
2013-07-17,4119,29.91
2013-07-18,4119,29.83
2013-07-19,4119,29.83
2013-07-22,4119,29.91
2013-07-23,4119,30.0
2013-07-24,4119,31.19
2013-07-25,4119,30.93
2013-07-26,4119,31.91
2013-07-29,4119,31.7
2013-07-30,4119,31.87
2013-07-31,4119,32.94
2013-07-01,4120,56.54
2013-07-02,4120,56.47
2013-07-03,4120,57.62
2013-07-04,4120,56.83
2013-07-05,4120,57.55
2013-07-08,4120,57.55
2013-07-09,4120,55.56
2013-07-10,4120,55.7
2013-07-11,4120,56.74
2013-07-12,4120,59.17
2013-07-15,4120,58.58
2013-07-16,4120,59.24
2013-07-17,4120,58.43
2013-07-18,4120,59.68
2013-07-19,4120,61.01
2013-07-22,4120,61.53
2013-07-23,4120,61.75
2013-07-24,4120,61.3
2013-07-25,4120,60.35
2013-07-26,4120,62.11
2013-07-29,4120,66.39
2013-07-30,4120,67.57
2013-07-31,4120,68.38
2013-07-01,4121,15.69
2013-07-02,4121,15.57
2013-07-03,4121,16.2
2013-07-04,4121,15.73
2013-07-05,4121,15.65
2013-07-08,4121,15.37
2013-07-09,4121,15.73
2013-07-10,4121,16.0
2013-07-11,4121,16.41
2013-07-12,4121,17.53
2013-07-15,4121,18.73
2013-07-16,4121,18.13
2013-07-17,4121,18.21
2013-07-18,4121,18.13
2013-07-19,4121,18.05
2013-07-22,4121,17.65
2013-07-23,4121,17.69
2013-07-24,4121,18.37
2013-07-25,4121,17.73
2013-07-26,4121,17.05
2013-07-29,4121,17.33
2013-07-30,4121,17.41
2013-07-31,4121,16.93
2013-07-01,4123,12.34
2013-07-02,4123,12.2
2013-07-03,4123,12.25
2013-07-04,4123,12.14
2013-07-05,4123,12.25
2013-07-08,4123,12.14
2013-07-09,4123,12.14
2013-07-10,4123,12.0
2013-07-11,4123,11.96
2013-07-12,4123,12.15
2013-07-15,4123,12.31
2013-07-16,4123,12.06
2013-07-17,4123,12.01
2013-07-18,4123,12.1
2013-07-19,4123,12.94
2013-07-22,4123,12.77
2013-07-23,4123,12.81
2013-07-24,4123,12.87
2013-07-25,4123,12.43
2013-07-26,4123,12.29
2013-07-29,4123,12.34
2013-07-30,4123,12.53
2013-07-31,4123,12.67
2013-07-01,4126,52.86
2013-07-02,4126,53.71
2013-07-03,4126,53.02
2013-07-04,4126,51.84
2013-07-05,4126,51.58
2013-07-08,4126,51.15
2013-07-09,4126,51.25
2013-07-10,4126,51.04
2013-07-11,4126,51.04
2013-07-12,4126,52.0
2013-07-15,4126,52.91
2013-07-16,4126,54.51
2013-07-17,4126,53.71
2013-07-18,4126,53.71
2013-07-19,4126,55.05
2013-07-22,4126,55.58
2013-07-23,4126,57.72
2013-07-24,4126,57.45
2013-07-25,4126,57.99
2013-07-26,4126,58.26
2013-07-29,4126,55.85
2013-07-30,4126,57.99
2013-07-31,4126,57.72
2013-07-01,4127,21.51
2013-07-02,4127,21.78
2013-07-03,4127,21.88
2013-07-04,4127,21.56
2013-07-05,4127,21.74
2013-07-08,4127,21.19
2013-07-09,4127,21.42
2013-07-10,4127,21.6
2013-07-11,4127,21.65
2013-07-12,4127,22.19
2013-07-15,4127,22.97
2013-07-16,4127,22.6
2013-07-17,4127,22.6
2013-07-18,4127,22.51
2013-07-19,4127,22.29
2013-07-22,4127,22.06
2013-07-23,4127,22.15
2013-07-24,4127,22.33
2013-07-25,4127,22.19
2013-07-26,4127,22.15
2013-07-29,4127,22.24
2013-07-30,4127,22.83
2013-07-31,4127,22.42
2013-07-01,4128,22.84
2013-07-02,4128,22.63
2013-07-03,4128,22.73
2013-07-04,4128,22.42
2013-07-05,4128,22.49
2013-07-08,4128,22.42
2013-07-09,4128,22.42
2013-07-10,4128,22.21
2013-07-11,4128,22.28
2013-07-12,4128,23.01
2013-07-15,4128,23.43
2013-07-16,4128,23.15
2013-07-17,4128,22.73
2013-07-18,4128,22.73
2013-07-19,4128,22.73
2013-07-22,4128,22.39
2013-07-23,4128,22.73
2013-07-24,4128,22.73
2013-07-25,4128,22.53
2013-07-26,4128,22.32
2013-07-29,4128,22.21
2013-07-30,4128,22.25
2013-07-31,4128,21.97
2013-07-01,4129,27.98
2013-07-02,4129,27.91
2013-07-03,4129,28.01
2013-07-04,4129,27.94
2013-07-05,4129,27.8
2013-07-08,4129,27.41
2013-07-09,4129,27.8
2013-07-10,4129,27.48
2013-07-11,4129,27.69
2013-07-12,4129,28.58
2013-07-15,4129,28.86
2013-07-16,4129,28.58
2013-07-17,4129,28.05
2013-07-18,4129,28.08
2013-07-19,4129,28.19
2013-07-22,4129,28.94
2013-07-23,4129,28.9
2013-07-24,4129,28.97
2013-07-25,4129,28.51
2013-07-26,4129,28.47
2013-07-29,4129,28.23
2013-07-30,4129,28.4
2013-07-31,4129,28.47
2013-07-01,4130,28.89
2013-07-02,4130,28.58
2013-07-03,4130,28.66
2013-07-04,4130,28.12
2013-07-05,4130,27.73
2013-07-08,4130,26.35
2013-07-09,4130,26.27
2013-07-10,4130,26.27
2013-07-11,4130,25.69
2013-07-12,4130,27.47
2013-07-15,4130,29.38
2013-07-16,4130,29.69
2013-07-17,4130,29.18
2013-07-18,4130,29.42
2013-07-19,4130,29.22
2013-07-22,4130,28.76
2013-07-23,4130,28.87
2013-07-24,4130,28.99
2013-07-25,4130,28.45
2013-07-26,4130,28.17
2013-07-29,4130,28.6
2013-07-30,4130,30.0
2013-07-31,4130,29.77
2013-07-01,4131,69.62
2013-07-02,4131,68.17
2013-07-03,4131,68.01
2013-07-04,4131,67.05
2013-07-05,4131,66.57
2013-07-08,4131,63.04
2013-07-09,4131,61.44
2013-07-10,4131,61.6
2013-07-11,4131,61.92
2013-07-12,4131,66.25
2013-07-15,4131,70.74
2013-07-16,4131,68.98
2013-07-17,4131,67.69
2013-07-18,4131,68.33
2013-07-19,4131,68.66
2013-07-22,4131,67.69
2013-07-23,4131,67.05
2013-07-24,4131,67.37
2013-07-25,4131,66.09
2013-07-26,4131,64.81
2013-07-29,4131,69.3
2013-07-30,4131,72.51
2013-07-31,4131,69.62
2013-07-01,4133,34.56
2013-07-02,4133,34.56
2013-07-03,4133,34.08
2013-07-04,4133,34.08
2013-07-05,4133,34.2
2013-07-08,4133,33.82
2013-07-09,4133,33.89
2013-07-10,4133,33.89
2013-07-11,4133,34.31
2013-07-12,4133,35.03
2013-07-15,4133,35.87
2013-07-16,4133,35.45
2013-07-17,4133,35.52
2013-07-18,4133,35.33
2013-07-19,4133,35.03
2013-07-22,4133,35.41
2013-07-23,4133,35.49
2013-07-24,4133,35.71
2013-07-25,4133,35.87
2013-07-26,4133,35.26
2013-07-29,4133,37.15
2013-07-30,4133,36.78
2013-07-31,4133,36.09
2013-07-01,4138,28.29
2013-07-02,4138,28.13
2013-07-03,4138,28.05
2013-07-04,4138,27.76
2013-07-05,4138,27.4
2013-07-08,4138,27.16
2013-07-09,4138,26.8
2013-07-10,4138,26.56
2013-07-11,4138,27.08
2013-07-12,4138,27.68
2013-07-15,4138,28.01
2013-07-16,4138,28.01
2013-07-17,4138,27.89
2013-07-18,4138,27.8
2013-07-19,4138,27.52
2013-07-22,4138,27.52
2013-07-23,4138,27.89
2013-07-24,4138,28.29
2013-07-25,4138,28.53
2013-07-26,4138,28.33
2013-07-29,4138,30.29
2013-07-30,4138,30.09
2013-07-31,4138,30.09
2013-07-01,4139,47.72
2013-07-02,4139,48.12
2013-07-03,4139,47.42
2013-07-04,4139,47.42
2013-07-05,4139,47.87
2013-07-08,4139,46.02
2013-07-09,4139,46.97
2013-07-10,4139,49.08
2013-07-11,4139,48.67
2013-07-12,4139,47.98
2013-07-15,4139,47.09
2013-07-16,4139,47.41
2013-07-17,4139,46.72
2013-07-18,4139,46.47
2013-07-19,4139,45.27
2013-07-22,4139,44.01
2013-07-23,4139,44.01
2013-07-24,4139,44.33
2013-07-25,4139,43.39
2013-07-26,4139,43.39
2013-07-29,4139,43.7
2013-07-30,4139,44.01
2013-07-31,4139,42.76
2013-07-01,4141,49.38
2013-07-02,4141,49.38
2013-07-03,4141,48.7
2013-07-04,4141,48.53
2013-07-05,4141,48.61
2013-07-08,4141,47.76
2013-07-09,4141,47.59
2013-07-10,4141,46.56
2013-07-11,4141,46.65
2013-07-12,4141,47.24
2013-07-15,4141,47.16
2013-07-16,4141,47.07
2013-07-17,4141,46.99
2013-07-18,4141,46.73
2013-07-19,4141,46.3
2013-07-22,4141,46.05
2013-07-23,4141,48.7
2013-07-24,4141,49.38
2013-07-25,4141,48.61
2013-07-26,4141,47.93
2013-07-29,4141,48.01
2013-07-30,4141,48.27
2013-07-31,4141,48.01
2013-07-01,4142,35.63
2013-07-02,4142,35.77
2013-07-03,4142,36.89
2013-07-04,4142,37.03
2013-07-05,4142,37.49
2013-07-08,4142,36.93
2013-07-09,4142,37.49
2013-07-10,4142,36.84
2013-07-11,4142,37.12
2013-07-12,4142,37.73
2013-07-15,4142,38.28
2013-07-16,4142,38.61
2013-07-17,4142,39.64
2013-07-18,4142,39.96
2013-07-19,4142,39.36
2013-07-22,4142,40.34
2013-07-23,4142,39.82
2013-07-24,4142,39.82
2013-07-25,4142,40.1
2013-07-26,4142,39.92
2013-07-29,4142,40.01
2013-07-30,4142,39.78
2013-07-31,4142,38.98
2013-07-01,4144,53.37
2013-07-02,4144,52.85
2013-07-03,4144,52.47
2013-07-04,4144,52.17
2013-07-05,4144,52.47
2013-07-08,4144,52.47
2013-07-09,4144,53.45
2013-07-10,4144,52.7
2013-07-11,4144,53.49
2013-07-12,4144,53.88
2013-07-15,4144,54.75
2013-07-16,4144,54.12
2013-07-17,4144,53.72
2013-07-18,4144,53.64
2013-07-19,4144,53.64
2013-07-22,4144,53.49
2013-07-23,4144,53.64
2013-07-24,4144,54.04
2013-07-25,4144,54.04
2013-07-26,4144,53.72
2013-07-29,4144,56.17
2013-07-30,4144,56.09
2013-07-31,4144,55.69
2013-07-01,4147,73.65
2013-07-02,4147,73.83
2013-07-03,4147,73.56
2013-07-04,4147,73.45
2013-07-05,4147,73.48
2013-07-08,4147,72.7
2013-07-09,4147,72.98
2013-07-10,4147,72.85
2013-07-11,4147,72.55
2013-07-12,4147,73.16
2013-07-15,4147,75.54
2013-07-16,4147,75.35
2013-07-17,4147,74.86
2013-07-18,4147,74.66
2013-07-19,4147,73.9
2013-07-22,4147,77.81
2013-07-23,4147,80.17
2013-07-24,4147,81.32
2013-07-25,4147,79.58
2013-07-26,4147,78.69
2013-07-29,4147,78.03
2013-07-30,4147,77.35
2013-07-31,4147,78.97
2013-07-01,4152,353.33
2013-07-02,4152,333.12
2013-07-03,4152,330.23
2013-07-04,4152,328.3
2013-07-05,4152,332.15
2013-07-08,4152,323.01
2013-07-09,4152,327.34
2013-07-10,4152,336.97
2013-07-11,4152,334.08
2013-07-12,4152,336.0
2013-07-15,4152,351.41
2013-07-16,4152,345.63
2013-07-17,4152,349.48
2013-07-18,4152,350.93
2013-07-19,4152,344.67
2013-07-22,4152,339.37
2013-07-23,4152,336.98
2013-07-24,4152,334.99
2013-07-25,4152,312.2
2013-07-26,4152,314.18
2013-07-29,4152,321.12
2013-07-30,4152,327.06
2013-07-31,4152,322.11
2013-07-01,4153,34.78
2013-07-02,4153,33.84
2013-07-03,4153,34.0
2013-07-04,4153,32.78
2013-07-05,4153,30.51
2013-07-08,4153,29.18
2013-07-09,4153,30.18
2013-07-10,4153,32.29
2013-07-11,4153,32.62
2013-07-12,4153,34.11
2013-07-15,4153,34.56
2013-07-16,4153,33.56
2013-07-17,4153,33.34
2013-07-18,4153,34.39
2013-07-19,4153,36.72
2013-07-22,4153,36.05
2013-07-23,4153,34.89
2013-07-24,4153,35.17
2013-07-25,4153,32.95
2013-07-26,4153,32.34
2013-07-29,4153,33.23
2013-07-30,4153,34.34
2013-07-31,4153,36.39
2013-07-01,4154,42.43
2013-07-02,4154,42.16
2013-07-03,4154,41.57
2013-07-04,4154,41.57
2013-07-05,4154,41.57
2013-07-08,4154,42.16
2013-07-09,4154,41.97
2013-07-10,4154,41.24
2013-07-11,4154,39.64
2013-07-12,4154,40.75
2013-07-15,4154,41.44
2013-07-16,4154,41.51
2013-07-17,4154,41.58
2013-07-18,4154,41.65
2013-07-19,4154,41.16
2013-07-22,4154,43.1
2013-07-23,4154,42.41
2013-07-24,4154,41.65
2013-07-25,4154,42.97
2013-07-26,4154,43.1
2013-07-29,4154,42.69
2013-07-30,4154,43.04
2013-07-31,4154,42.69
2013-07-01,4155,47.99
2013-07-02,4155,48.47
2013-07-03,4155,48.47
2013-07-04,4155,48.71
2013-07-05,4155,49.9
2013-07-08,4155,51.75
2013-07-09,4155,52.46
2013-07-10,4155,52.46
2013-07-11,4155,52.94
2013-07-12,4155,53.06
2013-07-15,4155,55.44
2013-07-16,4155,54.85
2013-07-17,4155,54.43
2013-07-18,4155,55.74
2013-07-19,4155,54.55
2013-07-22,4155,55.35
2013-07-23,4155,55.44
2013-07-24,4155,56.87
2013-07-25,4155,58.01
2013-07-26,4155,59.02
2013-07-29,4155,52.04
2013-07-30,4155,53.67
2013-07-31,4155,52.46
2013-07-01,4160,29.85
2013-07-02,4160,29.48
2013-07-03,4160,28.85
2013-07-04,4160,28.48
2013-07-05,4160,28.31
2013-07-08,4160,28.23
2013-07-09,4160,27.94
2013-07-10,4160,27.94
2013-07-11,4160,28.15
2013-07-12,4160,29.15
2013-07-15,4160,31.19
2013-07-16,4160,30.65
2013-07-17,4160,30.31
2013-07-18,4160,31.06
2013-07-19,4160,32.06
2013-07-22,4160,30.65
2013-07-23,4160,30.48
2013-07-24,4160,30.23
2013-07-25,4160,29.48
2013-07-26,4160,29.23
2013-07-29,4160,29.31
2013-07-30,4160,29.65
2013-07-31,4160,29.19
2013-07-01,4161,36.76
2013-07-02,4161,35.44
2013-07-03,4161,33.71
2013-07-04,4161,35.02
2013-07-05,4161,34.06
2013-07-08,4161,32.78
2013-07-09,4161,32.95
2013-07-10,4161,32.46
2013-07-11,4161,31.88
2013-07-12,4161,34.09
2013-07-15,4161,36.41
2013-07-16,4161,35.92
2013-07-17,4161,34.89
2013-07-18,4161,37.31
2013-07-19,4161,38.76
2013-07-22,4161,37.59
2013-07-23,4161,37.38
2013-07-24,4161,36.69
2013-07-25,4161,36.13
2013-07-26,4161,35.65
2013-07-29,4161,36.13
2013-07-30,4161,35.86
2013-07-31,4161,37.03
2013-07-01,4162,104.9
2013-07-02,4162,103.77
2013-07-03,4162,107.74
2013-07-04,4162,106.04
2013-07-05,4162,108.87
2013-07-08,4162,106.61
2013-07-09,4162,105.47
2013-07-10,4162,104.9
2013-07-11,4162,105.47
2013-07-12,4162,107.46
2013-07-15,4162,112.28
2013-07-16,4162,110.01
2013-07-17,4162,108.87
2013-07-18,4162,107.46
2013-07-19,4162,108.59
2013-07-22,4162,106.04
2013-07-23,4162,105.76
2013-07-24,4162,105.76
2013-07-25,4162,100.37
2013-07-26,4162,100.94
2013-07-29,4162,99.23
2013-07-30,4162,100.65
2013-07-31,4162,100.09
2013-07-01,4163,59.01
2013-07-02,4163,58.19
2013-07-03,4163,59.01
2013-07-04,4163,58.19
2013-07-05,4163,59.01
2013-07-08,4163,60.1
2013-07-09,4163,59.83
2013-07-10,4163,60.95
2013-07-11,4163,62.07
2013-07-12,4163,66.29
2013-07-15,4163,70.78
2013-07-16,4163,72.19
2013-07-17,4163,71.34
2013-07-18,4163,72.47
2013-07-19,4163,73.03
2013-07-22,4163,74.15
2013-07-23,4163,76.68
2013-07-24,4163,75.28
2013-07-25,4163,73.03
2013-07-26,4163,72.47
2013-07-29,4163,72.47
2013-07-30,4163,76.96
2013-07-31,4163,76.96
2013-07-01,4164,50.59
2013-07-02,4164,50.47
2013-07-03,4164,48.84
2013-07-04,4164,50.4
2013-07-05,4164,49.03
2013-07-08,4164,46.88
2013-07-09,4164,47.99
2013-07-10,4164,47.15
2013-07-11,4164,47.15
2013-07-12,4164,50.4
2013-07-15,4164,53.92
2013-07-16,4164,54.18
2013-07-17,4164,54.24
2013-07-18,4164,54.37
2013-07-19,4164,54.24
2013-07-22,4164,53.07
2013-07-23,4164,53.85
2013-07-24,4164,53.53
2013-07-25,4164,53.27
2013-07-26,4164,52.16
2013-07-29,4164,52.81
2013-07-30,4164,53.72
2013-07-31,4164,53.66
2013-07-01,4167,25.4
2013-07-02,4167,25.61
2013-07-03,4167,25.61
2013-07-04,4167,25.67
2013-07-05,4167,25.81
2013-07-08,4167,26.45
2013-07-09,4167,26.64
2013-07-10,4167,27.35
2013-07-11,4167,27.8
2013-07-12,4167,27.71
2013-07-15,4167,28.75
2013-07-16,4167,28.78
2013-07-17,4167,28.83
2013-07-18,4167,28.53
2013-07-19,4167,27.98
2013-07-22,4167,27.27
2013-07-23,4167,27.18
2013-07-24,4167,27.55
2013-07-25,4167,28.65
2013-07-26,4167,28.81
2013-07-29,4167,27.98
2013-07-30,4167,27.62
2013-07-31,4167,27.7
2013-07-01,4168,69.35
2013-07-02,4168,70.05
2013-07-03,4168,70.52
2013-07-04,4168,75.44
2013-07-05,4168,74.27
2013-07-08,4168,70.44
2013-07-09,4168,69.66
2013-07-10,4168,69.42
2013-07-11,4168,67.86
2013-07-12,4168,70.99
2013-07-15,4168,75.91
2013-07-16,4168,78.1
2013-07-17,4168,77.55
2013-07-18,4168,81.31
2013-07-19,4168,81.7
2013-07-22,4168,79.74
2013-07-23,4168,80.92
2013-07-24,4168,79.35
2013-07-25,4168,77.24
2013-07-26,4168,78.18
2013-07-29,4168,77.48
2013-07-30,4168,82.48
2013-07-31,4168,82.09
2013-07-01,4171,28.0
2013-07-02,4171,27.7
2013-07-03,4171,27.7
2013-07-08,4171,28.31
2013-07-10,4171,29.1
2013-07-16,4171,30.13
2013-07-17,4171,30.44
2013-07-18,4171,30.44
2013-07-19,4171,27.58
2013-07-22,4171,28.0
2013-07-23,4171,29.04
2013-07-24,4171,29.1
2013-07-25,4171,29.1
2013-07-26,4171,28.31
2013-07-30,4171,28.31
2013-07-31,4171,30.44
2013-07-01,4173,36.01
2013-07-02,4173,36.01
2013-07-03,4173,37.0
2013-07-04,4173,37.23
2013-07-05,4173,36.62
2013-07-09,4173,37.23
2013-07-10,4173,37.11
2013-07-15,4173,40.28
2013-07-16,4173,40.55
2013-07-17,4173,40.28
2013-07-18,4173,39.43
2013-07-19,4173,39.97
2013-07-22,4173,40.28
2013-07-23,4173,39.97
2013-07-24,4173,39.67
2013-07-26,4173,39.67
2013-07-29,4173,40.49
2013-07-31,4173,39.67
2013-07-01,4174,161.86
2013-07-02,4174,161.38
2013-07-03,4174,162.73
2013-07-04,4174,163.2
2013-07-05,4174,162.8
2013-07-08,4174,162.73
2013-07-09,4174,168.06
2013-07-10,4174,166.02
2013-07-11,4174,166.07
2013-07-12,4174,167.09
2013-07-15,4174,169.51
2013-07-16,4174,168.83
2013-07-17,4174,169.03
2013-07-18,4174,169.03
2013-07-19,4174,169.37
2013-07-22,4174,168.88
2013-07-23,4174,168.95
2013-07-24,4174,169.03
2013-07-25,4174,166.8
2013-07-26,4174,166.7
2013-07-29,4174,164.67
2013-07-30,4174,166.59
2013-07-31,4174,164.86
2013-07-01,4175,26.61
2013-07-03,4175,26.09
2013-07-04,4175,26.09
2013-07-05,4175,26.17
2013-07-08,4175,26.19
2013-07-09,4175,26.61
2013-07-10,4175,27.18
2013-07-11,4175,29.95
2013-07-12,4175,29.22
2013-07-15,4175,28.85
2013-07-16,4175,29.74
2013-07-17,4175,29.53
2013-07-18,4175,29.53
2013-07-19,4175,29.32
2013-07-22,4175,29.22
2013-07-23,4175,29.22
2013-07-24,4175,29.48
2013-07-26,4175,29.06
2013-07-29,4175,29.22
2013-07-30,4175,28.96
2013-07-31,4175,29.22
2013-07-02,4183,12.48
2013-07-03,4183,12.63
2013-07-04,4183,12.63
2013-07-05,4183,12.55
2013-07-08,4183,12.63
2013-07-10,4183,12.7
2013-07-12,4183,12.63
2013-07-15,4183,12.99
2013-07-16,4183,13.22
2013-07-19,4183,12.92
2013-07-25,4183,12.77
2013-07-26,4183,12.33
2013-07-29,4183,12.33
2013-07-30,4183,12.63
2013-07-31,4183,12.33
2013-07-01,4205,20.42
2013-07-02,4205,20.62
2013-07-03,4205,20.59
2013-07-04,4205,20.77
2013-07-05,4205,20.79
2013-07-08,4205,20.77
2013-07-09,4205,20.69
2013-07-10,4205,20.57
2013-07-11,4205,20.62
2013-07-12,4205,20.47
2013-07-15,4205,20.67
2013-07-16,4205,20.59
2013-07-17,4205,20.59
2013-07-18,4205,21.24
2013-07-19,4205,21.27
2013-07-22,4205,21.17
2013-07-23,4205,21.17
2013-07-24,4205,21.27
2013-07-25,4205,21.27
2013-07-26,4205,21.37
2013-07-29,4205,21.34
2013-07-30,4205,21.57
2013-07-31,4205,21.87
2013-07-01,4207,9.19
2013-07-02,4207,8.99
2013-07-03,4207,9.21
2013-07-04,4207,9.51
2013-07-05,4207,10.15
2013-07-08,4207,10.3
2013-07-09,4207,10.35
2013-07-10,4207,10.25
2013-07-11,4207,9.91
2013-07-12,4207,10.4
2013-07-15,4207,10.3
2013-07-16,4207,10.23
2013-07-17,4207,10.4
2013-07-18,4207,10.18
2013-07-19,4207,10.28
2013-07-22,4207,10.99
2013-07-23,4207,10.99
2013-07-24,4207,10.99
2013-07-25,4207,10.8
2013-07-26,4207,10.6
2013-07-29,4207,10.7
2013-07-30,4207,11.39
2013-07-31,4207,11.22
2013-07-01,4303,4.29
2013-07-02,4303,4.32
2013-07-04,4303,4.27
2013-07-05,4303,4.28
2013-07-08,4303,4.24
2013-07-09,4303,4.24
2013-07-10,4303,4.41
2013-07-11,4303,4.35
2013-07-12,4303,4.29
2013-07-15,4303,4.3
2013-07-16,4303,4.3
2013-07-17,4303,4.4
2013-07-18,4303,4.4
2013-07-22,4303,4.3
2013-07-23,4303,4.4
2013-07-24,4303,4.33
2013-07-25,4303,4.42
2013-07-26,4303,4.42
2013-07-29,4303,4.45
2013-07-30,4303,4.43
2013-07-31,4303,4.38
2013-07-02,4304,14.64
2013-07-03,4304,14.64
2013-07-04,4304,14.5
2013-07-05,4304,14.7
2013-07-08,4304,14.7
2013-07-10,4304,14.7
2013-07-11,4304,14.4
2013-07-12,4304,14.7
2013-07-15,4304,15.12
2013-07-16,4304,14.64
2013-07-17,4304,14.75
2013-07-18,4304,14.75
2013-07-19,4304,14.46
2013-07-22,4304,14.6
2013-07-23,4304,14.81
2013-07-25,4304,14.77
2013-07-26,4304,14.77
2013-07-29,4304,14.7
2013-07-30,4304,14.6
2013-07-31,4304,14.52
2013-07-01,4305,13.44
2013-07-02,4305,13.39
2013-07-03,4305,13.49
2013-07-04,4305,13.49
2013-07-05,4305,13.39
2013-07-08,4305,13.14
2013-07-09,4305,13.14
2013-07-10,4305,13.14
2013-07-11,4305,13.39
2013-07-12,4305,13.39
2013-07-15,4305,13.44
2013-07-16,4305,13.34
2013-07-17,4305,13.49
2013-07-18,4305,13.66
2013-07-19,4305,13.64
2013-07-22,4305,13.54
2013-07-23,4305,13.68
2013-07-24,4305,13.56
2013-07-25,4305,13.66
2013-07-26,4305,13.88
2013-07-29,4305,13.98
2013-07-30,4305,13.78
2013-07-31,4305,13.98
2013-07-01,4306,10.72
2013-07-02,4306,10.7
2013-07-03,4306,10.67
2013-07-04,4306,10.62
2013-07-05,4306,10.72
2013-07-08,4306,10.85
2013-07-09,4306,10.88
2013-07-10,4306,11.05
2013-07-11,4306,11.05
2013-07-12,4306,11.0
2013-07-15,4306,11.19
2013-07-16,4306,11.19
2013-07-17,4306,11.21
2013-07-18,4306,11.21
2013-07-19,4306,11.19
2013-07-22,4306,11.5
2013-07-23,4306,11.39
2013-07-24,4306,11.6
2013-07-25,4306,11.75
2013-07-26,4306,11.85
2013-07-29,4306,11.78
2013-07-30,4306,11.93
2013-07-31,4306,11.91
2013-07-01,4401,55.0
2013-07-02,4401,55.32
2013-07-03,4401,53.43
2013-07-04,4401,55.0
2013-07-05,4401,58.84
2013-07-08,4401,56.57
2013-07-09,4401,59.59
2013-07-10,4401,57.2
2013-07-11,4401,58.27
2013-07-12,4401,58.52
2013-07-15,4401,57.71
2013-07-16,4401,56.89
2013-07-17,4401,56.2
2013-07-18,4401,53.43
2013-07-19,4401,54.31
2013-07-22,4401,55.95
2013-07-23,4401,56.01
2013-07-24,4401,55.32
2013-07-25,4401,53.62
2013-07-26,4401,49.91
2013-07-29,4401,52.55
2013-07-30,4401,52.94
2013-07-31,4401,52.62
2013-07-01,4402,19.83
2013-07-02,4402,19.85
2013-07-03,4402,19.79
2013-07-04,4402,20.02
2013-07-05,4402,20.12
2013-07-08,4402,20.14
2013-07-09,4402,20.23
2013-07-10,4402,21.59
2013-07-11,4402,23.04
2013-07-12,4402,23.76
2013-07-15,4402,22.83
2013-07-16,4402,22.83
2013-07-17,4402,22.93
2013-07-18,4402,22.42
2013-07-19,4402,22.21
2013-07-22,4402,23.35
2013-07-23,4402,23.24
2013-07-24,4402,22.73
2013-07-25,4402,22.42
2013-07-26,4402,22.93
2013-07-29,4402,22.93
2013-07-30,4402,22.83
2013-07-31,4402,22.0
2013-07-01,4406,7.4
2013-07-02,4406,7.24
2013-07-03,4406,7.44
2013-07-04,4406,7.4
2013-07-05,4406,7.28
2013-07-08,4406,7.25
2013-07-09,4406,7.24
2013-07-10,4406,7.23
2013-07-11,4406,7.11
2013-07-12,4406,7.2
2013-07-16,4406,7.27
2013-07-17,4406,7.06
2013-07-18,4406,7.2
2013-07-19,4406,7.23
2013-07-24,4406,7.21
2013-07-25,4406,7.03
2013-07-26,4406,7.03
2013-07-29,4406,7.11
2013-07-30,4406,7.06
2013-07-31,4406,7.25
2013-07-01,4413,20.95
2013-07-05,4413,19.51
2013-07-08,4413,19.36
2013-07-10,4413,19.55
2013-07-12,4413,20.82
2013-07-15,4413,20.63
2013-07-16,4413,20.63
2013-07-17,4413,20.63
2013-07-18,4413,19.39
2013-07-19,4413,18.07
2013-07-22,4413,18.76
2013-07-23,4413,20.02
2013-07-24,4413,20.32
2013-07-30,4413,19.64
2013-07-31,4413,18.76
2013-07-01,4414,42.4
2013-07-02,4414,42.04
2013-07-03,4414,42.04
2013-07-04,4414,42.4
2013-07-05,4414,43.46
2013-07-08,4414,42.75
2013-07-09,4414,42.75
2013-07-10,4414,44.52
2013-07-11,4414,44.52
2013-07-12,4414,44.16
2013-07-15,4414,43.46
2013-07-16,4414,43.63
2013-07-17,4414,45.92
2013-07-18,4414,44.87
2013-07-19,4414,44.34
2013-07-22,4414,44.7
2013-07-23,4414,44.87
2013-07-24,4414,44.16
2013-07-25,4414,43.81
2013-07-26,4414,43.81
2013-07-29,4414,42.93
2013-07-30,4414,43.1
2013-07-31,4414,43.1
2013-07-01,4416,77.04
2013-07-02,4416,77.04
2013-07-03,4416,75.91
2013-07-04,4416,75.06
2013-07-05,4416,75.06
2013-07-08,4416,71.32
2013-07-09,4416,71.32
2013-07-10,4416,71.32
2013-07-11,4416,70.7
2013-07-12,4416,69.76
2013-07-15,4416,69.14
2013-07-16,4416,68.2
2013-07-17,4416,67.27
2013-07-18,4416,66.02
2013-07-19,4416,70.38
2013-07-22,4416,70.38
2013-07-23,4416,68.83
2013-07-24,4416,68.52
2013-07-25,4416,69.14
2013-07-26,4416,67.27
2013-07-29,4416,66.02
2013-07-30,4416,67.89
2013-07-31,4416,67.27
2013-07-01,4417,9.37
2013-07-02,4417,9.37
2013-07-03,4417,9.21
2013-07-04,4417,9.24
2013-07-05,4417,9.3
2013-07-08,4417,9.35
2013-07-09,4417,9.28
2013-07-10,4417,9.3
2013-07-11,4417,9.26
2013-07-12,4417,9.35
2013-07-15,4417,9.43
2013-07-16,4417,9.41
2013-07-17,4417,9.39
2013-07-18,4417,9.41
2013-07-19,4417,9.43
2013-07-22,4417,9.48
2013-07-23,4417,9.57
2013-07-24,4417,9.52
2013-07-25,4417,9.48
2013-07-26,4417,9.61
2013-07-29,4417,9.68
2013-07-30,4417,9.65
2013-07-31,4417,9.59
2013-07-02,4419,20.21
2013-07-03,4419,20.17
2013-07-04,4419,20.15
2013-07-05,4419,20.23
2013-07-08,4419,19.79
2013-07-09,4419,20.0
2013-07-10,4419,20.31
2013-07-11,4419,19.79
2013-07-12,4419,20.0
2013-07-15,4419,20.0
2013-07-16,4419,20.0
2013-07-17,4419,20.0
2013-07-18,4419,19.79
2013-07-22,4419,21.04
2013-07-23,4419,22.5
2013-07-24,4419,24.06
2013-07-25,4419,25.73
2013-07-26,4419,26.67
2013-07-29,4419,27.5
2013-07-30,4419,26.88
2013-07-31,4419,28.75
2013-07-01,4420,4.73
2013-07-02,4420,4.78
2013-07-04,4420,4.77
2013-07-05,4420,4.72
2013-07-08,4420,4.72
2013-07-09,4420,4.72
2013-07-10,4420,4.72
2013-07-11,4420,4.75
2013-07-12,4420,4.75
2013-07-15,4420,4.75
2013-07-16,4420,4.75
2013-07-17,4420,4.76
2013-07-18,4420,4.76
2013-07-19,4420,4.76
2013-07-22,4420,4.77
2013-07-23,4420,4.77
2013-07-24,4420,4.81
2013-07-25,4420,4.76
2013-07-26,4420,4.82
2013-07-29,4420,4.85
2013-07-30,4420,4.93
2013-07-31,4420,4.85
2013-07-01,4426,11.26
2013-07-02,4426,11.23
2013-07-03,4426,11.05
2013-07-04,4426,11.09
2013-07-05,4426,11.31
2013-07-08,4426,10.99
2013-07-09,4426,11.09
2013-07-10,4426,10.33
2013-07-11,4426,10.15
2013-07-12,4426,10.4
2013-07-15,4426,10.29
2013-07-16,4426,10.31
2013-07-17,4426,10.85
2013-07-18,4426,10.59
2013-07-19,4426,10.34
2013-07-22,4426,10.31
2013-07-23,4426,11.02
2013-07-24,4426,11.7
2013-07-25,4426,11.54
2013-07-26,4426,11.11
2013-07-29,4426,10.76
2013-07-30,4426,10.95
2013-07-31,4426,10.5
2013-07-01,4429,26.64
2013-07-02,4429,26.45
2013-07-03,4429,26.17
2013-07-04,4429,26.41
2013-07-05,4429,26.73
2013-07-08,4429,26.92
2013-07-09,4429,27.68
2013-07-10,4429,27.63
2013-07-11,4429,27.06
2013-07-12,4429,26.83
2013-07-15,4429,26.59
2013-07-16,4429,26.5
2013-07-17,4429,26.36
2013-07-18,4429,25.98
2013-07-19,4429,26.22
2013-07-22,4429,26.03
2013-07-23,4429,26.22
2013-07-24,4429,26.69
2013-07-25,4429,26.36
2013-07-26,4429,26.17
2013-07-29,4429,25.98
2013-07-30,4429,25.98
2013-07-31,4429,25.98
2013-07-01,4430,26.62
2013-07-02,4430,26.07
2013-07-03,4430,26.88
2013-07-04,4430,26.3
2013-07-05,4430,27.23
2013-07-08,4430,27.58
2013-07-09,4430,27.17
2013-07-10,4430,27.65
2013-07-11,4430,28.13
2013-07-12,4430,30.09
2013-07-15,4430,30.32
2013-07-16,4430,32.08
2013-07-17,4430,31.51
2013-07-18,4430,30.39
2013-07-19,4430,30.39
2013-07-22,4430,30.32
2013-07-23,4430,30.12
2013-07-24,4430,29.32
2013-07-25,4430,29.59
2013-07-26,4430,28.99
2013-07-29,4430,28.46
2013-07-30,4430,29.79
2013-07-31,4430,29.86
2013-07-01,4432,53.35
2013-07-02,4432,53.22
2013-07-03,4432,52.29
2013-07-04,4432,52.42
2013-07-05,4432,54.65
2013-07-08,4432,54.21
2013-07-09,4432,56.38
2013-07-10,4432,55.14
2013-07-11,4432,54.65
2013-07-12,4432,55.21
2013-07-15,4432,54.03
2013-07-16,4432,53.84
2013-07-17,4432,53.04
2013-07-18,4432,50.87
2013-07-19,4432,50.81
2013-07-22,4432,50.87
2013-07-23,4432,51.3
2013-07-24,4432,50.68
2013-07-25,4432,50.37
2013-07-26,4432,50.44
2013-07-29,4432,49.38
2013-07-30,4432,49.57
2013-07-31,4432,49.57
2013-07-01,4433,31.35
2013-07-02,4433,31.24
2013-07-04,4433,31.34
2013-07-05,4433,31.34
2013-07-08,4433,31.15
2013-07-09,4433,31.23
2013-07-10,4433,31.29
2013-07-11,4433,30.62
2013-07-12,4433,30.93
2013-07-15,4433,30.13
2013-07-16,4433,30.13
2013-07-17,4433,30.62
2013-07-18,4433,31.32
2013-07-19,4433,31.23
2013-07-22,4433,30.62
2013-07-23,4433,30.93
2013-07-25,4433,31.84
2013-07-26,4433,31.84
2013-07-30,4433,32.03
2013-07-31,4433,32.27
2013-07-02,4502,10.35
2013-07-04,4502,10.7
2013-07-05,4502,10.21
2013-07-09,4502,10.23
2013-07-10,4502,10.16
2013-07-11,4502,9.49
2013-07-12,4502,10.14
2013-07-15,4502,10.65
2013-07-17,4502,10.18
2013-07-18,4502,9.6
2013-07-19,4502,9.46
2013-07-23,4502,9.75
2013-07-24,4502,9.74
2013-07-25,4502,9.74
2013-07-26,4502,9.37
2013-07-29,4502,10.03
2013-07-30,4502,10.73
2013-07-31,4502,10.16
2013-07-01,4503,7.34
2013-07-02,4503,7.38
2013-07-03,4503,6.91
2013-07-04,4503,7.19
2013-07-05,4503,6.99
2013-07-08,4503,6.98
2013-07-09,4503,6.87
2013-07-10,4503,6.85
2013-07-11,4503,6.69
2013-07-12,4503,6.81
2013-07-15,4503,6.87
2013-07-16,4503,7.03
2013-07-17,4503,7.02
2013-07-18,4503,7.23
2013-07-19,4503,7.09
2013-07-22,4503,7.33
2013-07-23,4503,7.1
2013-07-24,4503,7.14
2013-07-25,4503,7.38
2013-07-26,4503,7.18
2013-07-29,4503,7.19
2013-07-30,4503,7.31
2013-07-31,4503,7.19
2013-07-01,4506,11.72
2013-07-02,4506,11.78
2013-07-03,4506,11.68
2013-07-04,4506,11.78
2013-07-05,4506,11.97
2013-07-08,4506,11.94
2013-07-09,4506,11.9
2013-07-10,4506,12.72
2013-07-11,4506,12.75
2013-07-12,4506,13.07
2013-07-15,4506,13.19
2013-07-16,4506,13.07
2013-07-17,4506,13.19
2013-07-18,4506,13.25
2013-07-19,4506,13.0
2013-07-22,4506,13.62
2013-07-23,4506,13.88
2013-07-24,4506,13.59
2013-07-25,4506,13.53
2013-07-26,4506,13.4
2013-07-29,4506,13.53
2013-07-30,4506,13.44
2013-07-31,4506,13.44
2013-07-01,4510,7.55
2013-07-02,4510,7.81
2013-07-03,4510,7.78
2013-07-04,4510,7.91
2013-07-05,4510,7.95
2013-07-08,4510,8.18
2013-07-09,4510,8.74
2013-07-10,4510,8.97
2013-07-11,4510,9.0
2013-07-12,4510,9.63
2013-07-15,4510,9.59
2013-07-16,4510,9.82
2013-07-17,4510,10.15
2013-07-18,4510,10.15
2013-07-19,4510,10.02
2013-07-22,4510,10.42
2013-07-23,4510,10.35
2013-07-24,4510,10.09
2013-07-25,4510,10.25
2013-07-26,4510,10.09
2013-07-29,4510,9.99
2013-07-30,4510,10.09
2013-07-31,4510,10.15
2013-07-01,4513,7.84
2013-07-02,4513,7.83
2013-07-03,4513,7.75
2013-07-04,4513,7.76
2013-07-05,4513,7.78
2013-07-08,4513,7.74
2013-07-09,4513,7.88
2013-07-10,4513,8.14
2013-07-11,4513,8.08
2013-07-12,4513,8.08
2013-07-15,4513,8.02
2013-07-16,4513,8.15
2013-07-17,4513,8.15
2013-07-18,4513,8.06
2013-07-19,4513,7.98
2013-07-22,4513,8.03
2013-07-23,4513,8.1
2013-07-24,4513,8.16
2013-07-25,4513,8.7
2013-07-26,4513,8.42
2013-07-29,4513,8.25
2013-07-30,4513,8.33
2013-07-31,4513,8.21
2013-07-01,4523,26.35
2013-07-02,4523,27.01
2013-07-03,4523,26.82
2013-07-04,4523,27.06
2013-07-05,4523,28.1
2013-07-08,4523,28.1
2013-07-09,4523,27.91
2013-07-10,4523,28.01
2013-07-11,4523,27.91
2013-07-12,4523,28.15
2013-07-15,4523,28.24
2013-07-16,4523,30.19
2013-07-17,4523,31.8
2013-07-18,4523,31.61
2013-07-19,4523,32.18
2013-07-22,4523,31.89
2013-07-23,4523,31.46
2013-07-24,4523,32.98
2013-07-25,4523,33.08
2013-07-26,4523,31.79
2013-07-29,4523,31.27
2013-07-30,4523,31.36
2013-07-31,4523,30.79
2013-07-01,4526,17.76
2013-07-02,4526,17.72
2013-07-03,4526,17.61
2013-07-04,4526,17.57
2013-07-05,4526,17.69
2013-07-08,4526,17.76
2013-07-09,4526,17.87
2013-07-10,4526,18.03
2013-07-11,4526,18.21
2013-07-12,4526,17.99
2013-07-15,4526,18.37
2013-07-16,4526,18.37
2013-07-17,4526,18.33
2013-07-18,4526,18.89
2013-07-19,4526,18.59
2013-07-22,4526,18.52
2013-07-23,4526,18.74
2013-07-24,4526,18.55
2013-07-25,4526,18.88
2013-07-26,4526,18.88
2013-07-29,4526,18.96
2013-07-30,4526,18.88
2013-07-31,4526,18.72
2013-07-01,4527,9.54
2013-07-02,4527,9.61
2013-07-03,4527,9.57
2013-07-04,4527,9.52
2013-07-05,4527,9.54
2013-07-08,4527,9.5
2013-07-09,4527,9.47
2013-07-10,4527,9.47
2013-07-11,4527,9.52
2013-07-12,4527,9.5
2013-07-15,4527,9.45
2013-07-16,4527,9.36
2013-07-17,4527,9.38
2013-07-18,4527,9.38
2013-07-19,4527,9.38
2013-07-22,4527,9.33
2013-07-23,4527,9.4
2013-07-24,4527,9.4
2013-07-25,4527,9.38
2013-07-26,4527,9.4
2013-07-29,4527,9.36
2013-07-30,4527,9.4
2013-07-31,4527,9.36
2013-07-01,4528,11.02
2013-07-02,4528,11.07
2013-07-03,4528,11.13
2013-07-04,4528,11.22
2013-07-05,4528,11.27
2013-07-08,4528,11.27
2013-07-09,4528,11.33
2013-07-10,4528,11.36
2013-07-11,4528,11.53
2013-07-12,4528,11.53
2013-07-15,4528,11.62
2013-07-16,4528,11.73
2013-07-17,4528,11.99
2013-07-18,4528,11.99
2013-07-19,4528,11.76
2013-07-22,4528,11.9
2013-07-23,4528,11.93
2013-07-24,4528,12.39
2013-07-25,4528,13.25
2013-07-26,4528,13.96
2013-07-29,4528,14.63
2013-07-30,4528,14.69
2013-07-31,4528,14.35
2013-07-01,4529,14.53
2013-07-02,4529,14.44
2013-07-03,4529,14.63
2013-07-04,4529,14.34
2013-07-05,4529,14.44
2013-07-08,4529,14.29
2013-07-09,4529,14.53
2013-07-10,4529,14.34
2013-07-11,4529,14.68
2013-07-12,4529,14.68
2013-07-15,4529,14.68
2013-07-16,4529,14.68
2013-07-17,4529,15.69
2013-07-18,4529,15.59
2013-07-19,4529,15.5
2013-07-22,4529,15.21
2013-07-23,4529,15.5
2013-07-24,4529,15.5
2013-07-25,4529,15.5
2013-07-26,4529,15.59
2013-07-29,4529,15.45
2013-07-30,4529,15.3
2013-07-31,4529,14.92
2013-07-01,4530,6.17
2013-07-02,4530,5.94
2013-07-03,4530,5.67
2013-07-04,4530,5.94
2013-07-05,4530,5.69
2013-07-08,4530,5.61
2013-07-09,4530,5.22
2013-07-10,4530,5.25
2013-07-11,4530,5.61
2013-07-12,4530,5.67
2013-07-15,4530,5.55
2013-07-16,4530,5.92
2013-07-17,4530,5.55
2013-07-18,4530,5.55
2013-07-19,4530,5.78
2013-07-22,4530,5.42
2013-07-23,4530,5.25
2013-07-24,4530,5.61
2013-07-25,4530,5.86
2013-07-26,4530,5.86
2013-07-29,4530,5.5
2013-07-30,4530,5.14
2013-07-31,4530,5.42
2013-07-01,4532,12.93
2013-07-02,4532,12.83
2013-07-03,4532,12.79
2013-07-04,4532,12.79
2013-07-05,4532,12.81
2013-07-08,4532,12.76
2013-07-09,4532,12.81
2013-07-10,4532,12.83
2013-07-11,4532,13.32
2013-07-12,4532,13.39
2013-07-15,4532,13.58
2013-07-16,4532,13.55
2013-07-17,4532,13.81
2013-07-18,4532,13.76
2013-07-19,4532,14.02
2013-07-22,4532,14.08
2013-07-23,4532,13.92
2013-07-24,4532,13.89
2013-07-25,4532,14.02
2013-07-26,4532,13.79
2013-07-29,4532,13.79
2013-07-30,4532,13.76
2013-07-31,4532,13.66
2013-07-01,4533,7.8
2013-07-02,4533,7.8
2013-07-03,4533,7.76
2013-07-04,4533,7.76
2013-07-05,4533,7.8
2013-07-08,4533,7.83
2013-07-09,4533,7.99
2013-07-10,4533,8.28
2013-07-11,4533,8.22
2013-07-12,4533,8.44
2013-07-15,4533,8.31
2013-07-16,4533,8.31
2013-07-17,4533,8.89
2013-07-18,4533,9.12
2013-07-19,4533,8.99
2013-07-22,4533,8.89
2013-07-23,4533,9.15
2013-07-24,4533,8.83
2013-07-25,4533,8.96
2013-07-26,4533,8.99
2013-07-29,4533,8.99
2013-07-30,4533,8.96
2013-07-31,4533,9.09
2013-07-01,4534,7.36
2013-07-02,4534,7.45
2013-07-03,4534,7.97
2013-07-04,4534,8.51
2013-07-05,4534,9.0
2013-07-08,4534,8.39
2013-07-09,4534,7.95
2013-07-10,4534,8.35
2013-07-11,4534,8.1
2013-07-12,4534,8.18
2013-07-15,4534,8.18
2013-07-16,4534,8.12
2013-07-17,4534,8.18
2013-07-18,4534,7.94
2013-07-19,4534,7.94
2013-07-22,4534,8.02
2013-07-23,4534,8.14
2013-07-24,4534,8.18
2013-07-25,4534,8.35
2013-07-26,4534,8.3
2013-07-29,4534,8.47
2013-07-30,4534,8.35
2013-07-31,4534,8.92
2013-07-01,4535,21.6
2013-07-02,4535,21.66
2013-07-03,4535,21.71
2013-07-04,4535,21.54
2013-07-05,4535,21.54
2013-07-08,4535,21.42
2013-07-09,4535,21.34
2013-07-10,4535,21.34
2013-07-11,4535,21.36
2013-07-12,4535,21.71
2013-07-15,4535,21.68
2013-07-16,4535,21.62
2013-07-17,4535,21.77
2013-07-18,4535,21.48
2013-07-19,4535,21.36
2013-07-22,4535,21.42
2013-07-23,4535,21.42
2013-07-24,4535,21.39
2013-07-25,4535,22.23
2013-07-26,4535,22.26
2013-07-29,4535,22.41
2013-07-30,4535,23.36
2013-07-31,4535,23.16
2013-07-01,4536,95.22
2013-07-02,4536,95.04
2013-07-03,4536,94.92
2013-07-04,4536,98.43
2013-07-05,4536,99.67
2013-07-08,4536,100.8
2013-07-09,4536,100.56
2013-07-10,4536,99.67
2013-07-11,4536,100.03
2013-07-12,4536,98.48
2013-07-15,4536,102.93
2013-07-16,4536,103.23
2013-07-17,4536,106.79
2013-07-18,4536,110.35
2013-07-19,4536,113.91
2013-07-22,4536,115.1
2013-07-23,4536,118.66
2013-07-24,4536,116.88
2013-07-25,4536,114.5
2013-07-26,4536,116.28
2013-07-29,4536,115.1
2013-07-30,4536,111.54
2013-07-31,4536,109.34
2013-07-02,4538,11.04
2013-07-03,4538,10.86
2013-07-05,4538,11.0
2013-07-08,4538,10.67
2013-07-09,4538,10.78
2013-07-10,4538,10.86
2013-07-11,4538,10.93
2013-07-15,4538,10.91
2013-07-18,4538,10.91
2013-07-19,4538,10.91
2013-07-25,4538,10.53
2013-07-30,4538,10.31
2013-07-01,4541,22.04
2013-07-02,4541,22.04
2013-07-03,4541,21.3
2013-07-04,4541,21.3
2013-07-05,4541,21.45
2013-07-08,4541,21.45
2013-07-11,4541,21.3
2013-07-12,4541,21.45
2013-07-15,4541,21.38
2013-07-16,4541,21.3
2013-07-17,4541,21.23
2013-07-18,4541,21.3
2013-07-19,4541,20.57
2013-07-22,4541,19.83
2013-07-23,4541,19.17
2013-07-24,4541,18.8
2013-07-25,4541,18.58
2013-07-26,4541,18.01
2013-07-29,4541,19.79
2013-07-30,4541,19.32
2013-07-31,4541,19.02
2013-07-15,4542,37.33
2013-07-17,4542,36.21
2013-07-18,4542,35.9
2013-07-22,4542,36.22
2013-07-23,4542,36.11
2013-07-24,4542,34.94
2013-07-26,4542,34.47
2013-07-29,4542,34.47
2013-07-31,4542,35.58
2013-07-01,4545,49.28
2013-07-02,4545,48.03
2013-07-03,4545,48.24
2013-07-04,4545,44.91
2013-07-05,4545,43.64
2013-07-08,4545,46.52
2013-07-09,4545,45.65
2013-07-10,4545,45.6
2013-07-11,4545,44.62
2013-07-12,4545,43.73
2013-07-15,4545,41.99
2013-07-16,4545,41.72
2013-07-17,4545,40.61
2013-07-18,4545,39.91
2013-07-19,4545,40.78
2013-07-22,4545,41.85
2013-07-23,4545,41.51
2013-07-24,4545,39.91
2013-07-25,4545,40.26
2013-07-26,4545,40.26
2013-07-29,4545,39.77
2013-07-30,4545,39.77
2013-07-31,4545,39.77
2013-07-01,4609,11.8
2013-07-02,4609,11.9
2013-07-03,4609,11.55
2013-07-04,4609,11.2
2013-07-05,4609,11.35
2013-07-08,4609,10.95
2013-07-09,4609,11.05
2013-07-10,4609,11.05
2013-07-11,4609,11.3
2013-07-12,4609,11.2
2013-07-15,4609,11.2
2013-07-16,4609,11.95
2013-07-17,4609,12.05
2013-07-18,4609,11.7
2013-07-19,4609,11.6
2013-07-22,4609,12.4
2013-07-23,4609,12.2
2013-07-24,4609,12.1
2013-07-25,4609,11.9
2013-07-26,4609,11.85
2013-07-29,4609,11.8
2013-07-30,4609,11.75
2013-07-31,4609,11.75
2013-07-01,4702,77.96
2013-07-02,4702,78.11
2013-07-03,4702,75.64
2013-07-04,4702,72.7
2013-07-05,4702,74.24
2013-07-08,4702,74.24
2013-07-09,4702,74.4
2013-07-10,4702,74.55
2013-07-11,4702,74.71
2013-07-12,4702,73.79
2013-07-15,4702,73.01
2013-07-16,4702,72.7
2013-07-17,4702,73.16
2013-07-18,4702,73.94
2013-07-19,4702,73.32
2013-07-22,4702,73.01
2013-07-23,4702,72.85
2013-07-24,4702,73.16
2013-07-25,4702,73.94
2013-07-26,4702,73.01
2013-07-29,4702,71.77
2013-07-30,4702,72.24
2013-07-31,4702,71.15
2013-07-01,4706,9.2
2013-07-02,4706,9.29
2013-07-03,4706,9.11
2013-07-04,4706,9.14
2013-07-05,4706,9.23
2013-07-08,4706,9.26
2013-07-09,4706,9.2
2013-07-10,4706,9.17
2013-07-11,4706,9.2
2013-07-12,4706,9.26
2013-07-15,4706,9.17
2013-07-16,4706,9.2
2013-07-17,4706,9.26
2013-07-18,4706,9.26
2013-07-19,4706,9.23
2013-07-22,4706,9.17
2013-07-23,4706,9.26
2013-07-24,4706,9.2
2013-07-25,4706,9.23
2013-07-26,4706,9.23
2013-07-29,4706,9.2
2013-07-30,4706,9.14
2013-07-31,4706,9.17
2013-07-01,4707,4.61
2013-07-02,4707,4.61
2013-07-03,4707,4.62
2013-07-04,4707,4.64
2013-07-05,4707,4.7
2013-07-08,4707,4.67
2013-07-09,4707,4.73
2013-07-10,4707,4.79
2013-07-11,4707,4.89
2013-07-12,4707,4.82
2013-07-15,4707,4.87
2013-07-16,4707,5.06
2013-07-17,4707,5.04
2013-07-18,4707,4.94
2013-07-19,4707,4.8
2013-07-22,4707,4.87
2013-07-23,4707,4.89
2013-07-24,4707,4.92
2013-07-25,4707,4.94
2013-07-26,4707,5.25
2013-07-29,4707,5.33
2013-07-30,4707,5.28
2013-07-31,4707,5.23
2013-07-01,4711,11.44
2013-07-02,4711,11.22
2013-07-03,4711,11.22
2013-07-04,4711,11.2
2013-07-05,4711,11.14
2013-07-08,4711,11.14
2013-07-09,4711,11.52
2013-07-10,4711,11.39
2013-07-11,4711,11.33
2013-07-12,4711,11.22
2013-07-15,4711,11.5
2013-07-16,4711,11.66
2013-07-17,4711,11.86
2013-07-18,4711,11.86
2013-07-19,4711,11.26
2013-07-22,4711,10.87
2013-07-23,4711,10.42
2013-07-24,4711,10.48
2013-07-25,4711,10.19
2013-07-26,4711,9.86
2013-07-29,4711,9.72
2013-07-30,4711,9.72
2013-07-31,4711,9.83
2013-07-01,4712,42.37
2013-07-02,4712,40.67
2013-07-03,4712,37.9
2013-07-04,4712,36.05
2013-07-05,4712,38.52
2013-07-08,4712,41.22
2013-07-09,4712,44.06
2013-07-10,4712,47.15
2013-07-11,4712,46.53
2013-07-12,4712,46.61
2013-07-15,4712,45.46
2013-07-16,4712,45.46
2013-07-17,4712,45.3
2013-07-18,4712,45.07
2013-07-19,4712,45.03
2013-07-22,4712,44.23
2013-07-23,4712,43.59
2013-07-24,4712,43.2
2013-07-25,4712,42.32
2013-07-26,4712,42.48
2013-07-29,4712,41.76
2013-07-30,4712,41.76
2013-07-31,4712,40.57
2013-07-01,4714,7.5
2013-07-02,4714,7.54
2013-07-03,4714,7.6
2013-07-04,4714,7.94
2013-07-05,4714,7.75
2013-07-08,4714,7.75
2013-07-09,4714,7.82
2013-07-10,4714,7.44
2013-07-11,4714,7.35
2013-07-12,4714,7.41
2013-07-15,4714,7.6
2013-07-16,4714,7.5
2013-07-17,4714,7.54
2013-07-18,4714,7.44
2013-07-19,4714,7.32
2013-07-22,4714,7.38
2013-07-23,4714,7.38
2013-07-24,4714,7.44
2013-07-25,4714,7.35
2013-07-26,4714,7.35
2013-07-29,4714,7.29
2013-07-30,4714,7.32
2013-07-31,4714,7.32
2013-07-01,4716,13.8
2013-07-02,4716,14.0
2013-07-03,4716,13.77
2013-07-04,4716,13.41
2013-07-05,4716,13.77
2013-07-08,4716,13.48
2013-07-09,4716,13.51
2013-07-10,4716,13.51
2013-07-11,4716,13.7
2013-07-12,4716,13.77
2013-07-15,4716,13.84
2013-07-16,4716,14.13
2013-07-17,4716,14.29
2013-07-18,4716,13.87
2013-07-19,4716,13.48
2013-07-22,4716,13.28
2013-07-23,4716,13.41
2013-07-24,4716,13.18
2013-07-25,4716,13.31
2013-07-26,4716,13.12
2013-07-29,4716,13.02
2013-07-30,4716,13.05
2013-07-31,4716,12.57
2013-07-01,4720,9.28
2013-07-02,4720,9.28
2013-07-03,4720,9.25
2013-07-04,4720,9.25
2013-07-05,4720,9.25
2013-07-08,4720,9.19
2013-07-09,4720,9.22
2013-07-10,4720,9.22
2013-07-11,4720,9.28
2013-07-12,4720,9.28
2013-07-15,4720,9.37
2013-07-16,4720,9.43
2013-07-17,4720,9.43
2013-07-18,4720,9.46
2013-07-19,4720,9.37
2013-07-22,4720,9.52
2013-07-23,4720,9.65
2013-07-24,4720,9.65
2013-07-25,4720,9.71
2013-07-26,4720,9.56
2013-07-29,4720,9.77
2013-07-30,4720,9.67
2013-07-31,4720,9.48
2013-07-01,4721,12.79
2013-07-02,4721,12.92
2013-07-03,4721,12.79
2013-07-04,4721,12.79
2013-07-05,4721,12.86
2013-07-08,4721,12.66
2013-07-09,4721,12.73
2013-07-10,4721,12.79
2013-07-11,4721,12.89
2013-07-12,4721,12.86
2013-07-15,4721,12.73
2013-07-16,4721,12.79
2013-07-17,4721,12.73
2013-07-18,4721,12.76
2013-07-19,4721,12.86
2013-07-22,4721,12.79
2013-07-23,4721,12.95
2013-07-24,4721,12.89
2013-07-25,4721,12.79
2013-07-26,4721,12.86
2013-07-29,4721,12.98
2013-07-30,4721,12.92
2013-07-31,4721,12.86
2013-07-01,4722,15.24
2013-07-02,4722,15.44
2013-07-03,4722,15.44
2013-07-04,4722,15.32
2013-07-05,4722,15.54
2013-07-08,4722,15.99
2013-07-09,4722,15.74
2013-07-10,4722,15.44
2013-07-11,4722,15.54
2013-07-12,4722,15.69
2013-07-15,4722,14.85
2013-07-16,4722,15.17
2013-07-17,4722,15.14
2013-07-18,4722,14.67
2013-07-19,4722,14.05
2013-07-22,4722,13.9
2013-07-23,4722,14.47
2013-07-24,4722,14.1
2013-07-25,4722,13.93
2013-07-26,4722,13.68
2013-07-29,4722,13.8
2013-07-30,4722,14.42
2013-07-31,4722,14.0
2013-07-01,4725,62.75
2013-07-02,4725,63.73
2013-07-03,4725,61.87
2013-07-04,4725,60.99
2013-07-05,4725,61.32
2013-07-08,4725,61.54
2013-07-09,4725,63.08
2013-07-10,4725,65.06
2013-07-11,4725,66.38
2013-07-12,4725,65.82
2013-07-15,4725,66.6
2013-07-16,4725,67.14
2013-07-17,4725,66.16
2013-07-18,4725,65.06
2013-07-19,4725,64.4
2013-07-22,4725,68.33
2013-07-23,4725,70.77
2013-07-24,4725,69.33
2013-07-25,4725,70.44
2013-07-26,4725,70.55
2013-07-29,4725,69.55
2013-07-30,4725,69.88
2013-07-31,4725,66.34
2013-07-01,4726,70.8
2013-07-02,4726,70.5
2013-07-03,4726,70.0
2013-07-04,4726,69.76
2013-07-05,4726,69.58
2013-07-08,4726,69.22
2013-07-09,4726,69.7
2013-07-10,4726,69.57
2013-07-11,4726,68.84
2013-07-12,4726,68.43
2013-07-15,4726,69.03
2013-07-16,4726,68.8
2013-07-17,4726,68.5
2013-07-18,4726,68.31
2013-07-19,4726,69.29
2013-07-22,4726,70.0
2013-07-23,4726,71.55
2013-07-24,4726,72.0
2013-07-25,4726,71.5
2013-07-26,4726,70.0
2013-07-29,4726,71.25
2013-07-30,4726,70.22
2013-07-31,4726,70.21
2013-07-01,4728,29.35
2013-07-02,4728,29.82
2013-07-03,4728,30.76
2013-07-04,4728,30.88
2013-07-05,4728,30.37
2013-07-08,4728,29.43
2013-07-09,4728,30.49
2013-07-10,4728,30.21
2013-07-11,4728,30.33
2013-07-12,4728,31.51
2013-07-15,4728,32.64
2013-07-16,4728,32.17
2013-07-17,4728,32.09
2013-07-18,4728,31.19
2013-07-19,4728,31.19
2013-07-22,4728,31.19
2013-07-23,4728,31.66
2013-07-24,4728,32.17
2013-07-25,4728,31.54
2013-07-26,4728,30.25
2013-07-29,4728,31.07
2013-07-30,4728,30.84
2013-07-31,4728,30.84
2013-07-01,4729,14.96
2013-07-02,4729,15.2
2013-07-03,4729,14.96
2013-07-04,4729,14.54
2013-07-05,4729,14.84
2013-07-08,4729,14.78
2013-07-09,4729,14.78
2013-07-10,4729,14.47
2013-07-11,4729,14.66
2013-07-12,4729,14.35
2013-07-15,4729,14.23
2013-07-16,4729,14.47
2013-07-17,4729,14.11
2013-07-18,4729,13.93
2013-07-19,4729,13.57
2013-07-22,4729,13.57
2013-07-23,4729,13.75
2013-07-24,4729,13.81
2013-07-25,4729,13.93
2013-07-26,4729,13.81
2013-07-29,4729,13.69
2013-07-30,4729,13.63
2013-07-31,4729,13.44
2013-07-01,4733,37.62
2013-07-02,4733,37.62
2013-07-03,4733,37.2
2013-07-04,4733,37.82
2013-07-05,4733,37.91
2013-07-08,4733,38.18
2013-07-09,4733,38.0
2013-07-10,4733,37.91
2013-07-11,4733,38.18
2013-07-12,4733,38.41
2013-07-15,4733,37.87
2013-07-16,4733,37.96
2013-07-17,4733,38.54
2013-07-18,4733,38.81
2013-07-19,4733,38.36
2013-07-22,4733,37.69
2013-07-23,4733,37.91
2013-07-24,4733,38.05
2013-07-25,4733,38.05
2013-07-26,4733,37.82
2013-07-29,4733,37.2
2013-07-30,4733,37.33
2013-07-31,4733,37.33
2013-07-01,4735,12.42
2013-07-02,4735,12.12
2013-07-03,4735,12.12
2013-07-04,4735,11.69
2013-07-05,4735,11.75
2013-07-08,4735,11.86
2013-07-09,4735,11.69
2013-07-10,4735,11.75
2013-07-11,4735,11.57
2013-07-12,4735,12.12
2013-07-15,4735,12.86
2013-07-16,4735,12.5
2013-07-17,4735,12.27
2013-07-18,4735,12.27
2013-07-19,4735,12.24
2013-07-22,4735,11.98
2013-07-23,4735,11.8
2013-07-24,4735,11.69
2013-07-25,4735,11.6
2013-07-26,4735,11.6
2013-07-29,4735,11.63
2013-07-30,4735,11.83
2013-07-31,4735,11.16
2013-07-01,4736,28.04
2013-07-02,4736,27.54
2013-07-03,4736,27.4
2013-07-04,4736,26.62
2013-07-05,4736,26.3
2013-07-08,4736,27.17
2013-07-09,4736,28.68
2013-07-10,4736,28.59
2013-07-11,4736,29.6
2013-07-12,4736,30.57
2013-07-15,4736,30.52
2013-07-16,4736,30.57
2013-07-17,4736,31.16
2013-07-18,4736,31.12
2013-07-19,4736,31.25
2013-07-22,4736,32.13
2013-07-23,4736,32.13
2013-07-24,4736,32.45
2013-07-25,4736,32.49
2013-07-26,4736,31.58
2013-07-29,4736,32.54
2013-07-30,4736,32.91
2013-07-31,4736,33.5
2013-07-01,4737,37.16
2013-07-02,4737,36.91
2013-07-03,4737,37.42
2013-07-04,4737,36.84
2013-07-05,4737,37.04
2013-07-08,4737,37.1
2013-07-09,4737,36.72
2013-07-10,4737,36.59
2013-07-11,4737,36.53
2013-07-12,4737,37.29
2013-07-15,4737,37.67
2013-07-16,4737,38.38
2013-07-17,4737,37.04
2013-07-18,4737,37.23
2013-07-19,4737,37.1
2013-07-22,4737,37.04
2013-07-23,4737,37.04
2013-07-24,4737,36.84
2013-07-25,4737,36.91
2013-07-26,4737,37.16
2013-07-29,4737,36.78
2013-07-30,4737,37.99
2013-07-31,4737,37.55
2013-07-01,4739,12.68
2013-07-03,4739,12.28
2013-07-05,4739,12.35
2013-07-09,4739,12.35
2013-07-10,4739,12.15
2013-07-11,4739,12.45
2013-07-12,4739,12.41
2013-07-15,4739,12.61
2013-07-16,4739,12.77
2013-07-17,4739,12.81
2013-07-19,4739,12.38
2013-07-22,4739,12.35
2013-07-23,4739,12.35
2013-07-26,4739,12.58
2013-07-29,4739,12.41
2013-07-30,4739,12.25
2013-07-31,4739,12.28
2013-07-01,4741,40.07
2013-07-02,4741,40.07
2013-07-05,4741,40.07
2013-07-08,4741,40.07
2013-07-10,4741,40.07
2013-07-11,4741,40.07
2013-07-12,4741,40.07
2013-07-15,4741,40.07
2013-07-16,4741,40.07
2013-07-17,4741,40.07
2013-07-18,4741,40.3
2013-07-19,4741,40.32
2013-07-22,4741,40.07
2013-07-23,4741,40.07
2013-07-24,4741,40.07
2013-07-25,4741,40.2
2013-07-26,4741,40.14
2013-07-30,4741,40.14
2013-07-31,4741,40.14
2013-07-01,4743,32.0
2013-07-02,4743,30.89
2013-07-03,4743,30.92
2013-07-04,4743,29.16
2013-07-05,4743,27.43
2013-07-08,4743,25.53
2013-07-09,4743,26.84
2013-07-10,4743,26.45
2013-07-11,4743,26.12
2013-07-12,4743,27.95
2013-07-15,4743,29.88
2013-07-16,4743,30.56
2013-07-17,4743,30.27
2013-07-18,4743,30.66
2013-07-19,4743,29.71
2013-07-22,4743,29.0
2013-07-23,4743,29.75
2013-07-24,4743,29.39
2013-07-25,4743,28.21
2013-07-26,4743,28.21
2013-07-29,4743,28.73
2013-07-30,4743,29.16
2013-07-31,4743,31.12
2013-07-04,4744,19.95
2013-07-08,4744,19.91
2013-07-09,4744,19.09
2013-07-10,4744,18.87
2013-07-11,4744,19.5
2013-07-12,4744,18.17
2013-07-15,4744,18.83
2013-07-17,4744,18.38
2013-07-18,4744,18.08
2013-07-19,4744,17.94
2013-07-23,4744,17.63
2013-07-25,4744,17.56
2013-07-26,4744,17.37
2013-07-30,4744,18.09
2013-07-31,4744,17.75
2013-07-01,4745,36.66
2013-07-02,4745,37.36
2013-07-03,4745,37.5
2013-07-04,4745,38.29
2013-07-05,4745,37.17
2013-07-08,4745,37.22
2013-07-09,4745,36.71
2013-07-10,4745,36.8
2013-07-11,4745,37.33
2013-07-12,4745,37.96
2013-07-15,4745,40.13
2013-07-16,4745,39.98
2013-07-17,4745,40.51
2013-07-18,4745,39.98
2013-07-19,4745,39.16
2013-07-22,4745,38.78
2013-07-23,4745,39.16
2013-07-24,4745,38.73
2013-07-25,4745,38.25
2013-07-26,4745,38.1
2013-07-29,4745,38.05
2013-07-30,4745,39.5
2013-07-31,4745,39.31
2013-07-01,4746,35.97
2013-07-02,4746,35.66
2013-07-03,4746,34.96
2013-07-04,4746,34.88
2013-07-05,4746,35.35
2013-07-08,4746,37.38
2013-07-09,4746,38.66
2013-07-10,4746,38.58
2013-07-11,4746,37.92
2013-07-12,4746,38.31
2013-07-15,4746,39.32
2013-07-16,4746,38.78
2013-07-17,4746,38.54
2013-07-18,4746,38.15
2013-07-19,4746,38.23
2013-07-22,4746,40.88
2013-07-23,4746,42.2
2013-07-24,4746,42.75
2013-07-25,4746,43.61
2013-07-26,4746,44.31
2013-07-29,4746,44.07
2013-07-30,4746,43.61
2013-07-31,4746,45.94
2013-07-02,4747,26.41
2013-07-05,4747,29.49
2013-07-09,4747,30.6
2013-07-10,4747,31.8
2013-07-11,4747,33.26
2013-07-12,4747,38.55
2013-07-15,4747,39.03
2013-07-17,4747,39.05
2013-07-18,4747,32.52
2013-07-19,4747,33.73
2013-07-25,4747,37.02
2013-07-26,4747,38.67
2013-07-29,4747,39.56
2013-07-08,4754,7.64
2013-07-19,4754,7.68
2013-07-24,4754,7.68
2013-07-26,4754,7.87
2013-07-29,4754,7.87
2013-07-31,4754,8.02
2013-07-04,4755,24.16
2013-07-12,4755,24.34
2013-07-15,4755,26.32
2013-07-16,4755,27.79
2013-07-17,4755,27.29
2013-07-18,4755,27.62
2013-07-19,4755,26.97
2013-07-22,4755,26.46
2013-07-23,4755,26.77
2013-07-24,4755,26.74
2013-07-26,4755,27.13
2013-07-31,4755,26.7
2013-07-01,4904,44.51
2013-07-02,4904,44.46
2013-07-03,4904,44.74
2013-07-04,4904,44.74
2013-07-05,4904,45.02
2013-07-08,4904,45.02
2013-07-09,4904,46.16
2013-07-10,4904,45.31
2013-07-11,4904,44.29
2013-07-12,4904,44.8
2013-07-15,4904,45.31
2013-07-16,4904,44.97
2013-07-17,4904,45.82
2013-07-18,4904,46.38
2013-07-19,4904,45.02
2013-07-22,4904,45.59
2013-07-23,4904,47.0
2013-07-24,4904,45.47
2013-07-25,4904,44.94
2013-07-26,4904,45.47
2013-07-29,4904,45.76
2013-07-30,4904,45.76
2013-07-31,4904,45.17
2013-07-01,4905,18.73
2013-07-02,4905,18.73
2013-07-03,4905,18.56
2013-07-04,4905,18.69
2013-07-05,4905,18.69
2013-07-08,4905,18.69
2013-07-09,4905,18.56
2013-07-10,4905,18.56
2013-07-11,4905,18.51
2013-07-12,4905,18.6
2013-07-15,4905,18.64
2013-07-16,4905,18.81
2013-07-17,4905,18.85
2013-07-18,4905,18.73
2013-07-19,4905,18.89
2013-07-22,4905,19.13
2013-07-23,4905,19.13
2013-07-24,4905,19.17
2013-07-25,4905,19.17
2013-07-26,4905,19.13
2013-07-29,4905,19.09
2013-07-30,4905,19.17
2013-07-31,4905,18.96
2013-07-01,4906,19.56
2013-07-02,4906,19.35
2013-07-03,4906,19.17
2013-07-04,4906,18.93
2013-07-05,4906,19.56
2013-07-08,4906,19.77
2013-07-09,4906,19.32
2013-07-10,4906,18.67
2013-07-11,4906,18.76
2013-07-12,4906,18.81
2013-07-15,4906,19.41
2013-07-16,4906,19.17
2013-07-17,4906,19.44
2013-07-18,4906,19.2
2013-07-19,4906,19.2
2013-07-22,4906,19.62
2013-07-23,4906,20.27
2013-07-24,4906,20.45
2013-07-25,4906,20.51
2013-07-26,4906,20.27
2013-07-29,4906,20.3
2013-07-30,4906,20.36
2013-07-31,4906,20.07
2013-07-01,4907,8.58
2013-07-02,4907,8.07
2013-07-03,4907,8.28
2013-07-04,4907,8.28
2013-07-05,4907,7.85
2013-07-08,4907,8.39
2013-07-09,4907,8.72
2013-07-10,4907,8.72
2013-07-11,4907,9.08
2013-07-12,4907,8.79
2013-07-17,4907,9.08
2013-07-18,4907,9.08
2013-07-19,4907,9.08
2013-07-22,4907,8.72
2013-07-23,4907,8.72
2013-07-24,4907,8.72
2013-07-25,4907,8.58
2013-07-26,4907,8.72
2013-07-29,4907,8.65
2013-07-30,4907,9.08
2013-07-01,4908,14.25
2013-07-02,4908,14.25
2013-07-03,4908,14.02
2013-07-04,4908,14.02
2013-07-05,4908,14.05
2013-07-08,4908,13.97
2013-07-09,4908,13.97
2013-07-10,4908,13.85
2013-07-11,4908,13.88
2013-07-12,4908,13.88
2013-07-15,4908,14.36
2013-07-16,4908,14.39
2013-07-17,4908,14.22
2013-07-18,4908,14.19
2013-07-19,4908,14.19
2013-07-22,4908,14.11
2013-07-23,4908,14.28
2013-07-24,4908,14.5
2013-07-25,4908,14.76
2013-07-26,4908,14.81
2013-07-29,4908,14.87
2013-07-30,4908,14.76
2013-07-31,4908,14.56
2013-07-01,4909,24.0
2013-07-02,4909,23.78
2013-07-03,4909,23.09
2013-07-04,4909,22.79
2013-07-05,4909,23.12
2013-07-08,4909,23.71
2013-07-09,4909,23.27
2013-07-10,4909,22.76
2013-07-11,4909,22.9
2013-07-12,4909,23.09
2013-07-15,4909,23.71
2013-07-16,4909,23.56
2013-07-17,4909,23.56
2013-07-18,4909,23.93
2013-07-19,4909,24.42
2013-07-22,4909,25.67
2013-07-23,4909,25.94
2013-07-24,4909,27.19
2013-07-25,4909,26.66
2013-07-26,4909,26.05
2013-07-29,4909,26.4
2013-07-30,4909,27.0
2013-07-31,4909,26.62
2013-07-01,4911,50.21
2013-07-02,4911,50.39
2013-07-03,4911,50.3
2013-07-04,4911,50.02
2013-07-05,4911,52.14
2013-07-08,4911,53.8
2013-07-09,4911,55.18
2013-07-10,4911,56.1
2013-07-11,4911,55.46
2013-07-12,4911,55.37
2013-07-15,4911,55.73
2013-07-16,4911,55.64
2013-07-17,4911,54.26
2013-07-18,4911,54.54
2013-07-19,4911,53.52
2013-07-22,4911,53.8
2013-07-23,4911,54.17
2013-07-24,4911,54.35
2013-07-25,4911,54.26
2013-07-26,4911,54.44
2013-07-29,4911,54.54
2013-07-30,4911,54.54
2013-07-31,4911,54.54
2013-07-01,4912,23.48
2013-07-02,4912,23.56
2013-07-03,4912,23.26
2013-07-04,4912,22.72
2013-07-05,4912,22.81
2013-07-08,4912,22.62
2013-07-09,4912,22.86
2013-07-10,4912,23.26
2013-07-11,4912,23.26
2013-07-12,4912,22.91
2013-07-15,4912,22.91
2013-07-16,4912,22.81
2013-07-17,4912,23.46
2013-07-18,4912,23.66
2013-07-19,4912,23.06
2013-07-22,4912,23.16
2013-07-23,4912,23.19
2013-07-24,4912,24.8
2013-07-25,4912,25.84
2013-07-26,4912,25.84
2013-07-29,4912,26.29
2013-07-30,4912,25.84
2013-07-31,4912,25.1
2013-07-01,4915,13.77
2013-07-02,4915,13.72
2013-07-03,4915,13.77
2013-07-04,4915,13.8
2013-07-05,4915,13.83
2013-07-08,4915,13.59
2013-07-09,4915,13.64
2013-07-10,4915,13.37
2013-07-11,4915,13.37
2013-07-12,4915,13.64
2013-07-15,4915,13.95
2013-07-16,4915,14.26
2013-07-17,4915,14.04
2013-07-18,4915,13.9
2013-07-19,4915,13.61
2013-07-22,4915,13.9
2013-07-23,4915,14.12
2013-07-24,4915,14.09
2013-07-25,4915,14.58
2013-07-26,4915,14.75
2013-07-29,4915,14.29
2013-07-30,4915,14.24
2013-07-31,4915,13.92
2013-07-01,4916,24.69
2013-07-02,4916,24.68
2013-07-03,4916,24.75
2013-07-04,4916,24.14
2013-07-05,4916,23.97
2013-07-08,4916,23.81
2013-07-09,4916,25.17
2013-07-10,4916,26.12
2013-07-11,4916,25.79
2013-07-12,4916,26.03
2013-07-15,4916,25.97
2013-07-16,4916,25.67
2013-07-17,4916,25.6
2013-07-18,4916,25.35
2013-07-19,4916,25.91
2013-07-22,4916,25.8
2013-07-23,4916,25.78
2013-07-24,4916,25.87
2013-07-25,4916,25.97
2013-07-26,4916,25.85
2013-07-29,4916,25.72
2013-07-30,4916,25.75
2013-07-31,4916,25.9
2013-07-01,4919,18.23
2013-07-02,4919,18.12
2013-07-03,4919,17.8
2013-07-04,4919,17.49
2013-07-05,4919,17.66
2013-07-08,4919,17.49
2013-07-09,4919,17.35
2013-07-10,4919,17.17
2013-07-11,4919,16.77
2013-07-12,4919,16.72
2013-07-15,4919,16.95
2013-07-16,4919,17.23
2013-07-17,4919,16.95
2013-07-18,4919,16.83
2013-07-19,4919,16.52
2013-07-22,4919,16.6
2013-07-23,4919,16.86
2013-07-24,4919,17.0
2013-07-25,4919,16.97
2013-07-26,4919,16.95
2013-07-29,4919,16.83
2013-07-30,4919,16.83
2013-07-31,4919,16.83
2013-07-02,4923,12.95
2013-07-05,4923,14.15
2013-07-08,4923,13.8
2013-07-23,4923,14.15
2013-07-01,4924,22.8
2013-07-02,4924,22.7
2013-07-03,4924,22.7
2013-07-04,4924,22.9
2013-07-05,4924,22.95
2013-07-08,4924,22.5
2013-07-09,4924,22.3
2013-07-10,4924,22.5
2013-07-11,4924,22.5
2013-07-12,4924,22.45
2013-07-15,4924,22.45
2013-07-16,4924,22.4
2013-07-17,4924,22.2
2013-07-18,4924,21.9
2013-07-19,4924,22.0
2013-07-22,4924,21.7
2013-07-23,4924,21.7
2013-07-24,4924,20.7
2013-07-25,4924,20.85
2013-07-26,4924,21.4
2013-07-29,4924,21.6
2013-07-30,4924,21.7
2013-07-31,4924,21.5
2013-07-01,4927,23.53
2013-07-02,4927,23.31
2013-07-03,4927,23.03
2013-07-04,4927,22.47
2013-07-05,4927,22.47
2013-07-08,4927,22.35
2013-07-09,4927,22.27
2013-07-10,4927,21.93
2013-07-11,4927,22.33
2013-07-12,4927,22.44
2013-07-15,4927,22.77
2013-07-16,4927,22.72
2013-07-17,4927,22.61
2013-07-18,4927,22.38
2013-07-19,4927,22.35
2013-07-22,4927,22.63
2013-07-23,4927,22.63
2013-07-24,4927,22.91
2013-07-25,4927,23.42
2013-07-26,4927,23.42
2013-07-29,4927,23.42
2013-07-30,4927,23.25
2013-07-31,4927,22.97
2013-07-01,4930,13.95
2013-07-02,4930,13.95
2013-07-03,4930,13.77
2013-07-04,4930,13.77
2013-07-05,4930,13.77
2013-07-08,4930,13.54
2013-07-09,4930,13.54
2013-07-10,4930,13.36
2013-07-11,4930,13.48
2013-07-12,4930,13.48
2013-07-15,4930,13.48
2013-07-16,4930,13.6
2013-07-17,4930,13.66
2013-07-18,4930,13.6
2013-07-19,4930,13.83
2013-07-22,4930,13.72
2013-07-23,4930,13.72
2013-07-24,4930,13.54
2013-07-25,4930,13.48
2013-07-26,4930,13.66
2013-07-29,4930,13.54
2013-07-30,4930,13.54
2013-07-31,4930,13.3
2013-07-01,4931,3.43
2013-07-02,4931,3.72
2013-07-03,4931,3.53
2013-07-04,4931,3.48
2013-07-05,4931,3.59
2013-07-08,4931,3.56
2013-07-10,4931,3.6
2013-07-15,4931,3.58
2013-07-16,4931,3.56
2013-07-17,4931,3.54
2013-07-25,4931,3.42
2013-07-26,4931,3.37
2013-07-29,4931,3.23
2013-07-01,4933,44.13
2013-07-02,4933,43.74
2013-07-03,4933,41.01
2013-07-04,4933,39.44
2013-07-05,4933,40.81
2013-07-08,4933,41.4
2013-07-09,4933,40.42
2013-07-10,4933,40.03
2013-07-11,4933,42.18
2013-07-12,4933,41.79
2013-07-15,4933,41.59
2013-07-16,4933,41.01
2013-07-17,4933,41.59
2013-07-18,4933,40.22
2013-07-19,4933,38.74
2013-07-22,4933,39.25
2013-07-23,4933,40.03
2013-07-24,4933,39.44
2013-07-25,4933,39.83
2013-07-26,4933,42.57
2013-07-29,4933,45.5
2013-07-30,4933,44.91
2013-07-31,4933,45.3
2013-07-01,4934,23.39
2013-07-02,4934,23.05
2013-07-03,4934,23.13
2013-07-04,4934,23.46
2013-07-05,4934,23.05
2013-07-08,4934,22.38
2013-07-09,4934,22.71
2013-07-10,4934,22.12
2013-07-11,4934,22.29
2013-07-12,4934,22.21
2013-07-15,4934,22.96
2013-07-16,4934,22.46
2013-07-17,4934,22.46
2013-07-18,4934,21.87
2013-07-19,4934,22.21
2013-07-22,4934,22.29
2013-07-23,4934,23.8
2013-07-24,4934,23.72
2013-07-25,4934,23.55
2013-07-26,4934,23.05
2013-07-29,4934,22.29
2013-07-30,4934,22.54
2013-07-31,4934,21.95
2013-07-01,4935,18.73
2013-07-02,4935,18.62
2013-07-03,4935,17.95
2013-07-04,4935,16.86
2013-07-05,4935,17.22
2013-07-08,4935,16.89
2013-07-09,4935,16.97
2013-07-10,4935,17.0
2013-07-11,4935,17.03
2013-07-12,4935,16.97
2013-07-15,4935,17.03
2013-07-16,4935,17.5
2013-07-17,4935,17.38
2013-07-18,4935,17.12
2013-07-19,4935,17.0
2013-07-22,4935,17.24
2013-07-23,4935,17.24
2013-07-24,4935,17.32
2013-07-25,4935,17.24
2013-07-26,4935,17.32
2013-07-29,4935,17.18
2013-07-30,4935,17.09
2013-07-31,4935,16.51
2013-07-01,4938,24.62
2013-07-02,4938,24.86
2013-07-03,4938,25.3
2013-07-04,4938,24.81
2013-07-05,4938,24.62
2013-07-08,4938,24.11
2013-07-09,4938,24.57
2013-07-10,4938,25.05
2013-07-11,4938,25.54
2013-07-12,4938,24.76
2013-07-15,4938,25.15
2013-07-16,4938,24.86
2013-07-17,4938,23.13
2013-07-18,4938,22.21
2013-07-19,4938,22.04
2013-07-22,4938,21.97
2013-07-23,4938,22.4
2013-07-24,4938,22.43
2013-07-25,4938,22.38
2013-07-26,4938,22.06
2013-07-29,4938,22.38
2013-07-30,4938,22.14
2013-07-31,4938,21.55
2013-07-01,4939,10.55
2013-07-02,4939,10.38
2013-07-03,4939,10.31
2013-07-04,4939,10.17
2013-07-05,4939,10.2
2013-07-08,4939,10.13
2013-07-09,4939,10.17
2013-07-10,4939,10.13
2013-07-11,4939,10.27
2013-07-12,4939,10.24
2013-07-15,4939,10.27
2013-07-16,4939,10.51
2013-07-17,4939,10.41
2013-07-18,4939,10.58
2013-07-19,4939,10.76
2013-07-22,4939,10.79
2013-07-23,4939,10.79
2013-07-24,4939,10.83
2013-07-25,4939,11.04
2013-07-26,4939,11.8
2013-07-29,4939,11.87
2013-07-30,4939,11.63
2013-07-31,4939,11.35
2013-07-01,4942,17.97
2013-07-02,4942,18.31
2013-07-03,4942,17.99
2013-07-04,4942,17.8
2013-07-05,4942,18.21
2013-07-08,4942,17.84
2013-07-09,4942,17.84
2013-07-10,4942,17.94
2013-07-11,4942,18.02
2013-07-12,4942,17.99
2013-07-15,4942,18.21
2013-07-16,4942,18.14
2013-07-17,4942,18.21
2013-07-18,4942,17.99
2013-07-19,4942,17.92
2013-07-22,4942,17.94
2013-07-23,4942,17.97
2013-07-24,4942,17.94
2013-07-25,4942,18.16
2013-07-26,4942,18.06
2013-07-29,4942,18.04
2013-07-30,4942,18.14
2013-07-31,4942,18.99
2013-07-08,4943,26.78
2013-07-10,4943,28.17
2013-07-15,4943,28.26
2013-07-23,4943,29.64
2013-07-25,4943,28.17
2013-07-26,4943,28.48
2013-07-01,4944,168.31
2013-07-02,4944,167.4
2013-07-03,4944,174.69
2013-07-04,4944,170.44
2013-07-05,4944,170.44
2013-07-08,4944,171.35
2013-07-09,4944,170.44
2013-07-10,4944,166.49
2013-07-11,4944,164.66
2013-07-12,4944,166.18
2013-07-15,4944,165.88
2013-07-16,4944,165.27
2013-07-17,4944,163.75
2013-07-18,4944,162.84
2013-07-19,4944,164.06
2013-07-22,4944,168.31
2013-07-23,4944,168.62
2013-07-24,4944,170.13
2013-07-25,4944,167.71
2013-07-26,4944,166.79
2013-07-29,4944,171.65
2013-07-30,4944,176.51
2013-07-31,4944,169.22
2013-07-01,4946,300.63
2013-07-02,4946,301.17
2013-07-03,4946,293.56
2013-07-04,4946,288.12
2013-07-05,4946,288.66
2013-07-08,4946,282.14
2013-07-09,4946,282.14
2013-07-10,4946,301.72
2013-07-11,4946,297.91
2013-07-12,4946,292.48
2013-07-15,4946,287.03
2013-07-16,4946,288.66
2013-07-17,4946,287.58
2013-07-18,4946,288.07
2013-07-19,4946,283.17
2013-07-22,4946,283.17
2013-07-23,4946,285.35
2013-07-24,4946,288.07
2013-07-25,4946,285.89
2013-07-26,4946,284.26
2013-07-29,4946,283.17
2013-07-30,4946,286.98
2013-07-31,4946,283.72
2013-07-01,4949,16.74
2013-07-02,4949,16.54
2013-07-03,4949,16.29
2013-07-04,4949,16.35
2013-07-05,4949,16.01
2013-07-08,4949,15.81
2013-07-10,4949,14.89
2013-07-11,4949,14.76
2013-07-12,4949,14.33
2013-07-15,4949,14.4
2013-07-16,4949,14.45
2013-07-17,4949,14.12
2013-07-18,4949,14.31
2013-07-19,4949,14.4
2013-07-22,4949,14.6
2013-07-23,4949,14.46
2013-07-24,4949,14.46
2013-07-25,4949,14.5
2013-07-29,4949,14.21
2013-07-30,4949,14.25
2013-07-31,4949,14.26
2013-07-01,4950,19.22
2013-07-02,4950,19.18
2013-07-03,4950,18.99
2013-07-04,4950,18.63
2013-07-05,4950,18.58
2013-07-08,4950,18.44
2013-07-09,4950,18.54
2013-07-10,4950,18.31
2013-07-11,4950,18.54
2013-07-12,4950,18.4
2013-07-15,4950,17.89
2013-07-16,4950,18.26
2013-07-17,4950,17.71
2013-07-18,4950,16.75
2013-07-19,4950,15.6
2013-07-22,4950,14.77
2013-07-23,4950,14.77
2013-07-24,4950,14.59
2013-07-25,4950,14.41
2013-07-26,4950,13.9
2013-07-29,4950,14.87
2013-07-30,4950,14.5
2013-07-31,4950,13.99
2013-07-02,4951,7.43
2013-07-03,4951,7.39
2013-07-11,4951,7.38
2013-07-12,4951,7.51
2013-07-23,4951,7.51
2013-07-24,4951,7.42
2013-07-01,4952,13.66
2013-07-02,4952,13.44
2013-07-03,4952,13.18
2013-07-04,4952,12.8
2013-07-05,4952,12.96
2013-07-08,4952,13.04
2013-07-09,4952,13.94
2013-07-10,4952,13.66
2013-07-11,4952,13.31
2013-07-12,4952,13.33
2013-07-15,4952,13.33
2013-07-16,4952,13.61
2013-07-17,4952,13.7
2013-07-18,4952,13.79
2013-07-19,4952,13.36
2013-07-22,4952,13.16
2013-07-23,4952,13.41
2013-07-24,4952,13.14
2013-07-25,4952,13.68
2013-07-26,4952,14.11
2013-07-29,4952,13.54
2013-07-30,4952,13.43
2013-07-31,4952,13.59
2013-07-01,4953,13.21
2013-07-02,4953,12.75
2013-07-04,4953,12.46
2013-07-05,4953,12.88
2013-07-08,4953,12.88
2013-07-09,4953,12.88
2013-07-11,4953,12.88
2013-07-12,4953,12.88
2013-07-16,4953,12.89
2013-07-18,4953,12.51
2013-07-22,4953,12.46
2013-07-23,4953,12.5
2013-07-24,4953,12.27
2013-07-25,4953,12.13
2013-07-26,4953,12.04
2013-07-29,4953,12.42
2013-07-31,4953,12.0
2013-07-01,4956,19.56
2013-07-02,4956,19.6
2013-07-03,4956,19.56
2013-07-04,4956,19.56
2013-07-05,4956,19.56
2013-07-08,4956,19.26
2013-07-09,4956,19.34
2013-07-10,4956,18.95
2013-07-11,4956,19.21
2013-07-12,4956,18.99
2013-07-15,4956,19.56
2013-07-16,4956,19.56
2013-07-17,4956,19.56
2013-07-18,4956,19.47
2013-07-19,4956,19.91
2013-07-22,4956,19.86
2013-07-23,4956,20.26
2013-07-24,4956,20.82
2013-07-25,4956,20.6
2013-07-26,4956,20.99
2013-07-29,4956,20.6
2013-07-30,4956,20.17
2013-07-31,4956,19.56
2013-07-01,4958,38.52
2013-07-02,4958,38.25
2013-07-03,4958,37.75
2013-07-04,4958,35.86
2013-07-05,4958,37.19
2013-07-08,4958,37.08
2013-07-09,4958,37.19
2013-07-10,4958,37.75
2013-07-11,4958,39.08
2013-07-12,4958,39.52
2013-07-15,4958,39.86
2013-07-16,4958,39.69
2013-07-17,4958,38.52
2013-07-18,4958,37.97
2013-07-19,4958,37.47
2013-07-22,4958,37.47
2013-07-23,4958,39.25
2013-07-24,4958,40.36
2013-07-25,4958,40.58
2013-07-26,4958,40.64
2013-07-29,4958,40.82
2013-07-30,4958,41.06
2013-07-31,4958,40.52
2013-07-01,4960,25.96
2013-07-02,4960,25.47
2013-07-03,4960,25.62
2013-07-04,4960,25.35
2013-07-05,4960,25.5
2013-07-08,4960,25.05
2013-07-09,4960,25.01
2013-07-10,4960,24.98
2013-07-11,4960,25.35
2013-07-12,4960,25.82
2013-07-15,4960,26.07
2013-07-16,4960,26.58
2013-07-17,4960,26.22
2013-07-18,4960,26.02
2013-07-19,4960,25.98
2013-07-22,4960,26.75
2013-07-23,4960,27.83
2013-07-24,4960,27.66
2013-07-25,4960,27.94
2013-07-26,4960,27.7
2013-07-29,4960,27.02
2013-07-30,4960,27.19
2013-07-31,4960,26.9
2013-07-01,4961,36.07
2013-07-02,4961,36.08
2013-07-03,4961,36.2
2013-07-04,4961,36.2
2013-07-05,4961,36.14
2013-07-08,4961,33.5
2013-07-09,4961,33.28
2013-07-10,4961,32.41
2013-07-11,4961,34.94
2013-07-12,4961,32.81
2013-07-15,4961,33.37
2013-07-16,4961,32.94
2013-07-17,4961,33.14
2013-07-18,4961,33.03
2013-07-19,4961,32.93
2013-07-22,4961,32.23
2013-07-23,4961,32.01
2013-07-24,4961,32.23
2013-07-25,4961,32.69
2013-07-26,4961,31.68
2013-07-29,4961,32.01
2013-07-30,4961,32.81
2013-07-31,4961,32.25
2013-07-01,4966,133.09
2013-07-02,4966,128.64
2013-07-03,4966,124.46
2013-07-04,4966,128.08
2013-07-05,4966,126.69
2013-07-08,4966,121.68
2013-07-09,4966,130.03
2013-07-10,4966,135.04
2013-07-11,4966,136.16
2013-07-12,4966,135.04
2013-07-15,4966,140.61
2013-07-16,4966,138.94
2013-07-17,4966,134.49
2013-07-18,4966,131.98
2013-07-19,4966,128.64
2013-07-22,4966,127.53
2013-07-23,4966,133.09
2013-07-24,4966,132.82
2013-07-25,4966,133.93
2013-07-26,4966,132.26
2013-07-29,4966,128.36
2013-07-30,4966,126.41
2013-07-31,4966,122.24
2013-07-05,4967,13.03
2013-07-10,4967,12.95
2013-07-11,4967,13.28
2013-07-12,4967,12.63
2013-07-15,4967,12.63
2013-07-16,4967,13.27
2013-07-17,4967,12.6
2013-07-19,4967,12.57
2013-07-23,4967,12.87
2013-07-24,4967,13.24
2013-07-25,4967,12.99
2013-07-26,4967,13.28
2013-07-30,4967,13.05
2013-07-01,4968,9.66
2013-07-02,4968,9.63
2013-07-04,4968,9.34
2013-07-08,4968,9.39
2013-07-09,4968,9.23
2013-07-10,4968,9.32
2013-07-11,4968,9.39
2013-07-12,4968,9.44
2013-07-15,4968,9.36
2013-07-17,4968,9.36
2013-07-18,4968,9.35
2013-07-22,4968,9.5
2013-07-23,4968,9.36
2013-07-24,4968,9.37
2013-07-25,4968,9.34
2013-07-26,4968,9.39
2013-07-29,4968,9.34
2013-07-30,4968,9.34
2013-07-25,4971,60.07
2013-07-26,4971,59.45
2013-07-29,4971,57.14
2013-07-30,4971,57.53
2013-07-31,4971,61.53
2013-07-01,4972,13.77
2013-07-02,4972,13.35
2013-07-03,4972,13.1
2013-07-04,4972,12.91
2013-07-05,4972,13.06
2013-07-08,4972,12.76
2013-07-09,4972,12.56
2013-07-10,4972,13.43
2013-07-11,4972,13.04
2013-07-12,4972,12.93
2013-07-15,4972,12.95
2013-07-16,4972,12.95
2013-07-17,4972,12.95
2013-07-18,4972,13.16
2013-07-19,4972,13.04
2013-07-22,4972,13.08
2013-07-23,4972,13.11
2013-07-24,4972,13.09
2013-07-25,4972,13.27
2013-07-26,4972,13.18
2013-07-29,4972,13.07
2013-07-30,4972,13.09
2013-07-31,4972,12.77
2013-07-01,4973,22.82
2013-07-02,4973,22.47
2013-07-03,4973,22.64
2013-07-04,4973,21.82
2013-07-05,4973,21.91
2013-07-08,4973,22.47
2013-07-09,4973,22.33
2013-07-10,4973,22.96
2013-07-11,4973,23.32
2013-07-12,4973,23.32
2013-07-15,4973,23.5
2013-07-16,4973,23.27
2013-07-17,4973,23.2
2013-07-18,4973,22.75
2013-07-19,4973,22.52
2013-07-22,4973,22.59
2013-07-23,4973,22.61
2013-07-24,4973,22.99
2013-07-25,4973,21.58
2013-07-26,4973,21.68
2013-07-29,4973,21.07
2013-07-30,4973,21.23
2013-07-31,4973,20.9
2013-07-01,4974,19.4
2013-07-02,4974,18.71
2013-07-03,4974,18.41
2013-07-04,4974,18.45
2013-07-05,4974,18.36
2013-07-08,4974,18.36
2013-07-09,4974,18.71
2013-07-10,4974,18.3
2013-07-11,4974,18.67
2013-07-12,4974,19.96
2013-07-15,4974,20.39
2013-07-16,4974,21.81
2013-07-17,4974,23.31
2013-07-18,4974,24.26
2013-07-19,4974,22.75
2013-07-22,4974,22.67
2013-07-23,4974,23.35
2013-07-24,4974,23.06
2013-07-25,4974,21.46
2013-07-26,4974,21.66
2013-07-29,4974,20.87
2013-07-30,4974,21.32
2013-07-31,4974,20.26
2013-07-01,4976,28.62
2013-07-02,4976,28.42
2013-07-03,4976,28.21
2013-07-04,4976,28.33
2013-07-05,4976,28.42
2013-07-08,4976,28.42
2013-07-09,4976,28.33
2013-07-10,4976,27.35
2013-07-11,4976,26.91
2013-07-12,4976,26.29
2013-07-15,4976,26.01
2013-07-16,4976,25.97
2013-07-17,4976,26.01
2013-07-18,4976,27.27
2013-07-19,4976,25.93
2013-07-22,4976,25.48
2013-07-23,4976,25.56
2013-07-24,4976,25.64
2013-07-25,4976,25.89
2013-07-26,4976,27.68
2013-07-29,4976,29.52
2013-07-30,4976,28.95
2013-07-31,4976,27.8
2013-07-01,4977,27.89
2013-07-02,4977,27.33
2013-07-03,4977,27.66
2013-07-04,4977,27.75
2013-07-08,4977,28.12
2013-07-09,4977,27.98
2013-07-10,4977,27.7
2013-07-11,4977,28.03
2013-07-12,4977,28.5
2013-07-15,4977,29.67
2013-07-16,4977,32.94
2013-07-17,4977,32.7
2013-07-18,4977,31.77
2013-07-19,4977,33.4
2013-07-22,4977,33.64
2013-07-23,4977,33.87
2013-07-24,4977,34.34
2013-07-25,4977,34.1
2013-07-26,4977,32.7
2013-07-29,4977,32.0
2013-07-30,4977,33.17
2013-07-31,4977,32.0
2013-07-01,4979,31.44
2013-07-02,4979,31.02
2013-07-03,4979,30.18
2013-07-04,4979,30.18
2013-07-05,4979,30.12
2013-07-08,4979,30.54
2013-07-09,4979,29.64
2013-07-10,4979,28.87
2013-07-11,4979,28.87
2013-07-12,4979,28.39
2013-07-15,4979,30.24
2013-07-16,4979,29.5
2013-07-17,4979,29.47
2013-07-18,4979,28.81
2013-07-19,4979,28.45
2013-07-22,4979,29.05
2013-07-23,4979,29.14
2013-07-24,4979,28.99
2013-07-25,4979,28.54
2013-07-26,4979,28.15
2013-07-29,4979,27.85
2013-07-30,4979,28.09
2013-07-31,4979,26.14
2013-07-01,4984,26.77
2013-07-02,4984,26.59
2013-07-03,4984,26.04
2013-07-04,4984,25.39
2013-07-05,4984,25.39
2013-07-08,4984,27.13
2013-07-09,4984,26.44
2013-07-10,4984,25.68
2013-07-11,4984,25.97
2013-07-12,4984,25.57
2013-07-15,4984,27.21
2013-07-16,4984,26.77
2013-07-17,4984,26.91
2013-07-18,4984,26.44
2013-07-19,4984,26.19
2013-07-22,4984,28.01
2013-07-23,4984,29.93
2013-07-24,4984,30.7
2013-07-25,4984,32.84
2013-07-26,4984,35.13
2013-07-29,4984,32.7
2013-07-30,4984,34.04
2013-07-31,4984,31.72
2013-07-01,4987,15.75
2013-07-02,4987,15.75
2013-07-03,4987,15.73
2013-07-04,4987,15.98
2013-07-05,4987,16.34
2013-07-08,4987,16.17
2013-07-09,4987,15.81
2013-07-10,4987,15.89
2013-07-11,4987,16.3
2013-07-12,4987,16.84
2013-07-15,4987,17.22
2013-07-16,4987,17.03
2013-07-17,4987,17.44
2013-07-18,4987,17.25
2013-07-19,4987,16.99
2013-07-22,4987,17.79
2013-07-23,4987,17.71
2013-07-24,4987,17.75
2013-07-25,4987,17.29
2013-07-26,4987,17.41
2013-07-29,4987,17.16
2013-07-30,4987,17.29
2013-07-31,4987,17.48
2013-07-29,4989,3.47
2013-07-04,4991,14.95
2013-07-05,4991,15.08
2013-07-08,4991,14.85
2013-07-09,4991,14.85
2013-07-12,4991,14.97
2013-07-18,4991,17.61
2013-07-19,4991,17.03
2013-07-22,4991,17.3
2013-07-23,4991,17.03
2013-07-24,4991,15.95
2013-07-25,4991,15.62
2013-07-26,4991,16.73
2013-07-29,4991,16.5
2013-07-30,4991,16.44
2013-07-01,4994,133.27
2013-07-02,4994,133.27
2013-07-03,4994,133.27
2013-07-04,4994,132.16
2013-07-05,4994,132.53
2013-07-08,4994,131.04
2013-07-09,4994,129.56
2013-07-10,4994,130.31
2013-07-11,4994,129.93
2013-07-12,4994,129.93
2013-07-15,4994,130.68
2013-07-16,4994,130.31
2013-07-17,4994,128.46
2013-07-18,4994,127.34
2013-07-19,4994,124.38
2013-07-22,4994,124.75
2013-07-23,4994,128.08
2013-07-24,4994,127.34
2013-07-25,4994,126.23
2013-07-26,4994,128.08
2013-07-29,4994,130.31
2013-07-30,4994,129.56
2013-07-31,4994,127.34
2013-07-01,4995,8.82
2013-07-02,4995,8.8
2013-07-03,4995,8.89
2013-07-04,4995,8.76
2013-07-05,4995,8.8
2013-07-08,4995,8.66
2013-07-09,4995,8.78
2013-07-10,4995,8.78
2013-07-11,4995,8.8
2013-07-12,4995,8.78
2013-07-15,4995,8.76
2013-07-16,4995,8.85
2013-07-17,4995,8.8
2013-07-18,4995,8.82
2013-07-19,4995,8.8
2013-07-22,4995,8.76
2013-07-23,4995,8.78
2013-07-24,4995,8.8
2013-07-25,4995,8.76
2013-07-26,4995,8.85
2013-07-29,4995,8.8
2013-07-30,4995,8.78
2013-07-31,4995,8.76
2013-07-01,4999,28.89
2013-07-02,4999,28.41
2013-07-03,4999,27.79
2013-07-04,4999,26.24
2013-07-05,4999,24.82
2013-07-08,4999,25.44
2013-07-09,4999,25.88
2013-07-10,4999,26.02
2013-07-11,4999,25.75
2013-07-12,4999,26.19
2013-07-15,4999,25.84
2013-07-16,4999,26.55
2013-07-17,4999,27.35
2013-07-18,4999,26.24
2013-07-19,4999,25.31
2013-07-22,4999,25.49
2013-07-23,4999,25.62
2013-07-24,4999,25.44
2013-07-25,4999,25.84
2013-07-26,4999,25.71
2013-07-29,4999,26.15
2013-07-30,4999,26.28
2013-07-31,4999,25.22
2013-07-01,5007,24.22
2013-07-02,5007,24.31
2013-07-03,5007,24.26
2013-07-04,5007,25.95
2013-07-05,5007,27.54
2013-07-08,5007,27.54
2013-07-09,5007,27.88
2013-07-10,5007,27.88
2013-07-11,5007,28.68
2013-07-12,5007,30.66
2013-07-15,5007,32.8
2013-07-16,5007,32.67
2013-07-17,5007,33.44
2013-07-18,5007,32.76
2013-07-19,5007,32.02
2013-07-22,5007,31.84
2013-07-23,5007,31.2
2013-07-24,5007,32.39
2013-07-25,5007,30.15
2013-07-26,5007,29.28
2013-07-29,5007,28.5
2013-07-30,5007,29.74
2013-07-31,5007,28.96
2013-07-01,5009,11.58
2013-07-02,5009,11.72
2013-07-03,5009,11.64
2013-07-04,5009,11.61
2013-07-05,5009,11.64
2013-07-08,5009,11.69
2013-07-09,5009,11.81
2013-07-10,5009,12.28
2013-07-11,5009,12.1
2013-07-12,5009,12.22
2013-07-15,5009,12.45
2013-07-16,5009,12.51
2013-07-17,5009,12.39
2013-07-18,5009,12.68
2013-07-19,5009,12.8
2013-07-22,5009,12.63
2013-07-23,5009,12.57
2013-07-24,5009,12.6
2013-07-25,5009,12.65
2013-07-26,5009,12.65
2013-07-29,5009,12.48
2013-07-30,5009,12.57
2013-07-31,5009,12.51
2013-07-09,5011,12.26
2013-07-10,5011,12.45
2013-07-11,5011,12.45
2013-07-12,5011,12.45
2013-07-15,5011,12.88
2013-07-16,5011,12.54
2013-07-19,5011,12.79
2013-07-24,5011,12.26
2013-07-25,5011,12.2
2013-07-26,5011,12.01
2013-07-30,5011,12.13
2013-07-31,5011,12.13
2013-07-01,5013,6.98
2013-07-02,5013,6.95
2013-07-03,5013,6.93
2013-07-04,5013,6.98
2013-07-05,5013,7.18
2013-07-08,5013,7.18
2013-07-09,5013,7.36
2013-07-10,5013,7.36
2013-07-11,5013,7.33
2013-07-12,5013,7.38
2013-07-15,5013,7.44
2013-07-16,5013,7.38
2013-07-17,5013,7.33
2013-07-18,5013,7.33
2013-07-19,5013,7.3
2013-07-22,5013,7.27
2013-07-23,5013,7.44
2013-07-24,5013,7.56
2013-07-25,5013,7.56
2013-07-26,5013,7.47
2013-07-29,5013,7.5
2013-07-30,5013,7.47
2013-07-31,5013,7.79
2013-07-01,5014,4.68
2013-07-02,5014,4.7
2013-07-03,5014,4.7
2013-07-04,5014,4.67
2013-07-05,5014,4.68
2013-07-08,5014,4.68
2013-07-09,5014,4.65
2013-07-10,5014,4.69
2013-07-11,5014,4.7
2013-07-12,5014,4.71
2013-07-15,5014,4.7
2013-07-16,5014,4.72
2013-07-17,5014,4.69
2013-07-18,5014,4.7
2013-07-19,5014,4.7
2013-07-22,5014,4.67
2013-07-23,5014,4.68
2013-07-24,5014,4.69
2013-07-25,5014,4.7
2013-07-26,5014,4.7
2013-07-29,5014,4.68
2013-07-30,5014,4.7
2013-07-31,5014,4.68
2013-07-01,5015,4.82
2013-07-02,5015,4.8
2013-07-03,5015,4.75
2013-07-04,5015,4.76
2013-07-05,5015,4.78
2013-07-08,5015,4.75
2013-07-09,5015,4.78
2013-07-10,5015,4.85
2013-07-11,5015,4.83
2013-07-12,5015,4.85
2013-07-15,5015,4.92
2013-07-16,5015,4.92
2013-07-17,5015,4.96
2013-07-18,5015,4.96
2013-07-19,5015,4.92
2013-07-22,5015,5.03
2013-07-23,5015,5.06
2013-07-24,5015,5.21
2013-07-25,5015,5.21
2013-07-26,5015,5.19
2013-07-29,5015,5.05
2013-07-30,5015,5.1
2013-07-31,5015,5.06
2013-07-01,5016,11.36
2013-07-02,5016,11.14
2013-07-03,5016,10.9
2013-07-04,5016,10.85
2013-07-05,5016,10.85
2013-07-08,5016,10.8
2013-07-09,5016,10.75
2013-07-10,5016,10.9
2013-07-11,5016,11.07
2013-07-12,5016,11.24
2013-07-15,5016,11.14
2013-07-16,5016,11.14
2013-07-17,5016,11.05
2013-07-18,5016,11.12
2013-07-19,5016,11.14
2013-07-22,5016,11.19
2013-07-23,5016,11.07
2013-07-24,5016,11.1
2013-07-25,5016,11.19
2013-07-26,5016,11.34
2013-07-29,5016,11.17
2013-07-30,5016,11.14
2013-07-31,5016,11.39
2013-07-01,5102,10.62
2013-07-02,5102,10.62
2013-07-03,5102,10.59
2013-07-04,5102,10.52
2013-07-05,5102,10.55
2013-07-08,5102,10.49
2013-07-09,5102,10.49
2013-07-10,5102,10.49
2013-07-11,5102,10.52
2013-07-12,5102,10.55
2013-07-15,5102,10.55
2013-07-16,5102,10.62
2013-07-17,5102,10.52
2013-07-18,5102,10.59
2013-07-19,5102,10.59
2013-07-22,5102,10.66
2013-07-23,5102,10.69
2013-07-24,5102,10.72
2013-07-25,5102,10.76
2013-07-26,5102,10.79
2013-07-29,5102,10.76
2013-07-30,5102,10.69
2013-07-31,5102,10.69
2013-07-01,5201,9.38
2013-07-02,5201,9.01
2013-07-03,5201,8.95
2013-07-04,5201,9.03
2013-07-05,5201,8.77
2013-07-08,5201,8.86
2013-07-09,5201,8.98
2013-07-10,5201,8.77
2013-07-11,5201,8.89
2013-07-12,5201,8.95
2013-07-15,5201,8.95
2013-07-16,5201,8.92
2013-07-17,5201,8.83
2013-07-18,5201,8.43
2013-07-19,5201,8.51
2013-07-22,5201,8.34
2013-07-23,5201,8.4
2013-07-24,5201,8.11
2013-07-25,5201,8.34
2013-07-26,5201,8.22
2013-07-29,5201,8.22
2013-07-30,5201,8.17
2013-07-31,5201,8.08
2013-07-01,5202,5.4
2013-07-02,5202,5.28
2013-07-03,5202,5.3
2013-07-04,5202,5.28
2013-07-05,5202,5.31
2013-07-08,5202,5.05
2013-07-09,5202,5.2
2013-07-10,5202,5.03
2013-07-11,5202,5.33
2013-07-12,5202,5.2
2013-07-15,5202,5.26
2013-07-16,5202,5.23
2013-07-17,5202,5.28
2013-07-18,5202,5.29
2013-07-19,5202,5.2
2013-07-22,5202,5.18
2013-07-23,5202,5.22
2013-07-24,5202,5.19
2013-07-25,5202,5.22
2013-07-26,5202,5.28
2013-07-29,5202,5.23
2013-07-30,5202,5.18
2013-07-31,5202,5.17
2013-07-01,5203,54.52
2013-07-02,5203,54.24
2013-07-03,5203,53.97
2013-07-04,5203,54.08
2013-07-05,5203,53.86
2013-07-08,5203,53.47
2013-07-09,5203,54.02
2013-07-10,5203,53.8
2013-07-11,5203,54.02
2013-07-12,5203,53.8
2013-07-15,5203,53.8
2013-07-16,5203,53.8
2013-07-17,5203,53.47
2013-07-18,5203,53.36
2013-07-19,5203,53.36
2013-07-22,5203,53.31
2013-07-23,5203,54.3
2013-07-24,5203,54.13
2013-07-25,5203,55.4
2013-07-26,5203,55.4
2013-07-29,5203,54.96
2013-07-30,5203,54.57
2013-07-31,5203,54.02
2013-07-01,5205,13.28
2013-07-02,5205,12.63
2013-07-03,5205,13.48
2013-07-04,5205,13.75
2013-07-05,5205,13.0
2013-07-08,5205,12.25
2013-07-10,5205,13.08
2013-07-11,5205,13.25
2013-07-12,5205,13.75
2013-07-15,5205,14.18
2013-07-16,5205,13.75
2013-07-17,5205,13.5
2013-07-18,5205,14.23
2013-07-19,5205,13.28
2013-07-22,5205,14.13
2013-07-23,5205,14.48
2013-07-24,5205,13.53
2013-07-25,5205,13.5
2013-07-26,5205,12.6
2013-07-29,5205,11.75
2013-07-30,5205,12.48
2013-07-31,5205,11.78
2013-07-01,5206,11.3
2013-07-02,5206,11.43
2013-07-03,5206,11.3
2013-07-04,5206,11.3
2013-07-05,5206,11.24
2013-07-08,5206,11.24
2013-07-09,5206,11.24
2013-07-10,5206,11.18
2013-07-11,5206,11.27
2013-07-12,5206,11.34
2013-07-15,5206,11.15
2013-07-16,5206,11.24
2013-07-17,5206,11.06
2013-07-18,5206,11.06
2013-07-19,5206,11.18
2013-07-22,5206,11.43
2013-07-23,5206,11.27
2013-07-24,5206,11.24
2013-07-25,5206,11.43
2013-07-26,5206,11.43
2013-07-29,5206,11.37
2013-07-30,5206,11.24
2013-07-31,5206,11.21
2013-07-01,5209,24.64
2013-07-02,5209,24.68
2013-07-03,5209,24.52
2013-07-04,5209,24.52
2013-07-05,5209,24.56
2013-07-08,5209,24.47
2013-07-09,5209,24.31
2013-07-10,5209,24.35
2013-07-11,5209,24.14
2013-07-12,5209,23.9
2013-07-15,5209,23.77
2013-07-16,5209,23.77
2013-07-17,5209,24.43
2013-07-18,5209,24.31
2013-07-19,5209,24.56
2013-07-22,5209,24.31
2013-07-23,5209,24.35
2013-07-24,5209,24.23
2013-07-25,5209,24.52
2013-07-26,5209,24.52
2013-07-29,5209,23.0
2013-07-30,5209,23.4
2013-07-31,5209,22.51
2013-07-01,5210,7.54
2013-07-02,5210,7.58
2013-07-03,5210,7.72
2013-07-04,5210,7.75
2013-07-05,5210,7.77
2013-07-08,5210,7.71
2013-07-09,5210,7.67
2013-07-10,5210,7.67
2013-07-11,5210,7.89
2013-07-12,5210,7.87
2013-07-15,5210,7.87
2013-07-16,5210,7.88
2013-07-17,5210,7.77
2013-07-18,5210,7.71
2013-07-19,5210,7.67
2013-07-22,5210,7.7
2013-07-23,5210,7.62
2013-07-24,5210,7.75
2013-07-25,5210,7.77
2013-07-26,5210,7.74
2013-07-29,5210,7.93
2013-07-30,5210,7.91
2013-07-31,5210,7.92
2013-07-01,5211,21.12
2013-07-02,5211,20.89
2013-07-03,5211,21.04
2013-07-04,5211,20.53
2013-07-05,5211,20.65
2013-07-08,5211,20.37
2013-07-09,5211,20.41
2013-07-10,5211,20.49
2013-07-11,5211,20.18
2013-07-12,5211,20.45
2013-07-15,5211,20.3
2013-07-16,5211,20.34
2013-07-17,5211,20.18
2013-07-18,5211,20.1
2013-07-19,5211,19.98
2013-07-22,5211,19.98
2013-07-23,5211,20.06
2013-07-24,5211,20.34
2013-07-25,5211,21.75
2013-07-26,5211,21.36
2013-07-29,5211,20.57
2013-07-30,5211,20.65
2013-07-31,5211,20.49
2013-07-01,5212,7.28
2013-07-02,5212,7.28
2013-07-03,5212,7.31
2013-07-04,5212,7.25
2013-07-05,5212,7.28
2013-07-08,5212,7.28
2013-07-09,5212,7.37
2013-07-10,5212,7.37
2013-07-11,5212,7.4
2013-07-12,5212,7.4
2013-07-15,5212,7.43
2013-07-16,5212,7.43
2013-07-17,5212,7.4
2013-07-18,5212,7.46
2013-07-19,5212,7.43
2013-07-22,5212,7.58
2013-07-23,5212,7.55
2013-07-24,5212,7.62
2013-07-25,5212,7.55
2013-07-26,5212,7.52
2013-07-29,5212,7.3
2013-07-30,5212,7.49
2013-07-31,5212,7.4
2013-07-01,5213,10.6
2013-07-02,5213,10.62
2013-07-03,5213,10.46
2013-07-04,5213,10.39
2013-07-05,5213,10.43
2013-07-08,5213,10.43
2013-07-09,5213,10.6
2013-07-10,5213,10.73
2013-07-11,5213,10.73
2013-07-12,5213,10.65
2013-07-15,5213,10.75
2013-07-16,5213,11.18
2013-07-17,5213,11.12
2013-07-18,5213,10.97
2013-07-19,5213,10.99
2013-07-22,5213,11.13
2013-07-23,5213,11.07
2013-07-24,5213,11.07
2013-07-25,5213,11.07
2013-07-26,5213,11.07
2013-07-29,5213,11.01
2013-07-30,5213,11.09
2013-07-31,5213,11.07
2013-07-01,5215,15.96
2013-07-02,5215,15.95
2013-07-03,5215,15.28
2013-07-04,5215,15.03
2013-07-05,5215,14.98
2013-07-08,5215,14.93
2013-07-09,5215,14.75
2013-07-10,5215,14.98
2013-07-11,5215,14.98
2013-07-12,5215,14.83
2013-07-15,5215,14.93
2013-07-16,5215,15.0
2013-07-17,5215,14.98
2013-07-18,5215,14.88
2013-07-19,5215,14.98
2013-07-22,5215,14.83
2013-07-23,5215,14.78
2013-07-24,5215,14.88
2013-07-25,5215,15.3
2013-07-26,5215,15.43
2013-07-29,5215,15.28
2013-07-30,5215,15.13
2013-07-31,5215,14.78
2013-07-05,5222,14.72
2013-07-08,5222,15.1
2013-07-09,5222,15.65
2013-07-11,5222,15.48
2013-07-15,5222,15.25
2013-07-16,5222,15.1
2013-07-17,5222,15.07
2013-07-18,5222,15.1
2013-07-22,5222,15.1
2013-07-23,5222,15.49
2013-07-24,5222,14.72
2013-07-25,5222,15.1
2013-07-29,5222,15.1
2013-07-01,5225,44.74
2013-07-02,5225,44.57
2013-07-03,5225,43.45
2013-07-04,5225,43.06
2013-07-05,5225,43.23
2013-07-08,5225,42.95
2013-07-09,5225,43.06
2013-07-10,5225,43.28
2013-07-11,5225,44.12
2013-07-12,5225,43.79
2013-07-15,5225,43.06
2013-07-16,5225,42.84
2013-07-17,5225,41.94
2013-07-18,5225,39.7
2013-07-19,5225,39.93
2013-07-22,5225,40.26
2013-07-23,5225,41.33
2013-07-24,5225,41.49
2013-07-25,5225,41.27
2013-07-26,5225,41.33
2013-07-29,5225,41.38
2013-07-30,5225,42.17
2013-07-31,5225,41.83
2013-07-01,5230,42.4
2013-07-02,5230,42.89
2013-07-03,5230,45.26
2013-07-04,5230,45.07
2013-07-05,5230,44.39
2013-07-08,5230,42.69
2013-07-09,5230,42.16
2013-07-10,5230,42.74
2013-07-11,5230,43.81
2013-07-12,5230,43.62
2013-07-15,5230,43.62
2013-07-16,5230,43.62
2013-07-17,5230,43.32
2013-07-18,5230,43.52
2013-07-19,5230,43.28
2013-07-22,5230,43.95
2013-07-23,5230,45.17
2013-07-24,5230,45.99
2013-07-25,5230,46.52
2013-07-26,5230,46.52
2013-07-29,5230,46.09
2013-07-30,5230,47.54
2013-07-31,5230,48.32
2013-07-01,5234,27.15
2013-07-02,5234,28.01
2013-07-03,5234,28.87
2013-07-04,5234,27.53
2013-07-05,5234,27.15
2013-07-08,5234,27.06
2013-07-09,5234,27.29
2013-07-10,5234,27.2
2013-07-11,5234,27.63
2013-07-12,5234,27.06
2013-07-15,5234,27.06
2013-07-16,5234,28.1
2013-07-17,5234,27.68
2013-07-18,5234,27.06
2013-07-19,5234,26.53
2013-07-22,5234,26.91
2013-07-23,5234,27.06
2013-07-24,5234,26.77
2013-07-25,5234,27.1
2013-07-26,5234,27.06
2013-07-29,5234,27.15
2013-07-30,5234,27.06
2013-07-31,5234,25.96
2013-07-01,5244,12.01
2013-07-02,5244,11.87
2013-07-03,5244,11.87
2013-07-10,5244,11.58
2013-07-15,5244,11.54
2013-07-18,5244,11.54
2013-07-19,5244,11.33
2013-07-01,5245,18.15
2013-07-02,5245,17.96
2013-07-03,5245,18.15
2013-07-08,5245,17.66
2013-07-09,5245,17.66
2013-07-12,5245,17.78
2013-07-15,5245,16.95
2013-07-16,5245,17.78
2013-07-17,5245,17.78
2013-07-18,5245,17.07
2013-07-19,5245,17.14
2013-07-22,5245,17.66
2013-07-23,5245,17.72
2013-07-24,5245,17.78
2013-07-25,5245,17.78
2013-07-26,5245,18.27
2013-07-29,5245,18.39
2013-07-30,5245,17.72
2013-07-31,5245,17.66
2013-07-01,5251,43.16
2013-07-02,5251,42.92
2013-07-03,5251,42.8
2013-07-04,5251,42.25
2013-07-05,5251,43.28
2013-07-08,5251,43.88
2013-07-09,5251,43.58
2013-07-10,5251,43.22
2013-07-11,5251,43.4
2013-07-12,5251,44.91
2013-07-15,5251,48.04
2013-07-16,5251,48.4
2013-07-17,5251,45.03
2013-07-18,5251,44.3
2013-07-19,5251,43.58
2013-07-22,5251,44.79
2013-07-23,5251,46.29
2013-07-24,5251,45.93
2013-07-25,5251,44.85
2013-07-26,5251,44.91
2013-07-29,5251,44.48
2013-07-30,5251,46.29
2013-07-31,5251,46.84
2013-07-02,5258,12.2
2013-07-03,5258,12.2
2013-07-05,5258,12.05
2013-07-09,5258,12.13
2013-07-10,5258,11.97
2013-07-11,5258,11.82
2013-07-12,5258,11.9
2013-07-15,5258,11.9
2013-07-16,5258,11.74
2013-07-17,5258,11.67
2013-07-18,5258,11.82
2013-07-19,5258,11.9
2013-07-22,5258,11.82
2013-07-23,5258,11.9
2013-07-24,5258,11.97
2013-07-25,5258,12.09
2013-07-26,5258,12.13
2013-07-29,5258,12.13
2013-07-30,5258,12.39
2013-07-31,5258,12.28
2013-07-01,5259,220.22
2013-07-02,5259,220.51
2013-07-03,5259,206.42
2013-07-04,5259,191.45
2013-07-05,5259,190.8
2013-07-08,5259,187.92
2013-07-09,5259,181.46
2013-07-10,5259,177.35
2013-07-11,5259,181.58
2013-07-12,5259,183.28
2013-07-15,5259,202.02
2013-07-16,5259,203.78
2013-07-17,5259,199.67
2013-07-18,5259,196.73
2013-07-19,5259,191.45
2013-07-22,5259,183.58
2013-07-23,5259,175.59
2013-07-24,5259,176.18
2013-07-25,5259,174.12
2013-07-26,5259,176.18
2013-07-29,5259,174.88
2013-07-30,5259,175.59
2013-07-31,5259,170.77
2013-07-01,5263,41.29
2013-07-02,5263,42.06
2013-07-03,5263,42.22
2013-07-04,5263,42.94
2013-07-05,5263,43.15
2013-07-08,5263,42.55
2013-07-09,5263,43.32
2013-07-10,5263,42.77
2013-07-11,5263,42.28
2013-07-12,5263,42.83
2013-07-15,5263,42.72
2013-07-16,5263,42.72
2013-07-17,5263,42.72
2013-07-18,5263,42.77
2013-07-19,5263,42.5
2013-07-22,5263,42.5
2013-07-23,5263,43.04
2013-07-24,5263,42.88
2013-07-25,5263,42.88
2013-07-26,5263,42.28
2013-07-29,5263,42.0
2013-07-30,5263,42.06
2013-07-31,5263,41.4
2013-07-01,5264,111.84
2013-07-02,5264,110.04
2013-07-03,5264,109.68
2013-07-04,5264,104.65
2013-07-05,5264,106.44
2013-07-08,5264,104.65
2013-07-09,5264,108.96
2013-07-10,5264,107.88
2013-07-11,5264,112.2
2013-07-12,5264,112.92
2013-07-15,5264,116.15
2013-07-16,5264,113.64
2013-07-17,5264,111.84
2013-07-18,5264,106.44
2013-07-19,5264,103.93
2013-07-22,5264,103.93
2013-07-23,5264,101.41
2013-07-24,5264,103.21
2013-07-25,5264,102.49
2013-07-26,5264,100.33
2013-07-29,5264,102.49
2013-07-30,5264,102.49
2013-07-31,5264,107.88
2013-07-01,5269,35.3
2013-07-02,5269,35.75
2013-07-03,5269,35.79
2013-07-04,5269,35.37
2013-07-05,5269,35.45
2013-07-08,5269,34.17
2013-07-09,5269,33.42
2013-07-10,5269,33.42
2013-07-11,5269,34.17
2013-07-12,5269,34.17
2013-07-15,5269,34.02
2013-07-16,5269,34.47
2013-07-17,5269,34.02
2013-07-18,5269,33.42
2013-07-19,5269,33.04
2013-07-22,5269,32.74
2013-07-23,5269,33.8
2013-07-24,5269,33.87
2013-07-25,5269,34.62
2013-07-26,5269,34.21
2013-07-29,5269,34.17
2013-07-30,5269,33.95
2013-07-31,5269,33.27
2013-07-01,5272,29.71
2013-07-02,5272,28.98
2013-07-03,5272,28.31
2013-07-04,5272,28.59
2013-07-05,5272,29.82
2013-07-08,5272,29.99
2013-07-09,5272,29.96
2013-07-10,5272,30.06
2013-07-11,5272,32.16
2013-07-12,5272,31.18
2013-07-15,5272,30.06
2013-07-16,5272,30.27
2013-07-17,5272,29.43
2013-07-18,5272,29.15
2013-07-19,5272,29.64
2013-07-22,5272,30.55
2013-07-23,5272,30.2
2013-07-24,5272,30.06
2013-07-25,5272,29.43
2013-07-26,5272,31.46
2013-07-29,5272,32.93
2013-07-30,5272,32.44
2013-07-31,5272,33.92
2013-07-01,5274,76.96
2013-07-02,5274,77.75
2013-07-03,5274,80.39
2013-07-04,5274,78.28
2013-07-05,5274,79.07
2013-07-08,5274,76.16
2013-07-09,5274,76.43
2013-07-10,5274,76.69
2013-07-11,5274,77.49
2013-07-12,5274,79.07
2013-07-15,5274,78.01
2013-07-16,5274,80.92
2013-07-17,5274,81.45
2013-07-18,5274,80.66
2013-07-19,5274,78.54
2013-07-22,5274,79.87
2013-07-23,5274,85.42
2013-07-24,5274,83.57
2013-07-25,5274,89.39
2013-07-26,5274,95.47
2013-07-29,5274,102.08
2013-07-30,5274,99.44
2013-07-31,5274,98.38
2013-07-01,5278,46.91
2013-07-02,5278,47.2
2013-07-03,5278,44.73
2013-07-04,5278,42.54
2013-07-05,5278,42.54
2013-07-08,5278,40.21
2013-07-09,5278,42.98
2013-07-10,5278,45.89
2013-07-11,5278,46.04
2013-07-12,5278,45.45
2013-07-15,5278,44.73
2013-07-16,5278,44.73
2013-07-17,5278,44.43
2013-07-18,5278,45.6
2013-07-19,5278,43.85
2013-07-22,5278,44.14
2013-07-23,5278,46.47
2013-07-24,5278,47.2
2013-07-25,5278,45.56
2013-07-26,5278,44.8
2013-07-29,5278,45.56
2013-07-30,5278,48.75
2013-07-31,5278,52.09
2013-07-02,5283,25.37
2013-07-03,5283,25.5
2013-07-08,5283,24.99
2013-07-09,5283,24.86
2013-07-12,5283,25.12
2013-07-24,5283,25.12
2013-07-05,5285,17.67
2013-07-08,5285,17.4
2013-07-10,5285,17.4
2013-07-25,5285,17.4
2013-07-26,5285,17.4
2013-07-31,5285,17.4
2013-07-01,5287,86.33
2013-07-10,5287,81.54
2013-07-15,5287,81.54
2013-07-17,5287,81.84
2013-07-18,5287,82.44
2013-07-19,5287,83.93
2013-07-22,5287,83.93
2013-07-23,5287,84.23
2013-07-24,5287,84.38
2013-07-25,5287,84.83
2013-07-26,5287,86.93
2013-07-29,5287,85.88
2013-07-30,5287,92.93
2013-07-31,5287,89.33
2013-07-01,5289,29.41
2013-07-02,5289,29.45
2013-07-03,5289,29.58
2013-07-04,5289,30.02
2013-07-05,5289,29.91
2013-07-08,5289,30.02
2013-07-09,5289,29.71
2013-07-10,5289,29.76
2013-07-11,5289,30.02
2013-07-12,5289,30.13
2013-07-15,5289,29.97
2013-07-16,5289,30.1
2013-07-17,5289,30.13
2013-07-18,5289,30.11
2013-07-19,5289,30.34
2013-07-22,5289,30.67
2013-07-23,5289,30.67
2013-07-24,5289,31.02
2013-07-25,5289,32.02
2013-07-26,5289,32.8
2013-07-29,5289,31.41
2013-07-30,5289,31.76
2013-07-31,5289,31.71
2013-07-02,5299,16.36
2013-07-03,5299,16.06
2013-07-04,5299,14.98
2013-07-08,5299,15.72
2013-07-09,5299,15.39
2013-07-15,5299,14.94
2013-07-17,5299,15.27
2013-07-18,5299,14.64
2013-07-19,5299,14.64
2013-07-22,5299,14.19
2013-07-23,5299,14.19
2013-07-26,5299,14.19
2013-07-29,5299,14.19
2013-07-31,5299,14.27
2013-07-01,5301,18.29
2013-07-04,5301,19.48
2013-07-08,5301,20.68
2013-07-09,5301,20.34
2013-07-10,5301,18.98
2013-07-29,5301,17.95
2013-07-31,5301,18.81
2013-07-01,5302,7.82
2013-07-02,5302,8.36
2013-07-03,5302,8.94
2013-07-04,5302,9.56
2013-07-05,5302,9.3
2013-07-08,5302,9.0
2013-07-09,5302,9.63
2013-07-10,5302,9.34
2013-07-11,5302,9.23
2013-07-12,5302,9.15
2013-07-15,5302,8.9
2013-07-16,5302,9.52
2013-07-17,5302,9.91
2013-07-18,5302,10.0
2013-07-19,5302,9.8
2013-07-22,5302,9.99
2013-07-23,5302,9.8
2013-07-24,5302,9.46
2013-07-25,5302,9.32
2013-07-26,5302,9.25
2013-07-29,5302,9.25
2013-07-30,5302,9.12
2013-07-31,5302,8.8
2013-07-01,5304,3.08
2013-07-02,5304,3.1
2013-07-03,5304,3.12
2013-07-04,5304,3.33
2013-07-05,5304,3.46
2013-07-08,5304,3.24
2013-07-09,5304,3.27
2013-07-10,5304,3.28
2013-07-11,5304,3.33
2013-07-12,5304,3.3
2013-07-15,5304,3.3
2013-07-16,5304,3.26
2013-07-17,5304,3.21
2013-07-18,5304,3.22
2013-07-19,5304,3.25
2013-07-22,5304,3.24
2013-07-23,5304,3.18
2013-07-24,5304,3.13
2013-07-25,5304,3.22
2013-07-26,5304,3.3
2013-07-29,5304,3.29
2013-07-30,5304,3.27
2013-07-31,5304,3.27
2013-07-01,5305,15.16
2013-07-02,5305,15.02
2013-07-03,5305,14.97
2013-07-04,5305,15.21
2013-07-05,5305,15.49
2013-07-08,5305,15.49
2013-07-09,5305,15.21
2013-07-10,5305,15.67
2013-07-11,5305,16.22
2013-07-12,5305,16.13
2013-07-15,5305,16.13
2013-07-16,5305,16.09
2013-07-17,5305,15.71
2013-07-18,5305,15.58
2013-07-19,5305,15.21
2013-07-22,5305,15.34
2013-07-23,5305,15.49
2013-07-24,5305,15.49
2013-07-25,5305,16.18
2013-07-26,5305,15.76
2013-07-29,5305,15.81
2013-07-30,5305,15.9
2013-07-31,5305,16.08
2013-07-01,5306,82.57
2013-07-02,5306,82.57
2013-07-03,5306,81.3
2013-07-04,5306,86.38
2013-07-05,5306,87.97
2013-07-08,5306,89.87
2013-07-09,5306,90.83
2013-07-10,5306,89.24
2013-07-11,5306,94.64
2013-07-12,5306,94.32
2013-07-15,5306,91.46
2013-07-16,5306,90.19
2013-07-17,5306,87.97
2013-07-18,5306,81.93
2013-07-19,5306,81.93
2013-07-22,5306,85.75
2013-07-23,5306,84.47
2013-07-24,5306,81.62
2013-07-25,5306,83.2
2013-07-26,5306,81.93
2013-07-29,5306,83.2
2013-07-30,5306,83.84
2013-07-31,5306,83.84
2013-07-01,5309,11.8
2013-07-02,5309,12.02
2013-07-03,5309,12.46
2013-07-04,5309,12.05
2013-07-05,5309,12.6
2013-07-08,5309,12.46
2013-07-09,5309,12.39
2013-07-10,5309,12.29
2013-07-11,5309,13.14
2013-07-12,5309,13.43
2013-07-15,5309,13.7
2013-07-16,5309,13.46
2013-07-17,5309,13.18
2013-07-18,5309,13.08
2013-07-19,5309,12.95
2013-07-22,5309,12.72
2013-07-23,5309,12.76
2013-07-24,5309,13.41
2013-07-25,5309,13.24
2013-07-26,5309,13.03
2013-07-29,5309,13.0
2013-07-30,5309,13.0
2013-07-31,5309,13.01
2013-07-01,5310,63.52
2013-07-02,5310,64.02
2013-07-03,5310,63.02
2013-07-04,5310,63.78
2013-07-05,5310,62.85
2013-07-08,5310,62.93
2013-07-09,5310,62.68
2013-07-10,5310,62.85
2013-07-11,5310,63.35
2013-07-12,5310,64.27
2013-07-15,5310,64.36
2013-07-16,5310,64.53
2013-07-17,5310,64.44
2013-07-18,5310,64.36
2013-07-19,5310,64.53
2013-07-22,5310,64.61
2013-07-23,5310,64.36
2013-07-24,5310,64.7
2013-07-25,5310,66.72
2013-07-26,5310,66.21
2013-07-29,5310,68.24
2013-07-30,5310,70.26
2013-07-31,5310,69.59
2013-07-01,5312,47.66
2013-07-02,5312,47.11
2013-07-03,5312,47.11
2013-07-04,5312,47.06
2013-07-05,5312,47.85
2013-07-08,5312,47.51
2013-07-09,5312,50.6
2013-07-10,5312,49.85
2013-07-11,5312,50.6
2013-07-12,5312,51.59
2013-07-15,5312,52.34
2013-07-16,5312,55.83
2013-07-17,5312,56.33
2013-07-18,5312,56.08
2013-07-19,5312,56.33
2013-07-22,5312,57.82
2013-07-23,5312,57.82
2013-07-24,5312,57.08
2013-07-25,5312,55.83
2013-07-26,5312,54.83
2013-07-29,5312,54.89
2013-07-30,5312,56.43
2013-07-31,5312,60.04
2013-07-01,5314,34.52
2013-07-02,5314,35.85
2013-07-03,5314,34.8
2013-07-04,5314,34.31
2013-07-05,5314,33.92
2013-07-08,5314,33.96
2013-07-09,5314,33.75
2013-07-10,5314,33.75
2013-07-11,5314,35.08
2013-07-12,5314,34.56
2013-07-15,5314,35.12
2013-07-16,5314,35.12
2013-07-17,5314,34.52
2013-07-18,5314,34.35
2013-07-19,5314,34.04
2013-07-22,5314,33.92
2013-07-23,5314,35.85
2013-07-24,5314,38.36
2013-07-25,5314,37.55
2013-07-26,5314,36.82
2013-07-29,5314,36.21
2013-07-30,5314,36.25
2013-07-31,5314,35.41
2013-07-01,5315,3.04
2013-07-02,5315,3.05
2013-07-03,5315,3.0
2013-07-04,5315,3.0
2013-07-05,5315,2.98
2013-07-08,5315,2.87
2013-07-09,5315,2.82
2013-07-10,5315,2.79
2013-07-11,5315,2.82
2013-07-12,5315,2.78
2013-07-15,5315,2.74
2013-07-16,5315,2.64
2013-07-17,5315,2.64
2013-07-18,5315,2.74
2013-07-19,5315,2.64
2013-07-22,5315,2.61
2013-07-23,5315,2.64
2013-07-24,5315,2.62
2013-07-25,5315,2.63
2013-07-26,5315,2.66
2013-07-29,5315,2.65
2013-07-30,5315,2.71
2013-07-31,5315,2.61
2013-07-01,5321,18.87
2013-07-02,5321,17.55
2013-07-03,5321,16.36
2013-07-04,5321,17.49
2013-07-05,5321,17.79
2013-07-08,5321,17.37
2013-07-09,5321,17.47
2013-07-10,5321,16.26
2013-07-11,5321,15.86
2013-07-12,5321,15.67
2013-07-15,5321,16.77
2013-07-16,5321,17.94
2013-07-17,5321,18.48
2013-07-18,5321,17.74
2013-07-19,5321,17.78
2013-07-22,5321,17.51
2013-07-23,5321,17.57
2013-07-24,5321,17.99
2013-07-25,5321,17.69
2013-07-26,5321,17.67
2013-07-29,5321,17.67
2013-07-30,5321,17.39
2013-07-31,5321,17.37
2013-07-01,5324,44.35
2013-07-02,5324,47.38
2013-07-03,5324,46.82
2013-07-04,5324,45.87
2013-07-05,5324,46.02
2013-07-08,5324,43.24
2013-07-09,5324,43.48
2013-07-10,5324,42.2
2013-07-11,5324,42.28
2013-07-12,5324,42.84
2013-07-15,5324,43.56
2013-07-16,5324,46.58
2013-07-17,5324,46.58
2013-07-18,5324,46.02
2013-07-19,5324,46.18
2013-07-22,5324,46.34
2013-07-23,5324,46.98
2013-07-24,5324,47.62
2013-07-25,5324,46.18
2013-07-26,5324,46.18
2013-07-29,5324,45.07
2013-07-30,5324,45.39
2013-07-31,5324,44.59
2013-07-01,5328,6.88
2013-07-02,5328,6.88
2013-07-03,5328,6.82
2013-07-04,5328,6.84
2013-07-05,5328,6.81
2013-07-08,5328,6.75
2013-07-09,5328,6.72
2013-07-10,5328,6.68
2013-07-11,5328,6.69
2013-07-12,5328,6.69
2013-07-15,5328,6.71
2013-07-16,5328,6.69
2013-07-17,5328,6.64
2013-07-18,5328,6.63
2013-07-19,5328,6.61
2013-07-22,5328,6.57
2013-07-23,5328,6.59
2013-07-24,5328,6.62
2013-07-25,5328,6.64
2013-07-26,5328,6.65
2013-07-29,5328,6.63
2013-07-30,5328,6.59
2013-07-31,5328,6.53
2013-07-01,5340,4.74
2013-07-02,5340,4.78
2013-07-03,5340,4.74
2013-07-04,5340,4.69
2013-07-05,5340,4.71
2013-07-08,5340,4.68
2013-07-10,5340,4.68
2013-07-11,5340,4.76
2013-07-12,5340,4.79
2013-07-15,5340,4.71
2013-07-16,5340,4.72
2013-07-17,5340,4.65
2013-07-18,5340,4.66
2013-07-19,5340,4.68
2013-07-22,5340,4.6
2013-07-23,5340,4.65
2013-07-24,5340,4.61
2013-07-25,5340,4.61
2013-07-26,5340,4.6
2013-07-29,5340,4.6
2013-07-30,5340,4.6
2013-07-31,5340,4.57
2013-07-01,5344,13.15
2013-07-02,5344,13.0
2013-07-03,5344,12.8
2013-07-04,5344,12.1
2013-07-05,5344,12.3
2013-07-08,5344,12.25
2013-07-09,5344,12.1
2013-07-10,5344,12.1
2013-07-11,5344,12.0
2013-07-12,5344,12.1
2013-07-15,5344,12.2
2013-07-16,5344,12.1
2013-07-17,5344,12.05
2013-07-18,5344,12.05
2013-07-19,5344,11.95
2013-07-22,5344,12.1
2013-07-23,5344,12.05
2013-07-24,5344,12.1
2013-07-25,5344,12.1
2013-07-26,5344,12.1
2013-07-29,5344,11.85
2013-07-30,5344,12.05
2013-07-31,5344,12.0
2013-07-01,5345,20.97
2013-07-02,5345,21.03
2013-07-03,5345,21.28
2013-07-04,5345,21.37
2013-07-05,5345,21.34
2013-07-08,5345,21.19
2013-07-09,5345,21.0
2013-07-10,5345,20.81
2013-07-11,5345,20.84
2013-07-12,5345,20.78
2013-07-15,5345,21.03
2013-07-16,5345,20.84
2013-07-17,5345,20.72
2013-07-18,5345,20.62
2013-07-19,5345,20.45
2013-07-22,5345,20.26
2013-07-23,5345,20.26
2013-07-24,5345,19.88
2013-07-25,5345,20.5
2013-07-26,5345,20.07
2013-07-29,5345,20.07
2013-07-30,5345,20.13
2013-07-31,5345,20.1
2013-07-01,5347,20.13
2013-07-02,5347,19.27
2013-07-03,5347,19.72
2013-07-04,5347,19.72
2013-07-05,5347,19.86
2013-07-08,5347,19.77
2013-07-09,5347,20.22
2013-07-10,5347,19.63
2013-07-11,5347,19.63
2013-07-12,5347,19.83
2013-07-15,5347,19.88
2013-07-16,5347,19.27
2013-07-17,5347,18.59
2013-07-18,5347,17.3
2013-07-19,5347,16.11
2013-07-22,5347,16.51
2013-07-23,5347,17.65
2013-07-24,5347,17.82
2013-07-25,5347,17.76
2013-07-26,5347,18.3
2013-07-29,5347,17.96
2013-07-30,5347,18.16
2013-07-31,5347,17.08
2013-07-01,5348,25.57
2013-07-02,5348,25.86
2013-07-03,5348,25.96
2013-07-04,5348,25.86
2013-07-05,5348,25.86
2013-07-08,5348,25.57
2013-07-09,5348,25.37
2013-07-10,5348,25.47
2013-07-11,5348,25.27
2013-07-12,5348,25.08
2013-07-15,5348,24.88
2013-07-16,5348,24.88
2013-07-17,5348,25.27
2013-07-19,5348,24.69
2013-07-22,5348,24.69
2013-07-23,5348,24.69
2013-07-24,5348,24.69
2013-07-25,5348,24.78
2013-07-26,5348,24.98
2013-07-29,5348,24.88
2013-07-30,5348,24.88
2013-07-31,5348,24.69
2013-07-01,5349,23.71
2013-07-02,5349,23.35
2013-07-03,5349,23.45
2013-07-04,5349,22.77
2013-07-05,5349,24.35
2013-07-08,5349,24.39
2013-07-09,5349,23.71
2013-07-10,5349,23.2
2013-07-11,5349,23.17
2013-07-12,5349,23.78
2013-07-15,5349,24.82
2013-07-16,5349,25.03
2013-07-17,5349,25.75
2013-07-18,5349,26.09
2013-07-19,5349,25.9
2013-07-22,5349,26.43
2013-07-23,5349,25.9
2013-07-24,5349,26.13
2013-07-25,5349,26.4
2013-07-26,5349,25.14
2013-07-29,5349,25.07
2013-07-30,5349,25.37
2013-07-31,5349,25.03
2013-07-01,5351,26.77
2013-07-02,5351,25.92
2013-07-03,5351,25.49
2013-07-04,5351,23.86
2013-07-05,5351,23.43
2013-07-08,5351,23.69
2013-07-09,5351,23.69
2013-07-10,5351,22.06
2013-07-11,5351,23.52
2013-07-12,5351,23.18
2013-07-15,5351,22.92
2013-07-16,5351,23.18
2013-07-17,5351,23.69
2013-07-18,5351,22.49
2013-07-19,5351,22.15
2013-07-22,5351,22.06
2013-07-23,5351,21.89
2013-07-24,5351,22.49
2013-07-25,5351,21.12
2013-07-26,5351,20.94
2013-07-29,5351,19.74
2013-07-30,5351,20.17
2013-07-31,5351,18.97
2013-07-01,5353,6.54
2013-07-02,5353,6.84
2013-07-03,5353,7.31
2013-07-04,5353,7.38
2013-07-05,5353,7.38
2013-07-08,5353,7.43
2013-07-09,5353,7.11
2013-07-10,5353,6.87
2013-07-11,5353,6.96
2013-07-12,5353,6.93
2013-07-15,5353,7.08
2013-07-16,5353,7.08
2013-07-17,5353,6.84
2013-07-18,5353,6.78
2013-07-19,5353,6.58
2013-07-22,5353,6.46
2013-07-23,5353,6.9
2013-07-24,5353,6.78
2013-07-25,5353,6.67
2013-07-26,5353,6.67
2013-07-29,5353,6.67
2013-07-30,5353,6.72
2013-07-31,5353,6.58
2013-07-01,5355,13.9
2013-07-02,5355,13.85
2013-07-03,5355,13.76
2013-07-04,5355,13.71
2013-07-05,5355,13.71
2013-07-08,5355,13.9
2013-07-09,5355,14.23
2013-07-10,5355,13.99
2013-07-11,5355,13.99
2013-07-12,5355,14.37
2013-07-15,5355,14.99
2013-07-16,5355,15.09
2013-07-17,5355,14.9
2013-07-18,5355,14.71
2013-07-19,5355,14.99
2013-07-22,5355,14.99
2013-07-23,5355,14.52
2013-07-24,5355,14.42
2013-07-25,5355,14.56
2013-07-26,5355,14.14
2013-07-29,5355,14.09
2013-07-30,5355,14.47
2013-07-31,5355,14.28
2013-07-01,5356,22.48
2013-07-02,5356,22.6
2013-07-03,5356,22.18
2013-07-04,5356,22.09
2013-07-05,5356,22.4
2013-07-08,5356,22.35
2013-07-09,5356,22.79
2013-07-10,5356,22.65
2013-07-11,5356,22.89
2013-07-12,5356,22.94
2013-07-15,5356,23.74
2013-07-16,5356,23.77
2013-07-17,5356,23.67
2013-07-18,5356,23.96
2013-07-19,5356,24.16
2013-07-22,5356,24.93
2013-07-23,5356,24.99
2013-07-24,5356,26.2
2013-07-25,5356,26.2
2013-07-26,5356,27.52
2013-07-29,5356,27.52
2013-07-30,5356,27.52
2013-07-31,5356,27.71
2013-07-01,5364,77.41
2013-07-02,5364,76.46
2013-07-03,5364,81.24
2013-07-04,5364,81.24
2013-07-05,5364,86.65
2013-07-08,5364,80.6
2013-07-09,5364,77.41
2013-07-10,5364,72.0
2013-07-11,5364,76.78
2013-07-12,5364,81.56
2013-07-15,5364,81.56
2013-07-16,5364,81.56
2013-07-17,5364,76.14
2013-07-26,5364,46.83
2013-07-01,5371,17.62
2013-07-02,5371,17.69
2013-07-03,5371,17.27
2013-07-04,5371,16.59
2013-07-05,5371,16.63
2013-07-08,5371,16.62
2013-07-09,5371,17.2
2013-07-10,5371,16.77
2013-07-11,5371,17.28
2013-07-12,5371,17.64
2013-07-15,5371,18.11
2013-07-16,5371,18.15
2013-07-17,5371,17.97
2013-07-18,5371,17.57
2013-07-19,5371,17.2
2013-07-22,5371,17.86
2013-07-23,5371,18.51
2013-07-24,5371,18.73
2013-07-25,5371,18.37
2013-07-26,5371,18.59
2013-07-29,5371,18.37
2013-07-30,5371,18.88
2013-07-31,5371,18.91
2013-07-01,5381,4.68
2013-07-02,5381,4.66
2013-07-03,5381,4.63
2013-07-04,5381,4.54
2013-07-05,5381,4.49
2013-07-08,5381,4.44
2013-07-09,5381,4.39
2013-07-10,5381,4.42
2013-07-11,5381,4.44
2013-07-12,5381,4.39
2013-07-15,5381,4.39
2013-07-16,5381,4.38
2013-07-17,5381,4.36
2013-07-18,5381,4.33
2013-07-19,5381,4.27
2013-07-22,5381,4.31
2013-07-23,5381,4.31
2013-07-24,5381,4.31
2013-07-25,5381,4.31
2013-07-26,5381,4.3
2013-07-29,5381,4.14
2013-07-30,5381,4.16
2013-07-31,5381,4.22
2013-07-01,5383,16.05
2013-07-02,5383,15.98
2013-07-03,5383,15.72
2013-07-04,5383,15.92
2013-07-05,5383,15.72
2013-07-08,5383,15.04
2013-07-09,5383,14.9
2013-07-10,5383,14.97
2013-07-11,5383,14.77
2013-07-12,5383,14.63
2013-07-15,5383,15.04
2013-07-16,5383,15.24
2013-07-17,5383,14.9
2013-07-18,5383,14.83
2013-07-19,5383,14.63
2013-07-22,5383,14.7
2013-07-23,5383,14.42
2013-07-24,5383,14.42
2013-07-25,5383,14.63
2013-07-26,5383,15.31
2013-07-29,5383,15.04
2013-07-30,5383,14.97
2013-07-31,5383,14.42
2013-07-01,5386,9.86
2013-07-02,5386,9.31
2013-07-03,5386,9.07
2013-07-04,5386,9.21
2013-07-05,5386,9.58
2013-07-08,5386,9.58
2013-07-09,5386,9.58
2013-07-12,5386,9.51
2013-07-15,5386,9.45
2013-07-16,5386,9.24
2013-07-17,5386,9.69
2013-07-22,5386,9.43
2013-07-23,5386,9.41
2013-07-24,5386,9.31
2013-07-30,5386,9.31
2013-07-31,5386,9.24
2013-07-01,5388,22.26
2013-07-02,5388,22.26
2013-07-03,5388,21.95
2013-07-04,5388,21.78
2013-07-05,5388,21.78
2013-07-08,5388,22.2
2013-07-09,5388,21.81
2013-07-10,5388,21.76
2013-07-11,5388,21.78
2013-07-12,5388,21.76
2013-07-15,5388,22.26
2013-07-16,5388,22.26
2013-07-17,5388,22.15
2013-07-18,5388,22.43
2013-07-19,5388,22.62
2013-07-22,5388,23.33
2013-07-23,5388,23.51
2013-07-24,5388,23.48
2013-07-25,5388,23.39
2013-07-26,5388,23.33
2013-07-29,5388,23.33
2013-07-30,5388,23.42
2013-07-31,5388,23.21
2013-07-01,5392,31.59
2013-07-02,5392,31.78
2013-07-03,5392,31.28
2013-07-04,5392,30.66
2013-07-05,5392,30.75
2013-07-08,5392,30.28
2013-07-09,5392,30.28
2013-07-10,5392,31.22
2013-07-11,5392,30.97
2013-07-12,5392,30.84
2013-07-15,5392,30.72
2013-07-16,5392,31.06
2013-07-17,5392,32.4
2013-07-18,5392,33.15
2013-07-19,5392,33.34
2013-07-22,5392,32.78
2013-07-23,5392,32.83
2013-07-24,5392,32.2
2013-07-25,5392,32.52
2013-07-26,5392,32.33
2013-07-29,5392,31.75
2013-07-30,5392,31.82
2013-07-31,5392,31.63
2013-07-01,5398,23.73
2013-07-02,5398,24.09
2013-07-03,5398,24.04
2013-07-04,5398,24.16
2013-07-05,5398,24.16
2013-07-08,5398,23.73
2013-07-09,5398,23.62
2013-07-10,5398,23.43
2013-07-11,5398,23.01
2013-07-12,5398,23.38
2013-07-15,5398,23.38
2013-07-16,5398,23.07
2013-07-17,5398,22.52
2013-07-18,5398,21.97
2013-07-19,5398,21.62
2013-07-22,5398,21.62
2013-07-23,5398,21.19
2013-07-24,5398,20.1
2013-07-25,5398,18.71
2013-07-26,5398,19.5
2013-07-29,5398,19.14
2013-07-30,5398,19.14
2013-07-31,5398,19.43
2013-07-01,5403,9.66
2013-07-02,5403,9.66
2013-07-03,5403,9.64
2013-07-04,5403,9.6
2013-07-05,5403,9.68
2013-07-08,5403,9.77
2013-07-09,5403,9.7
2013-07-10,5403,9.6
2013-07-11,5403,9.55
2013-07-12,5403,9.53
2013-07-15,5403,9.51
2013-07-16,5403,9.55
2013-07-17,5403,9.53
2013-07-18,5403,9.53
2013-07-19,5403,9.53
2013-07-22,5403,9.62
2013-07-23,5403,9.64
2013-07-24,5403,9.64
2013-07-25,5403,9.68
2013-07-26,5403,9.7
2013-07-29,5403,9.74
2013-07-30,5403,9.68
2013-07-31,5403,9.68
2013-07-01,5410,6.06
2013-07-02,5410,6.08
2013-07-03,5410,5.97
2013-07-04,5410,5.91
2013-07-05,5410,5.99
2013-07-08,5410,5.91
2013-07-09,5410,6.08
2013-07-10,5410,6.06
2013-07-11,5410,6.06
2013-07-12,5410,6.2
2013-07-15,5410,6.41
2013-07-16,5410,6.37
2013-07-17,5410,6.43
2013-07-18,5410,6.41
2013-07-19,5410,6.41
2013-07-22,5410,6.41
2013-07-23,5410,6.39
2013-07-24,5410,6.41
2013-07-25,5410,6.37
2013-07-26,5410,6.26
2013-07-29,5410,6.34
2013-07-30,5410,6.37
2013-07-31,5410,6.26
2013-07-01,5425,11.38
2013-07-02,5425,11.35
2013-07-03,5425,11.2
2013-07-04,5425,11.41
2013-07-05,5425,12.21
2013-07-08,5425,12.71
2013-07-09,5425,13.0
2013-07-10,5425,12.65
2013-07-11,5425,12.59
2013-07-12,5425,12.94
2013-07-15,5425,12.91
2013-07-16,5425,12.83
2013-07-17,5425,12.91
2013-07-18,5425,12.71
2013-07-19,5425,12.21
2013-07-22,5425,12.41
2013-07-23,5425,13.02
2013-07-24,5425,13.93
2013-07-25,5425,13.8
2013-07-26,5425,13.56
2013-07-29,5425,13.5
2013-07-30,5425,13.44
2013-07-31,5425,13.8
2013-07-01,5426,9.92
2013-07-02,5426,9.92
2013-07-03,5426,9.92
2013-07-04,5426,9.95
2013-07-05,5426,9.88
2013-07-08,5426,9.88
2013-07-09,5426,9.88
2013-07-10,5426,9.81
2013-07-11,5426,9.85
2013-07-12,5426,9.81
2013-07-15,5426,9.85
2013-07-16,5426,10.06
2013-07-17,5426,10.09
2013-07-18,5426,9.99
2013-07-19,5426,10.02
2013-07-22,5426,10.02
2013-07-23,5426,10.09
2013-07-24,5426,9.87
2013-07-25,5426,9.83
2013-07-26,5426,9.76
2013-07-29,5426,9.76
2013-07-30,5426,9.79
2013-07-31,5426,9.79
2013-07-01,5432,19.41
2013-07-02,5432,19.22
2013-07-03,5432,19.41
2013-07-04,5432,18.85
2013-07-05,5432,19.41
2013-07-08,5432,19.41
2013-07-09,5432,18.89
2013-07-10,5432,18.47
2013-07-11,5432,18.29
2013-07-12,5432,18.01
2013-07-15,5432,17.45
2013-07-16,5432,17.17
2013-07-17,5432,17.59
2013-07-18,5432,17.35
2013-07-19,5432,17.03
2013-07-22,5432,17.03
2013-07-23,5432,16.51
2013-07-24,5432,17.4
2013-07-25,5432,16.98
2013-07-26,5432,17.07
2013-07-29,5432,17.54
2013-07-30,5432,17.07
2013-07-31,5432,16.33
2013-07-01,5434,24.44
2013-07-02,5434,24.76
2013-07-03,5434,24.35
2013-07-04,5434,24.4
2013-07-05,5434,24.53
2013-07-08,5434,24.35
2013-07-09,5434,24.31
2013-07-10,5434,24.58
2013-07-11,5434,24.62
2013-07-12,5434,25.08
2013-07-15,5434,25.17
2013-07-16,5434,25.35
2013-07-17,5434,25.35
2013-07-18,5434,25.21
2013-07-19,5434,24.85
2013-07-22,5434,25.08
2013-07-23,5434,25.22
2013-07-24,5434,25.42
2013-07-25,5434,25.22
2013-07-26,5434,25.12
2013-07-29,5434,24.6
2013-07-30,5434,24.43
2013-07-31,5434,24.06
2013-07-01,5438,5.27
2013-07-02,5438,5.26
2013-07-03,5438,5.3
2013-07-04,5438,5.31
2013-07-05,5438,5.31
2013-07-08,5438,5.27
2013-07-09,5438,5.26
2013-07-10,5438,5.28
2013-07-11,5438,5.23
2013-07-12,5438,5.24
2013-07-15,5438,5.22
2013-07-16,5438,5.27
2013-07-17,5438,5.23
2013-07-18,5438,5.25
2013-07-19,5438,5.26
2013-07-22,5438,5.21
2013-07-23,5438,5.25
2013-07-24,5438,5.25
2013-07-25,5438,5.25
2013-07-26,5438,5.26
2013-07-29,5438,5.27
2013-07-30,5438,5.3
2013-07-31,5438,5.24
2013-07-01,5439,9.55
2013-07-02,5439,9.57
2013-07-03,5439,9.6
2013-07-04,5439,9.55
2013-07-05,5439,9.57
2013-07-08,5439,9.57
2013-07-09,5439,9.6
2013-07-10,5439,9.6
2013-07-11,5439,9.65
2013-07-12,5439,9.56
2013-07-15,5439,9.56
2013-07-16,5439,9.51
2013-07-17,5439,9.48
2013-07-18,5439,9.54
2013-07-19,5439,9.51
2013-07-22,5439,9.48
2013-07-23,5439,9.51
2013-07-24,5439,9.48
2013-07-25,5439,9.48
2013-07-26,5439,9.38
2013-07-29,5439,9.38
2013-07-30,5439,9.38
2013-07-31,5439,9.27
2013-07-01,5443,6.51
2013-07-02,5443,6.95
2013-07-03,5443,6.84
2013-07-04,5443,6.89
2013-07-05,5443,6.95
2013-07-08,5443,7.41
2013-07-09,5443,7.76
2013-07-10,5443,7.54
2013-07-11,5443,7.65
2013-07-12,5443,7.87
2013-07-15,5443,8.28
2013-07-16,5443,8.84
2013-07-17,5443,9.17
2013-07-18,5443,8.55
2013-07-19,5443,8.06
2013-07-22,5443,8.6
2013-07-23,5443,8.65
2013-07-24,5443,8.52
2013-07-25,5443,8.38
2013-07-26,5443,8.03
2013-07-29,5443,7.76
2013-07-30,5443,8.17
2013-07-31,5443,7.87
2013-07-01,5450,17.31
2013-07-02,5450,16.9
2013-07-03,5450,16.9
2013-07-04,5450,17.04
2013-07-05,5450,17.5
2013-07-08,5450,17.5
2013-07-09,5450,16.81
2013-07-10,5450,16.48
2013-07-11,5450,15.42
2013-07-12,5450,15.84
2013-07-15,5450,16.3
2013-07-16,5450,16.57
2013-07-17,5450,17.45
2013-07-18,5450,16.81
2013-07-19,5450,15.79
2013-07-22,5450,16.02
2013-07-23,5450,15.79
2013-07-24,5450,15.75
2013-07-25,5450,15.79
2013-07-26,5450,15.7
2013-07-29,5450,15.24
2013-07-30,5450,15.19
2013-07-31,5450,14.73
2013-07-01,5452,9.69
2013-07-02,5452,9.61
2013-07-03,5452,9.53
2013-07-04,5452,9.53
2013-07-05,5452,9.45
2013-07-08,5452,9.42
2013-07-09,5452,9.49
2013-07-10,5452,9.49
2013-07-11,5452,9.3
2013-07-12,5452,9.42
2013-07-15,5452,9.42
2013-07-16,5452,9.45
2013-07-17,5452,9.34
2013-07-18,5452,9.3
2013-07-19,5452,9.19
2013-07-22,5452,9.3
2013-07-23,5452,9.49
2013-07-24,5452,9.53
2013-07-25,5452,9.49
2013-07-26,5452,9.49
2013-07-29,5452,9.38
2013-07-30,5452,9.3
2013-07-31,5452,9.26
2013-07-02,5455,2.07
2013-07-03,5455,2.15
2013-07-04,5455,2.09
2013-07-05,5455,2.1
2013-07-08,5455,2.2
2013-07-09,5455,2.12
2013-07-10,5455,2.1
2013-07-11,5455,2.15
2013-07-12,5455,2.05
2013-07-15,5455,2.19
2013-07-16,5455,2.3
2013-07-17,5455,2.46
2013-07-18,5455,2.46
2013-07-19,5455,2.46
2013-07-22,5455,2.46
2013-07-23,5455,2.5
2013-07-25,5455,2.67
2013-07-26,5455,2.51
2013-07-30,5455,2.53
2013-07-31,5455,2.41
2013-07-01,5457,14.72
2013-07-02,5457,14.85
2013-07-03,5457,14.59
2013-07-04,5457,14.51
2013-07-05,5457,14.81
2013-07-08,5457,14.55
2013-07-09,5457,14.68
2013-07-10,5457,14.55
2013-07-11,5457,14.9
2013-07-12,5457,14.85
2013-07-15,5457,14.77
2013-07-16,5457,15.03
2013-07-17,5457,14.85
2013-07-18,5457,14.59
2013-07-19,5457,14.51
2013-07-22,5457,14.59
2013-07-23,5457,14.51
2013-07-24,5457,14.46
2013-07-25,5457,14.85
2013-07-26,5457,14.77
2013-07-29,5457,14.77
2013-07-30,5457,14.9
2013-07-31,5457,14.77
2013-07-01,5460,8.57
2013-07-02,5460,8.53
2013-07-03,5460,8.53
2013-07-04,5460,8.5
2013-07-05,5460,8.5
2013-07-08,5460,8.5
2013-07-09,5460,8.43
2013-07-10,5460,8.39
2013-07-11,5460,8.47
2013-07-12,5460,8.39
2013-07-15,5460,8.47
2013-07-16,5460,8.5
2013-07-17,5460,8.57
2013-07-18,5460,8.53
2013-07-19,5460,8.5
2013-07-22,5460,8.53
2013-07-23,5460,8.53
2013-07-24,5460,8.57
2013-07-25,5460,8.53
2013-07-26,5460,8.77
2013-07-29,5460,8.77
2013-07-30,5460,8.71
2013-07-31,5460,8.64
2013-07-01,5464,10.59
2013-07-02,5464,10.72
2013-07-03,5464,10.54
2013-07-04,5464,10.51
2013-07-05,5464,10.62
2013-07-08,5464,10.49
2013-07-09,5464,10.86
2013-07-10,5464,10.75
2013-07-11,5464,10.72
2013-07-12,5464,10.67
2013-07-15,5464,10.67
2013-07-16,5464,10.72
2013-07-17,5464,10.72
2013-07-18,5464,10.72
2013-07-19,5464,10.43
2013-07-22,5464,10.62
2013-07-23,5464,10.62
2013-07-24,5464,10.62
2013-07-25,5464,10.62
2013-07-26,5464,10.57
2013-07-29,5464,10.57
2013-07-30,5464,10.54
2013-07-31,5464,10.57
2013-07-01,5465,6.08
2013-07-02,5465,6.03
2013-07-03,5465,5.94
2013-07-04,5465,5.91
2013-07-05,5465,6.12
2013-07-08,5465,6.01
2013-07-09,5465,5.74
2013-07-10,5465,5.81
2013-07-11,5465,5.81
2013-07-12,5465,5.86
2013-07-15,5465,5.88
2013-07-16,5465,5.93
2013-07-17,5465,5.87
2013-07-18,5465,5.88
2013-07-19,5465,5.81
2013-07-22,5465,5.8
2013-07-23,5465,5.73
2013-07-24,5465,5.77
2013-07-25,5465,5.76
2013-07-26,5465,5.78
2013-07-29,5465,6.12
2013-07-30,5465,6.2
2013-07-31,5465,6.05
2013-07-01,5468,23.53
2013-07-02,5468,23.09
2013-07-03,5468,23.18
2013-07-04,5468,22.7
2013-07-05,5468,23.11
2013-07-08,5468,21.91
2013-07-09,5468,21.89
2013-07-10,5468,22.36
2013-07-11,5468,22.58
2013-07-12,5468,21.54
2013-07-15,5468,22.49
2013-07-16,5468,22.55
2013-07-17,5468,22.08
2013-07-18,5468,22.51
2013-07-19,5468,22.33
2013-07-23,5468,22.55
2013-07-25,5468,22.36
2013-07-26,5468,22.24
2013-07-29,5468,21.66
2013-07-30,5468,22.7
2013-07-31,5468,21.76
2013-07-01,5469,9.4
2013-07-02,5469,9.57
2013-07-03,5469,9.37
2013-07-04,5469,9.33
2013-07-05,5469,9.37
2013-07-08,5469,9.3
2013-07-09,5469,9.5
2013-07-10,5469,9.4
2013-07-11,5469,9.43
2013-07-12,5469,9.4
2013-07-15,5469,9.33
2013-07-16,5469,9.57
2013-07-17,5469,9.54
2013-07-18,5469,9.54
2013-07-19,5469,9.37
2013-07-22,5469,9.37
2013-07-23,5469,9.37
2013-07-24,5469,9.54
2013-07-25,5469,9.47
2013-07-26,5469,9.43
2013-07-29,5469,9.33
2013-07-30,5469,9.37
2013-07-31,5469,9.2
2013-07-01,5471,20.26
2013-07-02,5471,20.17
2013-07-03,5471,20.0
2013-07-04,5471,20.17
2013-07-05,5471,20.12
2013-07-08,5471,19.98
2013-07-09,5471,20.08
2013-07-10,5471,20.08
2013-07-11,5471,20.33
2013-07-12,5471,20.38
2013-07-15,5471,20.35
2013-07-16,5471,20.18
2013-07-17,5471,20.15
2013-07-18,5471,20.15
2013-07-19,5471,20.02
2013-07-22,5471,20.38
2013-07-23,5471,20.38
2013-07-24,5471,20.33
2013-07-25,5471,20.35
2013-07-26,5471,20.2
2013-07-29,5471,20.15
2013-07-30,5471,20.05
2013-07-31,5471,19.97
2013-07-01,5474,24.54
2013-07-02,5474,26.22
2013-07-03,5474,27.02
2013-07-04,5474,27.02
2013-07-05,5474,27.72
2013-07-08,5474,27.39
2013-07-09,5474,26.6
2013-07-10,5474,27.16
2013-07-11,5474,26.74
2013-07-12,5474,26.18
2013-07-15,5474,25.66
2013-07-16,5474,27.42
2013-07-17,5474,27.56
2013-07-18,5474,27.8
2013-07-19,5474,27.66
2013-07-22,5474,27.09
2013-07-23,5474,27.04
2013-07-24,5474,26.18
2013-07-25,5474,24.38
2013-07-26,5474,25.04
2013-07-29,5474,24.23
2013-07-30,5474,24.52
2013-07-31,5474,22.81
2013-07-01,5475,16.92
2013-07-02,5475,16.65
2013-07-03,5475,16.73
2013-07-04,5475,16.6
2013-07-05,5475,16.73
2013-07-08,5475,16.5
2013-07-09,5475,16.46
2013-07-10,5475,16.58
2013-07-11,5475,16.58
2013-07-12,5475,16.58
2013-07-15,5475,16.78
2013-07-16,5475,16.73
2013-07-17,5475,16.67
2013-07-18,5475,16.75
2013-07-19,5475,16.78
2013-07-22,5475,16.54
2013-07-23,5475,16.9
2013-07-24,5475,16.86
2013-07-25,5475,16.99
2013-07-26,5475,16.84
2013-07-29,5475,16.8
2013-07-30,5475,16.58
2013-07-31,5475,16.56
2013-07-01,5478,30.6
2013-07-02,5478,30.01
2013-07-03,5478,29.84
2013-07-04,5478,29.2
2013-07-05,5478,29.08
2013-07-08,5478,28.21
2013-07-09,5478,28.27
2013-07-10,5478,28.79
2013-07-11,5478,29.49
2013-07-12,5478,29.32
2013-07-15,5478,28.91
2013-07-16,5478,29.2
2013-07-17,5478,29.67
2013-07-18,5478,29.61
2013-07-19,5478,28.91
2013-07-22,5478,28.97
2013-07-23,5478,29.49
2013-07-24,5478,29.43
2013-07-25,5478,29.14
2013-07-26,5478,29.08
2013-07-29,5478,29.96
2013-07-30,5478,30.65
2013-07-31,5478,30.65
2013-07-01,5481,8.12
2013-07-02,5481,8.02
2013-07-03,5481,8.02
2013-07-05,5481,7.86
2013-07-09,5481,7.86
2013-07-10,5481,8.05
2013-07-11,5481,8.01
2013-07-12,5481,7.87
2013-07-15,5481,8.02
2013-07-16,5481,7.97
2013-07-17,5481,8.02
2013-07-18,5481,8.02
2013-07-19,5481,8.02
2013-07-22,5481,8.02
2013-07-23,5481,7.87
2013-07-24,5481,8.02
2013-07-25,5481,8.02
2013-07-26,5481,7.87
2013-07-29,5481,8.02
2013-07-30,5481,8.14
2013-07-31,5481,8.32
2013-07-01,5483,25.39
2013-07-02,5483,25.13
2013-07-03,5483,24.87
2013-07-04,5483,25.1
2013-07-05,5483,24.8
2013-07-08,5483,24.51
2013-07-09,5483,24.71
2013-07-10,5483,24.67
2013-07-11,5483,24.64
2013-07-12,5483,24.64
2013-07-15,5483,25.45
2013-07-16,5483,25.1
2013-07-17,5483,24.71
2013-07-18,5483,23.15
2013-07-19,5483,23.05
2013-07-22,5483,22.86
2013-07-23,5483,23.99
2013-07-24,5483,24.06
2013-07-25,5483,24.25
2013-07-26,5483,24.19
2013-07-29,5483,23.57
2013-07-30,5483,23.67
2013-07-31,5483,23.05
2013-07-01,5484,12.1
2013-07-02,5484,12.16
2013-07-03,5484,11.85
2013-07-04,5484,11.65
2013-07-05,5484,11.75
2013-07-08,5484,11.8
2013-07-09,5484,11.91
2013-07-10,5484,11.8
2013-07-11,5484,11.65
2013-07-12,5484,11.6
2013-07-15,5484,12.41
2013-07-16,5484,12.35
2013-07-17,5484,12.25
2013-07-18,5484,13.06
2013-07-19,5484,13.26
2013-07-22,5484,14.06
2013-07-23,5484,13.76
2013-07-24,5484,13.86
2013-07-25,5484,14.11
2013-07-26,5484,13.71
2013-07-29,5484,13.46
2013-07-30,5484,13.56
2013-07-31,5484,13.36
2013-07-01,5487,12.18
2013-07-02,5487,12.24
2013-07-03,5487,12.29
2013-07-04,5487,12.04
2013-07-05,5487,12.18
2013-07-08,5487,11.42
2013-07-09,5487,11.42
2013-07-10,5487,11.15
2013-07-11,5487,11.24
2013-07-12,5487,11.21
2013-07-15,5487,11.24
2013-07-16,5487,11.27
2013-07-17,5487,11.39
2013-07-18,5487,11.39
2013-07-19,5487,11.33
2013-07-22,5487,11.18
2013-07-23,5487,11.02
2013-07-24,5487,11.09
2013-07-25,5487,11.15
2013-07-26,5487,11.09
2013-07-29,5487,11.15
2013-07-30,5487,11.24
2013-07-31,5487,11.18
2013-07-01,5488,5.93
2013-07-02,5488,5.86
2013-07-03,5488,5.84
2013-07-04,5488,5.79
2013-07-05,5488,5.84
2013-07-08,5488,5.59
2013-07-09,5488,5.82
2013-07-10,5488,5.87
2013-07-11,5488,5.97
2013-07-12,5488,5.93
2013-07-15,5488,5.85
2013-07-16,5488,5.77
2013-07-17,5488,5.86
2013-07-18,5488,5.9
2013-07-19,5488,5.8
2013-07-22,5488,5.77
2013-07-23,5488,5.81
2013-07-24,5488,5.67
2013-07-25,5488,5.68
2013-07-26,5488,5.74
2013-07-29,5488,5.71
2013-07-30,5488,5.68
2013-07-31,5488,5.75
2013-07-01,5489,26.88
2013-07-02,5489,26.44
2013-07-03,5489,26.55
2013-07-04,5489,27.1
2013-07-05,5489,28.97
2013-07-08,5489,28.97
2013-07-09,5489,28.86
2013-07-10,5489,28.15
2013-07-11,5489,28.37
2013-07-12,5489,29.36
2013-07-15,5489,31.12
2013-07-16,5489,31.73
2013-07-17,5489,31.67
2013-07-18,5489,33.05
2013-07-19,5489,32.66
2013-07-22,5489,32.55
2013-07-23,5489,33.21
2013-07-24,5489,33.54
2013-07-25,5489,32.61
2013-07-26,5489,32.22
2013-07-29,5489,32.33
2013-07-30,5489,33.05
2013-07-31,5489,31.51
2013-07-01,5490,18.49
2013-07-02,5490,18.34
2013-07-03,5490,18.43
2013-07-04,5490,18.37
2013-07-05,5490,18.4
2013-07-08,5490,18.65
2013-07-09,5490,19.18
2013-07-10,5490,18.99
2013-07-11,5490,18.93
2013-07-12,5490,18.93
2013-07-15,5490,19.33
2013-07-16,5490,19.98
2013-07-17,5490,20.48
2013-07-18,5490,20.26
2013-07-19,5490,20.23
2013-07-22,5490,20.73
2013-07-23,5490,20.57
2013-07-24,5490,20.23
2013-07-25,5490,20.7
2013-07-26,5490,20.48
2013-07-29,5490,19.86
2013-07-30,5490,21.22
2013-07-31,5490,22.68
2013-07-01,5493,12.45
2013-07-02,5493,12.5
2013-07-03,5493,12.24
2013-07-04,5493,12.29
2013-07-05,5493,12.17
2013-07-08,5493,12.15
2013-07-09,5493,11.97
2013-07-10,5493,12.79
2013-07-11,5493,13.67
2013-07-12,5493,13.72
2013-07-15,5493,13.62
2013-07-16,5493,13.62
2013-07-17,5493,14.57
2013-07-18,5493,15.58
2013-07-19,5493,15.7
2013-07-22,5493,15.6
2013-07-23,5493,15.3
2013-07-24,5493,15.0
2013-07-25,5493,14.98
2013-07-26,5493,16.02
2013-07-29,5493,16.02
2013-07-30,5493,15.7
2013-07-31,5493,15.33
2013-07-01,5498,7.6
2013-07-02,5498,7.6
2013-07-03,5498,7.55
2013-07-04,5498,7.53
2013-07-05,5498,7.51
2013-07-08,5498,7.36
2013-07-09,5498,7.53
2013-07-10,5498,7.52
2013-07-11,5498,7.69
2013-07-12,5498,7.78
2013-07-15,5498,7.8
2013-07-16,5498,7.75
2013-07-17,5498,7.78
2013-07-18,5498,7.73
2013-07-19,5498,7.71
2013-07-22,5498,7.84
2013-07-23,5498,7.84
2013-07-24,5498,7.89
2013-07-25,5498,7.89
2013-07-26,5498,7.88
2013-07-29,5498,7.83
2013-07-30,5498,7.8
2013-07-31,5498,7.73
2013-07-01,5508,19.51
2013-07-02,5508,19.53
2013-07-03,5508,19.49
2013-07-04,5508,19.3
2013-07-05,5508,19.25
2013-07-08,5508,18.75
2013-07-09,5508,18.53
2013-07-10,5508,18.53
2013-07-11,5508,18.86
2013-07-12,5508,18.77
2013-07-15,5508,18.83
2013-07-16,5508,18.99
2013-07-17,5508,18.91
2013-07-18,5508,18.91
2013-07-19,5508,19.13
2013-07-22,5508,19.41
2013-07-23,5508,19.8
2013-07-24,5508,20.1
2013-07-25,5508,20.35
2013-07-26,5508,20.3
2013-07-29,5508,20.33
2013-07-30,5508,20.35
2013-07-31,5508,21.02
2013-07-01,5511,14.62
2013-07-02,5511,14.66
2013-07-03,5511,14.66
2013-07-04,5511,15.09
2013-07-05,5511,14.8
2013-07-08,5511,14.64
2013-07-09,5511,14.87
2013-07-10,5511,14.87
2013-07-11,5511,14.89
2013-07-12,5511,15.28
2013-07-15,5511,15.5
2013-07-16,5511,15.55
2013-07-17,5511,16.63
2013-07-18,5511,17.04
2013-07-19,5511,15.42
2013-07-22,5511,15.17
2013-07-23,5511,15.39
2013-07-24,5511,15.22
2013-07-25,5511,15.03
2013-07-26,5511,14.97
2013-07-29,5511,14.89
2013-07-30,5511,14.95
2013-07-31,5511,14.97
2013-07-01,5512,8.7
2013-07-02,5512,8.7
2013-07-03,5512,8.7
2013-07-04,5512,8.67
2013-07-05,5512,8.67
2013-07-08,5512,8.65
2013-07-09,5512,8.67
2013-07-10,5512,8.7
2013-07-11,5512,8.73
2013-07-12,5512,8.73
2013-07-15,5512,8.7
2013-07-16,5512,8.87
2013-07-17,5512,8.93
2013-07-18,5512,8.93
2013-07-19,5512,8.81
2013-07-22,5512,8.81
2013-07-23,5512,8.84
2013-07-24,5512,8.81
2013-07-25,5512,8.93
2013-07-26,5512,8.93
2013-07-29,5512,8.87
2013-07-30,5512,8.9
2013-07-31,5512,8.9
2013-07-01,5514,12.8
2013-07-02,5514,13.19
2013-07-03,5514,13.05
2013-07-04,5514,12.82
2013-07-05,5514,12.68
2013-07-08,5514,12.96
2013-07-09,5514,12.7
2013-07-10,5514,13.36
2013-07-11,5514,13.22
2013-07-12,5514,13.57
2013-07-15,5514,14.13
2013-07-16,5514,14.09
2013-07-17,5514,14.18
2013-07-18,5514,14.04
2013-07-19,5514,14.23
2013-07-22,5514,14.67
2013-07-23,5514,15.03
2013-07-24,5514,14.86
2013-07-25,5514,14.88
2013-07-26,5514,14.79
2013-07-29,5514,14.39
2013-07-30,5514,14.34
2013-07-31,5514,14.49
2013-07-01,5515,8.39
2013-07-02,5515,8.41
2013-07-03,5515,8.39
2013-07-04,5515,8.25
2013-07-05,5515,8.33
2013-07-08,5515,8.28
2013-07-09,5515,8.36
2013-07-10,5515,8.41
2013-07-11,5515,8.39
2013-07-12,5515,8.44
2013-07-15,5515,8.5
2013-07-16,5515,8.55
2013-07-17,5515,8.51
2013-07-18,5515,8.42
2013-07-19,5515,8.42
2013-07-22,5515,8.37
2013-07-23,5515,8.37
2013-07-24,5515,8.37
2013-07-25,5515,8.42
2013-07-26,5515,8.37
2013-07-29,5515,8.3
2013-07-30,5515,8.3
2013-07-31,5515,8.37
2013-07-02,5516,10.0
2013-07-03,5516,9.93
2013-07-05,5516,9.79
2013-07-08,5516,9.76
2013-07-09,5516,9.59
2013-07-10,5516,9.62
2013-07-11,5516,9.59
2013-07-12,5516,9.59
2013-07-15,5516,9.55
2013-07-16,5516,9.52
2013-07-17,5516,9.55
2013-07-19,5516,9.55
2013-07-22,5516,9.55
2013-07-23,5516,9.55
2013-07-25,5516,9.52
2013-07-26,5516,9.49
2013-07-29,5516,9.55
2013-07-30,5516,9.55
2013-07-01,5519,11.13
2013-07-02,5519,11.09
2013-07-03,5519,11.1
2013-07-04,5519,10.74
2013-07-05,5519,10.92
2013-07-08,5519,10.97
2013-07-09,5519,10.97
2013-07-10,5519,10.88
2013-07-11,5519,10.97
2013-07-12,5519,10.95
2013-07-15,5519,11.03
2013-07-16,5519,11.01
2013-07-17,5519,10.99
2013-07-18,5519,11.16
2013-07-19,5519,11.18
2013-07-22,5519,11.38
2013-07-23,5519,11.55
2013-07-24,5519,11.61
2013-07-25,5519,11.77
2013-07-26,5519,11.86
2013-07-29,5519,12.03
2013-07-30,5519,12.2
2013-07-31,5519,12.26
2013-07-01,5520,15.27
2013-07-03,5520,15.3
2013-07-04,5520,15.49
2013-07-05,5520,15.51
2013-07-08,5520,15.38
2013-07-09,5520,15.64
2013-07-10,5520,15.24
2013-07-11,5520,15.65
2013-07-12,5520,15.65
2013-07-15,5520,15.91
2013-07-16,5520,15.88
2013-07-17,5520,15.94
2013-07-22,5520,15.94
2013-07-23,5520,15.94
2013-07-24,5520,16.16
2013-07-26,5520,16.1
2013-07-29,5520,15.65
2013-07-30,5520,15.82
2013-07-31,5520,15.85
2013-07-01,5521,11.13
2013-07-02,5521,11.01
2013-07-03,5521,10.89
2013-07-04,5521,10.78
2013-07-05,5521,10.82
2013-07-08,5521,10.74
2013-07-09,5521,10.86
2013-07-10,5521,10.78
2013-07-11,5521,10.89
2013-07-12,5521,10.89
2013-07-15,5521,10.86
2013-07-16,5521,11.13
2013-07-17,5521,11.17
2013-07-18,5521,11.01
2013-07-19,5521,10.97
2013-07-22,5521,11.13
2013-07-23,5521,11.09
2013-07-24,5521,11.13
2013-07-25,5521,11.05
2013-07-26,5521,11.01
2013-07-29,5521,10.93
2013-07-30,5521,11.05
2013-07-31,5521,10.97
2013-07-01,5522,20.7
2013-07-02,5522,20.55
2013-07-03,5522,20.66
2013-07-04,5522,20.7
2013-07-05,5522,20.96
2013-07-08,5522,21.11
2013-07-09,5522,20.89
2013-07-10,5522,21.04
2013-07-11,5522,21.19
2013-07-12,5522,21.3
2013-07-15,5522,21.3
2013-07-16,5522,21.53
2013-07-17,5522,21.6
2013-07-18,5522,21.6
2013-07-19,5522,21.45
2013-07-22,5522,21.68
2013-07-23,5522,22.13
2013-07-24,5522,22.13
2013-07-25,5522,21.81
2013-07-26,5522,21.77
2013-07-29,5522,21.33
2013-07-30,5522,21.57
2013-07-31,5522,21.77
2013-07-01,5523,8.99
2013-07-02,5523,9.25
2013-07-03,5523,9.28
2013-07-04,5523,9.18
2013-07-05,5523,9.09
2013-07-08,5523,8.9
2013-07-09,5523,8.96
2013-07-10,5523,9.02
2013-07-11,5523,9.09
2013-07-12,5523,9.22
2013-07-15,5523,9.04
2013-07-16,5523,9.02
2013-07-17,5523,9.21
2013-07-18,5523,9.03
2013-07-19,5523,8.98
2013-07-22,5523,8.92
2013-07-23,5523,8.87
2013-07-24,5523,8.8
2013-07-25,5523,8.87
2013-07-26,5523,8.81
2013-07-29,5523,8.88
2013-07-30,5523,8.81
2013-07-31,5523,9.05
2013-07-01,5525,8.19
2013-07-02,5525,8.26
2013-07-03,5525,8.4
2013-07-04,5525,8.29
2013-07-05,5525,8.36
2013-07-08,5525,8.29
2013-07-09,5525,8.34
2013-07-10,5525,8.36
2013-07-11,5525,8.4
2013-07-12,5525,8.48
2013-07-15,5525,8.5
2013-07-16,5525,8.54
2013-07-17,5525,8.5
2013-07-18,5525,8.5
2013-07-19,5525,8.34
2013-07-22,5525,8.46
2013-07-23,5525,8.36
2013-07-24,5525,8.58
2013-07-25,5525,8.48
2013-07-26,5525,8.46
2013-07-29,5525,8.4
2013-07-30,5525,8.38
2013-07-31,5525,8.38
2013-07-01,5529,121.62
2013-07-02,5529,126.54
2013-07-03,5529,124.17
2013-07-04,5529,124.17
2013-07-05,5529,124.53
2013-07-08,5529,120.52
2013-07-09,5529,127.27
2013-07-10,5529,128.18
2013-07-11,5529,137.12
2013-07-12,5529,144.23
2013-07-15,5529,144.95
2013-07-16,5529,145.5
2013-07-17,5529,154.07
2013-07-18,5529,114.24
2013-07-19,5529,106.25
2013-07-22,5529,99.25
2013-07-23,5529,98.59
2013-07-24,5529,98.15
2013-07-25,5529,92.46
2013-07-26,5529,88.52
2013-07-29,5529,92.57
2013-07-30,5529,99.02
2013-07-31,5529,103.29
2013-07-01,5530,68.24
2013-07-02,5530,67.82
2013-07-03,5530,66.43
2013-07-04,5530,67.54
2013-07-05,5530,68.31
2013-07-08,5530,67.96
2013-07-09,5530,68.47
2013-07-10,5530,68.47
2013-07-11,5530,68.03
2013-07-12,5530,68.39
2013-07-15,5530,70.27
2013-07-16,5530,69.69
2013-07-17,5530,68.47
2013-07-18,5530,66.88
2013-07-19,5530,66.81
2013-07-22,5530,66.66
2013-07-23,5530,66.88
2013-07-24,5530,67.53
2013-07-25,5530,67.24
2013-07-26,5530,67.38
2013-07-29,5530,66.74
2013-07-30,5530,67.02
2013-07-31,5530,66.66
2013-07-01,5531,13.69
2013-07-02,5531,13.72
2013-07-03,5531,13.52
2013-07-04,5531,13.46
2013-07-05,5531,13.46
2013-07-08,5531,13.46
2013-07-09,5531,13.57
2013-07-10,5531,13.4
2013-07-11,5531,13.46
2013-07-12,5531,13.46
2013-07-15,5531,13.89
2013-07-16,5531,14.12
2013-07-17,5531,14.72
2013-07-18,5531,14.52
2013-07-19,5531,14.66
2013-07-22,5531,14.72
2013-07-23,5531,14.8
2013-07-24,5531,14.52
2013-07-25,5531,14.52
2013-07-26,5531,14.49
2013-07-29,5531,14.37
2013-07-30,5531,14.46
2013-07-31,5531,14.32
2013-07-01,5533,9.88
2013-07-02,5533,9.92
2013-07-03,5533,9.78
2013-07-04,5533,9.78
2013-07-05,5533,9.8
2013-07-08,5533,9.76
2013-07-09,5533,9.76
2013-07-10,5533,9.69
2013-07-11,5533,9.73
2013-07-12,5533,9.73
2013-07-15,5533,9.98
2013-07-16,5533,10.11
2013-07-17,5533,10.05
2013-07-18,5533,10.18
2013-07-19,5533,10.08
2013-07-22,5533,10.08
2013-07-23,5533,10.26
2013-07-24,5533,10.31
2013-07-25,5533,10.34
2013-07-26,5533,10.39
2013-07-29,5533,10.36
2013-07-30,5533,10.31
2013-07-31,5533,10.36
2013-07-01,5534,41.84
2013-07-02,5534,42.23
2013-07-03,5534,41.84
2013-07-04,5534,41.84
2013-07-05,5534,42.04
2013-07-08,5534,42.04
2013-07-09,5534,43.19
2013-07-10,5534,43.0
2013-07-11,5534,43.39
2013-07-12,5534,43.19
2013-07-15,5534,43.77
2013-07-16,5534,45.89
2013-07-17,5534,47.05
2013-07-18,5534,47.24
2013-07-19,5534,46.28
2013-07-22,5534,47.44
2013-07-23,5534,46.86
2013-07-24,5534,48.21
2013-07-25,5534,47.63
2013-07-26,5534,47.05
2013-07-29,5534,47.44
2013-07-30,5534,47.44
2013-07-31,5534,48.01
2013-07-01,5536,48.52
2013-07-02,5536,48.34
2013-07-03,5536,47.78
2013-07-04,5536,46.86
2013-07-05,5536,47.23
2013-07-08,5536,47.23
2013-07-09,5536,47.43
2013-07-10,5536,46.63
2013-07-11,5536,48.83
2013-07-12,5536,48.43
2013-07-15,5536,49.83
2013-07-16,5536,49.83
2013-07-17,5536,50.03
2013-07-18,5536,49.63
2013-07-19,5536,48.23
2013-07-22,5536,48.43
2013-07-23,5536,48.83
2013-07-24,5536,48.83
2013-07-25,5536,48.83
2013-07-26,5536,48.83
2013-07-29,5536,48.43
2013-07-30,5536,49.23
2013-07-31,5536,48.63
2013-07-01,5601,29.45
2013-07-03,5601,28.15
2013-07-08,5601,26.92
2013-07-09,5601,27.17
2013-07-11,5601,25.1
2013-07-12,5601,26.4
2013-07-16,5601,26.8
2013-07-17,5601,26.6
2013-07-18,5601,26.7
2013-07-19,5601,27.05
2013-07-23,5601,27.1
2013-07-30,5601,26.9
2013-07-31,5601,26.1
2013-07-01,5603,3.88
2013-07-02,5603,3.87
2013-07-03,5603,3.85
2013-07-04,5603,3.81
2013-07-05,5603,3.82
2013-07-08,5603,3.81
2013-07-09,5603,3.83
2013-07-10,5603,3.83
2013-07-11,5603,3.83
2013-07-12,5603,3.84
2013-07-15,5603,3.84
2013-07-16,5603,3.85
2013-07-17,5603,3.85
2013-07-18,5603,3.81
2013-07-19,5603,3.83
2013-07-22,5603,3.83
2013-07-23,5603,3.82
2013-07-24,5603,3.83
2013-07-25,5603,3.83
2013-07-26,5603,3.81
2013-07-29,5603,3.83
2013-07-30,5603,3.83
2013-07-31,5603,3.87
2013-07-01,5604,11.62
2013-07-02,5604,11.58
2013-07-03,5604,11.58
2013-07-04,5604,11.55
2013-07-05,5604,11.53
2013-07-08,5604,11.51
2013-07-09,5604,11.51
2013-07-10,5604,11.55
2013-07-11,5604,11.6
2013-07-12,5604,11.69
2013-07-15,5604,11.67
2013-07-16,5604,11.67
2013-07-17,5604,11.67
2013-07-18,5604,11.69
2013-07-19,5604,11.71
2013-07-22,5604,11.74
2013-07-23,5604,11.78
2013-07-24,5604,11.8
2013-07-25,5604,11.85
2013-07-26,5604,11.9
2013-07-29,5604,11.78
2013-07-30,5604,11.9
2013-07-31,5604,11.76
2013-07-01,5607,14.34
2013-07-02,5607,14.34
2013-07-03,5607,14.24
2013-07-04,5607,14.13
2013-07-05,5607,14.24
2013-07-08,5607,13.99
2013-07-09,5607,14.06
2013-07-10,5607,14.1
2013-07-11,5607,14.31
2013-07-12,5607,14.45
2013-07-15,5607,14.45
2013-07-16,5607,14.52
2013-07-17,5607,14.41
2013-07-18,5607,14.38
2013-07-19,5607,14.41
2013-07-22,5607,14.52
2013-07-23,5607,14.63
2013-07-24,5607,15.19
2013-07-25,5607,15.16
2013-07-26,5607,15.09
2013-07-29,5607,14.95
2013-07-30,5607,15.02
2013-07-31,5607,14.8
2013-07-01,5608,21.84
2013-07-02,5608,21.79
2013-07-03,5608,21.58
2013-07-04,5608,21.58
2013-07-05,5608,21.74
2013-07-08,5608,21.63
2013-07-09,5608,21.53
2013-07-10,5608,21.53
2013-07-11,5608,21.58
2013-07-12,5608,21.63
2013-07-15,5608,21.74
2013-07-16,5608,21.79
2013-07-17,5608,22.01
2013-07-18,5608,22.11
2013-07-19,5608,21.95
2013-07-22,5608,21.95
2013-07-23,5608,22.01
2013-07-24,5608,22.48
2013-07-25,5608,22.43
2013-07-26,5608,22.22
2013-07-29,5608,22.27
2013-07-30,5608,22.32
2013-07-31,5608,22.05
2013-07-01,5609,6.43
2013-07-02,5609,6.56
2013-07-03,5609,6.45
2013-07-04,5609,6.45
2013-07-05,5609,6.45
2013-07-08,5609,6.37
2013-07-09,5609,6.39
2013-07-10,5609,6.35
2013-07-11,5609,6.39
2013-07-12,5609,6.37
2013-07-15,5609,6.37
2013-07-16,5609,6.41
2013-07-17,5609,6.41
2013-07-18,5609,6.45
2013-07-19,5609,6.45
2013-07-22,5609,6.45
2013-07-23,5609,6.43
2013-07-24,5609,6.87
2013-07-25,5609,6.64
2013-07-26,5609,6.68
2013-07-29,5609,6.6
2013-07-30,5609,6.6
2013-07-31,5609,6.64
2013-07-01,5701,20.64
2013-07-02,5701,20.13
2013-07-03,5701,20.09
2013-07-04,5701,20.22
2013-07-05,5701,20.22
2013-07-08,5701,19.99
2013-07-09,5701,19.86
2013-07-10,5701,19.77
2013-07-11,5701,19.72
2013-07-12,5701,19.44
2013-07-15,5701,19.49
2013-07-16,5701,19.35
2013-07-17,5701,19.12
2013-07-18,5701,19.4
2013-07-19,5701,19.21
2013-07-22,5701,19.21
2013-07-23,5701,19.17
2013-07-24,5701,19.35
2013-07-25,5701,19.12
2013-07-26,5701,19.26
2013-07-29,5701,18.98
2013-07-30,5701,19.12
2013-07-31,5701,19.03
2013-07-01,5703,21.22
2013-07-02,5703,21.22
2013-07-03,5703,21.22
2013-07-05,5703,21.31
2013-07-08,5703,21.13
2013-07-09,5703,21.59
2013-07-10,5703,20.94
2013-07-11,5703,21.59
2013-07-15,5703,21.41
2013-07-16,5703,21.41
2013-07-17,5703,21.87
2013-07-18,5703,21.87
2013-07-19,5703,21.59
2013-07-22,5703,21.83
2013-07-23,5703,22.01
2013-07-24,5703,21.5
2013-07-25,5703,21.45
2013-07-26,5703,21.45
2013-07-29,5703,21.83
2013-07-30,5703,21.73
2013-07-31,5703,21.5
2013-07-01,5704,14.93
2013-07-02,5704,14.82
2013-07-03,5704,14.86
2013-07-04,5704,14.96
2013-07-05,5704,14.86
2013-07-08,5704,14.86
2013-07-09,5704,14.82
2013-07-10,5704,14.82
2013-07-11,5704,14.82
2013-07-12,5704,14.86
2013-07-15,5704,14.86
2013-07-16,5704,15.13
2013-07-17,5704,16.17
2013-07-18,5704,16.07
2013-07-19,5704,16.17
2013-07-22,5704,16.17
2013-07-23,5704,16.17
2013-07-24,5704,16.31
2013-07-25,5704,16.37
2013-07-26,5704,16.24
2013-07-29,5704,16.17
2013-07-30,5704,16.04
2013-07-31,5704,16.07
2013-07-01,5706,23.79
2013-07-02,5706,24.1
2013-07-03,5706,23.99
2013-07-04,5706,24.1
2013-07-05,5706,24.42
2013-07-08,5706,24.38
2013-07-09,5706,24.34
2013-07-10,5706,24.14
2013-07-11,5706,24.53
2013-07-12,5706,24.42
2013-07-15,5706,24.61
2013-07-16,5706,25.0
2013-07-17,5706,24.88
2013-07-18,5706,24.57
2013-07-19,5706,24.53
2013-07-22,5706,24.61
2013-07-23,5706,25.02
2013-07-24,5706,25.27
2013-07-25,5706,25.19
2013-07-26,5706,25.43
2013-07-29,5706,25.02
2013-07-30,5706,24.86
2013-07-31,5706,24.86
2013-07-01,5820,5.3
2013-07-02,5820,5.29
2013-07-03,5820,5.26
2013-07-04,5820,5.22
2013-07-05,5820,5.28
2013-07-08,5820,5.2
2013-07-09,5820,5.2
2013-07-10,5820,5.2
2013-07-11,5820,5.28
2013-07-12,5820,5.3
2013-07-15,5820,5.28
2013-07-16,5820,5.29
2013-07-17,5820,5.33
2013-07-18,5820,5.28
2013-07-19,5820,5.26
2013-07-22,5820,5.29
2013-07-23,5820,5.33
2013-07-24,5820,5.28
2013-07-25,5820,5.3
2013-07-26,5820,5.33
2013-07-29,5820,5.3
2013-07-30,5820,5.33
2013-07-31,5820,5.32
2013-07-01,5864,3.79
2013-07-02,5864,3.81
2013-07-03,5864,3.72
2013-07-04,5864,3.79
2013-07-05,5864,3.79
2013-07-08,5864,3.79
2013-07-09,5864,3.84
2013-07-10,5864,3.84
2013-07-11,5864,3.86
2013-07-12,5864,3.84
2013-07-15,5864,3.86
2013-07-16,5864,3.86
2013-07-17,5864,3.84
2013-07-18,5864,3.84
2013-07-19,5864,3.82
2013-07-22,5864,3.74
2013-07-23,5864,3.79
2013-07-24,5864,3.74
2013-07-25,5864,3.79
2013-07-26,5864,3.79
2013-07-29,5864,3.84
2013-07-30,5864,3.86
2013-07-31,5864,3.8
2013-07-01,5871,30.44
2013-07-02,5871,30.53
2013-07-03,5871,29.32
2013-07-04,5871,28.46
2013-07-05,5871,28.89
2013-07-08,5871,27.59
2013-07-09,5871,27.38
2013-07-10,5871,29.28
2013-07-11,5871,30.31
2013-07-12,5871,30.66
2013-07-15,5871,30.96
2013-07-16,5871,32.12
2013-07-17,5871,31.78
2013-07-18,5871,31.65
2013-07-19,5871,30.87
2013-07-22,5871,30.66
2013-07-23,5871,31.0
2013-07-24,5871,31.04
2013-07-25,5871,31.99
2013-07-26,5871,32.25
2013-07-29,5871,31.91
2013-07-30,5871,31.69
2013-07-31,5871,30.96
2013-07-01,5880,6.89
2013-07-02,5880,6.89
2013-07-03,5880,6.85
2013-07-04,5880,6.81
2013-07-05,5880,6.87
2013-07-08,5880,6.83
2013-07-09,5880,6.89
2013-07-10,5880,6.91
2013-07-11,5880,7.0
2013-07-12,5880,7.06
2013-07-15,5880,7.08
2013-07-16,5880,7.1
2013-07-17,5880,7.16
2013-07-18,5880,7.16
2013-07-19,5880,7.14
2013-07-22,5880,7.12
2013-07-23,5880,7.16
2013-07-24,5880,7.16
2013-07-25,5880,7.14
2013-07-26,5880,7.16
2013-07-29,5880,7.12
2013-07-30,5880,7.14
2013-07-31,5880,7.14
2013-07-01,5902,20.15
2013-07-02,5902,20.91
2013-07-03,5902,21.26
2013-07-04,5902,20.74
2013-07-05,5902,20.91
2013-07-08,5902,21.09
2013-07-09,5902,20.7
2013-07-10,5902,20.62
2013-07-11,5902,20.83
2013-07-12,5902,20.83
2013-07-15,5902,22.02
2013-07-16,5902,23.01
2013-07-17,5902,22.79
2013-07-18,5902,22.79
2013-07-19,5902,23.35
2013-07-22,5902,24.97
2013-07-23,5902,25.57
2013-07-24,5902,25.01
2013-07-25,5902,24.07
2013-07-26,5902,22.62
2013-07-29,5902,23.05
2013-07-30,5902,23.22
2013-07-31,5902,22.19
2013-07-01,5903,109.43
2013-07-02,5903,110.53
2013-07-03,5903,110.9
2013-07-04,5903,107.59
2013-07-05,5903,107.96
2013-07-08,5903,110.53
2013-07-09,5903,110.9
2013-07-10,5903,110.9
2013-07-11,5903,111.63
2013-07-12,5903,116.41
2013-07-15,5903,121.18
2013-07-16,5903,121.91
2013-07-17,5903,121.55
2013-07-18,5903,117.14
2013-07-19,5903,116.04
2013-07-22,5903,118.61
2013-07-23,5903,117.51
2013-07-24,5903,117.51
2013-07-25,5903,114.57
2013-07-26,5903,114.2
2013-07-29,5903,115.3
2013-07-30,5903,115.3
2013-07-31,5903,116.13
2013-07-01,5904,62.59
2013-07-02,5904,65.74
2013-07-03,5904,65.74
2013-07-04,5904,68.88
2013-07-05,5904,73.45
2013-07-08,5904,73.45
2013-07-09,5904,75.45
2013-07-10,5904,75.74
2013-07-11,5904,78.88
2013-07-12,5904,79.74
2013-07-15,5904,79.74
2013-07-16,5904,78.88
2013-07-17,5904,76.88
2013-07-18,5904,77.17
2013-07-19,5904,78.31
2013-07-22,5904,82.31
2013-07-23,5904,88.03
2013-07-24,5904,92.6
2013-07-25,5904,88.6
2013-07-26,5904,86.6
2013-07-29,5904,86.89
2013-07-30,5904,91.67
2013-07-31,5904,94.34
2013-07-01,5905,8.57
2013-07-02,5905,8.54
2013-07-03,5905,8.5
2013-07-04,5905,8.46
2013-07-05,5905,8.39
2013-07-08,5905,8.65
2013-07-09,5905,8.68
2013-07-10,5905,8.57
2013-07-11,5905,8.65
2013-07-12,5905,8.61
2013-07-15,5905,8.57
2013-07-16,5905,8.57
2013-07-17,5905,8.61
2013-07-18,5905,8.61
2013-07-19,5905,8.65
2013-07-22,5905,8.72
2013-07-23,5905,8.68
2013-07-24,5905,9.05
2013-07-25,5905,9.05
2013-07-26,5905,8.98
2013-07-29,5905,8.91
2013-07-30,5905,9.09
2013-07-31,5905,8.98
2013-07-01,5906,46.9
2013-07-02,5906,47.34
2013-07-03,5906,46.99
2013-07-04,5906,47.09
2013-07-05,5906,47.19
2013-07-08,5906,47.09
2013-07-09,5906,46.15
2013-07-10,5906,46.5
2013-07-11,5906,46.55
2013-07-12,5906,46.39
2013-07-15,5906,47.24
2013-07-16,5906,47.29
2013-07-17,5906,47.68
2013-07-18,5906,47.14
2013-07-19,5906,47.44
2013-07-22,5906,47.34
2013-07-23,5906,47.29
2013-07-24,5906,47.49
2013-07-25,5906,47.58
2013-07-26,5906,47.14
2013-07-29,5906,46.64
2013-07-30,5906,46.64
2013-07-31,5906,46.55
2013-07-01,5907,36.66
2013-07-02,5907,36.35
2013-07-03,5907,35.73
2013-07-04,5907,36.04
2013-07-05,5907,36.29
2013-07-08,5907,35.67
2013-07-09,5907,37.29
2013-07-10,5907,37.72
2013-07-11,5907,37.35
2013-07-12,5907,37.6
2013-07-15,5907,38.09
2013-07-16,5907,37.97
2013-07-17,5907,37.97
2013-07-18,5907,37.6
2013-07-19,5907,37.35
2013-07-22,5907,37.53
2013-07-23,5907,37.78
2013-07-24,5907,37.72
2013-07-25,5907,38.16
2013-07-26,5907,37.97
2013-07-29,5907,37.91
2013-07-30,5907,38.09
2013-07-31,5907,37.66
2013-07-01,6005,4.77
2013-07-02,6005,4.68
2013-07-03,6005,4.61
2013-07-04,6005,4.63
2013-07-05,6005,4.63
2013-07-08,6005,4.59
2013-07-09,6005,4.6
2013-07-10,6005,4.61
2013-07-11,6005,4.72
2013-07-12,6005,4.68
2013-07-15,6005,4.7
2013-07-16,6005,4.66
2013-07-17,6005,4.68
2013-07-18,6005,4.66
2013-07-19,6005,4.66
2013-07-22,6005,4.68
2013-07-23,6005,4.7
2013-07-24,6005,4.7
2013-07-25,6005,4.7
2013-07-26,6005,4.68
2013-07-29,6005,4.67
2013-07-30,6005,4.73
2013-07-31,6005,4.68
2013-07-01,6015,6.69
2013-07-02,6015,6.6
2013-07-03,6015,6.46
2013-07-04,6015,6.43
2013-07-05,6015,6.46
2013-07-08,6015,6.31
2013-07-09,6015,6.23
2013-07-10,6015,6.26
2013-07-11,6015,6.49
2013-07-12,6015,6.4
2013-07-15,6015,6.4
2013-07-16,6015,6.43
2013-07-17,6015,6.49
2013-07-18,6015,6.46
2013-07-19,6015,6.49
2013-07-22,6015,6.49
2013-07-23,6015,6.52
2013-07-24,6015,6.52
2013-07-25,6015,6.55
2013-07-26,6015,6.69
2013-07-29,6015,6.63
2013-07-30,6015,6.57
2013-07-31,6015,6.49
2013-07-01,6016,4.93
2013-07-02,6016,4.89
2013-07-03,6016,4.82
2013-07-04,6016,4.8
2013-07-05,6016,4.83
2013-07-08,6016,4.66
2013-07-09,6016,4.68
2013-07-10,6016,4.7
2013-07-11,6016,4.8
2013-07-12,6016,4.82
2013-07-15,6016,4.82
2013-07-16,6016,4.82
2013-07-17,6016,4.82
2013-07-18,6016,4.82
2013-07-19,6016,4.77
2013-07-22,6016,4.76
2013-07-23,6016,4.8
2013-07-24,6016,4.78
2013-07-25,6016,4.77
2013-07-26,6016,4.75
2013-07-29,6016,4.69
2013-07-30,6016,4.69
2013-07-31,6016,4.6
2013-07-01,6020,10.74
2013-07-02,6020,10.68
2013-07-03,6020,10.38
2013-07-04,6020,10.58
2013-07-05,6020,10.61
2013-07-08,6020,10.51
2013-07-09,6020,10.48
2013-07-10,6020,10.47
2013-07-11,6020,10.93
2013-07-12,6020,10.87
2013-07-15,6020,10.87
2013-07-16,6020,10.8
2013-07-17,6020,10.93
2013-07-18,6020,10.67
2013-07-19,6020,10.73
2013-07-22,6020,10.77
2013-07-23,6020,10.73
2013-07-24,6020,10.77
2013-07-25,6020,10.73
2013-07-26,6020,10.87
2013-07-29,6020,10.77
2013-07-30,6020,10.77
2013-07-31,6020,10.67
2013-07-01,6021,9.82
2013-07-02,6021,9.71
2013-07-03,6021,9.27
2013-07-04,6021,9.12
2013-07-05,6021,9.23
2013-07-08,6021,8.94
2013-07-09,6021,8.94
2013-07-10,6021,8.98
2013-07-11,6021,9.45
2013-07-12,6021,9.45
2013-07-15,6021,9.53
2013-07-16,6021,9.53
2013-07-17,6021,9.49
2013-07-18,6021,9.49
2013-07-19,6021,9.45
2013-07-22,6021,9.57
2013-07-23,6021,9.72
2013-07-24,6021,9.72
2013-07-25,6021,9.6
2013-07-26,6021,9.57
2013-07-29,6021,9.45
2013-07-30,6021,9.45
2013-07-31,6021,9.41
2013-07-01,6023,14.26
2013-07-02,6023,14.1
2013-07-03,6023,14.1
2013-07-04,6023,14.28
2013-07-05,6023,14.42
2013-07-08,6023,14.37
2013-07-09,6023,14.44
2013-07-10,6023,14.46
2013-07-11,6023,14.46
2013-07-12,6023,14.37
2013-07-15,6023,14.48
2013-07-16,6023,14.46
2013-07-17,6023,14.51
2013-07-18,6023,14.37
2013-07-19,6023,14.42
2013-07-22,6023,14.37
2013-07-23,6023,14.37
2013-07-24,6023,14.46
2013-07-25,6023,14.46
2013-07-26,6023,14.55
2013-07-29,6023,14.6
2013-07-30,6023,14.69
2013-07-31,6023,14.66
2013-07-01,6024,9.85
2013-07-02,6024,9.82
2013-07-03,6024,9.75
2013-07-04,6024,9.75
2013-07-05,6024,9.77
2013-07-08,6024,9.78
2013-07-09,6024,9.85
2013-07-10,6024,9.87
2013-07-11,6024,9.89
2013-07-12,6024,9.89
2013-07-15,6024,9.94
2013-07-16,6024,10.06
2013-07-17,6024,10.15
2013-07-18,6024,10.15
2013-07-19,6024,10.12
2013-07-22,6024,10.19
2013-07-23,6024,10.22
2013-07-24,6024,10.2
2013-07-25,6024,10.26
2013-07-26,6024,10.31
2013-07-29,6024,10.26
2013-07-30,6024,10.26
2013-07-31,6024,10.22
2013-07-01,6101,12.56
2013-07-02,6101,13.39
2013-07-03,6101,14.32
2013-07-04,6101,13.93
2013-07-05,6101,13.0
2013-07-08,6101,12.8
2013-07-09,6101,12.41
2013-07-10,6101,11.73
2013-07-11,6101,12.51
2013-07-12,6101,13.34
2013-07-15,6101,12.66
2013-07-16,6101,12.75
2013-07-17,6101,12.22
2013-07-18,6101,12.12
2013-07-19,6101,11.82
2013-07-22,6101,12.51
2013-07-23,6101,12.41
2013-07-24,6101,12.41
2013-07-25,6101,12.41
2013-07-26,6101,12.02
2013-07-29,6101,12.17
2013-07-30,6101,11.92
2013-07-31,6101,11.78
2013-07-03,6103,46.72
2013-07-04,6103,43.52
2013-07-09,6103,46.43
2013-07-11,6103,46.28
2013-07-12,6103,46.28
2013-07-18,6103,43.08
2013-07-23,6103,45.7
2013-07-26,6103,43.66
2013-07-31,6103,46.57
2013-07-01,6104,10.41
2013-07-02,6104,10.38
2013-07-03,6104,10.3
2013-07-04,6104,10.18
2013-07-05,6104,10.21
2013-07-08,6104,10.24
2013-07-09,6104,10.3
2013-07-10,6104,10.24
2013-07-11,6104,10.01
2013-07-12,6104,9.38
2013-07-15,6104,9.24
2013-07-16,6104,9.24
2013-07-17,6104,9.44
2013-07-18,6104,9.33
2013-07-19,6104,9.15
2013-07-22,6104,9.04
2013-07-23,6104,8.98
2013-07-24,6104,8.98
2013-07-25,6104,9.01
2013-07-26,6104,9.1
2013-07-29,6104,9.07
2013-07-30,6104,9.01
2013-07-31,6104,8.81
2013-07-01,6108,12.09
2013-07-02,6108,12.06
2013-07-03,6108,11.78
2013-07-04,6108,11.67
2013-07-05,6108,11.75
2013-07-08,6108,11.53
2013-07-09,6108,11.59
2013-07-10,6108,11.53
2013-07-11,6108,11.7
2013-07-12,6108,11.67
2013-07-15,6108,11.73
2013-07-16,6108,11.75
2013-07-17,6108,11.78
2013-07-18,6108,11.81
2013-07-19,6108,11.7
2013-07-22,6108,11.92
2013-07-23,6108,11.95
2013-07-24,6108,11.98
2013-07-25,6108,12.03
2013-07-26,6108,11.95
2013-07-29,6108,11.95
2013-07-30,6108,11.92
2013-07-31,6108,11.81
2013-07-01,6109,8.97
2013-07-02,6109,9.05
2013-07-03,6109,9.09
2013-07-04,6109,9.09
2013-07-05,6109,9.02
2013-07-08,6109,9.14
2013-07-09,6109,8.89
2013-07-10,6109,9.02
2013-07-11,6109,9.18
2013-07-12,6109,9.09
2013-07-15,6109,9.05
2013-07-16,6109,8.93
2013-07-17,6109,8.84
2013-07-18,6109,8.84
2013-07-19,6109,8.63
2013-07-22,6109,8.71
2013-07-23,6109,8.8
2013-07-24,6109,8.67
2013-07-25,6109,8.67
2013-07-26,6109,8.76
2013-07-29,6109,8.58
2013-07-30,6109,8.58
2013-07-31,6109,8.56
2013-07-01,6111,6.4
2013-07-02,6111,6.38
2013-07-03,6111,6.45
2013-07-04,6111,6.45
2013-07-05,6111,6.47
2013-07-08,6111,6.38
2013-07-09,6111,6.38
2013-07-10,6111,6.42
2013-07-11,6111,6.42
2013-07-12,6111,6.4
2013-07-15,6111,6.4
2013-07-16,6111,6.29
2013-07-17,6111,6.29
2013-07-18,6111,6.02
2013-07-19,6111,6.29
2013-07-22,6111,6.18
2013-07-23,6111,5.86
2013-07-24,6111,6.09
2013-07-26,6111,6.02
2013-07-30,6111,5.95
2013-07-31,6111,5.95
2013-07-01,6112,11.51
2013-07-02,6112,11.78
2013-07-03,6112,11.8
2013-07-04,6112,11.71
2013-07-05,6112,11.74
2013-07-08,6112,11.74
2013-07-09,6112,11.87
2013-07-10,6112,11.92
2013-07-11,6112,12.01
2013-07-12,6112,12.01
2013-07-15,6112,12.03
2013-07-16,6112,12.19
2013-07-17,6112,12.23
2013-07-18,6112,12.3
2013-07-19,6112,12.17
2013-07-22,6112,12.25
2013-07-23,6112,12.05
2013-07-24,6112,11.99
2013-07-25,6112,11.93
2013-07-26,6112,11.82
2013-07-29,6112,11.7
2013-07-30,6112,11.74
2013-07-31,6112,11.6
2013-07-01,6113,10.7
2013-07-02,6113,10.84
2013-07-03,6113,10.84
2013-07-04,6113,10.93
2013-07-05,6113,10.56
2013-07-08,6113,9.83
2013-07-09,6113,9.42
2013-07-10,6113,9.14
2013-07-11,6113,9.19
2013-07-12,6113,8.9
2013-07-15,6113,8.97
2013-07-16,6113,9.19
2013-07-17,6113,9.05
2013-07-18,6113,8.87
2013-07-19,6113,8.6
2013-07-22,6113,8.68
2013-07-23,6113,8.82
2013-07-24,6113,8.76
2013-07-25,6113,8.8
2013-07-26,6113,8.8
2013-07-29,6113,8.73
2013-07-30,6113,8.73
2013-07-31,6113,8.69
2013-07-12,6114,2.9
2013-07-16,6114,2.7
2013-07-30,6114,2.88
2013-07-31,6114,3.08
2013-07-01,6115,17.55
2013-07-02,6115,17.67
2013-07-03,6115,17.65
2013-07-04,6115,17.73
2013-07-05,6115,17.94
2013-07-08,6115,18.04
2013-07-09,6115,17.98
2013-07-10,6115,18.0
2013-07-11,6115,17.71
2013-07-12,6115,17.94
2013-07-15,6115,17.82
2013-07-16,6115,18.02
2013-07-17,6115,18.2
2013-07-18,6115,18.28
2013-07-19,6115,18.11
2013-07-22,6115,18.07
2013-07-23,6115,18.11
2013-07-24,6115,18.3
2013-07-25,6115,18.32
2013-07-26,6115,18.19
2013-07-29,6115,17.98
2013-07-30,6115,17.77
2013-07-31,6115,17.43
2013-07-01,6116,9.38
2013-07-02,6116,9.14
2013-07-03,6116,9.31
2013-07-04,6116,9.17
2013-07-05,6116,8.8
2013-07-08,6116,8.42
2013-07-09,6116,8.59
2013-07-10,6116,8.25
2013-07-11,6116,8.49
2013-07-12,6116,8.42
2013-07-15,6116,8.76
2013-07-16,6116,9.24
2013-07-17,6116,9.52
2013-07-18,6116,8.87
2013-07-19,6116,8.93
2013-07-22,6116,8.8
2013-07-23,6116,8.76
2013-07-24,6116,8.8
2013-07-25,6116,8.76
2013-07-26,6116,9.04
2013-07-29,6116,8.76
2013-07-30,6116,8.76
2013-07-31,6116,8.18
2013-07-01,6117,13.27
2013-07-02,6117,13.04
2013-07-03,6117,12.82
2013-07-04,6117,12.69
2013-07-05,6117,12.73
2013-07-08,6117,12.65
2013-07-09,6117,12.6
2013-07-10,6117,12.51
2013-07-11,6117,12.56
2013-07-12,6117,12.73
2013-07-15,6117,12.6
2013-07-16,6117,12.6
2013-07-17,6117,12.78
2013-07-18,6117,12.96
2013-07-19,6117,13.09
2013-07-22,6117,12.87
2013-07-23,6117,12.96
2013-07-24,6117,12.96
2013-07-26,6117,12.78
2013-07-29,6117,13.22
2013-07-30,6117,13.04
2013-07-31,6117,12.41
2013-07-01,6118,9.63
2013-07-02,6118,9.77
2013-07-03,6118,9.58
2013-07-04,6118,9.49
2013-07-05,6118,9.49
2013-07-08,6118,9.44
2013-07-09,6118,9.48
2013-07-10,6118,9.42
2013-07-11,6118,9.49
2013-07-12,6118,9.53
2013-07-15,6118,9.53
2013-07-16,6118,9.58
2013-07-17,6118,9.58
2013-07-18,6118,9.58
2013-07-19,6118,9.39
2013-07-22,6118,9.39
2013-07-23,6118,9.58
2013-07-24,6118,9.53
2013-07-25,6118,9.49
2013-07-26,6118,9.43
2013-07-29,6118,9.4
2013-07-30,6118,9.49
2013-07-31,6118,9.36
2013-07-01,6120,11.31
2013-07-02,6120,11.56
2013-07-03,6120,11.27
2013-07-04,6120,11.1
2013-07-05,6120,11.14
2013-07-08,6120,10.84
2013-07-09,6120,10.98
2013-07-10,6120,10.94
2013-07-11,6120,11.07
2013-07-12,6120,10.94
2013-07-15,6120,11.11
2013-07-16,6120,11.11
2013-07-17,6120,11.19
2013-07-18,6120,10.98
2013-07-19,6120,10.76
2013-07-22,6120,10.85
2013-07-23,6120,10.94
2013-07-24,6120,10.85
2013-07-25,6120,11.15
2013-07-26,6120,11.11
2013-07-29,6120,11.07
2013-07-30,6120,11.19
2013-07-31,6120,11.15
2013-07-01,6121,110.97
2013-07-02,6121,109.32
2013-07-03,6121,107.67
2013-07-04,6121,104.37
2013-07-05,6121,104.42
2013-07-08,6121,102.28
2013-07-09,6121,101.43
2013-07-10,6121,103.56
2013-07-11,6121,107.83
2013-07-12,6121,108.25
2013-07-15,6121,109.96
2013-07-16,6121,109.1
2013-07-17,6121,108.68
2013-07-18,6121,109.53
2013-07-19,6121,108.25
2013-07-22,6121,108.68
2013-07-23,6121,110.38
2013-07-24,6121,112.51
2013-07-25,6121,112.51
2013-07-26,6121,112.94
2013-07-29,6121,113.79
2013-07-30,6121,113.36
2013-07-31,6121,112.51
2013-07-01,6122,9.44
2013-07-02,6122,9.41
2013-07-03,6122,9.44
2013-07-04,6122,9.44
2013-07-05,6122,9.48
2013-07-08,6122,9.44
2013-07-09,6122,9.44
2013-07-10,6122,9.51
2013-07-11,6122,9.55
2013-07-12,6122,9.55
2013-07-15,6122,9.65
2013-07-16,6122,9.65
2013-07-17,6122,9.72
2013-07-18,6122,9.79
2013-07-19,6122,9.69
2013-07-22,6122,9.69
2013-07-23,6122,9.69
2013-07-24,6122,9.65
2013-07-25,6122,9.69
2013-07-26,6122,9.76
2013-07-29,6122,9.72
2013-07-30,6122,9.72
2013-07-31,6122,9.65
2013-07-01,6123,13.8
2013-07-02,6123,13.91
2013-07-03,6123,13.69
2013-07-04,6123,13.89
2013-07-05,6123,14.18
2013-07-08,6123,14.18
2013-07-09,6123,13.87
2013-07-10,6123,13.31
2013-07-11,6123,13.49
2013-07-12,6123,13.67
2013-07-15,6123,13.27
2013-07-16,6123,13.6
2013-07-17,6123,14.54
2013-07-18,6123,13.92
2013-07-19,6123,13.92
2013-07-22,6123,14.36
2013-07-23,6123,14.46
2013-07-24,6123,13.93
2013-07-25,6123,13.84
2013-07-26,6123,13.95
2013-07-29,6123,13.74
2013-07-30,6123,14.22
2013-07-31,6123,13.82
2013-07-01,6124,22.55
2013-07-02,6124,21.9
2013-07-03,6124,21.8
2013-07-04,6124,21.8
2013-07-05,6124,21.8
2013-07-08,6124,22.1
2013-07-09,6124,22.05
2013-07-10,6124,22.0
2013-07-11,6124,23.45
2013-07-12,6124,23.15
2013-07-16,6124,22.35
2013-07-17,6124,21.9
2013-07-18,6124,21.8
2013-07-19,6124,21.75
2013-07-22,6124,21.1
2013-07-23,6124,21.7
2013-07-25,6124,21.5
2013-07-26,6124,21.4
2013-07-29,6124,22.35
2013-07-30,6124,22.0
2013-07-31,6124,21.85
2013-07-01,6125,5.95
2013-07-02,6125,5.95
2013-07-03,6125,5.91
2013-07-04,6125,5.86
2013-07-05,6125,5.92
2013-07-08,6125,5.89
2013-07-09,6125,5.98
2013-07-10,6125,5.95
2013-07-11,6125,6.15
2013-07-12,6125,6.04
2013-07-15,6125,6.1
2013-07-16,6125,5.98
2013-07-17,6125,5.95
2013-07-18,6125,5.91
2013-07-19,6125,5.91
2013-07-22,6125,5.91
2013-07-23,6125,6.3
2013-07-24,6125,6.12
2013-07-25,6125,6.12
2013-07-26,6125,6.1
2013-07-29,6125,6.04
2013-07-30,6125,6.07
2013-07-31,6125,5.98
2013-07-01,6126,11.48
2013-07-02,6126,11.45
2013-07-03,6126,11.39
2013-07-04,6126,11.19
2013-07-05,6126,11.48
2013-07-08,6126,11.26
2013-07-09,6126,11.23
2013-07-10,6126,11.26
2013-07-11,6126,11.42
2013-07-12,6126,11.35
2013-07-15,6126,11.35
2013-07-16,6126,11.23
2013-07-17,6126,11.23
2013-07-18,6126,11.51
2013-07-19,6126,11.32
2013-07-22,6126,11.35
2013-07-23,6126,11.39
2013-07-24,6126,11.58
2013-07-25,6126,11.83
2013-07-26,6126,11.77
2013-07-29,6126,11.71
2013-07-30,6126,11.64
2013-07-31,6126,11.51
2013-07-01,6127,8.94
2013-07-02,6127,8.91
2013-07-03,6127,8.84
2013-07-04,6127,8.89
2013-07-05,6127,8.92
2013-07-08,6127,8.76
2013-07-09,6127,8.77
2013-07-10,6127,9.0
2013-07-11,6127,9.09
2013-07-12,6127,9.18
2013-07-15,6127,9.24
2013-07-16,6127,9.26
2013-07-17,6127,9.23
2013-07-18,6127,9.09
2013-07-19,6127,9.09
2013-07-22,6127,9.09
2013-07-23,6127,9.12
2013-07-24,6127,9.02
2013-07-25,6127,9.12
2013-07-26,6127,9.08
2013-07-29,6127,9.04
2013-07-30,6127,9.04
2013-07-31,6127,8.94
2013-07-01,6128,12.97
2013-07-02,6128,12.95
2013-07-03,6128,12.66
2013-07-04,6128,12.43
2013-07-05,6128,12.43
2013-07-08,6128,12.52
2013-07-09,6128,12.37
2013-07-10,6128,12.46
2013-07-11,6128,12.86
2013-07-12,6128,13.15
2013-07-15,6128,13.13
2013-07-16,6128,12.93
2013-07-17,6128,12.88
2013-07-18,6128,12.95
2013-07-19,6128,13.04
2013-07-22,6128,13.94
2013-07-23,6128,14.21
2013-07-24,6128,13.94
2013-07-25,6128,14.01
2013-07-26,6128,13.94
2013-07-29,6128,13.76
2013-07-30,6128,13.85
2013-07-31,6128,13.78
2013-07-01,6129,8.54
2013-07-02,6129,8.65
2013-07-03,6129,8.39
2013-07-04,6129,8.36
2013-07-05,6129,8.38
2013-07-08,6129,8.27
2013-07-09,6129,8.36
2013-07-10,6129,8.26
2013-07-11,6129,8.31
2013-07-12,6129,8.57
2013-07-15,6129,8.51
2013-07-16,6129,8.46
2013-07-17,6129,8.61
2013-07-18,6129,8.49
2013-07-19,6129,8.4
2013-07-22,6129,8.39
2013-07-23,6129,8.83
2013-07-24,6129,9.19
2013-07-25,6129,9.23
2013-07-26,6129,8.92
2013-07-29,6129,8.83
2013-07-30,6129,9.17
2013-07-31,6129,8.85
2013-07-01,6130,109.72
2013-07-02,6130,105.99
2013-07-03,6130,106.82
2013-07-04,6130,105.58
2013-07-05,6130,105.99
2013-07-08,6130,102.68
2013-07-09,6130,102.68
2013-07-10,6130,102.68
2013-07-11,6130,99.37
2013-07-12,6130,105.99
2013-07-15,6130,113.03
2013-07-16,6130,110.96
2013-07-17,6130,110.13
2013-07-18,6130,112.62
2013-07-19,6130,112.21
2013-07-22,6130,107.75
2013-07-23,6130,107.75
2013-07-24,6130,105.21
2013-07-25,6130,104.36
2013-07-26,6130,103.51
2013-07-29,6130,110.72
2013-07-30,6130,108.6
2013-07-31,6130,107.33
2013-07-01,6131,37.77
2013-07-02,6131,37.77
2013-07-03,6131,37.44
2013-07-04,6131,37.44
2013-07-05,6131,37.44
2013-07-08,6131,37.27
2013-07-09,6131,37.6
2013-07-10,6131,37.6
2013-07-11,6131,37.1
2013-07-12,6131,37.1
2013-07-15,6131,36.94
2013-07-16,6131,37.27
2013-07-17,6131,37.44
2013-07-18,6131,37.44
2013-07-19,6131,37.27
2013-07-22,6131,37.44
2013-07-23,6131,39.77
2013-07-24,6131,39.1
2013-07-25,6131,38.44
2013-07-26,6131,38.6
2013-07-29,6131,38.77
2013-07-30,6131,39.27
2013-07-31,6131,38.94
2013-07-01,6133,6.85
2013-07-02,6133,6.86
2013-07-03,6133,6.89
2013-07-04,6133,6.89
2013-07-05,6133,6.98
2013-07-08,6133,6.9
2013-07-09,6133,6.94
2013-07-10,6133,6.87
2013-07-11,6133,6.94
2013-07-12,6133,7.0
2013-07-15,6133,6.99
2013-07-16,6133,6.97
2013-07-17,6133,7.01
2013-07-18,6133,7.33
2013-07-19,6133,7.14
2013-07-22,6133,7.15
2013-07-23,6133,7.15
2013-07-24,6133,7.13
2013-07-25,6133,7.27
2013-07-26,6133,7.48
2013-07-29,6133,7.32
2013-07-30,6133,7.33
2013-07-31,6133,7.22
2013-07-01,6134,14.05
2013-07-02,6134,13.7
2013-07-03,6134,13.77
2013-07-04,6134,13.7
2013-07-05,6134,13.77
2013-07-08,6134,13.45
2013-07-09,6134,13.4
2013-07-10,6134,13.24
2013-07-11,6134,13.43
2013-07-12,6134,13.36
2013-07-15,6134,13.7
2013-07-16,6134,13.77
2013-07-17,6134,13.7
2013-07-18,6134,13.7
2013-07-19,6134,13.52
2013-07-22,6134,13.59
2013-07-23,6134,13.49
2013-07-24,6134,13.64
2013-07-25,6134,13.59
2013-07-26,6134,13.57
2013-07-29,6134,13.25
2013-07-30,6134,13.2
2013-07-31,6134,13.2
2013-07-01,6136,10.41
2013-07-02,6136,10.29
2013-07-03,6136,10.08
2013-07-04,6136,10.12
2013-07-05,6136,10.24
2013-07-08,6136,10.14
2013-07-09,6136,10.18
2013-07-10,6136,10.1
2013-07-11,6136,10.16
2013-07-12,6136,10.18
2013-07-15,6136,10.2
2013-07-16,6136,10.22
2013-07-17,6136,10.26
2013-07-18,6136,10.22
2013-07-19,6136,10.18
2013-07-22,6136,10.18
2013-07-23,6136,10.22
2013-07-24,6136,10.2
2013-07-25,6136,10.29
2013-07-26,6136,10.5
2013-07-29,6136,10.83
2013-07-30,6136,10.68
2013-07-31,6136,10.62
2013-07-01,6138,18.64
2013-07-02,6138,18.74
2013-07-03,6138,18.5
2013-07-04,6138,18.31
2013-07-05,6138,18.55
2013-07-08,6138,18.02
2013-07-09,6138,18.07
2013-07-10,6138,17.93
2013-07-11,6138,18.16
2013-07-12,6138,18.4
2013-07-15,6138,18.6
2013-07-16,6138,18.64
2013-07-17,6138,18.6
2013-07-18,6138,18.4
2013-07-19,6138,18.22
2013-07-22,6138,18.36
2013-07-23,6138,18.55
2013-07-24,6138,18.69
2013-07-25,6138,19.98
2013-07-26,6138,20.41
2013-07-29,6138,20.41
2013-07-30,6138,21.79
2013-07-31,6138,21.65
2013-07-01,6139,16.26
2013-07-02,6139,16.26
2013-07-03,6139,16.26
2013-07-04,6139,16.18
2013-07-05,6139,16.18
2013-07-08,6139,16.12
2013-07-09,6139,16.15
2013-07-10,6139,16.15
2013-07-11,6139,16.07
2013-07-12,6139,16.04
2013-07-15,6139,15.92
2013-07-16,6139,16.09
2013-07-17,6139,16.12
2013-07-18,6139,16.12
2013-07-19,6139,16.12
2013-07-22,6139,16.15
2013-07-23,6139,16.26
2013-07-24,6139,16.43
2013-07-25,6139,16.26
2013-07-26,6139,16.21
2013-07-29,6139,16.15
2013-07-30,6139,16.21
2013-07-31,6139,16.05
2013-07-02,6140,8.91
2013-07-03,6140,8.84
2013-07-05,6140,8.91
2013-07-08,6140,8.91
2013-07-10,6140,8.68
2013-07-11,6140,8.76
2013-07-15,6140,8.8
2013-07-16,6140,8.84
2013-07-17,6140,8.8
2013-07-18,6140,9.11
2013-07-24,6140,8.88
2013-07-25,6140,8.84
2013-07-29,6140,8.91
2013-07-30,6140,8.76
2013-07-31,6140,8.76
2013-07-01,6141,8.89
2013-07-02,6141,9.4
2013-07-03,6141,9.07
2013-07-04,6141,9.11
2013-07-05,6141,9.15
2013-07-08,6141,9.32
2013-07-09,6141,9.15
2013-07-10,6141,9.19
2013-07-11,6141,9.24
2013-07-12,6141,9.11
2013-07-15,6141,9.11
2013-07-16,6141,9.11
2013-07-17,6141,9.03
2013-07-18,6141,9.15
2013-07-19,6141,9.15
2013-07-22,6141,9.03
2013-07-23,6141,9.11
2013-07-24,6141,9.11
2013-07-25,6141,9.11
2013-07-26,6141,9.07
2013-07-29,6141,8.99
2013-07-30,6141,9.03
2013-07-31,6141,9.03
2013-07-01,6142,9.66
2013-07-02,6142,9.83
2013-07-03,6142,9.66
2013-07-04,6142,9.66
2013-07-05,6142,9.72
2013-07-08,6142,9.66
2013-07-09,6142,9.69
2013-07-10,6142,9.62
2013-07-11,6142,9.48
2013-07-12,6142,9.52
2013-07-15,6142,9.57
2013-07-16,6142,9.59
2013-07-17,6142,9.57
2013-07-18,6142,9.51
2013-07-19,6142,9.48
2013-07-22,6142,9.46
2013-07-23,6142,9.48
2013-07-24,6142,9.5
2013-07-25,6142,9.59
2013-07-26,6142,9.61
2013-07-29,6142,9.59
2013-07-30,6142,9.53
2013-07-31,6142,9.42
2013-07-01,6143,39.79
2013-07-02,6143,39.79
2013-07-03,6143,39.89
2013-07-04,6143,39.7
2013-07-05,6143,39.79
2013-07-08,6143,39.79
2013-07-09,6143,40.13
2013-07-10,6143,41.06
2013-07-11,6143,41.2
2013-07-12,6143,40.47
2013-07-15,6143,40.62
2013-07-16,6143,40.77
2013-07-17,6143,40.86
2013-07-18,6143,40.04
2013-07-19,6143,39.4
2013-07-22,6143,39.74
2013-07-23,6143,41.11
2013-07-24,6143,41.11
2013-07-25,6143,39.89
2013-07-26,6143,39.65
2013-07-29,6143,39.26
2013-07-30,6143,38.92
2013-07-31,6143,37.46
2013-07-10,6144,19.48
2013-07-11,6144,19.1
2013-07-12,6144,18.83
2013-07-15,6144,19.1
2013-07-23,6144,19.48
2013-07-01,6145,20.66
2013-07-02,6145,20.08
2013-07-03,6145,19.65
2013-07-04,6145,19.27
2013-07-05,6145,19.32
2013-07-08,6145,19.32
2013-07-09,6145,19.13
2013-07-10,6145,19.13
2013-07-11,6145,20.47
2013-07-12,6145,21.85
2013-07-15,6145,22.33
2013-07-16,6145,22.19
2013-07-17,6145,22.0
2013-07-18,6145,21.23
2013-07-19,6145,20.85
2013-07-22,6145,20.85
2013-07-23,6145,21.23
2013-07-24,6145,21.37
2013-07-25,6145,21.04
2013-07-26,6145,21.04
2013-07-29,6145,20.7
2013-07-30,6145,20.75
2013-07-31,6145,19.7
2013-07-01,6146,39.03
2013-07-02,6146,39.13
2013-07-03,6146,39.18
2013-07-04,6146,39.13
2013-07-05,6146,39.49
2013-07-08,6146,39.89
2013-07-09,6146,39.79
2013-07-10,6146,39.95
2013-07-11,6146,41.12
2013-07-12,6146,42.9
2013-07-15,6146,43.31
2013-07-16,6146,43.21
2013-07-17,6146,43.97
2013-07-18,6146,44.23
2013-07-19,6146,42.59
2013-07-22,6146,43.31
2013-07-23,6146,45.09
2013-07-24,6146,45.24
2013-07-25,6146,44.94
2013-07-26,6146,44.99
2013-07-29,6146,45.09
2013-07-30,6146,45.5
2013-07-31,6146,46.57
2013-07-01,6147,36.27
2013-07-02,6147,38.17
2013-07-03,6147,36.98
2013-07-04,6147,36.42
2013-07-05,6147,36.27
2013-07-08,6147,36.04
2013-07-09,6147,36.04
2013-07-10,6147,33.52
2013-07-11,6147,33.76
2013-07-12,6147,34.76
2013-07-15,6147,35.13
2013-07-16,6147,35.56
2013-07-17,6147,33.1
2013-07-18,6147,30.82
2013-07-19,6147,28.73
2013-07-22,6147,30.68
2013-07-23,6147,31.96
2013-07-24,6147,32.57
2013-07-25,6147,31.2
2013-07-26,6147,31.77
2013-07-29,6147,31.82
2013-07-30,6147,32.38
2013-07-31,6147,31.39
2013-07-01,6148,5.81
2013-07-02,6148,5.73
2013-07-03,6148,5.73
2013-07-04,6148,5.73
2013-07-05,6148,5.74
2013-07-08,6148,5.62
2013-07-09,6148,5.78
2013-07-10,6148,5.77
2013-07-11,6148,5.78
2013-07-12,6148,5.8
2013-07-15,6148,5.73
2013-07-16,6148,5.73
2013-07-17,6148,5.65
2013-07-18,6148,5.64
2013-07-19,6148,5.56
2013-07-22,6148,5.57
2013-07-23,6148,5.6
2013-07-24,6148,5.51
2013-07-25,6148,5.48
2013-07-26,6148,5.51
2013-07-29,6148,5.4
2013-07-30,6148,5.44
2013-07-31,6148,5.38
2013-07-01,6150,25.91
2013-07-02,6150,26.58
2013-07-03,6150,25.41
2013-07-04,6150,25.08
2013-07-05,6150,25.41
2013-07-08,6150,24.74
2013-07-09,6150,24.99
2013-07-10,6150,24.58
2013-07-11,6150,24.91
2013-07-12,6150,25.08
2013-07-15,6150,25.24
2013-07-16,6150,25.41
2013-07-17,6150,24.91
2013-07-18,6150,24.83
2013-07-19,6150,24.33
2013-07-22,6150,25.24
2013-07-23,6150,25.58
2013-07-24,6150,25.33
2013-07-25,6150,25.24
2013-07-26,6150,24.83
2013-07-29,6150,24.58
2013-07-30,6150,24.83
2013-07-31,6150,23.99
2013-07-01,6151,9.43
2013-07-02,6151,9.6
2013-07-03,6151,9.56
2013-07-04,6151,9.45
2013-07-05,6151,9.56
2013-07-08,6151,9.58
2013-07-09,6151,9.79
2013-07-10,6151,9.82
2013-07-11,6151,9.73
2013-07-12,6151,9.51
2013-07-15,6151,9.62
2013-07-16,6151,9.51
2013-07-17,6151,9.38
2013-07-18,6151,9.21
2013-07-19,6151,9.41
2013-07-22,6151,9.47
2013-07-23,6151,10.1
2013-07-24,6151,10.78
2013-07-25,6151,10.72
2013-07-26,6151,10.87
2013-07-29,6151,10.29
2013-07-30,6151,10.33
2013-07-31,6151,10.29
2013-07-01,6152,23.53
2013-07-02,6152,23.36
2013-07-03,6152,23.07
2013-07-04,6152,22.82
2013-07-05,6152,22.86
2013-07-08,6152,22.9
2013-07-09,6152,22.94
2013-07-10,6152,22.82
2013-07-11,6152,22.9
2013-07-12,6152,22.94
2013-07-15,6152,23.15
2013-07-16,6152,23.44
2013-07-17,6152,23.4
2013-07-18,6152,23.32
2013-07-19,6152,23.44
2013-07-22,6152,23.73
2013-07-23,6152,24.15
2013-07-24,6152,24.11
2013-07-25,6152,24.34
2013-07-26,6152,24.67
2013-07-29,6152,24.25
2013-07-30,6152,24.11
2013-07-31,6152,23.56
2013-07-01,6153,20.8
2013-07-02,6153,21.2
2013-07-03,6153,20.91
2013-07-04,6153,20.22
2013-07-05,6153,20.36
2013-07-08,6153,19.96
2013-07-09,6153,19.96
2013-07-10,6153,19.67
2013-07-11,6153,21.02
2013-07-12,6153,21.91
2013-07-15,6153,22.57
2013-07-16,6153,22.3
2013-07-17,6153,21.84
2013-07-18,6153,21.45
2013-07-19,6153,21.87
2013-07-22,6153,21.68
2013-07-23,6153,21.72
2013-07-24,6153,22.03
2013-07-25,6153,23.46
2013-07-26,6153,23.42
2013-07-29,6153,23.15
2013-07-30,6153,23.15
2013-07-31,6153,22.18
2013-07-01,6154,10.91
2013-07-02,6154,10.89
2013-07-03,6154,10.86
2013-07-04,6154,10.84
2013-07-05,6154,10.81
2013-07-08,6154,10.86
2013-07-09,6154,10.86
2013-07-10,6154,10.84
2013-07-11,6154,10.86
2013-07-12,6154,10.86
2013-07-15,6154,10.86
2013-07-16,6154,10.84
2013-07-17,6154,10.84
2013-07-18,6154,10.94
2013-07-19,6154,10.91
2013-07-22,6154,10.99
2013-07-23,6154,10.96
2013-07-24,6154,10.89
2013-07-25,6154,10.99
2013-07-26,6154,10.96
2013-07-29,6154,10.91
2013-07-30,6154,10.94
2013-07-31,6154,10.99
2013-07-01,6155,11.34
2013-07-02,6155,10.83
2013-07-03,6155,10.91
2013-07-04,6155,10.94
2013-07-05,6155,11.04
2013-07-08,6155,10.94
2013-07-09,6155,10.96
2013-07-10,6155,10.96
2013-07-11,6155,10.96
2013-07-12,6155,10.99
2013-07-15,6155,11.12
2013-07-16,6155,11.12
2013-07-17,6155,11.12
2013-07-18,6155,11.12
2013-07-19,6155,10.96
2013-07-22,6155,10.94
2013-07-23,6155,11.1
2013-07-24,6155,11.21
2013-07-25,6155,11.21
2013-07-26,6155,11.12
2013-07-29,6155,11.15
2013-07-30,6155,11.1
2013-07-31,6155,11.1
2013-07-01,6156,6.95
2013-07-02,6156,6.99
2013-07-03,6156,6.78
2013-07-04,6156,6.68
2013-07-05,6156,6.75
2013-07-08,6156,6.76
2013-07-09,6156,6.85
2013-07-10,6156,6.79
2013-07-11,6156,6.76
2013-07-12,6156,6.81
2013-07-15,6156,6.78
2013-07-16,6156,6.79
2013-07-17,6156,6.59
2013-07-18,6156,6.55
2013-07-19,6156,6.66
2013-07-22,6156,6.56
2013-07-23,6156,6.63
2013-07-24,6156,6.61
2013-07-25,6156,6.66
2013-07-26,6156,6.49
2013-07-29,6156,6.52
2013-07-30,6156,6.62
2013-07-31,6156,6.99
2013-07-01,6158,17.73
2013-07-02,6158,17.73
2013-07-03,6158,17.57
2013-07-04,6158,17.51
2013-07-05,6158,17.12
2013-07-08,6158,17.06
2013-07-09,6158,17.0
2013-07-10,6158,16.72
2013-07-11,6158,16.72
2013-07-12,6158,16.78
2013-07-15,6158,16.83
2013-07-16,6158,17.34
2013-07-17,6158,17.57
2013-07-18,6158,17.29
2013-07-19,6158,17.23
2013-07-22,6158,17.46
2013-07-23,6158,17.46
2013-07-24,6158,17.4
2013-07-25,6158,17.4
2013-07-26,6158,17.17
2013-07-29,6158,16.95
2013-07-30,6158,17.06
2013-07-31,6158,16.89
2013-07-01,6160,15.76
2013-07-02,6160,15.76
2013-07-03,6160,15.65
2013-07-04,6160,15.61
2013-07-05,6160,15.61
2013-07-08,6160,15.53
2013-07-09,6160,15.53
2013-07-10,6160,15.41
2013-07-11,6160,14.83
2013-07-12,6160,14.63
2013-07-15,6160,14.67
2013-07-16,6160,14.98
2013-07-17,6160,14.83
2013-07-18,6160,14.79
2013-07-19,6160,14.83
2013-07-22,6160,15.26
2013-07-23,6160,15.3
2013-07-24,6160,14.87
2013-07-25,6160,14.83
2013-07-26,6160,14.9
2013-07-29,6160,14.79
2013-07-30,6160,14.83
2013-07-31,6160,14.75
2013-07-01,6161,8.07
2013-07-02,6161,8.07
2013-07-03,6161,8.05
2013-07-04,6161,8.05
2013-07-05,6161,8.05
2013-07-08,6161,7.93
2013-07-09,6161,7.61
2013-07-10,6161,7.57
2013-07-11,6161,7.58
2013-07-12,6161,7.56
2013-07-15,6161,7.56
2013-07-16,6161,7.58
2013-07-17,6161,7.58
2013-07-18,6161,7.58
2013-07-19,6161,7.56
2013-07-22,6161,7.54
2013-07-23,6161,7.55
2013-07-24,6161,7.55
2013-07-25,6161,7.58
2013-07-26,6161,7.59
2013-07-29,6161,7.66
2013-07-30,6161,7.87
2013-07-31,6161,7.78
2013-07-01,6163,14.04
2013-07-02,6163,14.26
2013-07-03,6163,14.11
2013-07-04,6163,13.92
2013-07-05,6163,14.22
2013-07-08,6163,13.96
2013-07-09,6163,14.07
2013-07-10,6163,13.96
2013-07-11,6163,14.11
2013-07-12,6163,14.15
2013-07-15,6163,14.19
2013-07-16,6163,14.37
2013-07-17,6163,14.26
2013-07-18,6163,14.22
2013-07-19,6163,14.19
2013-07-22,6163,14.19
2013-07-23,6163,14.3
2013-07-24,6163,14.26
2013-07-25,6163,14.45
2013-07-26,6163,14.52
2013-07-29,6163,14.52
2013-07-30,6163,14.6
2013-07-31,6163,14.48
2013-07-01,6164,14.02
2013-07-02,6164,13.74
2013-07-03,6164,13.78
2013-07-04,6164,13.34
2013-07-05,6164,13.22
2013-07-08,6164,12.54
2013-07-09,6164,12.26
2013-07-10,6164,12.05
2013-07-11,6164,12.5
2013-07-12,6164,12.38
2013-07-15,6164,12.54
2013-07-16,6164,12.54
2013-07-17,6164,13.37
2013-07-18,6164,13.57
2013-07-19,6164,13.37
2013-07-22,6164,13.61
2013-07-23,6164,13.98
2013-07-24,6164,13.73
2013-07-25,6164,13.9
2013-07-26,6164,13.73
2013-07-29,6164,13.28
2013-07-30,6164,13.33
2013-07-31,6164,13.2
2013-07-01,6165,12.23
2013-07-02,6165,12.3
2013-07-03,6165,12.02
2013-07-04,6165,12.09
2013-07-05,6165,12.09
2013-07-08,6165,12.04
2013-07-09,6165,12.02
2013-07-10,6165,12.02
2013-07-11,6165,12.4
2013-07-12,6165,12.3
2013-07-15,6165,12.38
2013-07-16,6165,12.6
2013-07-17,6165,12.44
2013-07-18,6165,11.96
2013-07-19,6165,12.6
2013-07-22,6165,13.48
2013-07-23,6165,13.06
2013-07-24,6165,12.85
2013-07-25,6165,12.91
2013-07-26,6165,13.12
2013-07-29,6165,13.17
2013-07-30,6165,13.36
2013-07-31,6165,13.36
2013-07-01,6166,27.02
2013-07-02,6166,26.83
2013-07-03,6166,27.12
2013-07-04,6166,26.03
2013-07-05,6166,26.8
2013-07-08,6166,26.16
2013-07-09,6166,25.64
2013-07-10,6166,25.32
2013-07-11,6166,26.0
2013-07-12,6166,26.8
2013-07-15,6166,28.56
2013-07-16,6166,30.26
2013-07-17,6166,30.26
2013-07-18,6166,29.91
2013-07-19,6166,29.23
2013-07-22,6166,29.49
2013-07-23,6166,30.36
2013-07-24,6166,30.36
2013-07-25,6166,29.3
2013-07-26,6166,28.56
2013-07-29,6166,28.82
2013-07-30,6166,28.59
2013-07-31,6166,28.72
2013-07-01,6167,2.01
2013-07-02,6167,2.0
2013-07-03,6167,1.97
2013-07-04,6167,1.91
2013-07-05,6167,1.89
2013-07-08,6167,1.82
2013-07-09,6167,1.85
2013-07-10,6167,1.84
2013-07-11,6167,1.84
2013-07-12,6167,1.86
2013-07-16,6167,1.86
2013-07-17,6167,1.85
2013-07-18,6167,1.82
2013-07-19,6167,1.84
2013-07-22,6167,1.79
2013-07-23,6167,1.75
2013-07-24,6167,1.84
2013-07-25,6167,1.84
2013-07-26,6167,1.84
2013-07-29,6167,1.9
2013-07-30,6167,1.82
2013-07-31,6167,1.84
2013-07-01,6168,7.5
2013-07-02,6168,7.57
2013-07-03,6168,7.63
2013-07-04,6168,7.6
2013-07-05,6168,7.6
2013-07-08,6168,7.57
2013-07-09,6168,7.53
2013-07-10,6168,7.53
2013-07-11,6168,7.57
2013-07-12,6168,7.44
2013-07-15,6168,7.5
2013-07-16,6168,7.44
2013-07-17,6168,7.66
2013-07-18,6168,7.5
2013-07-19,6168,7.41
2013-07-22,6168,7.41
2013-07-23,6168,7.44
2013-07-24,6168,7.5
2013-07-25,6168,7.47
2013-07-26,6168,7.38
2013-07-29,6168,7.34
2013-07-30,6168,7.38
2013-07-31,6168,7.31
2013-07-01,6169,43.65
2013-07-02,6169,42.86
2013-07-03,6169,41.74
2013-07-04,6169,41.27
2013-07-05,6169,40.47
2013-07-08,6169,39.52
2013-07-09,6169,40.47
2013-07-10,6169,42.06
2013-07-11,6169,40.95
2013-07-12,6169,40.47
2013-07-15,6169,40.16
2013-07-16,6169,40.4
2013-07-17,6169,40.0
2013-07-18,6169,39.21
2013-07-19,6169,39.36
2013-07-22,6169,39.52
2013-07-23,6169,40.0
2013-07-24,6169,40.47
2013-07-25,6169,40.63
2013-07-26,6169,40.47
2013-07-29,6169,38.97
2013-07-30,6169,39.68
2013-07-31,6169,38.89
2013-07-01,6170,7.28
2013-07-02,6170,7.28
2013-07-03,6170,7.15
2013-07-04,6170,7.11
2013-07-05,6170,7.18
2013-07-08,6170,7.04
2013-07-09,6170,6.81
2013-07-10,6170,6.6
2013-07-11,6170,6.53
2013-07-12,6170,6.59
2013-07-15,6170,6.58
2013-07-16,6170,7.01
2013-07-17,6170,7.35
2013-07-18,6170,7.08
2013-07-19,6170,6.98
2013-07-22,6170,7.08
2013-07-23,6170,6.98
2013-07-24,6170,6.98
2013-07-25,6170,7.08
2013-07-26,6170,7.04
2013-07-29,6170,6.87
2013-07-30,6170,6.91
2013-07-31,6170,6.78
2013-07-01,6171,10.44
2013-07-02,6171,10.18
2013-07-03,6171,10.33
2013-07-04,6171,10.41
2013-07-05,6171,10.5
2013-07-08,6171,11.23
2013-07-09,6171,11.0
2013-07-10,6171,10.65
2013-07-11,6171,10.91
2013-07-12,6171,10.77
2013-07-15,6171,10.59
2013-07-16,6171,10.71
2013-07-17,6171,10.71
2013-07-18,6171,10.71
2013-07-19,6171,10.56
2013-07-22,6171,10.77
2013-07-23,6171,10.59
2013-07-24,6171,10.53
2013-07-25,6171,10.62
2013-07-26,6171,10.94
2013-07-29,6171,10.88
2013-07-30,6171,10.47
2013-07-31,6171,10.41
2013-07-01,6172,9.52
2013-07-02,6172,9.55
2013-07-03,6172,8.94
2013-07-04,6172,8.45
2013-07-05,6172,9.03
2013-07-08,6172,9.66
2013-07-09,6172,10.26
2013-07-10,6172,10.27
2013-07-11,6172,10.59
2013-07-12,6172,9.88
2013-07-15,6172,10.57
2013-07-16,6172,10.51
2013-07-17,6172,11.23
2013-07-18,6172,11.95
2013-07-19,6172,11.81
2013-07-22,6172,12.43
2013-07-23,6172,12.49
2013-07-24,6172,12.49
2013-07-25,6172,12.51
2013-07-26,6172,11.84
2013-07-29,6172,11.59
2013-07-30,6172,11.24
2013-07-31,6172,11.5
2013-07-01,6173,7.52
2013-07-02,6173,7.41
2013-07-03,6173,7.35
2013-07-04,6173,7.3
2013-07-05,6173,7.31
2013-07-08,6173,7.34
2013-07-09,6173,7.37
2013-07-10,6173,7.3
2013-07-11,6173,7.52
2013-07-12,6173,8.04
2013-07-15,6173,7.89
2013-07-16,6173,7.7
2013-07-17,6173,7.67
2013-07-18,6173,7.56
2013-07-19,6173,7.52
2013-07-22,6173,7.52
2013-07-23,6173,7.7
2013-07-24,6173,7.67
2013-07-25,6173,7.59
2013-07-26,6173,7.56
2013-07-29,6173,7.44
2013-07-30,6173,7.56
2013-07-31,6173,7.52
2013-07-01,6174,8.59
2013-07-02,6174,8.5
2013-07-03,6174,8.47
2013-07-04,6174,8.41
2013-07-05,6174,8.44
2013-07-08,6174,8.27
2013-07-09,6174,8.33
2013-07-10,6174,8.18
2013-07-11,6174,8.01
2013-07-12,6174,8.41
2013-07-15,6174,8.44
2013-07-16,6174,8.24
2013-07-17,6174,8.15
2013-07-18,6174,8.15
2013-07-19,6174,8.1
2013-07-22,6174,8.12
2013-07-23,6174,8.15
2013-07-24,6174,8.18
2013-07-25,6174,8.21
2013-07-26,6174,8.15
2013-07-29,6174,8.07
2013-07-30,6174,8.18
2013-07-31,6174,8.1
2013-07-01,6175,7.74
2013-07-02,6175,7.8
2013-07-03,6175,7.71
2013-07-04,6175,7.74
2013-07-05,6175,7.87
2013-07-08,6175,7.67
2013-07-09,6175,7.64
2013-07-10,6175,7.48
2013-07-11,6175,7.45
2013-07-12,6175,7.19
2013-07-15,6175,7.51
2013-07-16,6175,7.51
2013-07-17,6175,7.67
2013-07-18,6175,7.61
2013-07-19,6175,7.64
2013-07-22,6175,7.64
2013-07-23,6175,7.51
2013-07-24,6175,7.67
2013-07-25,6175,8.06
2013-07-26,6175,8.12
2013-07-29,6175,8.25
2013-07-30,6175,8.12
2013-07-31,6175,7.87
2013-07-01,6176,38.59
2013-07-02,6176,39.01
2013-07-03,6176,39.01
2013-07-04,6176,39.6
2013-07-05,6176,40.97
2013-07-08,6176,40.58
2013-07-09,6176,40.58
2013-07-10,6176,39.8
2013-07-11,6176,40.38
2013-07-12,6176,40.58
2013-07-15,6176,40.97
2013-07-16,6176,41.16
2013-07-17,6176,41.55
2013-07-18,6176,42.14
2013-07-19,6176,42.14
2013-07-22,6176,39.8
2013-07-23,6176,41.36
2013-07-24,6176,41.75
2013-07-25,6176,41.55
2013-07-26,6176,41.16
2013-07-29,6176,40.77
2013-07-30,6176,41.36
2013-07-31,6176,40.9
2013-07-01,6177,9.28
2013-07-02,6177,9.17
2013-07-03,6177,9.12
2013-07-04,6177,9.09
2013-07-05,6177,9.04
2013-07-08,6177,9.09
2013-07-09,6177,9.14
2013-07-10,6177,9.19
2013-07-11,6177,9.29
2013-07-12,6177,9.36
2013-07-15,6177,9.67
2013-07-16,6177,9.85
2013-07-17,6177,9.99
2013-07-18,6177,10.0
2013-07-19,6177,9.9
2013-07-22,6177,9.87
2013-07-23,6177,9.91
2013-07-24,6177,10.02
2013-07-25,6177,10.08
2013-07-26,6177,10.73
2013-07-29,6177,10.5
2013-07-30,6177,10.66
2013-07-31,6177,11.16
2013-07-01,6179,8.05
2013-07-02,6179,8.34
2013-07-03,6179,8.05
2013-07-04,6179,8.15
2013-07-05,6179,8.35
2013-07-08,6179,8.53
2013-07-09,6179,8.67
2013-07-10,6179,8.67
2013-07-11,6179,9.1
2013-07-12,6179,9.71
2013-07-15,6179,9.81
2013-07-16,6179,9.62
2013-07-17,6179,9.67
2013-07-18,6179,9.67
2013-07-19,6179,9.76
2013-07-22,6179,9.67
2013-07-23,6179,9.76
2013-07-24,6179,9.95
2013-07-25,6179,10.09
2013-07-26,6179,9.76
2013-07-29,6179,9.86
2013-07-30,6179,9.81
2013-07-31,6179,9.76
2013-07-01,6180,14.63
2013-07-02,6180,14.58
2013-07-03,6180,14.29
2013-07-04,6180,13.9
2013-07-05,6180,14.26
2013-07-08,6180,13.87
2013-07-09,6180,13.76
2013-07-10,6180,14.01
2013-07-11,6180,14.21
2013-07-12,6180,14.12
2013-07-15,6180,14.01
2013-07-16,6180,14.15
2013-07-17,6180,14.01
2013-07-18,6180,13.95
2013-07-19,6180,13.87
2013-07-22,6180,13.78
2013-07-23,6180,13.87
2013-07-24,6180,13.9
2013-07-25,6180,14.04
2013-07-26,6180,14.12
2013-07-29,6180,14.04
2013-07-30,6180,14.12
2013-07-31,6180,13.92
2013-07-01,6182,10.99
2013-07-02,6182,10.91
2013-07-03,6182,10.91
2013-07-04,6182,11.17
2013-07-05,6182,11.02
2013-07-08,6182,10.69
2013-07-09,6182,10.69
2013-07-10,6182,10.61
2013-07-11,6182,10.57
2013-07-12,6182,10.5
2013-07-15,6182,10.8
2013-07-16,6182,10.72
2013-07-17,6182,10.61
2013-07-18,6182,10.28
2013-07-19,6182,10.16
2013-07-22,6182,10.24
2013-07-23,6182,10.46
2013-07-24,6182,10.39
2013-07-25,6182,10.46
2013-07-26,6182,10.35
2013-07-29,6182,10.2
2013-07-30,6182,10.16
2013-07-31,6182,9.9
2013-07-01,6183,14.24
2013-07-02,6183,14.34
2013-07-03,6183,14.21
2013-07-04,6183,14.21
2013-07-05,6183,14.4
2013-07-08,6183,14.34
2013-07-09,6183,14.34
2013-07-10,6183,14.31
2013-07-11,6183,14.4
2013-07-12,6183,14.46
2013-07-15,6183,14.4
2013-07-16,6183,14.49
2013-07-17,6183,14.55
2013-07-18,6183,14.58
2013-07-19,6183,14.61
2013-07-22,6183,14.8
2013-07-23,6183,14.95
2013-07-24,6183,15.97
2013-07-25,6183,17.09
2013-07-26,6183,17.3
2013-07-29,6183,17.3
2013-07-30,6183,17.55
2013-07-31,6183,18.75
2013-07-01,6184,25.1
2013-07-02,6184,25.02
2013-07-03,6184,25.06
2013-07-04,6184,24.89
2013-07-05,6184,25.18
2013-07-08,6184,25.1
2013-07-09,6184,24.97
2013-07-10,6184,25.02
2013-07-11,6184,25.1
2013-07-12,6184,24.89
2013-07-15,6184,25.18
2013-07-16,6184,25.27
2013-07-17,6184,25.35
2013-07-18,6184,25.35
2013-07-19,6184,25.52
2013-07-22,6184,25.64
2013-07-23,6184,25.85
2013-07-24,6184,25.68
2013-07-25,6184,25.68
2013-07-26,6184,25.6
2013-07-29,6184,25.56
2013-07-30,6184,25.56
2013-07-31,6184,25.35
2013-07-01,6185,9.98
2013-07-02,6185,10.02
2013-07-03,6185,10.2
2013-07-04,6185,10.2
2013-07-05,6185,10.2
2013-07-08,6185,9.65
2013-07-09,6185,9.59
2013-07-10,6185,9.76
2013-07-11,6185,9.8
2013-07-12,6185,9.98
2013-07-15,6185,10.11
2013-07-16,6185,10.35
2013-07-17,6185,10.35
2013-07-18,6185,10.23
2013-07-19,6185,10.01
2013-07-22,6185,10.25
2013-07-23,6185,10.25
2013-07-24,6185,10.2
2013-07-25,6185,10.23
2013-07-26,6185,10.23
2013-07-29,6185,10.2
2013-07-30,6185,10.25
2013-07-31,6185,10.25
2013-07-01,6186,9.36
2013-07-02,6186,9.36
2013-07-03,6186,9.61
2013-07-04,6186,9.33
2013-07-05,6186,9.39
2013-07-08,6186,9.5
2013-07-09,6186,9.46
2013-07-10,6186,9.33
2013-07-11,6186,9.44
2013-07-12,6186,9.5
2013-07-15,6186,9.4
2013-07-16,6186,10.06
2013-07-17,6186,9.92
2013-07-18,6186,9.82
2013-07-19,6186,9.66
2013-07-22,6186,9.5
2013-07-23,6186,9.55
2013-07-24,6186,9.61
2013-07-25,6186,9.71
2013-07-26,6186,9.81
2013-07-29,6186,9.89
2013-07-30,6186,9.92
2013-07-31,6186,9.75
2013-07-01,6187,11.77
2013-07-02,6187,11.7
2013-07-03,6187,11.7
2013-07-04,6187,11.64
2013-07-05,6187,11.7
2013-07-08,6187,12.03
2013-07-09,6187,12.0
2013-07-10,6187,12.13
2013-07-11,6187,11.8
2013-07-12,6187,12.13
2013-07-15,6187,12.55
2013-07-16,6187,12.52
2013-07-17,6187,12.65
2013-07-18,6187,12.58
2013-07-19,6187,12.45
2013-07-22,6187,12.39
2013-07-23,6187,12.52
2013-07-24,6187,12.65
2013-07-25,6187,13.53
2013-07-26,6187,14.05
2013-07-29,6187,15.0
2013-07-30,6187,15.32
2013-07-31,6187,14.8
2013-07-01,6188,16.54
2013-07-02,6188,17.25
2013-07-03,6188,16.88
2013-07-04,6188,16.17
2013-07-05,6188,16.51
2013-07-08,6188,16.59
2013-07-09,6188,16.85
2013-07-10,6188,16.2
2013-07-11,6188,16.28
2013-07-12,6188,15.96
2013-07-15,6188,16.01
2013-07-16,6188,16.01
2013-07-17,6188,15.91
2013-07-18,6188,16.12
2013-07-19,6188,16.17
2013-07-22,6188,16.09
2013-07-23,6188,16.5
2013-07-24,6188,16.5
2013-07-25,6188,16.2
2013-07-26,6188,16.34
2013-07-29,6188,15.93
2013-07-30,6188,16.07
2013-07-31,6188,16.09
2013-07-01,6189,11.78
2013-07-02,6189,11.78
2013-07-03,6189,11.7
2013-07-04,6189,11.68
2013-07-05,6189,11.7
2013-07-08,6189,11.68
2013-07-09,6189,11.66
2013-07-10,6189,11.55
2013-07-11,6189,11.51
2013-07-12,6189,11.46
2013-07-15,6189,11.55
2013-07-16,6189,11.59
2013-07-17,6189,11.62
2013-07-18,6189,11.62
2013-07-19,6189,11.51
2013-07-22,6189,11.46
2013-07-23,6189,11.55
2013-07-24,6189,11.48
2013-07-25,6189,11.59
2013-07-26,6189,11.57
2013-07-29,6189,11.55
2013-07-30,6189,11.53
2013-07-31,6189,11.73
2013-07-01,6190,4.53
2013-07-02,6190,4.45
2013-07-03,6190,4.48
2013-07-04,6190,4.42
2013-07-05,6190,4.43
2013-07-08,6190,4.39
2013-07-09,6190,4.66
2013-07-10,6190,4.6
2013-07-11,6190,4.52
2013-07-12,6190,4.5
2013-07-15,6190,4.49
2013-07-16,6190,4.5
2013-07-17,6190,4.5
2013-07-18,6190,4.49
2013-07-22,6190,4.49
2013-07-23,6190,4.44
2013-07-24,6190,4.49
2013-07-25,6190,4.44
2013-07-26,6190,4.46
2013-07-29,6190,4.46
2013-07-30,6190,4.4
2013-07-31,6190,4.42
2013-07-01,6191,7.76
2013-07-02,6191,7.76
2013-07-03,6191,7.64
2013-07-04,6191,7.64
2013-07-05,6191,7.69
2013-07-08,6191,7.64
2013-07-09,6191,7.72
2013-07-10,6191,7.61
2013-07-11,6191,7.61
2013-07-12,6191,7.69
2013-07-15,6191,7.64
2013-07-16,6191,7.84
2013-07-17,6191,7.72
2013-07-18,6191,7.76
2013-07-19,6191,7.84
2013-07-22,6191,7.79
2013-07-23,6191,7.84
2013-07-24,6191,8.06
2013-07-25,6191,7.95
2013-07-26,6191,7.98
2013-07-29,6191,7.87
2013-07-30,6191,7.84
2013-07-31,6191,7.72
2013-07-01,6192,49.74
2013-07-02,6192,50.49
2013-07-03,6192,49.82
2013-07-04,6192,49.37
2013-07-05,6192,49.37
2013-07-08,6192,49.44
2013-07-09,6192,48.84
2013-07-10,6192,49.06
2013-07-11,6192,49.45
2013-07-12,6192,50.08
2013-07-15,6192,50.63
2013-07-16,6192,50.78
2013-07-17,6192,50.47
2013-07-18,6192,50.47
2013-07-19,6192,50.0
2013-07-22,6192,51.73
2013-07-23,6192,53.06
2013-07-24,6192,52.51
2013-07-25,6192,53.6
2013-07-26,6192,53.21
2013-07-29,6192,52.74
2013-07-30,6192,52.58
2013-07-31,6192,51.49
2013-07-01,6194,19.59
2013-07-02,6194,19.49
2013-07-03,6194,19.44
2013-07-04,6194,19.44
2013-07-05,6194,19.59
2013-07-08,6194,19.49
2013-07-09,6194,19.44
2013-07-10,6194,19.69
2013-07-11,6194,19.14
2013-07-12,6194,19.55
2013-07-15,6194,19.55
2013-07-16,6194,19.4
2013-07-17,6194,19.4
2013-07-18,6194,19.5
2013-07-19,6194,19.9
2013-07-22,6194,19.75
2013-07-23,6194,19.8
2013-07-24,6194,19.8
2013-07-25,6194,19.8
2013-07-26,6194,19.75
2013-07-29,6194,19.6
2013-07-30,6194,19.5
2013-07-31,6194,19.4
2013-07-01,6195,31.2
2013-07-02,6195,31.59
2013-07-03,6195,31.04
2013-07-04,6195,30.38
2013-07-05,6195,31.4
2013-07-08,6195,31.24
2013-07-09,6195,31.36
2013-07-10,6195,32.3
2013-07-11,6195,32.97
2013-07-12,6195,33.05
2013-07-15,6195,33.83
2013-07-16,6195,33.75
2013-07-17,6195,33.56
2013-07-18,6195,32.97
2013-07-19,6195,32.97
2013-07-22,6195,34.34
2013-07-23,6195,36.73
2013-07-24,6195,37.99
2013-07-25,6195,38.46
2013-07-26,6195,38.26
2013-07-29,6195,37.68
2013-07-30,6195,39.1
2013-07-31,6195,38.93
2013-07-01,6196,10.32
2013-07-02,6196,10.27
2013-07-03,6196,10.16
2013-07-04,6196,10.18
2013-07-05,6196,10.27
2013-07-08,6196,10.16
2013-07-09,6196,10.21
2013-07-10,6196,10.24
2013-07-11,6196,10.4
2013-07-12,6196,10.43
2013-07-15,6196,10.54
2013-07-16,6196,10.62
2013-07-17,6196,10.7
2013-07-18,6196,10.65
2013-07-19,6196,10.44
2013-07-22,6196,10.36
2013-07-23,6196,10.44
2013-07-24,6196,10.42
2013-07-25,6196,10.42
2013-07-26,6196,10.47
2013-07-29,6196,10.36
2013-07-30,6196,10.47
2013-07-31,6196,10.3
2013-07-01,6197,15.93
2013-07-02,6197,15.9
2013-07-03,6197,15.62
2013-07-04,6197,15.55
2013-07-05,6197,15.74
2013-07-08,6197,15.45
2013-07-09,6197,15.55
2013-07-10,6197,15.62
2013-07-11,6197,15.68
2013-07-12,6197,15.9
2013-07-15,6197,15.93
2013-07-16,6197,15.9
2013-07-17,6197,15.9
2013-07-18,6197,15.74
2013-07-19,6197,15.62
2013-07-22,6197,15.62
2013-07-23,6197,15.74
2013-07-24,6197,15.96
2013-07-25,6197,16.18
2013-07-26,6197,15.99
2013-07-29,6197,15.84
2013-07-30,6197,16.25
2013-07-31,6197,16.12
2013-07-01,6198,10.51
2013-07-02,6198,10.6
2013-07-03,6198,10.47
2013-07-04,6198,10.36
2013-07-05,6198,10.78
2013-07-08,6198,10.68
2013-07-09,6198,10.51
2013-07-10,6198,10.43
2013-07-11,6198,10.45
2013-07-12,6198,10.3
2013-07-15,6198,10.6
2013-07-16,6198,10.5
2013-07-17,6198,10.47
2013-07-18,6198,10.47
2013-07-19,6198,10.19
2013-07-22,6198,10.19
2013-07-23,6198,10.36
2013-07-24,6198,10.13
2013-07-25,6198,10.3
2013-07-26,6198,10.34
2013-07-29,6198,10.51
2013-07-30,6198,10.49
2013-07-31,6198,10.21
2013-07-01,6199,6.58
2013-07-02,6199,6.16
2013-07-03,6199,5.91
2013-07-04,6199,6.22
2013-07-05,6199,6.25
2013-07-08,6199,6.58
2013-07-09,6199,6.61
2013-07-10,6199,7.07
2013-07-11,6199,7.55
2013-07-12,6199,8.08
2013-07-15,6199,8.64
2013-07-16,6199,9.23
2013-07-17,6199,9.49
2013-07-18,6199,10.14
2013-07-19,6199,10.78
2013-07-22,6199,10.65
2013-07-24,6199,10.46
2013-07-26,6199,9.07
2013-07-29,6199,9.1
2013-07-30,6199,9.41
2013-07-31,6199,8.78
2013-07-01,6201,12.86
2013-07-02,6201,12.79
2013-07-03,6201,12.84
2013-07-04,6201,12.86
2013-07-05,6201,12.81
2013-07-08,6201,12.81
2013-07-09,6201,12.81
2013-07-10,6201,12.79
2013-07-11,6201,12.81
2013-07-12,6201,12.86
2013-07-15,6201,12.93
2013-07-16,6201,12.97
2013-07-17,6201,12.95
2013-07-18,6201,12.95
2013-07-19,6201,12.95
2013-07-22,6201,12.99
2013-07-23,6201,13.04
2013-07-24,6201,13.15
2013-07-25,6201,13.24
2013-07-26,6201,13.22
2013-07-29,6201,13.11
2013-07-30,6201,13.18
2013-07-31,6201,13.18
2013-07-01,6202,18.32
2013-07-02,6202,18.08
2013-07-03,6202,18.01
2013-07-04,6202,17.96
2013-07-05,6202,17.89
2013-07-08,6202,17.84
2013-07-09,6202,17.67
2013-07-10,6202,17.63
2013-07-11,6202,17.77
2013-07-12,6202,17.82
2013-07-15,6202,17.96
2013-07-16,6202,17.87
2013-07-17,6202,18.08
2013-07-18,6202,18.13
2013-07-19,6202,18.11
2013-07-22,6202,17.77
2013-07-23,6202,17.77
2013-07-24,6202,17.75
2013-07-25,6202,18.15
2013-07-26,6202,18.03
2013-07-29,6202,17.96
2013-07-30,6202,17.96
2013-07-31,6202,17.96
2013-07-01,6203,16.11
2013-07-02,6203,16.24
2013-07-03,6203,16.24
2013-07-04,6203,16.02
2013-07-05,6203,16.06
2013-07-08,6203,16.11
2013-07-09,6203,16.04
2013-07-10,6203,15.93
2013-07-11,6203,15.93
2013-07-12,6203,15.86
2013-07-15,6203,15.9
2013-07-16,6203,16.13
2013-07-17,6203,16.2
2013-07-18,6203,16.11
2013-07-19,6203,15.97
2013-07-22,6203,16.11
2013-07-23,6203,16.15
2013-07-24,6203,16.35
2013-07-25,6203,16.24
2013-07-26,6203,16.2
2013-07-29,6203,16.2
2013-07-30,6203,16.44
2013-07-31,6203,16.37
2013-07-01,6204,11.04
2013-07-02,6204,11.04
2013-07-03,6204,11.14
2013-07-04,6204,10.94
2013-07-05,6204,10.86
2013-07-08,6204,10.89
2013-07-09,6204,11.09
2013-07-10,6204,11.04
2013-07-11,6204,11.09
2013-07-12,6204,11.14
2013-07-15,6204,11.19
2013-07-16,6204,11.19
2013-07-17,6204,11.21
2013-07-18,6204,11.21
2013-07-19,6204,11.16
2013-07-22,6204,11.16
2013-07-23,6204,11.51
2013-07-24,6204,11.34
2013-07-25,6204,11.36
2013-07-26,6204,11.64
2013-07-29,6204,11.49
2013-07-30,6204,11.41
2013-07-31,6204,11.46
2013-07-01,6205,11.7
2013-07-02,6205,11.82
2013-07-03,6205,11.79
2013-07-04,6205,11.7
2013-07-05,6205,11.76
2013-07-08,6205,11.58
2013-07-09,6205,11.61
2013-07-10,6205,11.7
2013-07-11,6205,11.67
2013-07-12,6205,11.61
2013-07-15,6205,11.7
2013-07-16,6205,11.96
2013-07-17,6205,12.05
2013-07-18,6205,11.91
2013-07-19,6205,12.73
2013-07-22,6205,13.61
2013-07-23,6205,13.87
2013-07-24,6205,14.08
2013-07-25,6205,13.64
2013-07-26,6205,13.75
2013-07-29,6205,13.23
2013-07-30,6205,13.4
2013-07-31,6205,13.4
2013-07-01,6206,38.53
2013-07-02,6206,39.68
2013-07-03,6206,40.05
2013-07-04,6206,39.6
2013-07-05,6206,42.18
2013-07-08,6206,43.82
2013-07-09,6206,44.23
2013-07-10,6206,45.45
2013-07-11,6206,46.68
2013-07-12,6206,49.75
2013-07-15,6206,49.55
2013-07-16,6206,48.12
2013-07-17,6206,48.73
2013-07-18,6206,48.94
2013-07-19,6206,45.66
2013-07-22,6206,48.32
2013-07-23,6206,51.19
2013-07-24,6206,50.78
2013-07-25,6206,48.53
2013-07-26,6206,47.5
2013-07-29,6206,46.68
2013-07-30,6206,48.12
2013-07-31,6206,47.09
2013-07-01,6207,11.1
2013-07-02,6207,11.24
2013-07-03,6207,11.24
2013-07-04,6207,11.14
2013-07-05,6207,11.21
2013-07-08,6207,11.05
2013-07-09,6207,11.05
2013-07-10,6207,10.89
2013-07-11,6207,10.92
2013-07-12,6207,10.89
2013-07-15,6207,10.86
2013-07-16,6207,10.97
2013-07-17,6207,10.97
2013-07-18,6207,11.05
2013-07-19,6207,10.92
2013-07-22,6207,10.86
2013-07-23,6207,10.97
2013-07-24,6207,11.05
2013-07-25,6207,11.14
2013-07-26,6207,11.14
2013-07-29,6207,10.92
2013-07-30,6207,11.03
2013-07-31,6207,10.97
2013-07-01,6208,8.38
2013-07-02,6208,8.38
2013-07-03,6208,8.29
2013-07-04,6208,8.29
2013-07-05,6208,8.34
2013-07-08,6208,8.38
2013-07-09,6208,8.38
2013-07-10,6208,8.38
2013-07-11,6208,8.46
2013-07-12,6208,8.41
2013-07-15,6208,8.5
2013-07-16,6208,8.57
2013-07-17,6208,8.53
2013-07-18,6208,8.41
2013-07-19,6208,8.34
2013-07-22,6208,8.41
2013-07-23,6208,8.41
2013-07-24,6208,8.46
2013-07-25,6208,8.57
2013-07-26,6208,8.53
2013-07-29,6208,8.44
2013-07-30,6208,8.4
2013-07-31,6208,8.36
2013-07-01,6209,27.39
2013-07-02,6209,26.92
2013-07-03,6209,26.67
2013-07-04,6209,26.58
2013-07-05,6209,27.25
2013-07-08,6209,26.8
2013-07-09,6209,27.03
2013-07-10,6209,26.85
2013-07-11,6209,27.21
2013-07-12,6209,28.14
2013-07-15,6209,27.88
2013-07-16,6209,27.97
2013-07-17,6209,27.52
2013-07-18,6209,27.7
2013-07-19,6209,27.34
2013-07-22,6209,27.25
2013-07-23,6209,27.7
2013-07-24,6209,28.73
2013-07-25,6209,28.5
2013-07-26,6209,28.37
2013-07-29,6209,27.74
2013-07-30,6209,27.7
2013-07-31,6209,27.34
2013-07-01,6210,19.69
2013-07-02,6210,19.98
2013-07-03,6210,19.91
2013-07-04,6210,19.78
2013-07-05,6210,19.71
2013-07-08,6210,19.71
2013-07-09,6210,19.78
2013-07-10,6210,19.49
2013-07-11,6210,19.49
2013-07-12,6210,19.49
2013-07-15,6210,20.29
2013-07-16,6210,19.98
2013-07-17,6210,19.49
2013-07-18,6210,19.62
2013-07-19,6210,19.67
2013-07-22,6210,19.75
2013-07-23,6210,19.84
2013-07-24,6210,20.16
2013-07-25,6210,21.5
2013-07-26,6210,21.0
2013-07-29,6210,20.78
2013-07-30,6210,20.78
2013-07-31,6210,20.88
2013-07-01,6212,11.89
2013-07-02,6212,11.89
2013-07-03,6212,11.85
2013-07-04,6212,11.85
2013-07-05,6212,11.89
2013-07-08,6212,11.85
2013-07-09,6212,11.89
2013-07-10,6212,12.26
2013-07-11,6212,12.36
2013-07-12,6212,12.36
2013-07-15,6212,12.57
2013-07-16,6212,12.87
2013-07-17,6212,12.63
2013-07-18,6212,12.63
2013-07-19,6212,12.7
2013-07-22,6212,12.7
2013-07-23,6212,12.7
2013-07-24,6212,12.5
2013-07-25,6212,12.63
2013-07-26,6212,12.8
2013-07-29,6212,12.84
2013-07-30,6212,13.72
2013-07-31,6212,13.48
2013-07-01,6213,18.17
2013-07-02,6213,18.09
2013-07-03,6213,18.26
2013-07-04,6213,17.94
2013-07-05,6213,17.97
2013-07-08,6213,18.26
2013-07-09,6213,18.2
2013-07-10,6213,18.2
2013-07-11,6213,18.26
2013-07-12,6213,18.26
2013-07-15,6213,18.06
2013-07-16,6213,18.14
2013-07-17,6213,18.14
2013-07-18,6213,18.03
2013-07-19,6213,18.0
2013-07-22,6213,18.2
2013-07-23,6213,18.49
2013-07-24,6213,18.38
2013-07-25,6213,19.42
2013-07-26,6213,19.22
2013-07-29,6213,19.22
2013-07-30,6213,19.19
2013-07-31,6213,19.01
2013-07-01,6214,16.17
2013-07-02,6214,16.15
2013-07-03,6214,16.15
2013-07-04,6214,16.2
2013-07-05,6214,16.15
2013-07-08,6214,16.2
2013-07-09,6214,16.24
2013-07-10,6214,16.33
2013-07-11,6214,16.33
2013-07-12,6214,16.19
2013-07-15,6214,16.22
2013-07-16,6214,16.15
2013-07-17,6214,16.29
2013-07-18,6214,16.24
2013-07-19,6214,16.19
2013-07-22,6214,16.05
2013-07-23,6214,16.15
2013-07-24,6214,16.19
2013-07-25,6214,16.33
2013-07-26,6214,16.19
2013-07-29,6214,16.12
2013-07-30,6214,16.79
2013-07-31,6214,16.66
2013-07-01,6215,7.93
2013-07-02,6215,7.83
2013-07-03,6215,7.73
2013-07-04,6215,7.5
2013-07-05,6215,7.46
2013-07-08,6215,7.33
2013-07-09,6215,7.4
2013-07-10,6215,7.4
2013-07-11,6215,7.43
2013-07-12,6215,7.6
2013-07-15,6215,7.6
2013-07-16,6215,7.53
2013-07-17,6215,7.56
2013-07-18,6215,7.53
2013-07-19,6215,7.6
2013-07-22,6215,7.73
2013-07-23,6215,7.76
2013-07-24,6215,7.76
2013-07-25,6215,7.73
2013-07-26,6215,7.76
2013-07-29,6215,7.73
2013-07-30,6215,7.7
2013-07-31,6215,7.8
2013-07-01,6216,9.21
2013-07-02,6216,9.33
2013-07-03,6216,9.24
2013-07-04,6216,9.17
2013-07-05,6216,9.24
2013-07-08,6216,9.19
2013-07-09,6216,9.08
2013-07-10,6216,9.01
2013-07-11,6216,9.08
2013-07-12,6216,9.01
2013-07-15,6216,8.94
2013-07-16,6216,8.97
2013-07-17,6216,8.97
2013-07-18,6216,9.01
2013-07-19,6216,8.92
2013-07-22,6216,8.9
2013-07-23,6216,8.97
2013-07-24,6216,8.97
2013-07-25,6216,9.46
2013-07-26,6216,9.44
2013-07-29,6216,9.33
2013-07-30,6216,9.26
2013-07-31,6216,9.37
2013-07-01,6217,15.1
2013-07-02,6217,14.82
2013-07-03,6217,14.68
2013-07-04,6217,14.34
2013-07-05,6217,14.01
2013-07-08,6217,13.16
2013-07-09,6217,13.36
2013-07-10,6217,13.47
2013-07-11,6217,13.64
2013-07-12,6217,13.7
2013-07-15,6217,13.81
2013-07-16,6217,13.72
2013-07-17,6217,13.58
2013-07-18,6217,13.27
2013-07-19,6217,13.22
2013-07-22,6217,13.27
2013-07-23,6217,13.67
2013-07-24,6217,13.72
2013-07-25,6217,13.67
2013-07-26,6217,13.98
2013-07-29,6217,14.06
2013-07-30,6217,14.65
2013-07-31,6217,15.67
2013-07-01,6218,12.34
2013-07-02,6218,12.37
2013-07-03,6218,12.37
2013-07-04,6218,12.2
2013-07-05,6218,12.2
2013-07-08,6218,12.23
2013-07-09,6218,12.56
2013-07-10,6218,12.64
2013-07-11,6218,12.78
2013-07-12,6218,12.84
2013-07-15,6218,12.92
2013-07-16,6218,12.83
2013-07-17,6218,12.8
2013-07-18,6218,12.8
2013-07-19,6218,12.74
2013-07-22,6218,12.77
2013-07-23,6218,12.86
2013-07-24,6218,12.89
2013-07-25,6218,12.86
2013-07-26,6218,12.92
2013-07-29,6218,12.89
2013-07-30,6218,12.89
2013-07-31,6218,12.83
2013-07-01,6219,19.16
2013-07-02,6219,19.58
2013-07-03,6219,19.47
2013-07-04,6219,19.16
2013-07-05,6219,19.16
2013-07-08,6219,18.62
2013-07-09,6219,18.84
2013-07-10,6219,18.84
2013-07-11,6219,19.1
2013-07-12,6219,18.94
2013-07-15,6219,18.89
2013-07-16,6219,18.94
2013-07-17,6219,18.84
2013-07-18,6219,18.94
2013-07-19,6219,19.05
2013-07-22,6219,19.16
2013-07-23,6219,19.1
2013-07-24,6219,19.27
2013-07-25,6219,19.0
2013-07-26,6219,19.1
2013-07-29,6219,19.37
2013-07-30,6219,19.58
2013-07-31,6219,19.32
2013-07-01,6220,6.93
2013-07-02,6220,6.93
2013-07-03,6220,6.78
2013-07-04,6220,7.22
2013-07-05,6220,7.22
2013-07-08,6220,6.9
2013-07-09,6220,6.84
2013-07-10,6220,6.87
2013-07-11,6220,6.9
2013-07-12,6220,7.07
2013-07-15,6220,7.04
2013-07-16,6220,6.99
2013-07-17,6220,7.04
2013-07-18,6220,7.1
2013-07-19,6220,7.04
2013-07-22,6220,7.19
2013-07-23,6220,7.1
2013-07-24,6220,7.01
2013-07-25,6220,6.99
2013-07-26,6220,6.99
2013-07-29,6220,6.93
2013-07-30,6220,6.96
2013-07-31,6220,6.87
2013-07-01,6221,4.81
2013-07-02,6221,4.62
2013-07-03,6221,4.52
2013-07-04,6221,4.46
2013-07-05,6221,4.5
2013-07-08,6221,4.44
2013-07-09,6221,4.36
2013-07-10,6221,4.35
2013-07-11,6221,4.65
2013-07-12,6221,4.65
2013-07-15,6221,4.59
2013-07-16,6221,4.81
2013-07-17,6221,4.69
2013-07-18,6221,4.7
2013-07-19,6221,4.6
2013-07-22,6221,4.58
2013-07-23,6221,4.64
2013-07-24,6221,4.68
2013-07-25,6221,4.75
2013-07-26,6221,4.69
2013-07-29,6221,4.68
2013-07-30,6221,4.76
2013-07-31,6221,4.78
2013-07-02,6222,11.92
2013-07-03,6222,11.92
2013-07-05,6222,11.98
2013-07-10,6222,11.92
2013-07-11,6222,11.93
2013-07-12,6222,11.93
2013-07-16,6222,11.85
2013-07-17,6222,11.92
2013-07-18,6222,11.85
2013-07-19,6222,12.06
2013-07-22,6222,12.06
2013-07-24,6222,11.85
2013-07-25,6222,11.85
2013-07-29,6222,11.85
2013-07-31,6222,11.85
2013-07-01,6223,44.28
2013-07-02,6223,44.28
2013-07-03,6223,43.63
2013-07-04,6223,44.28
2013-07-05,6223,46.54
2013-07-08,6223,46.02
2013-07-09,6223,45.76
2013-07-10,6223,45.12
2013-07-11,6223,45.25
2013-07-12,6223,45.57
2013-07-15,6223,45.57
2013-07-16,6223,44.6
2013-07-17,6223,45.12
2013-07-18,6223,44.34
2013-07-19,6223,44.21
2013-07-22,6223,45.89
2013-07-23,6223,45.37
2013-07-24,6223,44.6
2013-07-25,6223,43.05
2013-07-26,6223,43.44
2013-07-29,6223,41.56
2013-07-30,6223,41.3
2013-07-31,6223,41.5
2013-07-01,6224,31.98
2013-07-02,6224,32.1
2013-07-03,6224,31.81
2013-07-04,6224,31.64
2013-07-05,6224,31.87
2013-07-08,6224,31.29
2013-07-09,6224,31.12
2013-07-10,6224,31.12
2013-07-11,6224,31.29
2013-07-12,6224,31.81
2013-07-15,6224,31.47
2013-07-16,6224,31.7
2013-07-17,6224,31.58
2013-07-18,6224,31.41
2013-07-19,6224,31.35
2013-07-22,6224,31.93
2013-07-23,6224,32.1
2013-07-24,6224,32.04
2013-07-25,6224,32.04
2013-07-26,6224,32.1
2013-07-29,6224,31.98
2013-07-30,6224,31.81
2013-07-31,6224,31.81
2013-07-01,6225,126.76
2013-07-02,6225,122.18
2013-07-03,6225,124.07
2013-07-04,6225,124.07
2013-07-05,6225,129.46
2013-07-08,6225,133.51
2013-07-09,6225,134.85
2013-07-10,6225,130.0
2013-07-11,6225,129.46
2013-07-12,6225,128.11
2013-07-15,6225,135.39
2013-07-16,6225,129.46
2013-07-17,6225,129.46
2013-07-18,6225,129.46
2013-07-19,6225,134.85
2013-07-23,6225,134.85
2013-07-25,6225,130.81
2013-07-26,6225,130.27
2013-07-29,6225,127.57
2013-07-30,6225,132.7
2013-07-31,6225,128.11
2013-07-01,6226,5.47
2013-07-02,6226,5.37
2013-07-03,6226,5.39
2013-07-04,6226,5.25
2013-07-05,6226,5.61
2013-07-08,6226,5.41
2013-07-09,6226,5.55
2013-07-10,6226,5.93
2013-07-11,6226,6.34
2013-07-12,6226,6.34
2013-07-15,6226,6.18
2013-07-16,6226,6.21
2013-07-17,6226,6.29
2013-07-18,6226,6.11
2013-07-19,6226,5.92
2013-07-22,6226,5.86
2013-07-23,6226,5.93
2013-07-24,6226,5.82
2013-07-25,6226,5.97
2013-07-26,6226,6.18
2013-07-29,6226,6.18
2013-07-30,6226,6.08
2013-07-31,6226,6.11
2013-07-01,6227,5.78
2013-07-02,6227,5.8
2013-07-03,6227,5.8
2013-07-04,6227,5.72
2013-07-05,6227,5.83
2013-07-08,6227,5.72
2013-07-09,6227,5.75
2013-07-10,6227,5.86
2013-07-11,6227,5.88
2013-07-12,6227,5.91
2013-07-15,6227,5.88
2013-07-16,6227,5.88
2013-07-17,6227,5.91
2013-07-18,6227,5.86
2013-07-19,6227,5.8
2013-07-22,6227,5.8
2013-07-23,6227,5.88
2013-07-24,6227,5.8
2013-07-25,6227,5.83
2013-07-26,6227,5.88
2013-07-29,6227,5.86
2013-07-30,6227,5.83
2013-07-31,6227,5.8
2013-07-01,6228,46.81
2013-07-02,6228,44.69
2013-07-03,6228,45.65
2013-07-04,6228,42.57
2013-07-05,6228,43.34
2013-07-08,6228,42.57
2013-07-09,6228,39.68
2013-07-10,6228,38.52
2013-07-11,6228,41.22
2013-07-12,6228,43.92
2013-07-15,6228,46.81
2013-07-16,6228,50.08
2013-07-17,6228,51.81
2013-07-18,6228,50.08
2013-07-19,6228,47.77
2013-07-22,6228,47.38
2013-07-23,6228,46.04
2013-07-24,6228,48.92
2013-07-25,6228,46.42
2013-07-26,6228,45.46
2013-07-29,6228,43.92
2013-07-30,6228,43.92
2013-07-31,6228,43.15
2013-07-01,6229,8.36
2013-07-02,6229,8.51
2013-07-03,6229,7.93
2013-07-04,6229,7.58
2013-07-05,6229,7.66
2013-07-08,6229,7.53
2013-07-09,6229,7.65
2013-07-10,6229,8.17
2013-07-11,6229,8.26
2013-07-12,6229,8.23
2013-07-15,6229,8.09
2013-07-16,6229,8.26
2013-07-17,6229,8.26
2013-07-18,6229,8.17
2013-07-19,6229,8.29
2013-07-22,6229,8.14
2013-07-23,6229,8.29
2013-07-24,6229,8.44
2013-07-25,6229,8.73
2013-07-26,6229,8.73
2013-07-29,6229,8.79
2013-07-30,6229,8.79
2013-07-31,6229,8.55
2013-07-01,6230,52.26
2013-07-02,6230,50.8
2013-07-03,6230,50.17
2013-07-04,6230,49.13
2013-07-05,6230,51.36
2013-07-08,6230,49.96
2013-07-09,6230,50.52
2013-07-10,6230,50.73
2013-07-11,6230,50.87
2013-07-12,6230,51.43
2013-07-15,6230,53.52
2013-07-16,6230,52.89
2013-07-17,6230,52.26
2013-07-18,6230,51.57
2013-07-19,6230,51.01
2013-07-22,6230,51.85
2013-07-23,6230,52.82
2013-07-24,6230,51.85
2013-07-25,6230,51.57
2013-07-26,6230,49.83
2013-07-29,6230,48.78
2013-07-30,6230,48.99
2013-07-31,6230,47.39
2013-07-01,6231,32.25
2013-07-02,6231,32.19
2013-07-03,6231,31.61
2013-07-04,6231,31.2
2013-07-05,6231,31.08
2013-07-08,6231,30.61
2013-07-09,6231,28.86
2013-07-10,6231,29.15
2013-07-11,6231,29.03
2013-07-12,6231,29.68
2013-07-15,6231,29.27
2013-07-16,6231,30.12
2013-07-17,6231,30.0
2013-07-18,6231,29.66
2013-07-19,6231,28.83
2013-07-22,6231,29.54
2013-07-23,6231,29.17
2013-07-24,6231,29.23
2013-07-25,6231,29.04
2013-07-26,6231,29.17
2013-07-29,6231,29.08
2013-07-30,6231,28.95
2013-07-31,6231,26.98
2013-07-01,6233,12.44
2013-07-02,6233,12.39
2013-07-03,6233,12.24
2013-07-04,6233,12.24
2013-07-05,6233,12.2
2013-07-08,6233,11.76
2013-07-09,6233,11.86
2013-07-10,6233,11.91
2013-07-11,6233,12.05
2013-07-12,6233,12.1
2013-07-15,6233,12.2
2013-07-16,6233,12.2
2013-07-17,6233,12.29
2013-07-18,6233,12.2
2013-07-19,6233,11.81
2013-07-22,6233,11.91
2013-07-23,6233,12.05
2013-07-24,6233,12.2
2013-07-25,6233,12.15
2013-07-26,6233,12.0
2013-07-29,6233,11.81
2013-07-30,6233,11.96
2013-07-31,6233,11.48
2013-07-01,6234,8.04
2013-07-02,6234,8.07
2013-07-03,6234,8.62
2013-07-04,6234,8.46
2013-07-05,6234,8.67
2013-07-08,6234,8.57
2013-07-09,6234,8.62
2013-07-10,6234,8.7
2013-07-11,6234,8.7
2013-07-12,6234,8.7
2013-07-15,6234,8.54
2013-07-16,6234,8.57
2013-07-17,6234,8.7
2013-07-18,6234,8.62
2013-07-19,6234,8.44
2013-07-22,6234,8.62
2013-07-23,6234,8.67
2013-07-24,6234,9.28
2013-07-25,6234,9.04
2013-07-26,6234,8.86
2013-07-29,6234,8.73
2013-07-30,6234,8.83
2013-07-31,6234,8.88
2013-07-01,6235,7.57
2013-07-02,6235,7.61
2013-07-03,6235,7.57
2013-07-04,6235,7.46
2013-07-05,6235,7.5
2013-07-08,6235,7.39
2013-07-09,6235,7.43
2013-07-10,6235,7.35
2013-07-11,6235,7.35
2013-07-12,6235,7.35
2013-07-15,6235,7.35
2013-07-16,6235,7.5
2013-07-17,6235,7.43
2013-07-18,6235,7.35
2013-07-19,6235,7.33
2013-07-22,6235,7.39
2013-07-23,6235,7.39
2013-07-24,6235,7.43
2013-07-25,6235,7.34
2013-07-26,6235,7.35
2013-07-29,6235,7.32
2013-07-30,6235,7.43
2013-07-31,6235,7.27
2013-07-01,6236,24.15
2013-07-02,6236,25.8
2013-07-03,6236,27.6
2013-07-04,6236,29.5
2013-07-05,6236,31.55
2013-07-08,6236,33.75
2013-07-01,6237,14.73
2013-07-02,6237,14.73
2013-07-03,6237,14.53
2013-07-04,6237,14.53
2013-07-05,6237,15.28
2013-07-08,6237,15.31
2013-07-09,6237,15.31
2013-07-10,6237,15.31
2013-07-11,6237,15.28
2013-07-12,6237,15.16
2013-07-15,6237,15.28
2013-07-16,6237,15.39
2013-07-17,6237,16.45
2013-07-18,6237,15.86
2013-07-19,6237,15.55
2013-07-22,6237,15.9
2013-07-23,6237,15.71
2013-07-24,6237,15.79
2013-07-25,6237,15.86
2013-07-26,6237,15.94
2013-07-29,6237,15.59
2013-07-30,6237,15.9
2013-07-31,6237,17.0
2013-07-02,6238,7.83
2013-07-03,6238,7.29
2013-07-04,6238,6.79
2013-07-10,6238,6.76
2013-07-12,6238,7.22
2013-07-16,6238,7.3
2013-07-24,6238,6.73
2013-07-25,6238,6.27
2013-07-01,6239,31.5
2013-07-02,6239,31.07
2013-07-03,6239,31.33
2013-07-04,6239,30.43
2013-07-05,6239,30.43
2013-07-08,6239,30.0
2013-07-09,6239,29.89
2013-07-10,6239,30.37
2013-07-11,6239,30.85
2013-07-12,6239,31.23
2013-07-15,6239,31.07
2013-07-16,6239,31.23
2013-07-17,6239,30.91
2013-07-18,6239,30.75
2013-07-19,6239,30.1
2013-07-22,6239,30.85
2013-07-23,6239,31.17
2013-07-24,6239,31.17
2013-07-25,6239,31.07
2013-07-26,6239,31.5
2013-07-29,6239,31.12
2013-07-30,6239,31.28
2013-07-31,6239,30.75
2013-07-09,6240,11.85
2013-07-16,6240,11.85
2013-07-31,6240,11.85
2013-07-01,6241,17.14
2013-07-02,6241,17.14
2013-07-03,6241,17.29
2013-07-04,6241,17.11
2013-07-05,6241,17.29
2013-07-08,6241,17.36
2013-07-09,6241,17.36
2013-07-10,6241,18.57
2013-07-11,6241,17.29
2013-07-12,6241,16.11
2013-07-15,6241,15.93
2013-07-16,6241,16.26
2013-07-17,6241,16.81
2013-07-18,6241,16.37
2013-07-19,6241,15.23
2013-07-22,6241,14.17
2013-07-23,6241,13.69
2013-07-24,6241,14.65
2013-07-25,6241,15.64
2013-07-26,6241,15.64
2013-07-29,6241,15.42
2013-07-30,6241,14.94
2013-07-31,6241,15.38
2013-07-10,6242,19.67
2013-07-16,6242,18.12
2013-07-25,6242,12.6
2013-07-26,6242,11.74
2013-07-30,6242,10.17
2013-07-01,6243,25.54
2013-07-02,6243,25.45
2013-07-03,6243,24.71
2013-07-04,6243,24.24
2013-07-05,6243,24.8
2013-07-08,6243,24.43
2013-07-09,6243,24.34
2013-07-10,6243,24.06
2013-07-11,6243,24.24
2013-07-12,6243,24.62
2013-07-15,6243,24.43
2013-07-16,6243,24.71
2013-07-17,6243,24.98
2013-07-18,6243,24.43
2013-07-19,6243,24.06
2013-07-22,6243,24.34
2013-07-23,6243,24.52
2013-07-24,6243,24.71
2013-07-25,6243,24.43
2013-07-26,6243,24.71
2013-07-29,6243,24.98
2013-07-30,6243,24.71
2013-07-31,6243,24.06
2013-07-01,6244,55.41
2013-07-02,6244,54.55
2013-07-03,6244,54.77
2013-07-04,6244,55.69
2013-07-05,6244,54.77
2013-07-08,6244,53.78
2013-07-09,6244,53.35
2013-07-10,6244,53.08
2013-07-11,6244,54.63
2013-07-12,6244,54.92
2013-07-15,6244,58.73
2013-07-16,6244,60.72
2013-07-17,6244,60.57
2013-07-18,6244,57.32
2013-07-19,6244,57.1
2013-07-22,6244,56.54
2013-07-23,6244,58.52
2013-07-24,6244,59.3
2013-07-25,6244,58.73
2013-07-26,6244,58.1
2013-07-29,6244,57.1
2013-07-30,6244,56.47
2013-07-31,6244,54.92
2013-07-01,6245,16.38
2013-07-02,6245,16.08
2013-07-03,6245,16.1
2013-07-04,6245,16.14
2013-07-05,6245,16.3
2013-07-08,6245,16.47
2013-07-09,6245,17.61
2013-07-10,6245,17.76
2013-07-11,6245,17.76
2013-07-12,6245,18.15
2013-07-15,6245,18.1
2013-07-16,6245,18.76
2013-07-17,6245,18.56
2013-07-18,6245,18.35
2013-07-19,6245,18.35
2013-07-22,6245,18.6
2013-07-23,6245,18.39
2013-07-24,6245,18.41
2013-07-25,6245,19.05
2013-07-26,6245,19.58
2013-07-29,6245,19.23
2013-07-30,6245,19.15
2013-07-31,6245,20.07
2013-07-01,6246,51.01
2013-07-02,6246,49.89
2013-07-03,6246,48.7
2013-07-04,6246,48.45
2013-07-05,6246,48.58
2013-07-08,6246,48.58
2013-07-09,6246,48.39
2013-07-10,6246,47.83
2013-07-11,6246,47.46
2013-07-12,6246,46.65
2013-07-15,6246,46.71
2013-07-16,6246,46.83
2013-07-17,6246,47.39
2013-07-18,6246,46.96
2013-07-19,6246,46.21
2013-07-22,6246,45.77
2013-07-23,6246,45.52
2013-07-24,6246,45.46
2013-07-25,6246,45.28
2013-07-26,6246,44.53
2013-07-29,6246,44.34
2013-07-30,6246,44.84
2013-07-31,6246,44.09
2013-07-01,6247,10.6
2013-07-02,6247,10.56
2013-07-03,6247,10.42
2013-07-04,6247,10.42
2013-07-05,6247,10.47
2013-07-08,6247,10.42
2013-07-09,6247,10.33
2013-07-10,6247,10.24
2013-07-11,6247,10.33
2013-07-12,6247,10.33
2013-07-15,6247,10.24
2013-07-16,6247,10.24
2013-07-17,6247,10.2
2013-07-18,6247,10.2
2013-07-19,6247,10.2
2013-07-22,6247,10.24
2013-07-23,6247,10.33
2013-07-24,6247,10.38
2013-07-25,6247,10.42
2013-07-26,6247,10.42
2013-07-29,6247,10.47
2013-07-30,6247,10.51
2013-07-31,6247,10.51
2013-07-01,6248,10.25
2013-07-02,6248,10.32
2013-07-04,6248,11.02
2013-07-05,6248,10.36
2013-07-08,6248,10.68
2013-07-09,6248,10.57
2013-07-10,6248,10.57
2013-07-11,6248,10.57
2013-07-12,6248,10.25
2013-07-15,6248,10.14
2013-07-16,6248,9.61
2013-07-17,6248,9.29
2013-07-23,6248,9.93
2013-07-24,6248,9.61
2013-07-25,6248,8.97
2013-07-26,6248,9.07
2013-07-29,6248,8.56
2013-07-30,6248,8.56
2013-07-31,6248,8.86
2013-07-01,6251,10.42
2013-07-02,6251,10.38
2013-07-03,6251,10.4
2013-07-04,6251,10.34
2013-07-05,6251,10.45
2013-07-08,6251,10.34
2013-07-09,6251,10.33
2013-07-10,6251,10.28
2013-07-11,6251,10.31
2013-07-12,6251,10.45
2013-07-15,6251,10.43
2013-07-16,6251,10.45
2013-07-17,6251,10.45
2013-07-18,6251,10.34
2013-07-19,6251,10.24
2013-07-22,6251,10.24
2013-07-23,6251,10.34
2013-07-24,6251,10.23
2013-07-25,6251,10.24
2013-07-26,6251,10.26
2013-07-29,6251,10.2
2013-07-30,6251,10.24
2013-07-31,6251,10.21
2013-07-01,6257,12.22
2013-07-02,6257,12.03
2013-07-03,6257,11.89
2013-07-04,6257,11.84
2013-07-05,6257,11.96
2013-07-08,6257,12.03
2013-07-09,6257,12.37
2013-07-10,6257,12.1
2013-07-11,6257,11.98
2013-07-12,6257,12.03
2013-07-15,6257,12.2
2013-07-16,6257,12.2
2013-07-17,6257,12.13
2013-07-18,6257,11.96
2013-07-19,6257,11.7
2013-07-22,6257,11.45
2013-07-23,6257,11.7
2013-07-24,6257,11.86
2013-07-25,6257,11.86
2013-07-26,6257,11.72
2013-07-29,6257,11.82
2013-07-30,6257,12.03
2013-07-31,6257,12.3
2013-07-01,6259,48.49
2013-07-02,6259,48.49
2013-07-03,6259,48.62
2013-07-04,6259,49.15
2013-07-09,6259,49.45
2013-07-10,6259,48.92
2013-07-11,6259,48.14
2013-07-12,6259,45.94
2013-07-15,6259,47.55
2013-07-16,6259,46.77
2013-07-17,6259,46.9
2013-07-18,6259,45.35
2013-07-19,6259,45.41
2013-07-22,6259,46.95
2013-07-23,6259,46.24
2013-07-24,6259,44.34
2013-07-25,6259,44.99
2013-07-26,6259,43.68
2013-07-29,6259,45.52
2013-07-30,6259,46.42
2013-07-31,6259,46.42
2013-07-01,6261,28.99
2013-07-02,6261,28.99
2013-07-03,6261,28.65
2013-07-04,6261,28.52
2013-07-05,6261,28.43
2013-07-08,6261,27.49
2013-07-09,6261,27.62
2013-07-10,6261,27.87
2013-07-11,6261,28.09
2013-07-12,6261,27.92
2013-07-15,6261,27.92
2013-07-16,6261,28.17
2013-07-17,6261,28.17
2013-07-18,6261,27.92
2013-07-19,6261,27.62
2013-07-22,6261,27.7
2013-07-23,6261,28.09
2013-07-24,6261,28.09
2013-07-25,6261,28.99
2013-07-26,6261,28.78
2013-07-29,6261,28.6
2013-07-30,6261,28.86
2013-07-31,6261,28.6
2013-07-01,6263,13.29
2013-07-02,6263,13.22
2013-07-03,6263,13.2
2013-07-04,6263,13.29
2013-07-05,6263,13.29
2013-07-08,6263,13.25
2013-07-09,6263,13.29
2013-07-10,6263,13.41
2013-07-11,6263,13.46
2013-07-12,6263,13.84
2013-07-15,6263,14.13
2013-07-16,6263,14.09
2013-07-17,6263,13.96
2013-07-18,6263,13.88
2013-07-19,6263,13.56
2013-07-22,6263,13.58
2013-07-23,6263,13.71
2013-07-24,6263,13.65
2013-07-25,6263,13.79
2013-07-26,6263,13.96
2013-07-29,6263,14.38
2013-07-30,6263,14.55
2013-07-31,6263,14.43
2013-07-01,6264,21.11
2013-07-02,6264,21.04
2013-07-03,6264,20.73
2013-07-04,6264,20.34
2013-07-05,6264,20.58
2013-07-08,6264,20.34
2013-07-09,6264,20.5
2013-07-10,6264,20.58
2013-07-11,6264,20.73
2013-07-12,6264,20.96
2013-07-15,6264,20.73
2013-07-16,6264,20.5
2013-07-17,6264,21.89
2013-07-18,6264,23.29
2013-07-19,6264,21.74
2013-07-22,6264,21.66
2013-07-23,6264,21.66
2013-07-24,6264,21.5
2013-07-25,6264,21.35
2013-07-26,6264,21.11
2013-07-29,6264,20.81
2013-07-30,6264,20.58
2013-07-31,6264,20.66
2013-07-01,6265,6.68
2013-07-02,6265,6.62
2013-07-03,6265,6.54
2013-07-04,6265,6.55
2013-07-05,6265,6.55
2013-07-08,6265,6.4
2013-07-09,6265,6.4
2013-07-10,6265,6.27
2013-07-11,6265,6.27
2013-07-12,6265,6.19
2013-07-15,6265,6.08
2013-07-16,6265,6.19
2013-07-17,6265,6.11
2013-07-18,6265,6.11
2013-07-19,6265,6.1
2013-07-22,6265,6.02
2013-07-23,6265,6.08
2013-07-24,6265,6.22
2013-07-25,6265,6.2
2013-07-26,6265,6.17
2013-07-29,6265,6.15
2013-07-30,6265,6.22
2013-07-31,6265,6.27
2013-07-01,6266,2.81
2013-07-02,6266,2.81
2013-07-03,6266,2.78
2013-07-04,6266,2.77
2013-07-05,6266,2.8
2013-07-08,6266,2.76
2013-07-09,6266,2.8
2013-07-10,6266,2.76
2013-07-11,6266,2.8
2013-07-12,6266,2.81
2013-07-15,6266,2.77
2013-07-16,6266,2.81
2013-07-17,6266,2.78
2013-07-18,6266,2.81
2013-07-19,6266,2.8
2013-07-22,6266,2.78
2013-07-23,6266,2.78
2013-07-24,6266,2.77
2013-07-25,6266,2.78
2013-07-26,6266,2.79
2013-07-29,6266,2.76
2013-07-30,6266,2.78
2013-07-31,6266,2.76
2013-07-01,6269,48.62
2013-07-02,6269,48.85
2013-07-03,6269,47.22
2013-07-04,6269,46.52
2013-07-05,6269,47.46
2013-07-08,6269,49.55
2013-07-09,6269,50.25
2013-07-10,6269,49.55
2013-07-11,6269,52.11
2013-07-12,6269,51.18
2013-07-15,6269,50.71
2013-07-16,6269,50.25
2013-07-17,6269,49.32
2013-07-18,6269,48.62
2013-07-19,6269,48.39
2013-07-22,6269,47.92
2013-07-23,6269,49.55
2013-07-24,6269,49.32
2013-07-25,6269,49.32
2013-07-26,6269,50.48
2013-07-29,6269,51.18
2013-07-30,6269,50.94
2013-07-31,6269,51.18
2013-07-01,6270,5.9
2013-07-02,6270,5.93
2013-07-03,6270,5.86
2013-07-04,6270,5.86
2013-07-05,6270,5.88
2013-07-08,6270,5.88
2013-07-09,6270,5.88
2013-07-10,6270,6.03
2013-07-11,6270,6.11
2013-07-12,6270,6.11
2013-07-15,6270,6.08
2013-07-16,6270,6.16
2013-07-17,6270,6.13
2013-07-18,6270,6.11
2013-07-19,6270,6.03
2013-07-22,6270,6.03
2013-07-23,6270,6.06
2013-07-24,6270,6.08
2013-07-25,6270,6.06
2013-07-26,6270,6.08
2013-07-29,6270,6.06
2013-07-30,6270,6.06
2013-07-31,6270,6.0
2013-07-01,6271,113.17
2013-07-02,6271,116.11
2013-07-03,6271,117.58
2013-07-04,6271,116.11
2013-07-05,6271,113.9
2013-07-08,6271,113.9
2013-07-09,6271,112.8
2013-07-10,6271,112.07
2013-07-11,6271,116.11
2013-07-12,6271,117.58
2013-07-15,6271,117.21
2013-07-16,6271,113.9
2013-07-17,6271,112.8
2013-07-18,6271,113.54
2013-07-19,6271,112.43
2013-07-22,6271,114.64
2013-07-23,6271,119.78
2013-07-24,6271,119.78
2013-07-25,6271,115.64
2013-07-26,6271,114.51
2013-07-29,6271,109.63
2013-07-30,6271,111.13
2013-07-31,6271,109.63
2013-07-01,6274,11.84
2013-07-02,6274,12.07
2013-07-03,6274,11.67
2013-07-04,6274,11.55
2013-07-05,6274,11.78
2013-07-08,6274,11.64
2013-07-09,6274,11.35
2013-07-10,6274,11.67
2013-07-11,6274,11.61
2013-07-12,6274,11.87
2013-07-15,6274,12.01
2013-07-16,6274,12.7
2013-07-17,6274,12.76
2013-07-18,6274,12.99
2013-07-19,6274,12.53
2013-07-22,6274,12.61
2013-07-23,6274,12.7
2013-07-24,6274,12.53
2013-07-25,6274,12.64
2013-07-26,6274,12.33
2013-07-29,6274,12.18
2013-07-30,6274,12.5
2013-07-31,6274,12.73
2013-07-01,6275,9.66
2013-07-02,6275,9.59
2013-07-03,6275,9.66
2013-07-04,6275,9.66
2013-07-05,6275,9.59
2013-07-08,6275,9.52
2013-07-09,6275,9.66
2013-07-10,6275,9.59
2013-07-11,6275,9.66
2013-07-12,6275,9.56
2013-07-15,6275,9.66
2013-07-16,6275,9.63
2013-07-17,6275,9.7
2013-07-18,6275,9.7
2013-07-19,6275,9.52
2013-07-22,6275,9.49
2013-07-23,6275,9.56
2013-07-24,6275,9.49
2013-07-25,6275,9.41
2013-07-26,6275,9.49
2013-07-29,6275,9.52
2013-07-30,6275,10.09
2013-07-31,6275,10.66
2013-07-01,6276,51.74
2013-07-02,6276,50.83
2013-07-03,6276,49.71
2013-07-04,6276,50.35
2013-07-05,6276,50.9
2013-07-08,6276,48.95
2013-07-09,6276,49.92
2013-07-10,6276,49.92
2013-07-11,6276,49.22
2013-07-12,6276,49.09
2013-07-15,6276,48.52
2013-07-16,6276,49.22
2013-07-17,6276,49.43
2013-07-18,6276,48.87
2013-07-19,6276,46.29
2013-07-22,6276,43.77
2013-07-23,6276,44.61
2013-07-24,6276,45.17
2013-07-25,6276,45.87
2013-07-26,6276,46.29
2013-07-29,6276,45.59
2013-07-30,6276,45.31
2013-07-31,6276,45.03
2013-07-01,6277,24.55
2013-07-02,6277,24.6
2013-07-03,6277,24.2
2013-07-04,6277,24.29
2013-07-05,6277,24.51
2013-07-08,6277,24.78
2013-07-09,6277,24.86
2013-07-10,6277,25.13
2013-07-11,6277,25.04
2013-07-12,6277,25.58
2013-07-15,6277,26.25
2013-07-16,6277,26.2
2013-07-17,6277,26.6
2013-07-18,6277,26.65
2013-07-19,6277,25.8
2013-07-22,6277,26.2
2013-07-23,6277,26.6
2013-07-24,6277,26.29
2013-07-25,6277,26.16
2013-07-26,6277,26.42
2013-07-29,6277,26.61
2013-07-30,6277,26.47
2013-07-31,6277,26.09
2013-07-01,6278,23.12
2013-07-02,6278,22.89
2013-07-03,6278,22.65
2013-07-04,6278,22.29
2013-07-05,6278,22.47
2013-07-08,6278,22.14
2013-07-09,6278,22.32
2013-07-10,6278,22.42
2013-07-11,6278,22.68
2013-07-12,6278,22.55
2013-07-15,6278,22.96
2013-07-16,6278,23.45
2013-07-17,6278,23.25
2013-07-18,6278,22.99
2013-07-19,6278,22.76
2013-07-22,6278,22.7
2013-07-23,6278,23.2
2013-07-24,6278,23.17
2013-07-25,6278,23.2
2013-07-26,6278,23.2
2013-07-29,6278,23.09
2013-07-30,6278,23.37
2013-07-31,6278,23.12
2013-07-01,6279,39.0
2013-07-02,6279,40.13
2013-07-03,6279,40.64
2013-07-04,6279,40.07
2013-07-05,6279,41.48
2013-07-08,6279,41.99
2013-07-09,6279,41.32
2013-07-10,6279,40.58
2013-07-11,6279,42.05
2013-07-12,6279,44.98
2013-07-15,6279,45.66
2013-07-16,6279,46.06
2013-07-17,6279,46.51
2013-07-18,6279,45.74
2013-07-19,6279,44.57
2013-07-22,6279,46.98
2013-07-23,6279,48.21
2013-07-24,6279,50.09
2013-07-25,6279,48.74
2013-07-26,6279,47.45
2013-07-29,6279,46.8
2013-07-30,6279,48.74
2013-07-31,6279,48.45
2013-07-01,6281,34.37
2013-07-02,6281,34.37
2013-07-03,6281,34.33
2013-07-04,6281,34.33
2013-07-05,6281,34.33
2013-07-08,6281,34.37
2013-07-09,6281,34.32
2013-07-10,6281,34.32
2013-07-11,6281,34.37
2013-07-12,6281,34.08
2013-07-15,6281,34.18
2013-07-16,6281,34.18
2013-07-17,6281,34.32
2013-07-18,6281,34.32
2013-07-19,6281,34.27
2013-07-22,6281,34.18
2013-07-23,6281,34.32
2013-07-24,6281,34.57
2013-07-25,6281,34.42
2013-07-26,6281,34.32
2013-07-29,6281,34.22
2013-07-30,6281,34.42
2013-07-31,6281,34.08
2013-07-01,6282,13.41
2013-07-02,6282,13.63
2013-07-03,6282,13.38
2013-07-04,6282,13.27
2013-07-05,6282,13.38
2013-07-08,6282,13.44
2013-07-09,6282,13.83
2013-07-10,6282,13.69
2013-07-11,6282,13.61
2013-07-12,6282,13.77
2013-07-15,6282,13.88
2013-07-16,6282,13.94
2013-07-17,6282,13.94
2013-07-18,6282,13.74
2013-07-19,6282,13.88
2013-07-22,6282,14.1
2013-07-23,6282,14.16
2013-07-24,6282,14.49
2013-07-25,6282,14.6
2013-07-26,6282,14.38
2013-07-29,6282,14.38
2013-07-30,6282,14.49
2013-07-31,6282,14.66
2013-07-01,6283,33.27
2013-07-02,6283,33.0
2013-07-03,6283,32.14
2013-07-04,6283,29.91
2013-07-05,6283,28.54
2013-07-08,6283,29.31
2013-07-09,6283,28.79
2013-07-10,6283,28.28
2013-07-11,6283,26.65
2013-07-12,6283,27.25
2013-07-15,6283,27.33
2013-07-16,6283,27.93
2013-07-17,6283,27.41
2013-07-18,6283,26.81
2013-07-19,6283,27.08
2013-07-22,6283,28.97
2013-07-23,6283,28.79
2013-07-24,6283,28.54
2013-07-25,6283,28.87
2013-07-26,6283,28.28
2013-07-29,6283,28.36
2013-07-30,6283,28.36
2013-07-31,6283,26.98
2013-07-01,6284,17.77
2013-07-02,6284,17.35
2013-07-03,6284,17.16
2013-07-04,6284,17.01
2013-07-05,6284,17.16
2013-07-08,6284,17.16
2013-07-09,6284,17.43
2013-07-10,6284,17.47
2013-07-11,6284,17.47
2013-07-12,6284,17.28
2013-07-15,6284,17.28
2013-07-16,6284,17.66
2013-07-17,6284,17.81
2013-07-18,6284,17.85
2013-07-19,6284,18.01
2013-07-22,6284,18.15
2013-07-23,6284,19.11
2013-07-24,6284,19.62
2013-07-25,6284,19.31
2013-07-26,6284,18.77
2013-07-29,6284,18.81
2013-07-30,6284,19.15
2013-07-31,6284,19.31
2013-07-01,6285,23.68
2013-07-02,6285,23.68
2013-07-03,6285,23.68
2013-07-04,6285,23.7
2013-07-05,6285,23.86
2013-07-08,6285,23.6
2013-07-09,6285,23.26
2013-07-10,6285,23.65
2013-07-11,6285,23.76
2013-07-12,6285,23.76
2013-07-15,6285,24.57
2013-07-16,6285,24.57
2013-07-17,6285,24.25
2013-07-18,6285,23.68
2013-07-19,6285,23.6
2013-07-22,6285,23.99
2013-07-23,6285,24.17
2013-07-24,6285,24.07
2013-07-25,6285,24.2
2013-07-26,6285,24.44
2013-07-29,6285,24.25
2013-07-30,6285,24.51
2013-07-31,6285,24.3
2013-07-01,6286,120.33
2013-07-02,6286,120.33
2013-07-03,6286,120.33
2013-07-04,6286,118.15
2013-07-05,6286,120.33
2013-07-08,6286,118.15
2013-07-09,6286,118.15
2013-07-10,6286,119.46
2013-07-11,6286,119.89
2013-07-12,6286,118.15
2013-07-15,6286,119.02
2013-07-16,6286,119.89
2013-07-17,6286,120.76
2013-07-18,6286,118.92
2013-07-19,6286,117.08
2013-07-22,6286,116.15
2013-07-23,6286,118.92
2013-07-24,6286,117.54
2013-07-25,6286,117.54
2013-07-26,6286,117.08
2013-07-29,6286,113.85
2013-07-30,6286,114.77
2013-07-31,6286,112.47
2013-07-01,6287,22.68
2013-07-02,6287,22.91
2013-07-03,6287,22.68
2013-07-04,6287,22.68
2013-07-05,6287,22.31
2013-07-08,6287,22.68
2013-07-09,6287,23.29
2013-07-10,6287,23.44
2013-07-11,6287,23.36
2013-07-12,6287,22.46
2013-07-15,6287,20.94
2013-07-16,6287,21.4
2013-07-17,6287,21.85
2013-07-18,6287,20.94
2013-07-19,6287,20.94
2013-07-22,6287,21.25
2013-07-23,6287,22.68
2013-07-24,6287,21.47
2013-07-25,6287,22.07
2013-07-26,6287,20.8
2013-07-29,6287,19.73
2013-07-30,6287,20.8
2013-07-31,6287,21.55
2013-07-01,6288,6.7
2013-07-02,6288,6.74
2013-07-03,6288,7.07
2013-07-04,6288,7.06
2013-07-05,6288,6.88
2013-07-08,6288,6.88
2013-07-11,6288,6.63
2013-07-12,6288,6.55
2013-07-15,6288,6.55
2013-07-16,6288,6.46
2013-07-17,6288,6.37
2013-07-18,6288,6.2
2013-07-22,6288,6.12
2013-07-24,6288,6.03
2013-07-25,6288,5.77
2013-07-26,6288,5.86
2013-07-29,6288,5.94
2013-07-30,6288,6.22
2013-07-31,6288,6.43
2013-07-01,6289,28.63
2013-07-02,6289,29.17
2013-07-03,6289,29.5
2013-07-04,6289,28.9
2013-07-05,6289,28.5
2013-07-08,6289,27.77
2013-07-09,6289,27.77
2013-07-10,6289,27.63
2013-07-11,6289,27.5
2013-07-12,6289,27.57
2013-07-15,6289,27.5
2013-07-16,6289,27.63
2013-07-17,6289,27.63
2013-07-18,6289,27.03
2013-07-19,6289,26.7
2013-07-22,6289,26.84
2013-07-23,6289,26.7
2013-07-24,6289,27.3
2013-07-25,6289,27.37
2013-07-26,6289,27.17
2013-07-29,6289,26.64
2013-07-30,6289,26.9
2013-07-31,6289,26.57
2013-07-01,6290,13.77
2013-07-02,6290,13.69
2013-07-03,6290,13.67
2013-07-04,6290,13.45
2013-07-05,6290,13.5
2013-07-08,6290,13.53
2013-07-09,6290,13.56
2013-07-10,6290,13.56
2013-07-11,6290,13.61
2013-07-12,6290,13.69
2013-07-15,6290,13.8
2013-07-16,6290,13.96
2013-07-17,6290,14.13
2013-07-18,6290,13.96
2013-07-19,6290,13.99
2013-07-22,6290,14.05
2013-07-23,6290,14.11
2013-07-24,6290,13.99
2013-07-25,6290,14.02
2013-07-26,6290,14.11
2013-07-29,6290,13.87
2013-07-30,6290,13.81
2013-07-31,6290,13.57
2013-07-01,6291,31.93
2013-07-02,6291,32.96
2013-07-03,6291,32.57
2013-07-04,6291,33.6
2013-07-05,6291,32.96
2013-07-08,6291,32.96
2013-07-09,6291,32.96
2013-07-10,6291,32.96
2013-07-11,6291,33.6
2013-07-12,6291,33.35
2013-07-15,6291,34.25
2013-07-16,6291,34.63
2013-07-17,6291,35.93
2013-07-18,6291,35.93
2013-07-19,6291,35.8
2013-07-22,6291,35.28
2013-07-23,6291,32.96
2013-07-24,6291,33.6
2013-07-25,6291,32.18
2013-07-26,6291,32.96
2013-07-29,6291,30.89
2013-07-30,6291,29.08
2013-07-31,6291,29.21
2013-07-01,6292,9.99
2013-07-02,6292,10.04
2013-07-03,6292,9.97
2013-07-04,6292,9.96
2013-07-05,6292,10.08
2013-07-08,6292,10.68
2013-07-09,6292,10.03
2013-07-10,6292,9.66
2013-07-11,6292,9.67
2013-07-12,6292,9.78
2013-07-15,6292,9.85
2013-07-16,6292,9.87
2013-07-17,6292,9.92
2013-07-18,6292,9.87
2013-07-19,6292,9.83
2013-07-22,6292,9.85
2013-07-23,6292,9.85
2013-07-24,6292,9.92
2013-07-25,6292,9.92
2013-07-26,6292,9.92
2013-07-29,6292,9.92
2013-07-30,6292,10.2
2013-07-31,6292,9.96
2013-07-01,6294,16.68
2013-07-02,6294,15.87
2013-07-03,6294,15.84
2013-07-04,6294,14.98
2013-07-05,6294,15.12
2013-07-08,6294,14.91
2013-07-09,6294,14.73
2013-07-10,6294,14.47
2013-07-11,6294,14.33
2013-07-12,6294,14.45
2013-07-15,6294,14.73
2013-07-16,6294,14.77
2013-07-17,6294,14.59
2013-07-18,6294,14.41
2013-07-19,6294,14.24
2013-07-22,6294,13.96
2013-07-23,6294,14.03
2013-07-24,6294,13.85
2013-07-25,6294,14.03
2013-07-26,6294,14.03
2013-07-29,6294,13.98
2013-07-31,6294,13.91
2013-07-01,6405,60.38
2013-07-02,6405,60.73
2013-07-03,6405,60.87
2013-07-04,6405,60.82
2013-07-05,6405,60.87
2013-07-08,6405,60.92
2013-07-09,6405,60.18
2013-07-10,6405,58.28
2013-07-11,6405,58.14
2013-07-12,6405,57.86
2013-07-15,6405,57.2
2013-07-16,6405,55.97
2013-07-17,6405,55.62
2013-07-18,6405,55.27
2013-07-19,6405,53.88
2013-07-22,6405,51.08
2013-07-23,6405,53.6
2013-07-24,6405,57.54
2013-07-25,6405,58.49
2013-07-26,6405,58.79
2013-07-29,6405,57.79
2013-07-30,6405,58.12
2013-07-31,6405,57.18
2013-07-01,6409,69.14
2013-07-02,6409,69.14
2013-07-04,6409,68.56
2013-07-05,6409,67.4
2013-07-08,6409,67.4
2013-07-09,6409,67.05
2013-07-10,6409,66.24
2013-07-11,6409,67.11
2013-07-12,6409,66.88
2013-07-15,6409,67.4
2013-07-16,6409,69.73
2013-07-17,6409,71.46
2013-07-18,6409,70.59
2013-07-19,6409,70.59
2013-07-22,6409,70.31
2013-07-23,6409,70.31
2013-07-24,6409,69.89
2013-07-25,6409,69.2
2013-07-26,6409,73.79
2013-07-29,6409,77.67
2013-07-30,6409,80.76
2013-07-31,6409,79.31
2013-07-04,6411,19.34
2013-07-05,6411,19.5
2013-07-08,6411,19.03
2013-07-09,6411,19.34
2013-07-10,6411,19.23
2013-07-11,6411,19.02
2013-07-12,6411,17.48
2013-07-15,6411,16.64
2013-07-16,6411,16.42
2013-07-17,6411,16.96
2013-07-18,6411,17.22
2013-07-19,6411,17.22
2013-07-22,6411,17.27
2013-07-23,6411,18.54
2013-07-25,6411,19.66
2013-07-26,6411,20.34
2013-07-29,6411,19.87
2013-07-30,6411,19.87
2013-07-31,6411,19.97
2013-07-01,6412,21.2
2013-07-02,6412,21.35
2013-07-03,6412,21.35
2013-07-04,6412,20.84
2013-07-05,6412,20.99
2013-07-08,6412,21.02
2013-07-09,6412,20.99
2013-07-10,6412,21.1
2013-07-11,6412,20.99
2013-07-12,6412,21.1
2013-07-15,6412,21.1
2013-07-16,6412,21.1
2013-07-17,6412,21.1
2013-07-18,6412,21.25
2013-07-19,6412,21.1
2013-07-22,6412,21.46
2013-07-23,6412,21.3
2013-07-24,6412,21.2
2013-07-25,6412,21.23
2013-07-26,6412,21.43
2013-07-29,6412,21.3
2013-07-30,6412,21.71
2013-07-31,6412,21.53
2013-07-01,6414,54.67
2013-07-02,6414,55.16
2013-07-03,6414,52.24
2013-07-04,6414,52.57
2013-07-05,6414,53.22
2013-07-08,6414,53.88
2013-07-09,6414,54.53
2013-07-10,6414,53.23
2013-07-11,6414,53.29
2013-07-12,6414,53.55
2013-07-15,6414,53.23
2013-07-16,6414,53.24
2013-07-17,6414,53.78
2013-07-18,6414,54.87
2013-07-19,6414,55.52
2013-07-22,6414,59.8
2013-07-23,6414,59.14
2013-07-24,6414,58.81
2013-07-25,6414,58.94
2013-07-26,6414,62.42
2013-07-29,6414,70.31
2013-07-30,6414,73.27
2013-07-31,6414,70.31
2013-07-01,6416,30.0
2013-07-02,6416,29.8
2013-07-05,6416,29.64
2013-07-09,6416,29.48
2013-07-10,6416,30.13
2013-07-11,6416,29.72
2013-07-15,6416,29.72
2013-07-16,6416,29.72
2013-07-17,6416,29.77
2013-07-18,6416,29.73
2013-07-19,6416,29.73
2013-07-22,6416,29.73
2013-07-23,6416,30.42
2013-07-24,6416,30.13
2013-07-25,6416,30.05
2013-07-26,6416,30.29
2013-07-29,6416,30.7
2013-07-30,6416,31.45
2013-07-31,6416,33.38
2013-07-02,6417,20.0
2013-07-03,6417,20.1
2013-07-09,6417,19.87
2013-07-10,6417,19.87
2013-07-11,6417,19.87
2013-07-12,6417,19.87
2013-07-15,6417,19.47
2013-07-16,6417,18.73
2013-07-17,6417,19.09
2013-07-19,6417,19.08
2013-07-24,6417,19.15
2013-07-26,6417,18.68
2013-07-30,6417,18.68
2013-07-31,6417,18.99
2013-07-08,6418,19.75
2013-07-12,6418,20.34
2013-07-15,6418,20.07
2013-07-19,6418,20.07
2013-07-22,6418,18.34
2013-07-23,6418,18.34
2013-07-25,6418,18.93
2013-07-31,6418,18.34
2013-07-01,6419,228.43
2013-07-02,6419,227.55
2013-07-03,6419,228.97
2013-07-04,6419,228.43
2013-07-05,6419,229.85
2013-07-08,6419,236.43
2013-07-09,6419,248.88
2013-07-10,6419,250.85
2013-07-11,6419,253.61
2013-07-12,6419,258.66
2013-07-15,6419,260.43
2013-07-16,6419,261.32
2013-07-17,6419,259.54
2013-07-18,6419,258.48
2013-07-19,6419,263.97
2013-07-22,6419,254.21
2013-07-23,6419,245.3
2013-07-24,6419,243.54
2013-07-25,6419,250.65
2013-07-26,6419,256.7
2013-07-30,6419,254.74
2013-07-31,6419,254.65
2013-07-01,6504,93.51
2013-07-02,6504,93.88
2013-07-03,6504,100.16
2013-07-04,6504,106.81
2013-07-05,6504,104.97
2013-07-08,6504,107.92
2013-07-09,6504,106.45
2013-07-10,6504,108.66
2013-07-11,6504,116.05
2013-07-12,6504,123.82
2013-07-15,6504,123.82
2013-07-16,6504,127.51
2013-07-17,6504,136.38
2013-07-18,6504,130.1
2013-07-19,6504,129.36
2013-07-22,6504,135.27
2013-07-23,6504,132.32
2013-07-24,6504,127.51
2013-07-25,6504,123.82
2013-07-26,6504,119.75
2013-07-29,6504,124.19
2013-07-30,6504,121.97
2013-07-31,6504,118.27
2013-07-01,6505,51.25
2013-07-02,6505,51.01
2013-07-03,6505,49.58
2013-07-04,6505,50.33
2013-07-05,6505,50.4
2013-07-08,6505,49.51
2013-07-09,6505,50.6
2013-07-10,6505,50.47
2013-07-11,6505,53.68
2013-07-12,6505,54.5
2013-07-15,6505,54.3
2013-07-16,6505,54.57
2013-07-17,6505,55.32
2013-07-18,6505,55.46
2013-07-19,6505,55.53
2013-07-22,6505,55.39
2013-07-23,6505,55.25
2013-07-24,6505,54.71
2013-07-25,6505,53.61
2013-07-26,6505,54.91
2013-07-29,6505,54.23
2013-07-30,6505,54.64
2013-07-31,6505,53.41
2013-07-01,6506,5.67
2013-07-02,6506,5.67
2013-07-03,6506,5.65
2013-07-04,6506,5.55
2013-07-05,6506,5.57
2013-07-08,6506,5.57
2013-07-09,6506,5.65
2013-07-10,6506,5.6
2013-07-11,6506,5.65
2013-07-12,6506,5.65
2013-07-15,6506,5.67
2013-07-16,6506,5.7
2013-07-17,6506,5.67
2013-07-18,6506,5.62
2013-07-19,6506,5.62
2013-07-22,6506,5.62
2013-07-23,6506,5.65
2013-07-24,6506,5.67
2013-07-25,6506,5.67
2013-07-26,6506,5.75
2013-07-29,6506,5.67
2013-07-30,6506,5.7
2013-07-31,6506,5.67
2013-07-01,6508,13.01
2013-07-02,6508,13.01
2013-07-03,6508,13.01
2013-07-04,6508,12.88
2013-07-05,6508,12.88
2013-07-08,6508,12.88
2013-07-09,6508,12.88
2013-07-10,6508,12.97
2013-07-11,6508,12.9
2013-07-12,6508,12.97
2013-07-15,6508,13.13
2013-07-16,6508,13.43
2013-07-17,6508,13.34
2013-07-18,6508,13.38
2013-07-19,6508,13.29
2013-07-22,6508,13.38
2013-07-23,6508,13.31
2013-07-24,6508,13.29
2013-07-25,6508,13.31
2013-07-26,6508,13.34
2013-07-29,6508,13.22
2013-07-30,6508,13.31
2013-07-31,6508,13.31
2013-07-01,6509,13.34
2013-07-02,6509,13.08
2013-07-03,6509,13.08
2013-07-04,6509,13.05
2013-07-05,6509,13.05
2013-07-08,6509,12.78
2013-07-09,6509,12.93
2013-07-10,6509,12.71
2013-07-11,6509,12.82
2013-07-12,6509,13.01
2013-07-15,6509,13.91
2013-07-16,6509,13.94
2013-07-17,6509,13.68
2013-07-18,6509,13.76
2013-07-19,6509,13.72
2013-07-22,6509,14.09
2013-07-23,6509,13.94
2013-07-24,6509,13.94
2013-07-25,6509,13.76
2013-07-26,6509,13.64
2013-07-29,6509,13.64
2013-07-30,6509,13.83
2013-07-31,6509,13.53
2013-07-01,6603,8.65
2013-07-02,6603,8.58
2013-07-03,6603,8.52
2013-07-04,6603,8.78
2013-07-05,6603,8.81
2013-07-08,6603,8.78
2013-07-09,6603,8.71
2013-07-10,6603,8.81
2013-07-11,6603,8.75
2013-07-12,6603,8.97
2013-07-15,6603,8.94
2013-07-16,6603,8.87
2013-07-17,6603,8.94
2013-07-18,6603,9.13
2013-07-19,6603,9.2
2013-07-22,6603,9.1
2013-07-23,6603,9.1
2013-07-24,6603,9.13
2013-07-25,6603,9.16
2013-07-26,6603,9.07
2013-07-29,6603,8.94
2013-07-30,6603,8.91
2013-07-31,6603,8.84
2013-07-01,6605,52.73
2013-07-02,6605,53.59
2013-07-03,6605,54.13
2013-07-04,6605,54.86
2013-07-05,6605,55.46
2013-07-08,6605,55.26
2013-07-09,6605,56.06
2013-07-10,6605,55.93
2013-07-11,6605,56.13
2013-07-12,6605,58.66
2013-07-15,6605,58.46
2013-07-16,6605,57.59
2013-07-17,6605,60.59
2013-07-18,6605,59.99
2013-07-19,6605,58.99
2013-07-22,6605,60.33
2013-07-23,6605,60.06
2013-07-24,6605,60.46
2013-07-25,6605,61.39
2013-07-26,6605,61.06
2013-07-29,6605,61.06
2013-07-30,6605,61.06
2013-07-31,6605,61.33
2013-07-01,6609,11.02
2013-07-02,6609,11.11
2013-07-03,6609,10.84
2013-07-04,6609,10.78
2013-07-05,6609,10.78
2013-07-08,6609,10.72
2013-07-09,6609,10.75
2013-07-10,6609,10.81
2013-07-11,6609,10.87
2013-07-12,6609,10.81
2013-07-15,6609,10.84
2013-07-16,6609,10.87
2013-07-17,6609,10.99
2013-07-18,6609,10.93
2013-07-19,6609,10.87
2013-07-22,6609,11.17
2013-07-23,6609,11.32
2013-07-24,6609,11.32
2013-07-25,6609,11.38
2013-07-26,6609,11.35
2013-07-29,6609,11.35
2013-07-30,6609,11.26
2013-07-31,6609,11.29
2013-07-01,6702,13.49
2013-07-02,6702,13.44
2013-07-03,6702,13.39
2013-07-04,6702,13.29
2013-07-05,6702,13.39
2013-07-08,6702,13.34
2013-07-09,6702,13.29
2013-07-10,6702,13.29
2013-07-11,6702,13.34
2013-07-12,6702,13.39
2013-07-15,6702,13.34
2013-07-16,6702,13.29
2013-07-17,6702,13.29
2013-07-18,6702,13.24
2013-07-19,6702,13.09
2013-07-22,6702,12.79
2013-07-23,6702,12.89
2013-07-24,6702,12.84
2013-07-25,6702,12.99
2013-07-26,6702,13.09
2013-07-29,6702,12.94
2013-07-30,6702,12.94
2013-07-31,6702,12.94
2013-07-01,6803,88.37
2013-07-02,6803,89.44
2013-07-03,6803,88.91
2013-07-04,6803,88.91
2013-07-05,6803,89.44
2013-07-08,6803,89.71
2013-07-09,6803,89.98
2013-07-10,6803,89.98
2013-07-11,6803,92.12
2013-07-12,6803,91.32
2013-07-15,6803,90.25
2013-07-16,6803,91.59
2013-07-17,6803,90.78
2013-07-18,6803,91.05
2013-07-19,6803,90.78
2013-07-22,6803,93.46
2013-07-23,6803,95.07
2013-07-24,6803,94.23
2013-07-25,6803,93.1
2013-07-26,6803,92.82
2013-07-29,6803,92.54
2013-07-30,6803,93.95
2013-07-31,6803,93.66
2013-07-09,708785,0.51
2013-07-10,708785,0.55
2013-07-11,708785,0.62
2013-07-12,708785,0.62
2013-07-15,708785,0.69
2013-07-16,708785,0.64
2013-07-17,708785,0.69
2013-07-18,708785,0.67
2013-07-22,708785,0.58
2013-07-23,708785,0.56
2013-07-24,708785,0.6
2013-07-25,708785,0.64
2013-07-01,8008,32.75
2013-07-02,8008,32.75
2013-07-03,8008,32.75
2013-07-04,8008,32.75
2013-07-05,8008,32.75
2013-07-08,8008,32.7
2013-07-09,8008,32.75
2013-07-10,8008,32.4
2013-07-11,8008,32.75
2013-07-01,8011,27.76
2013-07-02,8011,28.61
2013-07-03,8011,28.37
2013-07-04,8011,27.72
2013-07-05,8011,27.8
2013-07-08,8011,28.16
2013-07-09,8011,27.96
2013-07-10,8011,27.88
2013-07-11,8011,27.88
2013-07-12,8011,28.65
2013-07-15,8011,30.43
2013-07-16,8011,30.47
2013-07-17,8011,29.99
2013-07-18,8011,30.23
2013-07-19,8011,29.99
2013-07-22,8011,30.92
2013-07-23,8011,31.12
2013-07-24,8011,30.8
2013-07-25,8011,30.23
2013-07-26,8011,30.23
2013-07-29,8011,31.12
2013-07-30,8011,31.61
2013-07-31,8011,31.29
2013-07-01,8016,17.15
2013-07-02,8016,16.99
2013-07-03,8016,16.8
2013-07-04,8016,16.64
2013-07-05,8016,16.78
2013-07-08,8016,16.78
2013-07-09,8016,16.69
2013-07-10,8016,16.71
2013-07-11,8016,16.64
2013-07-12,8016,17.2
2013-07-15,8016,17.06
2013-07-16,8016,16.97
2013-07-17,8016,17.01
2013-07-18,8016,16.87
2013-07-19,8016,16.62
2013-07-22,8016,16.38
2013-07-23,8016,16.41
2013-07-24,8016,16.52
2013-07-25,8016,16.71
2013-07-26,8016,16.57
2013-07-29,8016,16.38
2013-07-30,8016,16.5
2013-07-31,8016,16.32
2013-07-01,8021,10.59
2013-07-02,8021,10.42
2013-07-03,8021,10.36
2013-07-04,8021,10.3
2013-07-05,8021,10.47
2013-07-08,8021,10.51
2013-07-09,8021,10.63
2013-07-10,8021,10.56
2013-07-11,8021,10.63
2013-07-12,8021,10.74
2013-07-15,8021,10.74
2013-07-16,8021,10.83
2013-07-17,8021,10.83
2013-07-18,8021,10.8
2013-07-19,8021,10.63
2013-07-22,8021,10.71
2013-07-23,8021,10.77
2013-07-24,8021,10.86
2013-07-25,8021,10.86
2013-07-26,8021,10.89
2013-07-29,8021,10.94
2013-07-30,8021,11.1
2013-07-31,8021,10.98
2013-07-01,8024,9.33
2013-07-02,8024,9.29
2013-07-03,8024,9.2
2013-07-04,8024,9.1
2013-07-05,8024,9.23
2013-07-08,8024,9.09
2013-07-09,8024,8.95
2013-07-10,8024,8.88
2013-07-11,8024,8.84
2013-07-12,8024,8.74
2013-07-15,8024,8.67
2013-07-16,8024,8.81
2013-07-17,8024,8.81
2013-07-18,8024,8.84
2013-07-19,8024,8.81
2013-07-22,8024,8.98
2013-07-23,8024,9.02
2013-07-24,8024,9.02
2013-07-25,8024,9.05
2013-07-26,8024,9.12
2013-07-29,8024,8.95
2013-07-30,8024,8.98
2013-07-31,8024,8.91
2013-07-01,8032,14.68
2013-07-02,8032,15.23
2013-07-03,8032,14.7
2013-07-04,8032,14.55
2013-07-05,8032,14.8
2013-07-08,8032,14.78
2013-07-09,8032,14.73
2013-07-10,8032,14.8
2013-07-11,8032,14.68
2013-07-12,8032,14.68
2013-07-15,8032,14.55
2013-07-16,8032,14.85
2013-07-17,8032,14.85
2013-07-18,8032,14.73
2013-07-19,8032,14.78
2013-07-22,8032,15.04
2013-07-23,8032,15.1
2013-07-24,8032,15.07
2013-07-25,8032,14.7
2013-07-26,8032,14.94
2013-07-29,8032,14.7
2013-07-30,8032,14.78
2013-07-31,8032,14.8
2013-07-01,8033,11.49
2013-07-02,8033,11.54
2013-07-03,8033,11.02
2013-07-04,8033,10.97
2013-07-05,8033,11.07
2013-07-08,8033,11.18
2013-07-09,8033,11.02
2013-07-10,8033,11.13
2013-07-11,8033,11.13
2013-07-12,8033,11.9
2013-07-15,8033,11.59
2013-07-16,8033,11.49
2013-07-17,8033,11.38
2013-07-18,8033,11.18
2013-07-19,8033,11.33
2013-07-22,8033,11.33
2013-07-23,8033,11.49
2013-07-24,8033,11.33
2013-07-25,8033,11.18
2013-07-26,8033,11.18
2013-07-29,8033,11.07
2013-07-30,8033,11.18
2013-07-31,8033,10.92
2013-07-01,8034,5.37
2013-07-02,8034,5.3
2013-07-03,8034,5.32
2013-07-04,8034,5.38
2013-07-05,8034,5.41
2013-07-08,8034,5.52
2013-07-09,8034,5.54
2013-07-10,8034,5.93
2013-07-11,8034,6.34
2013-07-12,8034,6.76
2013-07-15,8034,6.53
2013-07-16,8034,6.45
2013-07-17,8034,6.46
2013-07-18,8034,6.3
2013-07-19,8034,6.29
2013-07-22,8034,6.33
2013-07-23,8034,6.65
2013-07-24,8034,6.63
2013-07-25,8034,6.67
2013-07-26,8034,6.95
2013-07-29,8034,6.82
2013-07-30,8034,6.81
2013-07-31,8034,6.65
2013-07-01,8038,50.15
2013-07-02,8038,48.98
2013-07-03,8038,49.16
2013-07-04,8038,49.15
2013-07-05,8038,50.45
2013-07-08,8038,49.81
2013-07-09,8038,49.96
2013-07-10,8038,51.22
2013-07-11,8038,53.29
2013-07-12,8038,59.28
2013-07-15,8038,60.73
2013-07-16,8038,60.83
2013-07-17,8038,59.75
2013-07-18,8038,60.15
2013-07-19,8038,57.81
2013-07-22,8038,58.77
2013-07-23,8038,60.06
2013-07-24,8038,60.91
2013-07-25,8038,63.24
2013-07-26,8038,63.67
2013-07-29,8038,61.22
2013-07-30,8038,62.2
2013-07-31,8038,61.96
2013-07-01,8039,20.96
2013-07-02,8039,20.75
2013-07-03,8039,20.13
2013-07-04,8039,20.06
2013-07-05,8039,20.31
2013-07-08,8039,20.93
2013-07-09,8039,20.75
2013-07-10,8039,20.52
2013-07-11,8039,20.7
2013-07-12,8039,20.49
2013-07-15,8039,21.01
2013-07-16,8039,21.6
2013-07-17,8039,21.6
2013-07-18,8039,21.6
2013-07-19,8039,21.6
2013-07-22,8039,21.78
2013-07-23,8039,21.8
2013-07-24,8039,22.58
2013-07-25,8039,22.37
2013-07-26,8039,21.83
2013-07-29,8039,21.57
2013-07-30,8039,21.91
2013-07-31,8039,22.16
2013-07-01,8040,9.77
2013-07-02,8040,9.72
2013-07-03,8040,9.69
2013-07-04,8040,9.39
2013-07-05,8040,9.52
2013-07-08,8040,9.36
2013-07-09,8040,9.35
2013-07-10,8040,9.42
2013-07-11,8040,9.44
2013-07-12,8040,9.38
2013-07-15,8040,9.44
2013-07-16,8040,9.5
2013-07-17,8040,10.16
2013-07-18,8040,10.32
2013-07-19,8040,10.12
2013-07-22,8040,10.18
2013-07-23,8040,10.09
2013-07-24,8040,10.07
2013-07-25,8040,10.07
2013-07-26,8040,9.94
2013-07-29,8040,9.77
2013-07-30,8040,10.09
2013-07-31,8040,9.72
2013-07-01,8042,21.56
2013-07-02,8042,21.64
2013-07-03,8042,21.61
2013-07-04,8042,21.43
2013-07-05,8042,21.43
2013-07-08,8042,21.64
2013-07-09,8042,21.69
2013-07-10,8042,21.81
2013-07-11,8042,21.71
2013-07-12,8042,21.74
2013-07-15,8042,22.07
2013-07-16,8042,21.97
2013-07-17,8042,22.07
2013-07-18,8042,22.02
2013-07-19,8042,21.86
2013-07-22,8042,22.14
2013-07-23,8042,22.3
2013-07-24,8042,22.25
2013-07-25,8042,22.19
2013-07-26,8042,22.14
2013-07-29,8042,21.92
2013-07-30,8042,21.92
2013-07-31,8042,22.36
2013-07-01,8043,11.88
2013-07-02,8043,11.88
2013-07-03,8043,11.81
2013-07-04,8043,11.81
2013-07-05,8043,11.88
2013-07-08,8043,11.81
2013-07-09,8043,11.88
2013-07-10,8043,11.43
2013-07-11,8043,11.4
2013-07-12,8043,11.53
2013-07-15,8043,11.6
2013-07-16,8043,11.63
2013-07-17,8043,11.47
2013-07-18,8043,11.5
2013-07-19,8043,11.47
2013-07-22,8043,11.4
2013-07-23,8043,11.6
2013-07-24,8043,11.67
2013-07-25,8043,11.67
2013-07-26,8043,11.67
2013-07-29,8043,11.63
2013-07-30,8043,11.6
2013-07-31,8043,11.63
2013-07-01,8044,109.77
2013-07-02,8044,107.04
2013-07-03,8044,105.34
2013-07-04,8044,100.9
2013-07-05,8044,100.9
2013-07-08,8044,101.25
2013-07-09,8044,101.93
2013-07-10,8044,100.9
2013-07-11,8044,103.97
2013-07-12,8044,103.63
2013-07-15,8044,104.32
2013-07-16,8044,106.41
2013-07-17,8044,104.32
2013-07-18,8044,99.45
2013-07-19,8044,97.37
2013-07-22,8044,102.93
2013-07-23,8044,105.71
2013-07-24,8044,113.01
2013-07-25,8044,108.49
2013-07-26,8044,108.15
2013-07-29,8044,115.45
2013-07-30,8044,114.4
2013-07-31,8044,118.93
2013-07-01,8046,30.06
2013-07-02,8046,32.16
2013-07-03,8046,32.72
2013-07-04,8046,31.97
2013-07-05,8046,32.39
2013-07-08,8046,32.54
2013-07-09,8046,32.01
2013-07-10,8046,30.81
2013-07-11,8046,30.43
2013-07-12,8046,31.07
2013-07-15,8046,31.03
2013-07-16,8046,31.03
2013-07-17,8046,30.58
2013-07-18,8046,29.83
2013-07-19,8046,28.7
2013-07-22,8046,29.49
2013-07-23,8046,29.57
2013-07-24,8046,29.15
2013-07-25,8046,29.19
2013-07-26,8046,29.83
2013-07-29,8046,29.04
2013-07-30,8046,29.08
2013-07-31,8046,28.18
2013-07-01,8047,9.86
2013-07-02,8047,9.73
2013-07-03,8047,9.65
2013-07-04,8047,9.65
2013-07-05,8047,9.65
2013-07-08,8047,9.56
2013-07-09,8047,9.65
2013-07-10,8047,9.56
2013-07-11,8047,9.56
2013-07-12,8047,9.56
2013-07-15,8047,9.69
2013-07-16,8047,9.65
2013-07-17,8047,9.52
2013-07-18,8047,9.52
2013-07-19,8047,9.52
2013-07-22,8047,9.3
2013-07-23,8047,9.3
2013-07-24,8047,9.52
2013-07-25,8047,9.34
2013-07-26,8047,9.39
2013-07-30,8047,9.39
2013-07-31,8047,9.47
2013-07-01,8048,5.73
2013-07-02,8048,5.76
2013-07-03,8048,5.71
2013-07-04,8048,5.76
2013-07-05,8048,5.8
2013-07-08,8048,5.8
2013-07-09,8048,5.86
2013-07-10,8048,5.88
2013-07-11,8048,6.29
2013-07-12,8048,6.4
2013-07-15,8048,6.52
2013-07-16,8048,6.72
2013-07-17,8048,6.61
2013-07-18,8048,6.44
2013-07-19,8048,6.57
2013-07-22,8048,6.57
2013-07-23,8048,6.42
2013-07-24,8048,6.4
2013-07-25,8048,6.48
2013-07-26,8048,6.91
2013-07-29,8048,7.38
2013-07-30,8048,7.38
2013-07-31,8048,7.38
2013-07-01,8049,4.07
2013-07-02,8049,3.91
2013-07-03,8049,3.94
2013-07-04,8049,3.85
2013-07-05,8049,3.8
2013-07-08,8049,3.7
2013-07-09,8049,3.96
2013-07-10,8049,3.86
2013-07-11,8049,3.86
2013-07-12,8049,3.85
2013-07-15,8049,3.87
2013-07-16,8049,4.09
2013-07-17,8049,4.09
2013-07-18,8049,3.89
2013-07-19,8049,3.84
2013-07-22,8049,3.87
2013-07-23,8049,3.85
2013-07-24,8049,3.88
2013-07-25,8049,3.75
2013-07-26,8049,3.77
2013-07-29,8049,3.69
2013-07-30,8049,3.74
2013-07-31,8049,3.61
2013-07-01,8050,14.74
2013-07-02,8050,14.92
2013-07-03,8050,14.78
2013-07-04,8050,14.82
2013-07-05,8050,14.8
2013-07-08,8050,14.84
2013-07-09,8050,14.82
2013-07-10,8050,14.84
2013-07-11,8050,14.8
2013-07-12,8050,15.14
2013-07-15,8050,15.63
2013-07-16,8050,15.79
2013-07-17,8050,15.75
2013-07-18,8050,15.63
2013-07-19,8050,15.63
2013-07-22,8050,15.52
2013-07-23,8050,15.63
2013-07-24,8050,15.6
2013-07-25,8050,15.58
2013-07-26,8050,15.56
2013-07-29,8050,15.33
2013-07-30,8050,15.45
2013-07-31,8050,15.29
2013-07-01,8054,20.38
2013-07-02,8054,20.32
2013-07-03,8054,20.16
2013-07-04,8054,19.87
2013-07-05,8054,19.94
2013-07-08,8054,19.91
2013-07-09,8054,20.19
2013-07-10,8054,19.75
2013-07-11,8054,19.81
2013-07-12,8054,19.49
2013-07-15,8054,19.49
2013-07-16,8054,19.56
2013-07-17,8054,19.43
2013-07-18,8054,19.49
2013-07-19,8054,19.43
2013-07-22,8054,19.34
2013-07-23,8054,19.18
2013-07-24,8054,19.3
2013-07-25,8054,19.37
2013-07-26,8054,19.53
2013-07-29,8054,19.05
2013-07-30,8054,18.95
2013-07-31,8054,18.26
2013-07-01,8059,8.17
2013-07-02,8059,8.12
2013-07-03,8059,7.82
2013-07-04,8059,7.81
2013-07-05,8059,7.99
2013-07-08,8059,7.76
2013-07-09,8059,7.75
2013-07-10,8059,7.76
2013-07-11,8059,7.75
2013-07-12,8059,7.84
2013-07-15,8059,7.65
2013-07-16,8059,7.62
2013-07-17,8059,7.58
2013-07-18,8059,7.49
2013-07-19,8059,7.39
2013-07-22,8059,7.4
2013-07-23,8059,7.36
2013-07-24,8059,7.42
2013-07-25,8059,7.42
2013-07-26,8059,7.43
2013-07-29,8059,7.49
2013-07-30,8059,7.58
2013-07-31,8059,7.41
2013-07-01,8064,6.71
2013-07-02,8064,7.09
2013-07-03,8064,7.06
2013-07-04,8064,6.8
2013-07-05,8064,6.94
2013-07-08,8064,6.83
2013-07-09,8064,6.8
2013-07-10,8064,6.57
2013-07-11,8064,6.68
2013-07-12,8064,6.68
2013-07-15,8064,6.97
2013-07-16,8064,7.44
2013-07-17,8064,7.2
2013-07-18,8064,7.12
2013-07-19,8064,7.0
2013-07-22,8064,7.47
2013-07-23,8064,7.73
2013-07-24,8064,7.55
2013-07-25,8064,7.64
2013-07-26,8064,7.61
2013-07-29,8064,7.44
2013-07-30,8064,7.61
2013-07-31,8064,7.09
2013-07-09,8066,9.41
2013-07-10,8066,8.98
2013-07-15,8066,8.56
2013-07-16,8066,8.56
2013-07-01,8067,18.64
2013-07-02,8067,18.04
2013-07-03,8067,18.12
2013-07-04,8067,18.02
2013-07-05,8067,18.12
2013-07-08,8067,17.73
2013-07-09,8067,18.35
2013-07-10,8067,17.73
2013-07-11,8067,18.59
2013-07-12,8067,18.56
2013-07-15,8067,18.56
2013-07-16,8067,18.38
2013-07-17,8067,17.86
2013-07-18,8067,18.27
2013-07-19,8067,17.86
2013-07-22,8067,18.15
2013-07-23,8067,17.47
2013-07-24,8067,18.25
2013-07-25,8067,17.58
2013-07-26,8067,18.25
2013-07-29,8067,18.61
2013-07-30,8067,18.61
2013-07-31,8067,18.59
2013-07-01,8068,7.34
2013-07-02,8068,7.56
2013-07-03,8068,7.11
2013-07-04,8068,7.35
2013-07-05,8068,7.04
2013-07-08,8068,6.79
2013-07-09,8068,6.65
2013-07-10,8068,7.06
2013-07-11,8068,7.23
2013-07-15,8068,7.37
2013-07-16,8068,7.1
2013-07-17,8068,6.7
2013-07-18,8068,6.7
2013-07-19,8068,6.42
2013-07-22,8068,6.66
2013-07-23,8068,6.44
2013-07-24,8068,6.44
2013-07-26,8068,6.41
2013-07-29,8068,6.44
2013-07-30,8068,6.56
2013-07-31,8068,6.37
2013-07-01,8069,13.31
2013-07-02,8069,12.82
2013-07-03,8069,12.56
2013-07-04,8069,12.07
2013-07-05,8069,12.15
2013-07-08,8069,12.19
2013-07-09,8069,12.49
2013-07-10,8069,12.97
2013-07-11,8069,13.83
2013-07-12,8069,13.53
2013-07-15,8069,13.79
2013-07-16,8069,13.98
2013-07-17,8069,13.49
2013-07-18,8069,13.08
2013-07-19,8069,12.41
2013-07-22,8069,12.78
2013-07-23,8069,12.78
2013-07-24,8069,12.93
2013-07-25,8069,12.82
2013-07-26,8069,12.93
2013-07-29,8069,12.78
2013-07-30,8069,12.86
2013-07-31,8069,12.71
2013-07-01,8070,52.28
2013-07-02,8070,50.26
2013-07-03,8070,50.26
2013-07-04,8070,50.06
2013-07-05,8070,50.51
2013-07-08,8070,49.96
2013-07-09,8070,50.11
2013-07-10,8070,49.55
2013-07-11,8070,50.01
2013-07-12,8070,50.36
2013-07-15,8070,50.36
2013-07-16,8070,50.31
2013-07-17,8070,49.86
2013-07-18,8070,49.91
2013-07-19,8070,48.44
2013-07-22,8070,46.07
2013-07-23,8070,47.23
2013-07-24,8070,46.02
2013-07-25,8070,45.97
2013-07-26,8070,47.08
2013-07-29,8070,46.81
2013-07-30,8070,47.14
2013-07-31,8070,46.55
2013-07-01,8071,15.6
2013-07-02,8071,15.64
2013-07-03,8071,15.57
2013-07-04,8071,15.15
2013-07-05,8071,15.18
2013-07-08,8071,15.07
2013-07-09,8071,14.76
2013-07-10,8071,15.0
2013-07-11,8071,15.07
2013-07-12,8071,14.97
2013-07-15,8071,15.04
2013-07-16,8071,15.39
2013-07-17,8071,15.5
2013-07-18,8071,15.57
2013-07-19,8071,16.06
2013-07-22,8071,16.2
2013-07-23,8071,16.27
2013-07-24,8071,16.38
2013-07-25,8071,16.41
2013-07-26,8071,17.54
2013-07-29,8071,17.61
2013-07-30,8071,17.29
2013-07-31,8071,17.33
2013-07-01,8072,65.01
2013-07-02,8072,65.64
2013-07-03,8072,64.74
2013-07-04,8072,64.89
2013-07-05,8072,65.19
2013-07-08,8072,64.3
2013-07-09,8072,65.19
2013-07-10,8072,64.81
2013-07-11,8072,64.81
2013-07-12,8072,65.34
2013-07-15,8072,66.22
2013-07-16,8072,66.22
2013-07-17,8072,65.85
2013-07-18,8072,66.3
2013-07-19,8072,65.41
2013-07-22,8072,66.22
2013-07-23,8072,67.26
2013-07-24,8072,67.18
2013-07-25,8072,67.04
2013-07-26,8072,66.52
2013-07-29,8072,65.63
2013-07-30,8072,66.59
2013-07-31,8072,65.78
2013-07-01,8074,8.99
2013-07-02,8074,9.01
2013-07-03,8074,8.92
2013-07-04,8074,8.87
2013-07-05,8074,9.18
2013-07-08,8074,9.47
2013-07-09,8074,9.43
2013-07-10,8074,9.33
2013-07-11,8074,9.21
2013-07-12,8074,9.28
2013-07-15,8074,9.28
2013-07-16,8074,9.26
2013-07-17,8074,9.23
2013-07-18,8074,9.26
2013-07-19,8074,9.28
2013-07-22,8074,9.28
2013-07-23,8074,9.3
2013-07-24,8074,9.35
2013-07-25,8074,9.4
2013-07-26,8074,9.5
2013-07-29,8074,9.58
2013-07-30,8074,9.52
2013-07-31,8074,9.52
2013-07-01,8076,28.27
2013-07-02,8076,28.58
2013-07-03,8076,28.11
2013-07-04,8076,27.95
2013-07-05,8076,28.11
2013-07-08,8076,28.11
2013-07-09,8076,28.37
2013-07-10,8076,28.37
2013-07-11,8076,28.32
2013-07-12,8076,27.95
2013-07-15,8076,27.53
2013-07-16,8076,27.9
2013-07-17,8076,28.06
2013-07-18,8076,28.0
2013-07-19,8076,27.59
2013-07-22,8076,27.74
2013-07-23,8076,27.74
2013-07-24,8076,27.8
2013-07-25,8076,29.73
2013-07-26,8076,29.15
2013-07-29,8076,29.94
2013-07-30,8076,29.99
2013-07-31,8076,30.2
2013-07-01,8078,38.63
2013-07-02,8078,37.51
2013-07-03,8078,37.95
2013-07-04,8078,35.76
2013-07-05,8078,36.4
2013-07-08,8078,36.25
2013-07-09,8078,36.74
2013-07-10,8078,36.93
2013-07-11,8078,39.5
2013-07-12,8078,39.89
2013-07-15,8078,41.69
2013-07-16,8078,41.5
2013-07-17,8078,41.4
2013-07-18,8078,42.18
2013-07-19,8078,39.26
2013-07-22,8078,41.45
2013-07-23,8078,40.62
2013-07-24,8078,41.11
2013-07-25,8078,41.69
2013-07-26,8078,41.11
2013-07-29,8078,40.67
2013-07-30,8078,41.3
2013-07-31,8078,41.5
2013-07-01,8080,111.4
2013-07-02,8080,111.89
2013-07-03,8080,116.82
2013-07-04,8080,111.89
2013-07-05,8080,115.09
2013-07-08,8080,114.6
2013-07-09,8080,115.83
2013-07-10,8080,114.85
2013-07-11,8080,113.86
2013-07-12,8080,113.86
2013-07-15,8080,105.97
2013-07-16,8080,98.58
2013-07-17,8080,91.68
2013-07-18,8080,98.09
2013-07-19,8080,104.74
2013-07-22,8080,103.51
2013-07-23,8080,109.42
2013-07-24,8080,115.09
2013-07-25,8080,119.28
2013-07-26,8080,114.85
2013-07-29,8080,113.37
2013-07-30,8080,119.77
2013-07-31,8080,119.77
2013-07-01,8081,38.74
2013-07-02,8081,38.44
2013-07-03,8081,38.14
2013-07-04,8081,37.67
2013-07-05,8081,37.67
2013-07-08,8081,37.46
2013-07-09,8081,37.37
2013-07-10,8081,37.76
2013-07-11,8081,38.08
2013-07-12,8081,38.13
2013-07-15,8081,38.78
2013-07-16,8081,38.92
2013-07-17,8081,38.6
2013-07-18,8081,38.32
2013-07-19,8081,38.27
2013-07-22,8081,37.95
2013-07-23,8081,38.5
2013-07-24,8081,38.08
2013-07-25,8081,38.18
2013-07-26,8081,37.81
2013-07-29,8081,37.25
2013-07-30,8081,37.9
2013-07-31,8081,37.29
2013-07-01,8083,34.86
2013-07-02,8083,35.69
2013-07-03,8083,35.69
2013-07-04,8083,35.9
2013-07-05,8083,35.9
2013-07-08,8083,37.25
2013-07-09,8083,36.52
2013-07-10,8083,36.83
2013-07-11,8083,38.6
2013-07-12,8083,40.48
2013-07-15,8083,41.41
2013-07-16,8083,41.1
2013-07-17,8083,42.14
2013-07-18,8083,41.2
2013-07-19,8083,39.75
2013-07-22,8083,41.72
2013-07-23,8083,43.49
2013-07-24,8083,43.34
2013-07-25,8083,43.54
2013-07-26,8083,43.13
2013-07-29,8083,42.92
2013-07-30,8083,43.44
2013-07-31,8083,43.75
2013-07-01,8084,8.9
2013-07-02,8084,9.04
2013-07-03,8084,9.12
2013-07-04,8084,9.1
2013-07-05,8084,9.1
2013-07-08,8084,9.0
2013-07-09,8084,8.82
2013-07-10,8084,9.43
2013-07-11,8084,9.84
2013-07-12,8084,9.7
2013-07-15,8084,9.7
2013-07-16,8084,10.35
2013-07-17,8084,10.05
2013-07-18,8084,9.8
2013-07-19,8084,9.8
2013-07-22,8084,9.99
2013-07-23,8084,9.94
2013-07-24,8084,9.85
2013-07-25,8084,9.8
2013-07-26,8084,9.7
2013-07-29,8084,9.47
2013-07-30,8084,9.7
2013-07-31,8084,9.62
2013-07-01,8085,5.14
2013-07-02,8085,5.13
2013-07-03,8085,5.07
2013-07-04,8085,5.07
2013-07-05,8085,5.07
2013-07-08,8085,5.0
2013-07-09,8085,5.05
2013-07-10,8085,5.06
2013-07-11,8085,5.11
2013-07-12,8085,5.12
2013-07-15,8085,5.1
2013-07-16,8085,5.07
2013-07-17,8085,5.11
2013-07-18,8085,5.01
2013-07-19,8085,5.07
2013-07-22,8085,5.0
2013-07-23,8085,5.02
2013-07-24,8085,5.06
2013-07-25,8085,5.02
2013-07-26,8085,4.98
2013-07-29,8085,4.95
2013-07-30,8085,4.95
2013-07-31,8085,4.95
2013-07-01,8086,11.34
2013-07-02,8086,11.41
2013-07-03,8086,11.41
2013-07-04,8086,11.11
2013-07-05,8086,11.11
2013-07-08,8086,10.92
2013-07-09,8086,10.77
2013-07-10,8086,10.77
2013-07-11,8086,10.85
2013-07-12,8086,10.74
2013-07-15,8086,11.49
2013-07-16,8086,11.75
2013-07-17,8086,11.45
2013-07-18,8086,11.15
2013-07-19,8086,10.89
2013-07-22,8086,10.89
2013-07-23,8086,10.92
2013-07-24,8086,11.26
2013-07-25,8086,12.05
2013-07-26,8086,12.46
2013-07-29,8086,12.27
2013-07-30,8086,12.27
2013-07-31,8086,12.27
2013-07-01,8087,7.45
2013-07-02,8087,7.41
2013-07-03,8087,7.44
2013-07-04,8087,7.4
2013-07-05,8087,7.4
2013-07-08,8087,7.45
2013-07-09,8087,7.59
2013-07-10,8087,7.62
2013-07-11,8087,7.61
2013-07-12,8087,7.58
2013-07-15,8087,7.58
2013-07-16,8087,7.58
2013-07-17,8087,7.64
2013-07-18,8087,7.59
2013-07-19,8087,7.41
2013-07-22,8087,7.41
2013-07-23,8087,7.5
2013-07-24,8087,7.55
2013-07-25,8087,7.55
2013-07-26,8087,7.55
2013-07-29,8087,7.52
2013-07-31,8087,7.5
2013-07-01,8088,23.87
2013-07-02,8088,23.09
2013-07-03,8088,22.83
2013-07-04,8088,21.95
2013-07-05,8088,21.66
2013-07-08,8088,21.2
2013-07-09,8088,20.88
2013-07-10,8088,19.96
2013-07-11,8088,21.34
2013-07-12,8088,21.05
2013-07-15,8088,21.17
2013-07-16,8088,21.44
2013-07-17,8088,21.2
2013-07-18,8088,20.35
2013-07-19,8088,19.86
2013-07-22,8088,20.37
2013-07-23,8088,20.2
2013-07-24,8088,20.64
2013-07-25,8088,19.21
2013-07-26,8088,19.06
2013-07-29,8088,17.73
2013-07-30,8088,18.22
2013-07-31,8088,18.59
2013-07-01,8091,39.46
2013-07-02,8091,39.99
2013-07-03,8091,40.13
2013-07-04,8091,40.13
2013-07-05,8091,40.06
2013-07-08,8091,39.8
2013-07-09,8091,38.66
2013-07-10,8091,38.52
2013-07-11,8091,38.66
2013-07-12,8091,39.12
2013-07-15,8091,39.33
2013-07-16,8091,39.99
2013-07-17,8091,40.53
2013-07-18,8091,40.13
2013-07-19,8091,40.06
2013-07-22,8091,39.93
2013-07-23,8091,40.8
2013-07-24,8091,41.33
2013-07-25,8091,40.34
2013-07-26,8091,39.7
2013-07-29,8091,39.13
2013-07-30,8091,39.85
2013-07-31,8091,38.99
2013-07-01,8092,11.1
2013-07-02,8092,11.2
2013-07-03,8092,11.2
2013-07-04,8092,11.0
2013-07-05,8092,10.65
2013-07-08,8092,10.8
2013-07-09,8092,10.7
2013-07-10,8092,10.65
2013-07-11,8092,10.6
2013-07-12,8092,10.5
2013-07-15,8092,10.4
2013-07-16,8092,10.25
2013-07-17,8092,10.2
2013-07-18,8092,10.05
2013-07-19,8092,10.1
2013-07-22,8092,10.15
2013-07-23,8092,10.1
2013-07-24,8092,10.0
2013-07-25,8092,10.1
2013-07-26,8092,10.0
2013-07-29,8092,10.0
2013-07-30,8092,10.0
2013-07-31,8092,10.0
2013-07-01,8093,8.46
2013-07-02,8093,8.14
2013-07-03,8093,8.26
2013-07-04,8093,8.08
2013-07-05,8093,8.1
2013-07-08,8093,8.1
2013-07-09,8093,8.21
2013-07-10,8093,8.26
2013-07-11,8093,8.14
2013-07-12,8093,8.14
2013-07-16,8093,8.28
2013-07-17,8093,8.28
2013-07-18,8093,8.27
2013-07-19,8093,8.31
2013-07-22,8093,8.33
2013-07-23,8093,8.34
2013-07-24,8093,8.36
2013-07-25,8093,8.17
2013-07-26,8093,8.1
2013-07-29,8093,7.87
2013-07-30,8093,7.87
2013-07-31,8093,8.1
2013-07-01,8096,14.88
2013-07-02,8096,14.68
2013-07-03,8096,14.54
2013-07-04,8096,14.61
2013-07-05,8096,14.81
2013-07-08,8096,14.61
2013-07-09,8096,14.64
2013-07-10,8096,14.57
2013-07-11,8096,14.61
2013-07-12,8096,14.61
2013-07-15,8096,14.57
2013-07-16,8096,14.78
2013-07-17,8096,14.71
2013-07-18,8096,14.61
2013-07-19,8096,14.47
2013-07-22,8096,14.47
2013-07-23,8096,14.68
2013-07-24,8096,14.61
2013-07-25,8096,14.84
2013-07-26,8096,14.68
2013-07-29,8096,14.57
2013-07-30,8096,14.71
2013-07-31,8096,14.47
2013-07-01,8097,7.48
2013-07-04,8097,7.0
2013-07-09,8097,6.6
2013-07-22,8097,7.0
2013-07-25,8097,6.03
2013-07-01,8099,12.27
2013-07-02,8099,12.37
2013-07-03,8099,12.06
2013-07-04,8099,12.04
2013-07-05,8099,12.06
2013-07-08,8099,11.39
2013-07-09,8099,10.75
2013-07-10,8099,10.65
2013-07-11,8099,11.37
2013-07-12,8099,11.47
2013-07-15,8099,11.21
2013-07-16,8099,11.99
2013-07-17,8099,12.6
2013-07-18,8099,12.29
2013-07-19,8099,12.45
2013-07-22,8099,12.32
2013-07-23,8099,12.27
2013-07-24,8099,12.01
2013-07-25,8099,12.83
2013-07-26,8099,12.45
2013-07-29,8099,12.45
2013-07-30,8099,12.6
2013-07-31,8099,12.4
2013-07-01,8101,69.4
2013-07-02,8101,68.54
2013-07-03,8101,69.12
2013-07-04,8101,69.97
2013-07-05,8101,69.69
2013-07-08,8101,69.69
2013-07-09,8101,71.97
2013-07-10,8101,73.97
2013-07-11,8101,74.83
2013-07-12,8101,76.54
2013-07-15,8101,75.97
2013-07-16,8101,75.11
2013-07-17,8101,73.4
2013-07-18,8101,72.26
2013-07-19,8101,71.11
2013-07-22,8101,71.69
2013-07-23,8101,73.11
2013-07-24,8101,71.97
2013-07-25,8101,72.26
2013-07-26,8101,71.4
2013-07-29,8101,70.26
2013-07-30,8101,70.54
2013-07-31,8101,68.83
2013-07-01,8103,19.38
2013-07-02,8103,19.67
2013-07-03,8103,19.59
2013-07-04,8103,19.59
2013-07-05,8103,19.62
2013-07-08,8103,19.57
2013-07-09,8103,19.57
2013-07-10,8103,19.51
2013-07-11,8103,19.59
2013-07-12,8103,19.59
2013-07-15,8103,19.75
2013-07-16,8103,19.8
2013-07-17,8103,19.77
2013-07-18,8103,19.69
2013-07-19,8103,19.8
2013-07-22,8103,19.69
2013-07-23,8103,19.72
2013-07-24,8103,19.77
2013-07-25,8103,19.82
2013-07-26,8103,19.72
2013-07-29,8103,19.62
2013-07-30,8103,19.72
2013-07-31,8103,19.64
2013-07-01,8105,10.07
2013-07-02,8105,9.93
2013-07-03,8105,10.12
2013-07-04,8105,9.79
2013-07-05,8105,9.83
2013-07-08,8105,9.46
2013-07-09,8105,9.34
2013-07-10,8105,9.4
2013-07-11,8105,9.41
2013-07-12,8105,9.93
2013-07-15,8105,10.59
2013-07-16,8105,10.68
2013-07-17,8105,10.59
2013-07-18,8105,9.88
2013-07-19,8105,9.98
2013-07-22,8105,10.26
2013-07-23,8105,10.4
2013-07-24,8105,11.1
2013-07-25,8105,11.48
2013-07-26,8105,11.29
2013-07-29,8105,10.82
2013-07-30,8105,10.82
2013-07-31,8105,10.26
2013-07-01,8107,12.21
2013-07-02,8107,11.96
2013-07-03,8107,12.04
2013-07-04,8107,12.86
2013-07-05,8107,13.76
2013-07-08,8107,14.46
2013-07-09,8107,14.32
2013-07-10,8107,13.98
2013-07-11,8107,14.09
2013-07-12,8107,13.74
2013-07-15,8107,13.84
2013-07-16,8107,14.79
2013-07-17,8107,14.62
2013-07-18,8107,15.59
2013-07-19,8107,15.65
2013-07-22,8107,15.64
2013-07-23,8107,15.73
2013-07-24,8107,15.25
2013-07-25,8107,16.28
2013-07-26,8107,15.96
2013-07-29,8107,15.81
2013-07-30,8107,15.89
2013-07-31,8107,15.51
2013-07-01,8109,15.24
2013-07-02,8109,15.32
2013-07-03,8109,15.26
2013-07-04,8109,15.24
2013-07-05,8109,15.36
2013-07-08,8109,15.4
2013-07-09,8109,15.4
2013-07-10,8109,15.6
2013-07-11,8109,15.97
2013-07-12,8109,15.97
2013-07-15,8109,16.18
2013-07-16,8109,16.22
2013-07-17,8109,16.32
2013-07-18,8109,16.38
2013-07-19,8109,16.24
2013-07-22,8109,16.2
2013-07-23,8109,16.34
2013-07-24,8109,16.83
2013-07-25,8109,16.79
2013-07-26,8109,16.65
2013-07-29,8109,16.55
2013-07-30,8109,16.61
2013-07-31,8109,16.49
2013-07-01,8110,8.99
2013-07-02,8110,8.83
2013-07-03,8110,8.67
2013-07-04,8110,8.28
2013-07-05,8110,8.44
2013-07-08,8110,8.44
2013-07-09,8110,8.36
2013-07-10,8110,8.32
2013-07-11,8110,8.48
2013-07-12,8110,8.36
2013-07-15,8110,8.48
2013-07-16,8110,8.56
2013-07-17,8110,8.32
2013-07-18,8110,8.2
2013-07-19,8110,8.12
2013-07-22,8110,8.09
2013-07-23,8110,8.32
2013-07-24,8110,8.28
2013-07-25,8110,8.2
2013-07-26,8110,8.2
2013-07-29,8110,8.16
2013-07-30,8110,8.2
2013-07-31,8110,8.09
2013-07-01,8111,5.26
2013-07-02,8111,5.14
2013-07-03,8111,5.04
2013-07-04,8111,5.04
2013-07-05,8111,5.07
2013-07-08,8111,4.99
2013-07-09,8111,5.07
2013-07-10,8111,5.07
2013-07-11,8111,5.13
2013-07-12,8111,5.06
2013-07-15,8111,5.31
2013-07-16,8111,5.54
2013-07-17,8111,5.34
2013-07-18,8111,5.28
2013-07-19,8111,5.17
2013-07-22,8111,5.19
2013-07-23,8111,5.27
2013-07-24,8111,5.16
2013-07-25,8111,5.16
2013-07-26,8111,5.11
2013-07-29,8111,5.04
2013-07-30,8111,5.09
2013-07-31,8111,4.95
2013-07-01,8112,5.34
2013-07-02,8112,5.23
2013-07-03,8112,5.3
2013-07-04,8112,5.2
2013-07-05,8112,5.23
2013-07-08,8112,5.16
2013-07-09,8112,5.2
2013-07-10,8112,5.13
2013-07-11,8112,5.2
2013-07-12,8112,5.21
2013-07-15,8112,5.2
2013-07-16,8112,5.25
2013-07-17,8112,5.21
2013-07-18,8112,5.18
2013-07-19,8112,5.09
2013-07-22,8112,5.09
2013-07-23,8112,5.25
2013-07-24,8112,5.2
2013-07-25,8112,5.11
2013-07-26,8112,5.11
2013-07-29,8112,5.09
2013-07-30,8112,5.11
2013-07-31,8112,5.05
2013-07-01,8114,42.68
2013-07-02,8114,44.89
2013-07-03,8114,44.84
2013-07-04,8114,44.19
2013-07-05,8114,46.05
2013-07-08,8114,46.3
2013-07-09,8114,44.69
2013-07-10,8114,44.69
2013-07-11,8114,45.45
2013-07-12,8114,48.21
2013-07-15,8114,51.47
2013-07-16,8114,49.96
2013-07-17,8114,49.96
2013-07-18,8114,50.22
2013-07-19,8114,47.86
2013-07-22,8114,50.72
2013-07-23,8114,50.22
2013-07-24,8114,50.22
2013-07-25,8114,49.46
2013-07-26,8114,49.71
2013-07-29,8114,48.81
2013-07-30,8114,49.41
2013-07-31,8114,50.22
2013-07-01,8121,32.39
2013-07-02,8121,32.29
2013-07-03,8121,34.53
2013-07-04,8121,34.53
2013-07-05,8121,35.27
2013-07-08,8121,36.76
2013-07-09,8121,37.6
2013-07-10,8121,37.6
2013-07-11,8121,36.81
2013-07-12,8121,36.57
2013-07-15,8121,36.39
2013-07-16,8121,36.39
2013-07-17,8121,36.29
2013-07-18,8121,36.99
2013-07-19,8121,37.78
2013-07-22,8121,40.39
2013-07-23,8121,40.3
2013-07-24,8121,40.85
2013-07-25,8121,40.02
2013-07-26,8121,40.95
2013-07-29,8121,40.53
2013-07-30,8121,40.53
2013-07-31,8121,38.81
2013-07-01,8131,10.48
2013-07-02,8131,10.26
2013-07-03,8131,10.19
2013-07-04,8131,9.85
2013-07-05,8131,9.85
2013-07-08,8131,9.9
2013-07-09,8131,10.0
2013-07-10,8131,9.59
2013-07-11,8131,9.73
2013-07-12,8131,9.78
2013-07-15,8131,10.07
2013-07-16,8131,10.09
2013-07-17,8131,10.02
2013-07-18,8131,10.07
2013-07-19,8131,9.97
2013-07-22,8131,9.85
2013-07-23,8131,9.92
2013-07-24,8131,9.95
2013-07-25,8131,9.98
2013-07-26,8131,9.9
2013-07-29,8131,9.67
2013-07-30,8131,9.49
2013-07-31,8131,9.16
2013-07-01,8147,15.57
2013-07-02,8147,15.72
2013-07-03,8147,15.75
2013-07-04,8147,16.06
2013-07-05,8147,16.33
2013-07-08,8147,17.46
2013-07-09,8147,17.18
2013-07-10,8147,16.85
2013-07-11,8147,17.34
2013-07-12,8147,17.12
2013-07-15,8147,16.76
2013-07-16,8147,16.55
2013-07-17,8147,16.85
2013-07-18,8147,17.0
2013-07-19,8147,17.4
2013-07-22,8147,18.61
2013-07-23,8147,18.25
2013-07-24,8147,18.61
2013-07-25,8147,17.82
2013-07-26,8147,17.94
2013-07-29,8147,17.82
2013-07-30,8147,18.16
2013-07-31,8147,17.79
2013-07-01,8150,18.23
2013-07-02,8150,18.42
2013-07-03,8150,18.54
2013-07-04,8150,17.99
2013-07-08,8150,18.29
2013-07-12,8150,17.99
2013-07-15,8150,18.23
2013-07-16,8150,18.23
2013-07-17,8150,18.3
2013-07-18,8150,17.97
2013-07-19,8150,17.49
2013-07-22,8150,17.49
2013-07-23,8150,18.3
2013-07-24,8150,17.93
2013-07-29,8150,18.54
2013-07-30,8150,18.11
2013-07-31,8150,17.63
2013-07-01,8155,13.53
2013-07-02,8155,13.41
2013-07-03,8155,13.03
2013-07-04,8155,12.84
2013-07-05,8155,12.91
2013-07-08,8155,12.77
2013-07-09,8155,12.68
2013-07-10,8155,12.46
2013-07-11,8155,12.44
2013-07-12,8155,12.58
2013-07-15,8155,12.61
2013-07-16,8155,12.65
2013-07-17,8155,12.72
2013-07-18,8155,12.68
2013-07-19,8155,12.51
2013-07-22,8155,12.44
2013-07-23,8155,12.63
2013-07-24,8155,12.56
2013-07-25,8155,12.58
2013-07-26,8155,12.65
2013-07-29,8155,12.77
2013-07-30,8155,12.65
2013-07-31,8155,12.56
2013-07-01,8163,11.34
2013-07-02,8163,11.08
2013-07-03,8163,10.84
2013-07-04,8163,11.15
2013-07-05,8163,10.76
2013-07-08,8163,10.45
2013-07-09,8163,10.62
2013-07-10,8163,10.74
2013-07-11,8163,10.89
2013-07-12,8163,10.84
2013-07-15,8163,11.04
2013-07-16,8163,11.14
2013-07-17,8163,10.99
2013-07-18,8163,10.74
2013-07-19,8163,10.52
2013-07-22,8163,10.49
2013-07-23,8163,10.94
2013-07-24,8163,10.79
2013-07-25,8163,11.31
2013-07-26,8163,11.07
2013-07-29,8163,10.74
2013-07-30,8163,10.67
2013-07-31,8163,10.57
2013-07-01,8171,11.17
2013-07-02,8171,11.21
2013-07-03,8171,10.91
2013-07-04,8171,10.82
2013-07-05,8171,10.73
2013-07-08,8171,10.73
2013-07-09,8171,10.38
2013-07-10,8171,10.21
2013-07-11,8171,10.34
2013-07-12,8171,10.21
2013-07-15,8171,10.25
2013-07-16,8171,10.3
2013-07-17,8171,10.34
2013-07-18,8171,10.17
2013-07-19,8171,10.21
2013-07-22,8171,10.12
2013-07-23,8171,10.17
2013-07-24,8171,10.34
2013-07-25,8171,10.25
2013-07-26,8171,10.17
2013-07-29,8171,10.21
2013-07-30,8171,10.3
2013-07-31,8171,10.04
2013-07-01,8176,19.83
2013-07-02,8176,20.82
2013-07-03,8176,19.92
2013-07-04,8176,19.01
2013-07-05,8176,19.28
2013-07-08,8176,20.1
2013-07-09,8176,19.46
2013-07-10,8176,18.1
2013-07-11,8176,17.65
2013-07-12,8176,17.97
2013-07-15,8176,18.28
2013-07-16,8176,18.1
2013-07-17,8176,17.74
2013-07-18,8176,18.52
2013-07-19,8176,19.28
2013-07-22,8176,19.01
2013-07-23,8176,18.74
2013-07-24,8176,18.74
2013-07-25,8176,18.1
2013-07-26,8176,18.19
2013-07-29,8176,18.37
2013-07-30,8176,18.56
2013-07-31,8176,18.02
2013-07-01,8182,7.05
2013-07-02,8182,7.02
2013-07-03,8182,7.02
2013-07-04,8182,7.02
2013-07-05,8182,7.02
2013-07-08,8182,7.02
2013-07-09,8182,7.0
2013-07-10,8182,6.94
2013-07-11,8182,7.02
2013-07-12,8182,7.02
2013-07-15,8182,7.05
2013-07-16,8182,7.16
2013-07-17,8182,7.11
2013-07-18,8182,7.13
2013-07-19,8182,7.0
2013-07-22,8182,7.02
2013-07-23,8182,7.02
2013-07-24,8182,7.02
2013-07-25,8182,7.05
2013-07-26,8182,7.05
2013-07-29,8182,7.02
2013-07-30,8182,7.05
2013-07-31,8182,7.02
2013-07-01,8183,4.88
2013-07-02,8183,4.94
2013-07-03,8183,4.89
2013-07-04,8183,4.9
2013-07-05,8183,4.89
2013-07-08,8183,4.87
2013-07-09,8183,4.89
2013-07-10,8183,4.9
2013-07-11,8183,4.87
2013-07-12,8183,4.87
2013-07-15,8183,4.87
2013-07-16,8183,4.85
2013-07-17,8183,4.85
2013-07-18,8183,4.84
2013-07-19,8183,4.81
2013-07-22,8183,4.85
2013-07-23,8183,4.84
2013-07-24,8183,4.82
2013-07-25,8183,4.78
2013-07-26,8183,4.76
2013-07-29,8183,4.74
2013-07-30,8183,4.71
2013-07-31,8183,4.71
2013-07-01,8201,13.27
2013-07-02,8201,13.69
2013-07-03,8201,13.46
2013-07-04,8201,13.46
2013-07-05,8201,13.46
2013-07-08,8201,13.27
2013-07-09,8201,13.41
2013-07-10,8201,13.32
2013-07-11,8201,13.18
2013-07-12,8201,13.32
2013-07-15,8201,13.18
2013-07-16,8201,13.18
2013-07-17,8201,13.27
2013-07-18,8201,13.36
2013-07-19,8201,13.18
2013-07-22,8201,13.22
2013-07-23,8201,13.22
2013-07-24,8201,13.32
2013-07-25,8201,13.32
2013-07-26,8201,13.36
2013-07-29,8201,13.27
2013-07-30,8201,13.32
2013-07-31,8201,13.27
2013-07-01,8210,19.88
2013-07-02,8210,19.77
2013-07-03,8210,19.83
2013-07-04,8210,19.58
2013-07-05,8210,19.69
2013-07-08,8210,19.66
2013-07-09,8210,19.58
2013-07-10,8210,19.25
2013-07-11,8210,19.45
2013-07-12,8210,19.36
2013-07-15,8210,19.36
2013-07-16,8210,19.36
2013-07-17,8210,19.48
2013-07-18,8210,19.42
2013-07-19,8210,19.28
2013-07-22,8210,19.33
2013-07-23,8210,19.45
2013-07-24,8210,19.39
2013-07-25,8210,19.33
2013-07-26,8210,19.19
2013-07-29,8210,19.19
2013-07-30,8210,19.48
2013-07-31,8210,19.22
2013-07-01,8213,17.84
2013-07-02,8213,17.58
2013-07-03,8213,17.72
2013-07-04,8213,17.62
2013-07-05,8213,17.82
2013-07-08,8213,17.5
2013-07-09,8213,17.43
2013-07-10,8213,17.38
2013-07-11,8213,17.36
2013-07-12,8213,17.72
2013-07-15,8213,17.77
2013-07-16,8213,18.18
2013-07-17,8213,18.15
2013-07-18,8213,17.89
2013-07-19,8213,17.72
2013-07-22,8213,17.53
2013-07-23,8213,17.67
2013-07-24,8213,17.57
2013-07-25,8213,17.96
2013-07-26,8213,17.86
2013-07-29,8213,17.65
2013-07-30,8213,17.67
2013-07-31,8213,17.48
2013-07-01,8215,11.48
2013-07-02,8215,11.13
2013-07-03,8215,11.29
2013-07-04,8215,11.03
2013-07-05,8215,11.25
2013-07-08,8215,12.03
2013-07-09,8215,11.8
2013-07-10,8215,11.45
2013-07-11,8215,11.45
2013-07-12,8215,11.54
2013-07-15,8215,11.74
2013-07-16,8215,11.54
2013-07-17,8215,12.06
2013-07-18,8215,12.0
2013-07-19,8215,12.22
2013-07-22,8215,13.06
2013-07-23,8215,13.19
2013-07-24,8215,13.06
2013-07-25,8215,13.35
2013-07-26,8215,12.77
2013-07-29,8215,12.54
2013-07-30,8215,12.71
2013-07-31,8215,12.25
2013-07-01,8234,14.11
2013-07-02,8234,14.13
2013-07-03,8234,13.84
2013-07-04,8234,13.87
2013-07-05,8234,13.97
2013-07-08,8234,13.84
2013-07-09,8234,13.84
2013-07-10,8234,13.92
2013-07-11,8234,13.95
2013-07-12,8234,13.92
2013-07-15,8234,14.03
2013-07-16,8234,14.08
2013-07-17,8234,13.97
2013-07-18,8234,14.03
2013-07-19,8234,13.84
2013-07-22,8234,13.9
2013-07-23,8234,13.97
2013-07-24,8234,14.05
2013-07-25,8234,14.32
2013-07-26,8234,14.48
2013-07-29,8234,14.48
2013-07-30,8234,14.53
2013-07-31,8234,14.61
2013-07-01,8240,20.43
2013-07-02,8240,20.49
2013-07-03,8240,20.14
2013-07-04,8240,19.9
2013-07-05,8240,20.02
2013-07-08,8240,19.93
2013-07-09,8240,19.78
2013-07-10,8240,19.39
2013-07-11,8240,19.67
2013-07-12,8240,19.89
2013-07-15,8240,20.14
2013-07-16,8240,20.11
2013-07-17,8240,19.92
2013-07-18,8240,19.52
2013-07-19,8240,19.24
2013-07-22,8240,19.15
2013-07-23,8240,19.46
2013-07-24,8240,19.74
2013-07-25,8240,21.11
2013-07-26,8240,20.79
2013-07-29,8240,20.39
2013-07-30,8240,20.36
2013-07-31,8240,20.64
2013-07-01,8249,9.18
2013-07-02,8249,9.11
2013-07-03,8249,8.88
2013-07-04,8249,8.88
2013-07-05,8249,8.79
2013-07-08,8249,8.56
2013-07-09,8249,8.7
2013-07-10,8249,8.61
2013-07-11,8249,8.76
2013-07-12,8249,8.79
2013-07-15,8249,8.7
2013-07-16,8249,9.22
2013-07-17,8249,9.11
2013-07-18,8249,8.85
2013-07-19,8249,8.85
2013-07-22,8249,8.88
2013-07-23,8249,8.93
2013-07-24,8249,8.85
2013-07-25,8249,8.96
2013-07-26,8249,9.02
2013-07-29,8249,8.82
2013-07-30,8249,8.82
2013-07-31,8249,8.82
2013-07-01,8255,64.27
2013-07-02,8255,62.16
2013-07-03,8255,62.76
2013-07-04,8255,62.76
2013-07-05,8255,63.67
2013-07-08,8255,62.76
2013-07-09,8255,62.46
2013-07-10,8255,62.46
2013-07-11,8255,63.37
2013-07-12,8255,66.39
2013-07-15,8255,67.59
2013-07-16,8255,66.39
2013-07-17,8255,65.78
2013-07-18,8255,66.39
2013-07-19,8255,65.45
2013-07-22,8255,65.45
2013-07-23,8255,67.94
2013-07-24,8255,72.62
2013-07-25,8255,72.31
2013-07-26,8255,74.18
2013-07-29,8255,71.37
2013-07-30,8255,72.31
2013-07-31,8255,71.68
2013-07-01,8261,11.12
2013-07-02,8261,11.29
2013-07-03,8261,11.12
2013-07-04,8261,10.97
2013-07-05,8261,10.74
2013-07-08,8261,10.53
2013-07-09,8261,10.47
2013-07-10,8261,10.42
2013-07-11,8261,10.45
2013-07-12,8261,10.41
2013-07-15,8261,10.63
2013-07-16,8261,10.61
2013-07-17,8261,10.84
2013-07-18,8261,10.84
2013-07-19,8261,10.76
2013-07-22,8261,10.84
2013-07-23,8261,11.12
2013-07-24,8261,11.45
2013-07-25,8261,11.88
2013-07-26,8261,11.99
2013-07-29,8261,11.99
2013-07-30,8261,12.81
2013-07-31,8261,13.08
2013-07-01,8271,20.36
2013-07-02,8271,20.48
2013-07-03,8271,20.36
2013-07-04,8271,19.7
2013-07-05,8271,19.74
2013-07-08,8271,19.86
2013-07-09,8271,19.58
2013-07-10,8271,19.39
2013-07-11,8271,19.8
2013-07-12,8271,19.92
2013-07-15,8271,19.99
2013-07-16,8271,20.23
2013-07-17,8271,20.23
2013-07-18,8271,19.92
2013-07-19,8271,19.8
2013-07-22,8271,20.02
2013-07-23,8271,20.2
2013-07-24,8271,20.51
2013-07-25,8271,20.02
2013-07-26,8271,20.02
2013-07-29,8271,19.74
2013-07-30,8271,19.74
2013-07-31,8271,19.37
2013-07-01,8277,21.81
2013-07-02,8277,20.98
2013-07-03,8277,21.08
2013-07-04,8277,20.11
2013-07-05,8277,20.59
2013-07-08,8277,20.01
2013-07-09,8277,20.21
2013-07-10,8277,19.77
2013-07-11,8277,20.01
2013-07-12,8277,19.91
2013-07-15,8277,20.01
2013-07-16,8277,20.4
2013-07-17,8277,20.5
2013-07-18,8277,19.67
2013-07-19,8277,19.62
2013-07-22,8277,19.57
2013-07-23,8277,19.82
2013-07-24,8277,20.11
2013-07-25,8277,19.48
2013-07-26,8277,19.23
2013-07-29,8277,17.97
2013-07-30,8277,18.07
2013-07-31,8277,16.81
2013-07-02,8284,42.9
2013-07-11,8284,42.9
2013-07-16,8284,43.26
2013-07-19,8284,42.33
2013-07-23,8284,42.9
2013-07-24,8284,43.26
2013-07-26,8284,43.61
2013-07-29,8284,43.61
2013-07-30,8284,44.69
2013-07-31,8284,44.33
2013-07-01,8289,7.18
2013-07-02,8289,7.25
2013-07-03,8289,7.15
2013-07-04,8289,7.15
2013-07-05,8289,7.18
2013-07-08,8289,7.15
2013-07-09,8289,7.18
2013-07-10,8289,7.11
2013-07-11,8289,7.11
2013-07-12,8289,7.21
2013-07-15,8289,7.25
2013-07-16,8289,7.39
2013-07-17,8289,7.32
2013-07-18,8289,7.29
2013-07-19,8289,7.25
2013-07-22,8289,7.25
2013-07-23,8289,7.35
2013-07-24,8289,7.32
2013-07-25,8289,7.25
2013-07-26,8289,7.29
2013-07-29,8289,7.25
2013-07-30,8289,7.29
2013-07-31,8289,7.21
2013-07-01,8291,10.0
2013-07-02,8291,10.08
2013-07-03,8291,10.04
2013-07-04,8291,9.92
2013-07-05,8291,10.0
2013-07-08,8291,10.0
2013-07-09,8291,10.1
2013-07-10,8291,10.0
2013-07-11,8291,10.1
2013-07-12,8291,10.06
2013-07-15,8291,10.0
2013-07-16,8291,10.0
2013-07-17,8291,10.18
2013-07-18,8291,9.72
2013-07-19,8291,10.08
2013-07-22,8291,10.0
2013-07-23,8291,9.8
2013-07-24,8291,9.8
2013-07-25,8291,10.08
2013-07-26,8291,10.0
2013-07-29,8291,10.0
2013-07-30,8291,10.0
2013-07-31,8291,10.0
2013-07-01,8299,148.75
2013-07-02,8299,142.66
2013-07-03,8299,142.95
2013-07-04,8299,139.18
2013-07-05,8299,142.08
2013-07-08,8299,139.18
2013-07-09,8299,141.5
2013-07-10,8299,142.95
2013-07-11,8299,144.69
2013-07-12,8299,144.69
2013-07-15,8299,146.43
2013-07-16,8299,145.85
2013-07-17,8299,145.56
2013-07-18,8299,146.72
2013-07-19,8299,140.92
2013-07-22,8299,143.82
2013-07-23,8299,144.4
2013-07-24,8299,144.98
2013-07-25,8299,135.41
2013-07-26,8299,136.57
2013-07-29,8299,127.88
2013-07-30,8299,131.65
2013-07-31,8299,129.91
2013-07-01,8349,12.02
2013-07-02,8349,11.8
2013-07-03,8349,11.68
2013-07-04,8349,11.61
2013-07-05,8349,11.59
2013-07-08,8349,11.46
2013-07-09,8349,11.38
2013-07-10,8349,11.38
2013-07-11,8349,11.46
2013-07-12,8349,11.44
2013-07-15,8349,11.42
2013-07-16,8349,11.51
2013-07-17,8349,11.46
2013-07-18,8349,11.51
2013-07-19,8349,11.46
2013-07-22,8349,11.48
2013-07-23,8349,11.4
2013-07-24,8349,11.36
2013-07-25,8349,11.36
2013-07-26,8349,11.33
2013-07-29,8349,11.42
2013-07-30,8349,11.46
2013-07-31,8349,11.42
2013-07-01,8354,9.04
2013-07-02,8354,9.44
2013-07-03,8354,9.39
2013-07-04,8354,9.77
2013-07-05,8354,10.0
2013-07-08,8354,10.18
2013-07-09,8354,10.61
2013-07-10,8354,10.43
2013-07-11,8354,10.31
2013-07-12,8354,10.71
2013-07-15,8354,11.45
2013-07-16,8354,11.63
2013-07-17,8354,11.47
2013-07-18,8354,11.4
2013-07-19,8354,10.61
2013-07-22,8354,10.92
2013-07-23,8354,10.99
2013-07-24,8354,10.81
2013-07-25,8354,10.61
2013-07-26,8354,10.36
2013-07-29,8354,10.48
2013-07-30,8354,10.26
2013-07-31,8354,10.26
2013-07-01,8358,6.0
2013-07-02,8358,5.86
2013-07-03,8358,5.88
2013-07-04,8358,5.83
2013-07-05,8358,5.86
2013-07-08,8358,5.97
2013-07-09,8358,5.87
2013-07-10,8358,5.92
2013-07-11,8358,5.92
2013-07-12,8358,5.9
2013-07-15,8358,5.93
2013-07-16,8358,5.91
2013-07-17,8358,5.91
2013-07-18,8358,5.87
2013-07-19,8358,5.92
2013-07-22,8358,5.85
2013-07-23,8358,5.88
2013-07-24,8358,5.9
2013-07-25,8358,5.93
2013-07-26,8358,5.92
2013-07-29,8358,5.95
2013-07-30,8358,5.92
2013-07-31,8358,5.88
2013-07-01,8374,22.56
2013-07-02,8374,22.39
2013-07-03,8374,22.05
2013-07-04,8374,22.0
2013-07-05,8374,22.26
2013-07-08,8374,21.88
2013-07-09,8374,22.0
2013-07-10,8374,23.54
2013-07-11,8374,23.33
2013-07-12,8374,23.24
2013-07-15,8374,23.71
2013-07-16,8374,23.67
2013-07-17,8374,23.24
2013-07-18,8374,22.77
2013-07-19,8374,22.05
2013-07-22,8374,22.78
2013-07-23,8374,22.82
2013-07-24,8374,22.44
2013-07-25,8374,22.78
2013-07-26,8374,22.57
2013-07-29,8374,22.39
2013-07-30,8374,22.35
2013-07-31,8374,22.22
2013-07-01,8383,9.57
2013-07-02,8383,9.52
2013-07-03,8383,9.5
2013-07-04,8383,9.4
2013-07-05,8383,9.55
2013-07-08,8383,9.45
2013-07-09,8383,9.47
2013-07-10,8383,9.5
2013-07-11,8383,9.5
2013-07-12,8383,9.45
2013-07-15,8383,9.52
2013-07-16,8383,9.52
2013-07-17,8383,9.55
2013-07-18,8383,9.57
2013-07-19,8383,9.47
2013-07-22,8383,9.47
2013-07-23,8383,9.77
2013-07-24,8383,9.77
2013-07-25,8383,9.77
2013-07-26,8383,9.84
2013-07-29,8383,9.89
2013-07-30,8383,9.92
2013-07-31,8383,9.99
2013-07-01,8390,21.66
2013-07-02,8390,21.7
2013-07-03,8390,21.44
2013-07-04,8390,21.53
2013-07-05,8390,21.53
2013-07-08,8390,21.26
2013-07-09,8390,21.13
2013-07-10,8390,21.0
2013-07-11,8390,21.0
2013-07-12,8390,21.26
2013-07-15,8390,21.53
2013-07-16,8390,21.66
2013-07-17,8390,21.66
2013-07-18,8390,21.57
2013-07-19,8390,21.66
2013-07-22,8390,22.05
2013-07-23,8390,22.4
2013-07-24,8390,22.31
2013-07-25,8390,22.22
2013-07-26,8390,23.53
2013-07-29,8390,23.01
2013-07-30,8390,22.44
2013-07-31,8390,22.0
2013-07-01,8401,6.44
2013-07-02,8401,6.46
2013-07-03,8401,6.44
2013-07-04,8401,6.3
2013-07-05,8401,6.38
2013-07-08,8401,6.34
2013-07-09,8401,6.38
2013-07-10,8401,6.38
2013-07-11,8401,6.38
2013-07-12,8401,6.4
2013-07-15,8401,6.42
2013-07-16,8401,6.36
2013-07-17,8401,6.36
2013-07-18,8401,6.32
2013-07-19,8401,6.28
2013-07-22,8401,6.28
2013-07-23,8401,6.46
2013-07-24,8401,6.38
2013-07-25,8401,6.4
2013-07-26,8401,6.42
2013-07-29,8401,6.38
2013-07-30,8401,6.44
2013-07-31,8401,6.44
2013-07-01,8403,19.84
2013-07-02,8403,19.69
2013-07-03,8403,19.79
2013-07-04,8403,19.35
2013-07-05,8403,19.38
2013-07-08,8403,19.09
2013-07-09,8403,19.45
2013-07-10,8403,19.45
2013-07-11,8403,19.35
2013-07-12,8403,19.93
2013-07-15,8403,20.52
2013-07-16,8403,20.03
2013-07-17,8403,20.22
2013-07-18,8403,19.89
2013-07-19,8403,19.74
2013-07-22,8403,19.72
2013-07-23,8403,20.39
2013-07-24,8403,20.25
2013-07-25,8403,20.22
2013-07-26,8403,19.84
2013-07-29,8403,21.22
2013-07-30,8403,21.17
2013-07-31,8403,21.41
2013-07-01,8404,7.28
2013-07-02,8404,7.3
2013-07-03,8404,7.4
2013-07-04,8404,7.91
2013-07-05,8404,8.44
2013-07-08,8404,8.82
2013-07-09,8404,8.62
2013-07-10,8404,8.67
2013-07-11,8404,8.37
2013-07-12,8404,8.44
2013-07-15,8404,8.75
2013-07-16,8404,8.93
2013-07-17,8404,8.85
2013-07-18,8404,8.67
2013-07-19,8404,8.57
2013-07-22,8404,8.62
2013-07-23,8404,8.49
2013-07-24,8404,8.34
2013-07-25,8404,8.47
2013-07-26,8404,8.39
2013-07-29,8404,8.29
2013-07-30,8404,8.85
2013-07-31,8404,8.75
2013-07-01,8406,401.78
2013-07-02,8406,401.78
2013-07-03,8406,393.23
2013-07-04,8406,373.02
2013-07-05,8406,379.63
2013-07-08,8406,373.02
2013-07-09,8406,398.67
2013-07-10,8406,404.11
2013-07-11,8406,424.31
2013-07-12,8406,420.43
2013-07-15,8406,430.53
2013-07-16,8406,450.73
2013-07-17,8406,452.29
2013-07-18,8406,437.4
2013-07-19,8406,449.16
2013-07-22,8406,435.05
2013-07-23,8406,432.7
2013-07-24,8406,443.67
2013-07-25,8406,433.48
2013-07-26,8406,430.35
2013-07-29,8406,430.35
2013-07-30,8406,429.56
2013-07-31,8406,426.43
2013-07-01,8409,19.04
2013-07-03,8409,19.52
2013-07-04,8409,19.23
2013-07-08,8409,19.23
2013-07-09,8409,18.95
2013-07-15,8409,19.71
2013-07-16,8409,20.47
2013-07-17,8409,20.95
2013-07-18,8409,21.95
2013-07-19,8409,24.28
2013-07-22,8409,21.8
2013-07-23,8409,22.39
2013-07-25,8409,21.9
2013-07-26,8409,21.9
2013-07-30,8409,22.09
2013-07-31,8409,21.9
2013-07-01,8410,19.92
2013-07-02,8410,19.75
2013-07-03,8410,19.35
2013-07-04,8410,19.35
2013-07-05,8410,19.18
2013-07-08,8410,19.18
2013-07-09,8410,19.86
2013-07-10,8410,19.69
2013-07-11,8410,19.86
2013-07-12,8410,19.72
2013-07-15,8410,19.86
2013-07-16,8410,21.23
2013-07-17,8410,20.86
2013-07-18,8410,20.6
2013-07-19,8410,21.0
2013-07-22,8410,20.94
2013-07-23,8410,20.94
2013-07-24,8410,20.66
2013-07-25,8410,20.37
2013-07-26,8410,20.23
2013-07-29,8410,19.83
2013-07-30,8410,19.41
2013-07-31,8410,19.04
2013-07-01,8411,43.67
2013-07-02,8411,44.1
2013-07-03,8411,44.94
2013-07-04,8411,44.94
2013-07-05,8411,47.91
2013-07-08,8411,50.78
2013-07-09,8411,53.13
2013-07-10,8411,51.34
2013-07-11,8411,51.73
2013-07-12,8411,54.75
2013-07-15,8411,55.2
2013-07-16,8411,54.36
2013-07-17,8411,56.49
2013-07-18,8411,55.93
2013-07-19,8411,54.58
2013-07-22,8411,55.37
2013-07-23,8411,55.14
2013-07-24,8411,53.47
2013-07-25,8411,53.69
2013-07-26,8411,54.98
2013-07-29,8411,54.42
2013-07-30,8411,54.36
2013-07-31,8411,52.46
2013-07-02,8415,8.42
2013-07-03,8415,8.34
2013-07-04,8415,8.48
2013-07-05,8415,8.34
2013-07-08,8415,8.48
2013-07-09,8415,8.31
2013-07-11,8415,8.28
2013-07-16,8415,8.28
2013-07-17,8415,8.42
2013-07-18,8415,8.34
2013-07-19,8415,8.25
2013-07-23,8415,8.25
2013-07-24,8415,8.25
2013-07-25,8415,8.25
2013-07-26,8415,8.39
2013-07-29,8415,8.28
2013-07-30,8415,8.11
2013-07-31,8415,8.11
2013-07-01,8416,80.62
2013-07-02,8416,77.79
2013-07-03,8416,75.9
2013-07-04,8416,78.73
2013-07-05,8416,82.27
2013-07-08,8416,86.28
2013-07-09,8416,83.92
2013-07-10,8416,81.56
2013-07-11,8416,87.22
2013-07-12,8416,91.7
2013-07-15,8416,87.93
2013-07-16,8416,94.05
2013-07-17,8416,99.83
2013-07-18,8416,106.56
2013-07-19,8416,106.8
2013-07-22,8416,113.3
2013-07-23,8416,114.5
2013-07-24,8416,113.78
2013-07-25,8416,105.84
2013-07-26,8416,105.36
2013-07-29,8416,104.64
2013-07-30,8416,105.84
2013-07-31,8416,100.07
2013-07-01,8418,26.75
2013-07-02,8418,26.89
2013-07-03,8418,26.61
2013-07-04,8418,26.47
2013-07-05,8418,26.61
2013-07-08,8418,26.24
2013-07-09,8418,26.33
2013-07-10,8418,26.62
2013-07-11,8418,26.57
2013-07-12,8418,26.76
2013-07-15,8418,26.52
2013-07-16,8418,26.57
2013-07-17,8418,26.52
2013-07-18,8418,26.81
2013-07-19,8418,26.67
2013-07-22,8418,26.85
2013-07-23,8418,26.71
2013-07-24,8418,26.62
2013-07-25,8418,28.18
2013-07-26,8418,28.79
2013-07-29,8418,27.94
2013-07-30,8418,28.18
2013-07-31,8418,27.85
2013-07-22,8420,16.98
2013-07-24,8420,16.84
2013-07-26,8420,16.71
2013-07-01,8421,11.91
2013-07-02,8421,11.8
2013-07-03,8421,11.8
2013-07-04,8421,11.8
2013-07-05,8421,11.83
2013-07-08,8421,11.83
2013-07-09,8421,11.8
2013-07-10,8421,11.91
2013-07-11,8421,11.54
2013-07-12,8421,11.61
2013-07-15,8421,11.65
2013-07-16,8421,11.98
2013-07-17,8421,12.02
2013-07-18,8421,11.8
2013-07-19,8421,11.83
2013-07-22,8421,12.13
2013-07-23,8421,12.31
2013-07-24,8421,12.35
2013-07-25,8421,12.42
2013-07-26,8421,12.24
2013-07-29,8421,12.09
2013-07-30,8421,12.01
2013-07-31,8421,11.86
2013-07-01,8422,111.71
2013-07-02,8422,115.11
2013-07-03,8422,114.38
2013-07-04,8422,111.71
2013-07-05,8422,111.95
2013-07-08,8422,112.99
2013-07-09,8422,108.37
2013-07-10,8422,111.45
2013-07-11,8422,111.97
2013-07-12,8422,116.33
2013-07-15,8422,115.82
2013-07-16,8422,115.05
2013-07-17,8422,114.02
2013-07-18,8422,114.53
2013-07-19,8422,110.42
2013-07-22,8422,112.22
2013-07-23,8422,111.45
2013-07-24,8422,110.94
2013-07-25,8422,108.63
2013-07-26,8422,105.29
2013-07-29,8422,103.49
2013-07-30,8422,103.75
2013-07-31,8422,101.69
2013-07-01,8423,12.83
2013-07-04,8423,12.92
2013-07-05,8423,12.66
2013-07-08,8423,12.53
2013-07-09,8423,12.53
2013-07-10,8423,12.75
2013-07-11,8423,13.17
2013-07-12,8423,13.11
2013-07-15,8423,13.07
2013-07-16,8423,12.98
2013-07-17,8423,13.04
2013-07-19,8423,13.04
2013-07-22,8423,13.09
2013-07-23,8423,13.4
2013-07-24,8423,13.42
2013-07-25,8423,13.49
2013-07-29,8423,13.85
2013-07-30,8423,13.81
2013-07-31,8423,13.92
2013-07-01,8424,15.22
2013-07-02,8424,15.26
2013-07-03,8424,15.2
2013-07-04,8424,14.89
2013-07-05,8424,15.01
2013-07-08,8424,15.01
2013-07-09,8424,15.01
2013-07-10,8424,15.28
2013-07-11,8424,15.41
2013-07-12,8424,15.8
2013-07-15,8424,15.86
2013-07-16,8424,15.8
2013-07-17,8424,15.76
2013-07-18,8424,15.82
2013-07-19,8424,15.8
2013-07-22,8424,15.8
2013-07-23,8424,15.8
2013-07-24,8424,15.97
2013-07-25,8424,17.08
2013-07-26,8424,18.26
2013-07-29,8424,18.26
2013-07-30,8424,18.39
2013-07-31,8424,19.67
2013-07-01,8426,24.09
2013-07-02,8426,24.34
2013-07-03,8426,24.34
2013-07-04,8426,24.34
2013-07-05,8426,24.34
2013-07-08,8426,24.34
2013-07-09,8426,24.25
2013-07-10,8426,25.13
2013-07-11,8426,25.13
2013-07-12,8426,25.05
2013-07-15,8426,25.34
2013-07-16,8426,25.81
2013-07-17,8426,25.69
2013-07-18,8426,25.49
2013-07-19,8426,25.69
2013-07-22,8426,25.46
2013-07-23,8426,25.63
2013-07-24,8426,25.69
2013-07-25,8426,26.6
2013-07-26,8426,26.04
2013-07-29,8426,26.16
2013-07-30,8426,26.1
2013-07-31,8426,26.19
2013-07-01,8427,50.12
2013-07-02,8427,50.28
2013-07-03,8427,50.6
2013-07-04,8427,50.44
2013-07-05,8427,50.52
2013-07-08,8427,50.6
2013-07-09,8427,50.6
2013-07-10,8427,50.6
2013-07-11,8427,50.6
2013-07-12,8427,50.68
2013-07-15,8427,50.76
2013-07-16,8427,50.44
2013-07-17,8427,50.44
2013-07-18,8427,51.08
2013-07-19,8427,51.48
2013-07-22,8427,53.0
2013-07-23,8427,53.16
2013-07-24,8427,53.56
2013-07-25,8427,53.64
2013-07-26,8427,53.16
2013-07-29,8427,52.92
2013-07-30,8427,52.76
2013-07-31,8427,53.72
2013-07-01,8429,35.03
2013-07-02,8429,35.48
2013-07-03,8429,35.03
2013-07-04,8429,35.37
2013-07-05,8429,35.77
2013-07-08,8429,35.03
2013-07-09,8429,35.37
2013-07-10,8429,36.05
2013-07-11,8429,35.14
2013-07-12,8429,35.94
2013-07-15,8429,36.05
2013-07-16,8429,36.73
2013-07-17,8429,36.56
2013-07-18,8429,36.32
2013-07-19,8429,35.53
2013-07-22,8429,35.71
2013-07-23,8429,36.2
2013-07-24,8429,36.08
2013-07-25,8429,36.08
2013-07-26,8429,35.89
2013-07-29,8429,38.39
2013-07-30,8429,39.54
2013-07-31,8429,39.36
2013-07-01,8431,18.53
2013-07-02,8431,18.99
2013-07-08,8431,18.53
2013-07-09,8431,18.62
2013-07-10,8431,18.99
2013-07-11,8431,19.32
2013-07-12,8431,19.4
2013-07-16,8431,19.46
2013-07-17,8431,20.01
2013-07-18,8431,21.22
2013-07-19,8431,21.31
2013-07-22,8431,21.31
2013-07-23,8431,20.85
2013-07-25,8431,20.85
2013-07-26,8431,21.31
2013-07-29,8431,20.38
2013-07-30,8431,20.38
2013-07-31,8431,21.13
2013-07-01,8432,53.73
2013-07-02,8432,53.73
2013-07-03,8432,53.85
2013-07-04,8432,53.37
2013-07-05,8432,53.14
2013-07-08,8432,51.48
2013-07-09,8432,51.95
2013-07-10,8432,52.66
2013-07-11,8432,52.66
2013-07-12,8432,53.26
2013-07-15,8432,53.43
2013-07-16,8432,53.08
2013-07-17,8432,52.66
2013-07-18,8432,51.95
2013-07-19,8432,52.43
2013-07-22,8432,52.25
2013-07-23,8432,52.13
2013-07-24,8432,52.66
2013-07-25,8432,52.43
2013-07-26,8432,52.96
2013-07-29,8432,52.96
2013-07-30,8432,53.26
2013-07-31,8432,53.26
2013-07-01,8433,19.52
2013-07-02,8433,19.46
2013-07-03,8433,19.24
2013-07-04,8433,18.85
2013-07-05,8433,19.03
2013-07-08,8433,18.6
2013-07-09,8433,18.75
2013-07-10,8433,18.6
2013-07-11,8433,19.61
2013-07-12,8433,19.52
2013-07-15,8433,19.3
2013-07-16,8433,19.4
2013-07-17,8433,19.79
2013-07-18,8433,19.33
2013-07-19,8433,19.15
2013-07-22,8433,18.97
2013-07-23,8433,19.88
2013-07-24,8433,21.26
2013-07-25,8433,22.72
2013-07-26,8433,23.67
2013-07-29,8433,24.03
2013-07-30,8433,23.63
2013-07-31,8433,24.03
2013-07-01,8435,22.16
2013-07-02,8435,22.28
2013-07-03,8435,22.24
2013-07-04,8435,22.16
2013-07-05,8435,21.86
2013-07-08,8435,21.86
2013-07-09,8435,21.99
2013-07-10,8435,21.48
2013-07-11,8435,21.91
2013-07-12,8435,22.24
2013-07-15,8435,21.93
2013-07-16,8435,22.87
2013-07-17,8435,22.73
2013-07-18,8435,22.69
2013-07-19,8435,22.33
2013-07-22,8435,22.65
2013-07-23,8435,22.33
2013-07-24,8435,22.24
2013-07-25,8435,22.04
2013-07-26,8435,21.93
2013-07-29,8435,21.89
2013-07-30,8435,21.98
2013-07-31,8435,22.13
2013-07-01,8436,43.52
2013-07-02,8436,43.45
2013-07-03,8436,43.25
2013-07-04,8436,42.7
2013-07-05,8436,42.5
2013-07-08,8436,42.16
2013-07-09,8436,42.45
2013-07-10,8436,42.62
2013-07-11,8436,42.81
2013-07-12,8436,42.7
2013-07-15,8436,44.01
2013-07-16,8436,45.07
2013-07-17,8436,46.02
2013-07-18,8436,49.43
2013-07-19,8436,49.58
2013-07-22,8436,45.15
2013-07-23,8436,45.75
2013-07-24,8436,45.84
2013-07-25,8436,44.38
2013-07-26,8436,45.09
2013-07-29,8436,45.84
2013-07-30,8436,45.53
2013-07-31,8436,45.49
2013-07-01,8438,27.38
2013-07-05,8438,27.12
2013-07-08,8438,26.94
2013-07-09,8438,27.12
2013-07-15,8438,27.12
2013-07-19,8438,28.1
2013-07-22,8438,27.59
2013-07-01,8440,12.01
2013-07-03,8440,11.84
2013-07-04,8440,11.88
2013-07-05,8440,11.94
2013-07-09,8440,11.74
2013-07-10,8440,12.14
2013-07-15,8440,12.2
2013-07-16,8440,11.81
2013-07-17,8440,11.88
2013-07-18,8440,11.88
2013-07-19,8440,11.88
2013-07-22,8440,11.88
2013-07-23,8440,11.94
2013-07-26,8440,11.68
2013-07-29,8440,11.68
2013-07-30,8440,12.4
2013-07-31,8440,12.22
2013-07-01,8443,33.02
2013-07-02,8443,32.87
2013-07-03,8443,32.94
2013-07-04,8443,32.79
2013-07-05,8443,32.87
2013-07-08,8443,33.64
2013-07-09,8443,33.35
2013-07-10,8443,33.44
2013-07-11,8443,33.49
2013-07-12,8443,33.49
2013-07-15,8443,33.8
2013-07-16,8443,34.13
2013-07-17,8443,34.35
2013-07-18,8443,34.35
2013-07-19,8443,34.34
2013-07-22,8443,34.73
2013-07-23,8443,34.49
2013-07-24,8443,34.64
2013-07-25,8443,35.04
2013-07-26,8443,34.8
2013-07-29,8443,34.45
2013-07-30,8443,34.64
2013-07-31,8443,34.5
2013-07-08,8444,18.9
2013-07-09,8444,18.8
2013-07-11,8444,18.72
2013-07-15,8444,18.09
2013-07-16,8444,17.15
2013-07-17,8444,18.23
2013-07-18,8444,17.34
2013-07-19,8444,18.18
2013-07-22,8444,18.02
2013-07-23,8444,18.17
2013-07-24,8444,18.17
2013-07-25,8444,18.72
2013-07-29,8444,18.96
2013-07-30,8444,19.19
2013-07-02,8446,31.56
2013-07-03,8446,31.88
2013-07-09,8446,33.22
2013-07-11,8446,34.09
2013-07-17,8446,35.03
2013-07-18,8446,35.35
2013-07-19,8446,35.03
2013-07-22,8446,36.8
2013-07-23,8446,38.5
2013-07-24,8446,41.2
2013-07-29,8446,41.98
2013-07-30,8446,44.85
2013-07-31,8446,53.65
2013-07-01,8905,14.87
2013-07-02,8905,14.81
2013-07-03,8905,14.66
2013-07-04,8905,14.69
2013-07-05,8905,14.89
2013-07-08,8905,14.97
2013-07-09,8905,15.18
2013-07-10,8905,15.39
2013-07-11,8905,16.46
2013-07-12,8905,16.83
2013-07-15,8905,16.46
2013-07-16,8905,16.46
2013-07-17,8905,16.93
2013-07-18,8905,16.8
2013-07-19,8905,16.99
2013-07-22,8905,16.96
2013-07-23,8905,16.99
2013-07-24,8905,16.78
2013-07-25,8905,16.88
2013-07-26,8905,16.88
2013-07-29,8905,16.75
2013-07-30,8905,16.88
2013-07-31,8905,16.8
2013-07-01,8906,11.18
2013-07-02,8906,11.27
2013-07-04,8906,11.67
2013-07-05,8906,11.68
2013-07-08,8906,11.99
2013-07-09,8906,12.15
2013-07-10,8906,12.48
2013-07-12,8906,12.34
2013-07-16,8906,12.62
2013-07-18,8906,11.75
2013-07-19,8906,12.09
2013-07-22,8906,11.88
2013-07-23,8906,11.73
2013-07-24,8906,11.73
2013-07-25,8906,11.53
2013-07-29,8906,12.27
2013-07-30,8906,13.12
2013-07-31,8906,12.72
2013-07-01,8908,10.14
2013-07-03,8908,10.0
2013-07-04,8908,10.0
2013-07-05,8908,9.98
2013-07-10,8908,10.0
2013-07-11,8908,10.1
2013-07-12,8908,10.1
2013-07-15,8908,10.13
2013-07-17,8908,10.13
2013-07-18,8908,10.13
2013-07-19,8908,10.13
2013-07-22,8908,10.52
2013-07-23,8908,10.39
2013-07-24,8908,10.26
2013-07-25,8908,10.26
2013-07-26,8908,10.57
2013-07-29,8908,10.39
2013-07-30,8908,10.39
2013-07-31,8908,10.4
2013-07-01,8916,9.86
2013-07-02,8916,9.96
2013-07-03,8916,9.96
2013-07-04,8916,9.98
2013-07-05,8916,9.96
2013-07-08,8916,10.03
2013-07-09,8916,10.27
2013-07-10,8916,10.99
2013-07-11,8916,11.75
2013-07-12,8916,12.38
2013-07-15,8916,12.78
2013-07-16,8916,12.69
2013-07-17,8916,13.57
2013-07-18,8916,13.74
2013-07-19,8916,14.65
2013-07-22,8916,14.6
2013-07-23,8916,15.27
2013-07-24,8916,15.39
2013-07-25,8916,15.34
2013-07-26,8916,14.79
2013-07-29,8916,14.75
2013-07-30,8916,15.77
2013-07-31,8916,16.13
2013-07-02,8917,27.52
2013-07-05,8917,28.08
2013-07-08,8917,28.08
2013-07-09,8917,27.52
2013-07-10,8917,26.86
2013-07-11,8917,26.95
2013-07-12,8917,27.8
2013-07-15,8917,27.8
2013-07-16,8917,27.8
2013-07-17,8917,27.63
2013-07-19,8917,26.5
2013-07-22,8917,26.27
2013-07-23,8917,26.64
2013-07-25,8917,26.1
2013-07-29,8917,26.1
2013-07-31,8917,25.53
2013-07-02,8921,13.37
2013-07-05,8921,13.25
2013-07-17,8921,12.74
2013-07-18,8921,12.93
2013-07-31,8921,13.01
2013-07-01,8923,9.99
2013-07-02,8923,9.99
2013-07-03,8923,9.99
2013-07-04,8923,9.93
2013-07-09,8923,9.64
2013-07-10,8923,9.93
2013-07-11,8923,9.58
2013-07-12,8923,9.79
2013-07-16,8923,10.08
2013-07-17,8923,10.34
2013-07-18,8923,9.84
2013-07-22,8923,10.05
2013-07-24,8923,9.82
2013-07-25,8923,9.93
2013-07-30,8923,9.47
2013-07-31,8923,9.87
2013-07-01,8924,12.85
2013-07-02,8924,12.81
2013-07-03,8924,12.66
2013-07-04,8924,12.48
2013-07-05,8924,12.63
2013-07-08,8924,12.7
2013-07-09,8924,12.66
2013-07-10,8924,12.74
2013-07-11,8924,12.63
2013-07-12,8924,12.77
2013-07-15,8924,13.03
2013-07-16,8924,13.03
2013-07-17,8924,12.95
2013-07-18,8924,13.83
2013-07-19,8924,13.72
2013-07-22,8924,13.61
2013-07-23,8924,13.65
2013-07-24,8924,13.65
2013-07-25,8924,13.79
2013-07-26,8924,13.94
2013-07-29,8924,14.27
2013-07-30,8924,14.01
2013-07-31,8924,13.79
2013-07-01,8926,9.84
2013-07-02,8926,9.87
2013-07-03,8926,9.8
2013-07-04,8926,9.87
2013-07-05,8926,9.84
2013-07-08,8926,9.84
2013-07-09,8926,9.87
2013-07-10,8926,9.87
2013-07-11,8926,9.8
2013-07-12,8926,9.99
2013-07-15,8926,10.02
2013-07-16,8926,10.17
2013-07-17,8926,10.17
2013-07-18,8926,10.12
2013-07-19,8926,10.1
2013-07-22,8926,10.15
2013-07-23,8926,10.15
2013-07-24,8926,10.12
2013-07-25,8926,10.1
2013-07-26,8926,10.1
2013-07-29,8926,10.07
2013-07-30,8926,10.2
2013-07-31,8926,10.15
2013-07-01,8927,8.27
2013-07-02,8927,8.36
2013-07-03,8927,8.24
2013-07-04,8927,8.24
2013-07-05,8927,8.3
2013-07-08,8927,8.27
2013-07-09,8927,8.27
2013-07-10,8927,8.27
2013-07-11,8927,8.27
2013-07-12,8927,8.24
2013-07-15,8927,8.24
2013-07-16,8927,8.24
2013-07-17,8927,8.2
2013-07-18,8927,8.43
2013-07-19,8927,8.4
2013-07-22,8927,8.43
2013-07-23,8927,8.4
2013-07-24,8927,8.43
2013-07-25,8927,8.52
2013-07-26,8927,8.4
2013-07-29,8927,8.3
2013-07-30,8927,8.3
2013-07-31,8927,8.27
2013-07-01,8928,4.66
2013-07-02,8928,4.59
2013-07-03,8928,4.6
2013-07-04,8928,4.56
2013-07-05,8928,4.59
2013-07-08,8928,4.56
2013-07-09,8928,4.6
2013-07-10,8928,4.53
2013-07-11,8928,4.59
2013-07-12,8928,4.53
2013-07-15,8928,4.56
2013-07-16,8928,4.57
2013-07-17,8928,4.65
2013-07-18,8928,4.73
2013-07-19,8928,4.75
2013-07-22,8928,4.8
2013-07-23,8928,4.88
2013-07-24,8928,4.8
2013-07-25,8928,4.88
2013-07-26,8928,4.88
2013-07-29,8928,4.91
2013-07-30,8928,4.93
2013-07-31,8928,4.93
2013-07-01,8929,16.11
2013-07-02,8929,16.24
2013-07-03,8929,16.02
2013-07-04,8929,16.07
2013-07-05,8929,17.17
2013-07-08,8929,18.35
2013-07-09,8929,18.7
2013-07-10,8929,19.24
2013-07-11,8929,18.99
2013-07-12,8929,19.26
2013-07-15,8929,18.48
2013-07-16,8929,19.76
2013-07-17,8929,21.13
2013-07-18,8929,20.47
2013-07-19,8929,20.35
2013-07-22,8929,20.49
2013-07-23,8929,20.81
2013-07-24,8929,20.67
2013-07-25,8929,19.85
2013-07-26,8929,19.56
2013-07-29,8929,20.35
2013-07-30,8929,19.69
2013-07-31,8929,19.82
2013-07-01,8930,6.41
2013-07-02,8930,6.41
2013-07-03,8930,6.46
2013-07-04,8930,6.53
2013-07-05,8930,6.55
2013-07-08,8930,6.57
2013-07-09,8930,6.62
2013-07-10,8930,6.69
2013-07-11,8930,6.73
2013-07-12,8930,6.76
2013-07-15,8930,6.83
2013-07-16,8930,6.8
2013-07-17,8930,6.76
2013-07-18,8930,6.73
2013-07-19,8930,6.71
2013-07-22,8930,6.78
2013-07-23,8930,6.8
2013-07-24,8930,6.85
2013-07-25,8930,6.83
2013-07-26,8930,6.78
2013-07-29,8930,6.76
2013-07-30,8930,6.73
2013-07-31,8930,6.73
2013-07-01,8931,10.91
2013-07-02,8931,11.0
2013-07-03,8931,10.88
2013-07-04,8931,10.91
2013-07-05,8931,10.91
2013-07-08,8931,10.91
2013-07-09,8931,10.88
2013-07-10,8931,10.88
2013-07-11,8931,10.97
2013-07-12,8931,11.0
2013-07-15,8931,10.94
2013-07-16,8931,10.94
2013-07-17,8931,11.0
2013-07-18,8931,11.0
2013-07-19,8931,11.0
2013-07-22,8931,10.94
2013-07-23,8931,10.94
2013-07-24,8931,11.0
2013-07-25,8931,10.97
2013-07-26,8931,10.94
2013-07-29,8931,10.94
2013-07-30,8931,10.94
2013-07-31,8931,10.97
2013-07-01,8932,10.84
2013-07-02,8932,10.79
2013-07-03,8932,10.56
2013-07-04,8932,10.56
2013-07-05,8932,11.17
2013-07-08,8932,11.92
2013-07-09,8932,12.25
2013-07-10,8932,11.92
2013-07-11,8932,11.78
2013-07-12,8932,12.06
2013-07-15,8932,12.06
2013-07-16,8932,12.35
2013-07-17,8932,13.19
2013-07-18,8932,14.09
2013-07-19,8932,14.04
2013-07-22,8932,14.99
2013-07-23,8932,14.8
2013-07-24,8932,15.55
2013-07-25,8932,16.21
2013-07-26,8932,15.88
2013-07-29,8932,14.8
2013-07-30,8932,14.8
2013-07-31,8932,15.79
2013-07-01,8933,22.89
2013-07-02,8933,22.59
2013-07-03,8933,22.83
2013-07-04,8933,22.41
2013-07-05,8933,22.59
2013-07-08,8933,22.35
2013-07-09,8933,23.42
2013-07-10,8933,22.83
2013-07-11,8933,21.28
2013-07-12,8933,20.74
2013-07-15,8933,20.86
2013-07-16,8933,20.86
2013-07-17,8933,20.44
2013-07-18,8933,20.32
2013-07-19,8933,20.56
2013-07-22,8933,20.56
2013-07-23,8933,20.56
2013-07-24,8933,20.74
2013-07-25,8933,20.68
2013-07-26,8933,20.26
2013-07-29,8933,19.96
2013-07-30,8933,19.9
2013-07-31,8933,18.52
2013-07-01,8935,11.54
2013-07-02,8935,11.41
2013-07-03,8935,11.19
2013-07-04,8935,11.09
2013-07-05,8935,11.19
2013-07-08,8935,10.96
2013-07-09,8935,10.26
2013-07-10,8935,10.33
2013-07-11,8935,10.14
2013-07-12,8935,9.67
2013-07-15,8935,10.14
2013-07-16,8935,10.0
2013-07-17,8935,9.91
2013-07-18,8935,9.72
2013-07-19,8935,9.63
2013-07-22,8935,9.6
2013-07-23,8935,9.89
2013-07-24,8935,9.79
2013-07-25,8935,9.91
2013-07-26,8935,10.26
2013-07-29,8935,10.29
2013-07-30,8935,10.29
2013-07-31,8935,10.24
2013-07-01,8936,17.34
2013-07-02,8936,17.24
2013-07-03,8936,17.38
2013-07-04,8936,17.45
2013-07-05,8936,17.9
2013-07-08,8936,17.73
2013-07-09,8936,18.61
2013-07-10,8936,18.47
2013-07-11,8936,18.36
2013-07-12,8936,18.08
2013-07-15,8936,17.87
2013-07-16,8936,18.22
2013-07-17,8936,18.43
2013-07-18,8936,18.54
2013-07-19,8936,18.22
2013-07-22,8936,18.01
2013-07-23,8936,18.47
2013-07-24,8936,18.4
2013-07-25,8936,18.01
2013-07-26,8936,17.59
2013-07-29,8936,17.59
2013-07-30,8936,18.04
2013-07-31,8936,18.68
2013-07-01,8937,17.15
2013-07-02,8937,18.33
2013-07-03,8937,17.77
2013-07-04,8937,17.81
2013-07-05,8937,17.86
2013-07-08,8937,17.15
2013-07-09,8937,17.11
2013-07-10,8937,17.25
2013-07-11,8937,17.25
2013-07-12,8937,17.06
2013-07-15,8937,17.2
2013-07-16,8937,17.34
2013-07-17,8937,17.06
2013-07-18,8937,17.01
2013-07-19,8937,16.73
2013-07-22,8937,16.87
2013-07-23,8937,16.82
2013-07-24,8937,16.59
2013-07-25,8937,16.78
2013-07-26,8937,16.54
2013-07-29,8937,16.96
2013-07-30,8937,17.58
2013-07-31,8937,17.91
2013-07-01,8938,17.85
2013-07-02,8938,17.9
2013-07-03,8938,17.87
2013-07-04,8938,17.79
2013-07-05,8938,17.9
2013-07-08,8938,17.93
2013-07-09,8938,17.87
2013-07-10,8938,17.87
2013-07-11,8938,17.81
2013-07-12,8938,17.84
2013-07-15,8938,17.99
2013-07-16,8938,17.87
2013-07-17,8938,17.93
2013-07-18,8938,18.05
2013-07-19,8938,18.05
2013-07-22,8938,17.99
2013-07-23,8938,17.99
2013-07-24,8938,17.93
2013-07-25,8938,17.99
2013-07-26,8938,18.31
2013-07-29,8938,18.54
2013-07-30,8938,18.6
2013-07-31,8938,18.8
2013-07-01,8940,23.0
2013-07-02,8940,22.9
2013-07-03,8940,22.4
2013-07-04,8940,22.2
2013-07-05,8940,22.4
2013-07-08,8940,22.4
2013-07-09,8940,22.55
2013-07-10,8940,22.5
2013-07-11,8940,22.5
2013-07-12,8940,22.7
2013-07-15,8940,22.75
2013-07-16,8940,22.8
2013-07-17,8940,22.9
2013-07-18,8940,22.95
2013-07-19,8940,23.0
2013-07-22,8940,23.0
2013-07-23,8940,23.35
2013-07-24,8940,23.1
2013-07-25,8940,23.0
2013-07-26,8940,23.1
2013-07-29,8940,23.0
2013-07-30,8940,23.1
2013-07-31,8940,23.2
2013-07-01,8941,7.43
2013-07-02,8941,7.08
2013-07-03,8941,7.56
2013-07-04,8941,8.08
2013-07-05,8941,7.7
2013-07-09,8941,7.56
2013-07-10,8941,7.7
2013-07-15,8941,7.72
2013-07-16,8941,8.26
2013-07-17,8941,8.1
2013-07-18,8941,8.67
2013-07-19,8941,9.13
2013-07-23,8941,8.59
2013-07-24,8941,8.16
2013-07-25,8941,8.67
2013-07-26,8941,8.16
2013-07-29,8941,7.86
2013-07-30,8941,8.21
2013-07-31,8941,7.99
2013-07-01,8942,23.79
2013-07-02,8942,23.79
2013-07-03,8942,23.46
2013-07-04,8942,23.46
2013-07-05,8942,24.63
2013-07-08,8942,25.33
2013-07-09,8942,25.05
2013-07-10,8942,25.29
2013-07-11,8942,25.2
2013-07-12,8942,25.57
2013-07-15,8942,25.33
2013-07-16,8942,25.15
2013-07-17,8942,25.48
2013-07-18,8942,24.87
2013-07-19,8942,24.58
2013-07-22,8942,24.68
2013-07-23,8942,24.96
2013-07-24,8942,24.68
2013-07-25,8942,25.48
2013-07-26,8942,25.2
2013-07-29,8942,24.91
2013-07-30,8942,24.73
2013-07-31,8942,24.63
2013-07-01,8996,34.15
2013-07-02,8996,33.74
2013-07-03,8996,33.4
2013-07-04,8996,33.8
2013-07-05,8996,35.25
2013-07-08,8996,35.37
2013-07-09,8996,35.02
2013-07-10,8996,35.25
2013-07-11,8996,35.08
2013-07-12,8996,35.95
2013-07-15,8996,38.44
2013-07-16,8996,39.66
2013-07-17,8996,39.43
2013-07-18,8996,39.31
2013-07-19,8996,38.5
2013-07-22,8996,38.96
2013-07-23,8996,40.47
2013-07-24,8996,41.57
2013-07-25,8996,41.86
2013-07-26,8996,42.68
2013-07-29,8996,41.87
2013-07-30,8996,41.8
2013-07-31,8996,44.69
2013-07-01,9802,18.27
2013-07-02,9802,18.03
2013-07-03,9802,18.16
2013-07-04,9802,18.16
2013-07-05,9802,18.27
2013-07-08,9802,18.45
2013-07-09,9802,19.17
2013-07-10,9802,19.0
2013-07-11,9802,19.0
2013-07-12,9802,18.83
2013-07-15,9802,18.91
2013-07-16,9802,19.34
2013-07-17,9802,19.48
2013-07-18,9802,19.28
2013-07-19,9802,19.17
2013-07-22,9802,19.25
2013-07-23,9802,19.4
2013-07-24,9802,19.54
2013-07-25,9802,19.23
2013-07-26,9802,19.4
2013-07-29,9802,19.28
2013-07-30,9802,19.45
2013-07-31,9802,19.4
2013-07-01,9902,14.3
2013-07-02,9902,14.55
2013-07-03,9902,14.39
2013-07-04,9902,14.35
2013-07-05,9902,14.39
2013-07-08,9902,14.43
2013-07-09,9902,14.47
2013-07-10,9902,14.8
2013-07-11,9902,14.88
2013-07-12,9902,14.8
2013-07-15,9902,14.88
2013-07-16,9902,15.91
2013-07-17,9902,15.7
2013-07-18,9902,15.33
2013-07-19,9902,15.66
2013-07-22,9902,15.66
2013-07-23,9902,15.66
2013-07-24,9902,14.88
2013-07-25,9902,14.88
2013-07-26,9902,14.92
2013-07-29,9902,14.84
2013-07-30,9902,14.84
2013-07-31,9902,14.8
2013-07-01,9904,18.06
2013-07-02,9904,18.1
2013-07-03,9904,18.1
2013-07-04,9904,18.03
2013-07-05,9904,18.16
2013-07-08,9904,18.22
2013-07-09,9904,18.1
2013-07-10,9904,18.53
2013-07-11,9904,19.13
2013-07-12,9904,19.22
2013-07-15,9904,19.59
2013-07-16,9904,19.66
2013-07-17,9904,19.97
2013-07-18,9904,19.56
2013-07-19,9904,19.72
2013-07-22,9904,19.72
2013-07-23,9904,20.05
2013-07-24,9904,20.14
2013-07-25,9904,19.75
2013-07-26,9904,19.32
2013-07-29,9904,19.39
2013-07-30,9904,20.54
2013-07-31,9904,20.11
2013-07-01,9905,16.48
2013-07-02,9905,16.41
2013-07-03,9905,16.26
2013-07-04,9905,16.26
2013-07-05,9905,16.24
2013-07-08,9905,16.26
2013-07-09,9905,16.46
2013-07-10,9905,16.73
2013-07-11,9905,16.68
2013-07-12,9905,16.63
2013-07-15,9905,16.73
2013-07-16,9905,16.95
2013-07-17,9905,17.17
2013-07-18,9905,17.2
2013-07-19,9905,17.27
2013-07-22,9905,17.16
2013-07-23,9905,17.48
2013-07-24,9905,17.22
2013-07-25,9905,17.16
2013-07-26,9905,17.16
2013-07-29,9905,16.98
2013-07-30,9905,17.06
2013-07-31,9905,17.01
2013-07-01,9906,32.51
2013-07-02,9906,34.12
2013-07-03,9906,32.12
2013-07-04,9906,31.15
2013-07-05,9906,32.99
2013-07-08,9906,31.05
2013-07-09,9906,31.34
2013-07-10,9906,30.37
2013-07-11,9906,30.47
2013-07-12,9906,31.15
2013-07-15,9906,30.79
2013-07-16,9906,32.83
2013-07-17,9906,35.09
2013-07-18,9906,37.52
2013-07-19,9906,40.11
2013-07-22,9906,37.36
2013-07-23,9906,37.2
2013-07-24,9906,36.71
2013-07-25,9906,35.09
2013-07-26,9906,35.09
2013-07-29,9906,35.58
2013-07-30,9906,38.01
2013-07-31,9906,38.01
2013-07-01,9907,18.44
2013-07-02,9907,18.26
2013-07-03,9907,17.99
2013-07-04,9907,18.02
2013-07-05,9907,18.61
2013-07-08,9907,18.2
2013-07-09,9907,17.92
2013-07-10,9907,17.75
2013-07-11,9907,18.23
2013-07-12,9907,18.09
2013-07-15,9907,18.09
2013-07-16,9907,18.3
2013-07-17,9907,18.02
2013-07-18,9907,18.06
2013-07-19,9907,18.33
2013-07-22,9907,19.06
2013-07-23,9907,19.09
2013-07-24,9907,18.82
2013-07-25,9907,18.51
2013-07-26,9907,18.33
2013-07-29,9907,17.89
2013-07-30,9907,18.3
2013-07-31,9907,18.09
2013-07-01,9908,13.83
2013-07-02,9908,13.8
2013-07-03,9908,13.77
2013-07-04,9908,13.83
2013-07-05,9908,13.86
2013-07-08,9908,13.89
2013-07-09,9908,14.02
2013-07-10,9908,14.11
2013-07-11,9908,14.37
2013-07-12,9908,14.52
2013-07-15,9908,14.52
2013-07-16,9908,14.49
2013-07-17,9908,14.56
2013-07-18,9908,14.59
2013-07-19,9908,14.46
2013-07-22,9908,14.56
2013-07-23,9908,14.49
2013-07-24,9908,14.43
2013-07-25,9908,14.49
2013-07-26,9908,14.56
2013-07-29,9908,14.56
2013-07-30,9908,14.53
2013-07-31,9908,14.43
2013-07-01,9910,21.76
2013-07-02,9910,22.66
2013-07-03,9910,24.24
2013-07-04,9910,24.41
2013-07-05,9910,24.2
2013-07-08,9910,24.63
2013-07-09,9910,24.63
2013-07-10,9910,24.84
2013-07-11,9910,25.78
2013-07-12,9910,27.54
2013-07-15,9910,29.34
2013-07-16,9910,30.84
2013-07-17,9910,30.32
2013-07-18,9910,28.22
2013-07-19,9910,26.25
2013-07-22,9910,27.62
2013-07-23,9910,27.44
2013-07-24,9910,28.22
2013-07-25,9910,26.66
2013-07-26,9910,26.43
2013-07-29,9910,27.16
2013-07-30,9910,27.99
2013-07-31,9910,27.99
2013-07-01,9911,9.75
2013-07-02,9911,9.75
2013-07-03,9911,9.66
2013-07-04,9911,9.66
2013-07-05,9911,9.72
2013-07-08,9911,9.66
2013-07-09,9911,9.66
2013-07-10,9911,9.72
2013-07-11,9911,9.81
2013-07-12,9911,10.09
2013-07-15,9911,10.09
2013-07-16,9911,10.19
2013-07-17,9911,10.19
2013-07-18,9911,10.19
2013-07-19,9911,10.09
2013-07-22,9911,10.16
2013-07-23,9911,10.13
2013-07-24,9911,10.19
2013-07-25,9911,10.16
2013-07-26,9911,10.16
2013-07-29,9911,10.09
2013-07-30,9911,10.44
2013-07-31,9911,10.28
2013-07-01,9912,17.53
2013-07-02,9912,17.53
2013-07-03,9912,17.24
2013-07-04,9912,16.89
2013-07-05,9912,16.89
2013-07-08,9912,16.64
2013-07-09,9912,16.54
2013-07-10,9912,16.57
2013-07-11,9912,16.67
2013-07-12,9912,16.7
2013-07-15,9912,17.18
2013-07-16,9912,17.34
2013-07-17,9912,17.59
2013-07-18,9912,17.59
2013-07-19,9912,17.37
2013-07-22,9912,17.37
2013-07-23,9912,17.56
2013-07-24,9912,17.46
2013-07-25,9912,17.84
2013-07-26,9912,17.87
2013-07-29,9912,17.68
2013-07-30,9912,17.87
2013-07-31,9912,17.81
2013-07-01,9914,127.67
2013-07-02,9914,128.37
2013-07-03,9914,126.63
2013-07-04,9914,129.41
2013-07-05,9914,134.61
2013-07-08,9914,136.0
2013-07-09,9914,136.0
2013-07-10,9914,137.39
2013-07-11,9914,146.06
2013-07-12,9914,141.9
2013-07-15,9914,146.41
2013-07-16,9914,149.87
2013-07-17,9914,148.14
2013-07-18,9914,145.36
2013-07-19,9914,144.32
2013-07-22,9914,147.79
2013-07-23,9914,151.96
2013-07-24,9914,149.87
2013-07-25,9914,146.06
2013-07-26,9914,136.0
2013-07-29,9914,134.96
2013-07-30,9914,144.32
2013-07-31,9914,138.77
2013-07-01,9917,39.36
2013-07-02,9917,39.14
2013-07-03,9917,38.92
2013-07-04,9917,38.92
2013-07-05,9917,38.92
2013-07-08,9917,38.75
2013-07-09,9917,38.7
2013-07-10,9917,38.7
2013-07-11,9917,38.64
2013-07-12,9917,39.19
2013-07-15,9917,39.19
2013-07-16,9917,39.08
2013-07-17,9917,39.08
2013-07-18,9917,39.02
2013-07-19,9917,38.85
2013-07-22,9917,38.67
2013-07-23,9917,38.9
2013-07-24,9917,39.08
2013-07-25,9917,38.85
2013-07-26,9917,38.85
2013-07-29,9917,38.9
2013-07-30,9917,39.43
2013-07-31,9917,39.19
2013-07-01,9918,21.43
2013-07-02,9918,21.72
2013-07-03,9918,21.63
2013-07-04,9918,21.72
2013-07-05,9918,21.76
2013-07-08,9918,21.99
2013-07-09,9918,22.05
2013-07-10,9918,22.08
2013-07-11,9918,22.36
2013-07-12,9918,21.47
2013-07-15,9918,21.44
2013-07-16,9918,21.68
2013-07-17,9918,22.22
2013-07-18,9918,21.88
2013-07-19,9918,21.91
2013-07-22,9918,21.91
2013-07-23,9918,22.05
2013-07-24,9918,22.05
2013-07-25,9918,22.05
2013-07-26,9918,22.02
2013-07-29,9918,22.02
2013-07-30,9918,21.91
2013-07-31,9918,21.78
2013-07-01,9919,10.46
2013-07-02,9919,10.64
2013-07-03,9919,10.57
2013-07-04,9919,10.61
2013-07-05,9919,10.61
2013-07-08,9919,10.61
2013-07-09,9919,10.64
2013-07-10,9919,10.57
2013-07-11,9919,10.61
2013-07-12,9919,10.9
2013-07-15,9919,10.72
2013-07-16,9919,11.12
2013-07-17,9919,11.63
2013-07-18,9919,11.56
2013-07-19,9919,11.63
2013-07-22,9919,12.27
2013-07-23,9919,12.19
2013-07-24,9919,11.97
2013-07-25,9919,12.27
2013-07-26,9919,12.34
2013-07-29,9919,12.42
2013-07-30,9919,12.23
2013-07-31,9919,11.86
2013-07-01,9921,146.18
2013-07-02,9921,149.38
2013-07-03,9921,149.03
2013-07-04,9921,144.05
2013-07-05,9921,150.1
2013-07-08,9921,149.38
2013-07-09,9921,154.36
2013-07-10,9921,156.5
2013-07-11,9921,167.17
2013-07-12,9921,163.61
2013-07-15,9921,161.83
2013-07-16,9921,160.41
2013-07-17,9921,161.12
2013-07-18,9921,163.61
2013-07-19,9921,167.88
2013-07-22,9921,173.57
2013-07-23,9921,172.15
2013-07-24,9921,165.39
2013-07-25,9921,159.34
2013-07-26,9921,156.5
2013-07-29,9921,155.79
2013-07-30,9921,166.46
2013-07-31,9921,161.48
2013-07-01,9924,12.82
2013-07-02,9924,12.82
2013-07-03,9924,13.39
2013-07-04,9924,13.35
2013-07-05,9924,13.35
2013-07-08,9924,13.65
2013-07-09,9924,13.57
2013-07-10,9924,14.52
2013-07-11,9924,15.51
2013-07-12,9924,16.58
2013-07-15,9924,16.92
2013-07-16,9924,17.21
2013-07-17,9924,16.97
2013-07-18,9924,16.38
2013-07-19,9924,16.55
2013-07-22,9924,16.68
2013-07-23,9924,16.68
2013-07-24,9924,16.97
2013-07-25,9924,18.15
2013-07-26,9924,17.96
2013-07-29,9924,16.72
2013-07-30,9924,16.38
2013-07-31,9924,16.65
2013-07-01,9925,20.61
2013-07-02,9925,20.67
2013-07-03,9925,20.73
2013-07-04,9925,20.73
2013-07-05,9925,20.9
2013-07-08,9925,20.9
2013-07-09,9925,20.84
2013-07-10,9925,20.67
2013-07-11,9925,20.87
2013-07-12,9925,20.87
2013-07-15,9925,20.9
2013-07-16,9925,20.81
2013-07-17,9925,20.84
2013-07-18,9925,20.87
2013-07-19,9925,20.81
2013-07-22,9925,20.9
2013-07-23,9925,21.24
2013-07-24,9925,21.21
2013-07-25,9925,21.27
2013-07-26,9925,21.06
2013-07-29,9925,20.85
2013-07-30,9925,21.12
2013-07-31,9925,21.12
2013-07-01,9926,22.68
2013-07-02,9926,22.85
2013-07-03,9926,22.79
2013-07-04,9926,22.79
2013-07-05,9926,22.77
2013-07-08,9926,22.13
2013-07-09,9926,22.41
2013-07-10,9926,22.63
2013-07-11,9926,22.63
2013-07-12,9926,22.6
2013-07-15,9926,22.35
2013-07-16,9926,22.6
2013-07-17,9926,22.96
2013-07-18,9926,22.96
2013-07-19,9926,22.63
2013-07-23,9926,22.6
2013-07-24,9926,22.52
2013-07-25,9926,22.85
2013-07-26,9926,22.68
2013-07-29,9926,22.68
2013-07-30,9926,22.66
2013-07-31,9926,22.96
2013-07-01,9927,19.2
2013-07-02,9927,19.23
2013-07-03,9927,19.28
2013-07-04,9927,19.18
2013-07-05,9927,19.18
2013-07-08,9927,19.12
2013-07-09,9927,19.51
2013-07-10,9927,20.29
2013-07-11,9927,20.04
2013-07-12,9927,20.32
2013-07-15,9927,20.52
2013-07-16,9927,20.55
2013-07-17,9927,20.58
2013-07-18,9927,20.38
2013-07-19,9927,20.35
2013-07-22,9927,20.52
2013-07-23,9927,21.25
2013-07-24,9927,21.31
2013-07-25,9927,21.81
2013-07-26,9927,21.92
2013-07-29,9927,21.58
2013-07-30,9927,21.58
2013-07-31,9927,21.64
2013-07-01,9928,60.93
2013-07-02,9928,59.66
2013-07-03,9928,60.29
2013-07-04,9928,59.03
2013-07-05,9928,60.29
2013-07-08,9928,58.82
2013-07-09,9928,59.66
2013-07-10,9928,59.45
2013-07-11,9928,59.03
2013-07-12,9928,58.6
2013-07-15,9928,59.03
2013-07-16,9928,59.45
2013-07-17,9928,59.03
2013-07-18,9928,59.24
2013-07-19,9928,59.24
2013-07-22,9928,59.45
2013-07-23,9928,58.6
2013-07-24,9928,59.24
2013-07-25,9928,60.93
2013-07-26,9928,60.29
2013-07-29,9928,60.72
2013-07-30,9928,59.66
2013-07-31,9928,60.08
2013-07-01,9929,12.16
2013-07-02,9929,12.13
2013-07-03,9929,12.13
2013-07-04,9929,12.13
2013-07-05,9929,12.14
2013-07-08,9929,11.95
2013-07-09,9929,11.95
2013-07-10,9929,12.02
2013-07-11,9929,12.05
2013-07-12,9929,12.04
2013-07-15,9929,12.26
2013-07-16,9929,13.12
2013-07-17,9929,12.59
2013-07-18,9929,12.38
2013-07-19,9929,12.22
2013-07-22,9929,12.21
2013-07-23,9929,12.18
2013-07-24,9929,12.14
2013-07-25,9929,12.22
2013-07-26,9929,12.09
2013-07-29,9929,12.04
2013-07-30,9929,12.2
2013-07-31,9929,12.14
2013-07-01,9930,28.33
2013-07-02,9930,28.48
2013-07-03,9930,28.38
2013-07-04,9930,28.43
2013-07-05,9930,28.71
2013-07-08,9930,28.71
2013-07-09,9930,29.26
2013-07-10,9930,29.04
2013-07-11,9930,28.87
2013-07-12,9930,28.87
2013-07-15,9930,28.87
2013-07-16,9930,28.87
2013-07-17,9930,28.76
2013-07-18,9930,28.87
2013-07-19,9930,28.82
2013-07-22,9930,28.87
2013-07-23,9930,28.82
2013-07-24,9930,28.76
2013-07-25,9930,28.76
2013-07-26,9930,29.04
2013-07-29,9930,29.09
2013-07-30,9930,29.04
2013-07-31,9930,29.42
2013-07-01,9931,17.59
2013-07-02,9931,17.33
2013-07-03,9931,17.36
2013-07-04,9931,17.41
2013-07-05,9931,17.33
2013-07-08,9931,16.87
2013-07-09,9931,16.92
2013-07-10,9931,17.11
2013-07-11,9931,17.65
2013-07-12,9931,17.38
2013-07-15,9931,17.38
2013-07-16,9931,17.35
2013-07-17,9931,17.38
2013-07-18,9931,17.41
2013-07-19,9931,17.35
2013-07-23,9931,17.25
2013-07-24,9931,17.68
2013-07-25,9931,17.65
2013-07-26,9931,17.68
2013-07-29,9931,18.0
2013-07-30,9931,18.06
2013-07-31,9931,18.06
2013-07-01,9933,29.79
2013-07-02,9933,29.41
2013-07-03,9933,31.44
2013-07-04,9933,30.84
2013-07-05,9933,32.55
2013-07-08,9933,32.33
2013-07-09,9933,31.5
2013-07-10,9933,31.89
2013-07-11,9933,32.11
2013-07-12,9933,32.38
2013-07-15,9933,33.15
2013-07-16,9933,32.77
2013-07-17,9933,33.04
2013-07-18,9933,33.04
2013-07-19,9933,32.93
2013-07-22,9933,32.11
2013-07-23,9933,32.33
2013-07-24,9933,32.33
2013-07-25,9933,32.22
2013-07-26,9933,32.11
2013-07-29,9933,31.72
2013-07-30,9933,32.42
2013-07-31,9933,31.26
2013-07-01,9934,11.32
2013-07-02,9934,11.29
2013-07-03,9934,11.78
2013-07-04,9934,11.78
2013-07-05,9934,12.33
2013-07-08,9934,12.41
2013-07-09,9934,13.12
2013-07-10,9934,13.01
2013-07-11,9934,12.79
2013-07-12,9934,12.85
2013-07-15,9934,12.38
2013-07-16,9934,12.79
2013-07-17,9934,12.41
2013-07-18,9934,12.44
2013-07-19,9934,12.44
2013-07-22,9934,12.57
2013-07-23,9934,12.41
2013-07-24,9934,12.63
2013-07-25,9934,13.25
2013-07-26,9934,12.95
2013-07-29,9934,12.71
2013-07-30,9934,12.55
2013-07-31,9934,11.78
2013-07-01,9935,4.71
2013-07-02,9935,4.78
2013-07-03,9935,4.95
2013-07-04,9935,5.29
2013-07-05,9935,5.63
2013-07-08,9935,5.46
2013-07-09,9935,5.48
2013-07-10,9935,5.86
2013-07-11,9935,5.77
2013-07-12,9935,5.64
2013-07-15,9935,5.89
2013-07-16,9935,5.9
2013-07-17,9935,5.8
2013-07-18,9935,5.83
2013-07-19,9935,5.83
2013-07-22,9935,5.8
2013-07-23,9935,5.76
2013-07-24,9935,5.72
2013-07-25,9935,5.71
2013-07-26,9935,5.56
2013-07-29,9935,5.47
2013-07-30,9935,5.5
2013-07-31,9935,5.42
2013-07-01,9937,16.86
2013-07-02,9937,16.74
2013-07-03,9937,16.61
2013-07-04,9937,16.68
2013-07-05,9937,16.61
2013-07-08,9937,16.8
2013-07-09,9937,16.8
2013-07-10,9937,16.83
2013-07-11,9937,16.99
2013-07-12,9937,16.96
2013-07-15,9937,17.08
2013-07-16,9937,17.36
2013-07-17,9937,17.24
2013-07-18,9937,17.24
2013-07-19,9937,17.08
2013-07-22,9937,17.05
2013-07-23,9937,17.21
2013-07-24,9937,17.33
2013-07-25,9937,17.43
2013-07-26,9937,17.3
2013-07-29,9937,17.17
2013-07-30,9937,17.33
2013-07-31,9937,17.23
2013-07-01,9938,17.75
2013-07-02,9938,17.51
2013-07-03,9938,17.68
2013-07-04,9938,18.13
2013-07-05,9938,18.24
2013-07-08,9938,17.79
2013-07-09,9938,17.89
2013-07-10,9938,18.34
2013-07-11,9938,18.55
2013-07-12,9938,18.68
2013-07-15,9938,19.89
2013-07-16,9938,20.3
2013-07-17,9938,20.79
2013-07-18,9938,20.82
2013-07-19,9938,20.79
2013-07-22,9938,20.96
2013-07-23,9938,20.96
2013-07-24,9938,20.96
2013-07-25,9938,20.92
2013-07-26,9938,20.37
2013-07-29,9938,20.23
2013-07-30,9938,21.3
2013-07-31,9938,21.85
2013-07-01,9939,42.09
2013-07-02,9939,42.2
2013-07-03,9939,42.09
2013-07-04,9939,41.75
2013-07-05,9939,42.59
2013-07-08,9939,41.63
2013-07-09,9939,42.09
2013-07-10,9939,40.78
2013-07-11,9939,41.07
2013-07-12,9939,41.07
2013-07-15,9939,41.29
2013-07-16,9939,41.86
2013-07-17,9939,42.71
2013-07-18,9939,42.88
2013-07-19,9939,43.53
2013-07-22,9939,43.12
2013-07-23,9939,43.0
2013-07-24,9939,41.82
2013-07-25,9939,41.29
2013-07-26,9939,41.41
2013-07-29,9939,40.65
2013-07-30,9939,40.06
2013-07-31,9939,39.23
2013-07-01,9940,18.56
2013-07-02,9940,18.43
2013-07-03,9940,18.29
2013-07-04,9940,18.91
2013-07-05,9940,18.67
2013-07-08,9940,18.39
2013-07-09,9940,18.36
2013-07-10,9940,18.53
2013-07-11,9940,18.91
2013-07-12,9940,18.7
2013-07-15,9940,19.02
2013-07-16,9940,19.23
2013-07-17,9940,19.27
2013-07-18,9940,19.1
2013-07-19,9940,18.85
2013-07-22,9940,18.97
2013-07-23,9940,19.2
2013-07-24,9940,19.27
2013-07-25,9940,19.16
2013-07-26,9940,19.08
2013-07-29,9940,19.0
2013-07-30,9940,19.16
2013-07-31,9940,18.98
2013-07-01,9941,23.85
2013-07-02,9941,23.94
2013-07-03,9941,23.46
2013-07-04,9941,23.23
2013-07-05,9941,23.49
2013-07-08,9941,22.74
2013-07-09,9941,22.61
2013-07-10,9941,23.78
2013-07-11,9941,24.27
2013-07-12,9941,24.27
2013-07-15,9941,24.17
2013-07-16,9941,24.4
2013-07-17,9941,24.2
2013-07-18,9941,23.78
2013-07-19,9941,23.98
2013-07-22,9941,23.91
2013-07-23,9941,24.43
2013-07-24,9941,24.85
2013-07-25,9941,24.89
2013-07-26,9941,24.53
2013-07-29,9941,24.43
2013-07-30,9941,24.69
2013-07-31,9941,24.5
2013-07-01,9942,34.59
2013-07-02,9942,34.97
2013-07-03,9942,35.14
2013-07-04,9942,35.14
2013-07-05,9942,35.14
2013-07-08,9942,35.52
2013-07-09,9942,34.97
2013-07-10,9942,34.92
2013-07-11,9942,35.25
2013-07-12,9942,36.13
2013-07-15,9942,36.35
2013-07-16,9942,37.51
2013-07-17,9942,38.14
2013-07-18,9942,38.14
2013-07-19,9942,37.39
2013-07-22,9942,37.27
2013-07-23,9942,38.2
2013-07-24,9942,40.86
2013-07-25,9942,40.8
2013-07-26,9942,41.38
2013-07-29,9942,40.92
2013-07-30,9942,42.14
2013-07-31,9942,41.38
2013-07-01,9943,24.52
2013-07-02,9943,24.82
2013-07-03,9943,24.77
2013-07-04,9943,23.42
2013-07-05,9943,22.96
2013-07-08,9943,22.93
2013-07-09,9943,22.93
2013-07-10,9943,23.17
2013-07-11,9943,23.37
2013-07-12,9943,23.92
2013-07-15,9943,24.2
2013-07-16,9943,24.29
2013-07-17,9943,24.09
2013-07-18,9943,23.74
2013-07-19,9943,23.42
2013-07-22,9943,23.25
2013-07-23,9943,23.45
2013-07-24,9943,23.34
2013-07-25,9943,23.17
2013-07-26,9943,23.05
2013-07-29,9943,23.08
2013-07-30,9943,23.34
2013-07-31,9943,23.08
2013-07-01,9944,14.03
2013-07-02,9944,14.27
2013-07-03,9944,14.03
2013-07-04,9944,14.11
2013-07-05,9944,14.23
2013-07-08,9944,14.07
2013-07-09,9944,13.95
2013-07-10,9944,13.95
2013-07-11,9944,14.74
2013-07-12,9944,15.76
2013-07-15,9944,16.87
2013-07-16,9944,16.71
2013-07-17,9944,17.85
2013-07-18,9944,16.63
2013-07-19,9944,15.84
2013-07-22,9944,16.95
2013-07-23,9944,18.13
2013-07-24,9944,18.68
2013-07-25,9944,17.62
2013-07-26,9944,18.52
2013-07-29,9944,18.84
2013-07-30,9944,18.21
2013-07-31,9944,17.93
2013-07-01,9945,19.87
2013-07-02,9945,19.83
2013-07-03,9945,19.29
2013-07-04,9945,19.5
2013-07-05,9945,19.88
2013-07-08,9945,19.54
2013-07-09,9945,19.73
2013-07-10,9945,20.37
2013-07-11,9945,21.36
2013-07-12,9945,22.0
2013-07-15,9945,22.11
2013-07-16,9945,22.19
2013-07-17,9945,22.19
2013-07-18,9945,22.64
2013-07-19,9945,22.98
2013-07-22,9945,22.83
2013-07-23,9945,23.06
2013-07-24,9945,22.53
2013-07-25,9945,22.53
2013-07-26,9945,22.0
2013-07-29,9945,21.77
2013-07-30,9945,22.49
2013-07-31,9945,22.19
2013-07-01,9946,11.57
2013-07-02,9946,11.52
2013-07-03,9946,11.52
2013-07-04,9946,11.55
2013-07-05,9946,11.55
2013-07-08,9946,11.76
2013-07-09,9946,11.82
2013-07-10,9946,11.61
2013-07-11,9946,11.59
2013-07-12,9946,11.61
2013-07-15,9946,11.67
2013-07-16,9946,12.04
2013-07-17,9946,12.25
2013-07-18,9946,12.6
2013-07-19,9946,12.38
2013-07-22,9946,12.17
2013-07-23,9946,12.17
2013-07-24,9946,12.31
2013-07-25,9946,12.56
2013-07-26,9946,12.4
2013-07-29,9946,12.17
2013-07-30,9946,12.22
2013-07-31,9946,12.15
2013-07-01,9949,15.6
2013-07-02,9949,15.6
2013-07-03,9949,15.6
2013-07-04,9949,15.42
2013-07-05,9949,15.51
2013-07-08,9949,15.51
2013-07-09,9949,15.51
2013-07-10,9949,15.69
2013-07-11,9949,15.6
2013-07-12,9949,15.42
2013-07-15,9949,15.51
2013-07-16,9949,15.51
2013-07-17,9949,15.6
2013-07-18,9949,15.46
2013-07-19,9949,15.37
2013-07-22,9949,15.55
2013-07-23,9949,15.51
2013-07-24,9949,15.33
2013-07-25,9949,15.33
2013-07-26,9949,15.37
2013-07-29,9949,15.37
2013-07-30,9949,15.42
2013-07-31,9949,15.19
2013-07-01,9950,16.22
2013-07-02,9950,17.33
2013-07-03,9950,16.79
2013-07-04,9950,16.47
2013-07-05,9950,16.61
2013-07-08,9950,16.85
2013-07-09,9950,16.62
2013-07-10,9950,16.47
2013-07-11,9950,16.43
2013-07-12,9950,16.25
2013-07-15,9950,16.4
2013-07-16,9950,16.25
2013-07-17,9950,16.25
2013-07-18,9950,16.51
2013-07-19,9950,16.47
2013-07-22,9950,16.43
2013-07-23,9950,16.36
2013-07-24,9950,17.49
2013-07-25,9950,18.69
2013-07-26,9950,19.97
2013-07-29,9950,20.08
2013-07-30,9950,20.08
2013-07-31,9950,21.47
2013-07-01,9951,40.61
2013-07-02,9951,42.6
2013-07-03,9951,43.71
2013-07-04,9951,44.02
2013-07-05,9951,45.88
2013-07-08,9951,45.32
2013-07-09,9951,45.14
2013-07-10,9951,45.14
2013-07-11,9951,45.82
2013-07-12,9951,44.77
2013-07-15,9951,43.71
2013-07-16,9951,44.39
2013-07-17,9951,45.57
2013-07-18,9951,48.05
2013-07-19,9951,46.81
2013-07-22,9951,46.44
2013-07-23,9951,46.56
2013-07-24,9951,46.25
2013-07-25,9951,46.19
2013-07-26,9951,44.89
2013-07-29,9951,46.75
2013-07-30,9951,47.43
2013-07-31,9951,46.56
2013-07-01,9955,20.99
2013-07-02,9955,21.09
2013-07-03,9955,21.04
2013-07-04,9955,21.14
2013-07-05,9955,20.89
2013-07-08,9955,20.59
2013-07-09,9955,20.69
2013-07-10,9955,20.69
2013-07-11,9955,20.4
2013-07-12,9955,20.4
2013-07-15,9955,20.59
2013-07-16,9955,20.59
2013-07-17,9955,20.79
2013-07-18,9955,20.54
2013-07-19,9955,20.35
2013-07-22,9955,20.35
2013-07-23,9955,20.69
2013-07-24,9955,20.59
2013-07-25,9955,20.59
2013-07-26,9955,20.59
2013-07-29,9955,20.5
2013-07-30,9955,20.64
2013-07-31,9955,20.54
2013-07-01,9958,8.39
2013-07-02,9958,8.39
2013-07-03,9958,8.32
2013-07-04,9958,8.32
2013-07-05,9958,8.36
2013-07-08,9958,8.36
2013-07-09,9958,8.46
2013-07-10,9958,8.96
2013-07-11,9958,8.89
2013-07-12,9958,8.89
2013-07-15,9958,8.89
2013-07-16,9958,8.92
2013-07-17,9958,9.06
2013-07-18,9958,9.06
2013-07-19,9958,8.99
2013-07-22,9958,9.03
2013-07-23,9958,9.11
2013-07-24,9958,9.07
2013-07-25,9958,9.03
2013-07-26,9958,9.07
2013-07-29,9958,9.14
2013-07-30,9958,9.14
2013-07-31,9958,9.03
2013-07-01,9960,9.53
2013-07-02,9960,9.65
2013-07-03,9960,9.56
2013-07-04,9960,9.49
2013-07-05,9960,9.43
2013-07-08,9960,9.53
2013-07-09,9960,9.59
2013-07-10,9960,9.53
2013-07-11,9960,9.65
2013-07-12,9960,9.81
2013-07-15,9960,9.77
2013-07-16,9960,9.71
2013-07-17,9960,9.74
2013-07-18,9960,9.77
2013-07-19,9960,9.71
2013-07-22,9960,9.77
2013-07-23,9960,9.77
2013-07-24,9960,9.81
2013-07-25,9960,9.81
2013-07-29,9960,9.64
2013-07-30,9960,9.71
2013-07-31,9960,9.71
2013-07-01,9962,7.27
2013-07-02,9962,7.27
2013-07-03,9962,7.1
2013-07-04,9962,7.12
2013-07-05,9962,7.1
2013-07-08,9962,6.98
2013-07-09,9962,6.95
2013-07-10,9962,7.01
2013-07-11,9962,7.01
2013-07-12,9962,7.01
2013-07-15,9962,7.07
2013-07-16,9962,7.12
2013-07-17,9962,7.1
2013-07-18,9962,7.1
2013-07-19,9962,7.1
2013-07-22,9962,7.1
2013-07-23,9962,7.01
2013-07-24,9962,7.01
2013-07-25,9962,7.12
2013-07-26,9962,7.04
2013-07-29,9962,7.04
2013-07-30,9962,7.01
2013-07-31,9962,7.04
